"fecha","rho7dpromedio","incidenciaAcum14d","riesgopor10"
2020-01-03,0,0,0
2020-01-04,0,0,0
2020-01-05,0,0,0
2020-01-06,0,0,0
2020-01-07,0,0,0
2020-01-08,0,0,0
2020-01-09,0,0,0
2020-01-10,0,0,0
2020-01-11,0,0,0
2020-01-12,0,0,0
2020-01-13,0,0,0
2020-01-14,0,0,0
2020-01-15,0,0,0
2020-01-16,0,0,0
2020-01-17,0,0,0
2020-01-18,0,0,0
2020-01-19,0,0,0
2020-01-20,0,0,0
2020-01-21,0,0,0
2020-01-22,0,0,0
2020-01-23,0,0,0
2020-01-24,0,0,0
2020-01-25,0,0,0
2020-01-26,0,0,0
2020-01-27,0,0,0
2020-01-28,0,0,0
2020-01-29,0,0,0
2020-01-30,0,0,0
2020-01-31,0,0,0
2020-02-01,0,0,0
2020-02-02,0,0,0
2020-02-03,0,0,0
2020-02-04,0,0,0
2020-02-05,0,0,0
2020-02-06,0,0,0
2020-02-07,0,0,0
2020-02-08,0,0,0
2020-02-09,0,0,0
2020-02-10,0,0,0
2020-02-11,0,0,0
2020-02-12,0,0,0
2020-02-13,0,0,0
2020-02-14,0,0,0
2020-02-15,0,0,0
2020-02-16,0,0,0
2020-02-17,0,0,0
2020-02-18,0,0,0
2020-02-19,0,0,0
2020-02-20,0,0,0
2020-02-21,0,0,0
2020-02-22,0,0,0
2020-02-23,0,0,0
2020-02-24,0,0,0
2020-02-25,0,0,0
2020-02-26,0.142857142857143,0,0
2020-02-27,0.285714285714286,0,0
2020-02-28,0.428571428571429,0,0
2020-02-29,0.428571428571429,0,0
2020-03-01,0.428571428571429,1.52788388082506,0.654807377496453
2020-03-02,0.428571428571429,1.52788388082506,0.654807377496453
2020-03-03,0.428571428571429,1.52788388082506,0.654807377496453
2020-03-04,0.285714285714286,1.52788388082506,0.436538251664302
2020-03-05,0.142857142857143,1.52788388082506,0.218269125832151
2020-03-06,0,1.52788388082506,0
2020-03-07,0,1.52788388082506,0
2020-03-08,0,1.52788388082506,0
2020-03-09,0,1.52788388082506,0
2020-03-10,0,1.52788388082506,0
2020-03-11,0,1.52788388082506,0
2020-03-12,0,1.52788388082506,0
2020-03-13,0,1.52788388082506,0
2020-03-14,0,1.52788388082506,0
2020-03-15,0,0,0
2020-03-16,0,0,0
2020-03-17,0,0,0
2020-03-18,0,0,0
2020-03-19,0,0,0
2020-03-20,0,0,0
2020-03-21,0,0,0
2020-03-22,0,0,0
2020-03-23,0,0,0
2020-03-24,0,0,0
2020-03-25,0,0,0
2020-03-26,0,0,0
2020-03-27,0,0,0
2020-03-28,0,0,0
2020-03-29,0,0,0
2020-03-30,0,0,0
2020-03-31,0,0,0
2020-04-01,0,0,0
2020-04-02,0.142857142857143,0,0
2020-04-03,0.285714285714286,0,0
2020-04-04,0.428571428571429,0,0
2020-04-05,0.428571428571429,0,0
2020-04-06,0.428571428571429,1.52788388082506,0.654807377496453
2020-04-07,0.428571428571429,1.52788388082506,0.654807377496453
2020-04-08,0.428571428571429,1.52788388082506,0.654807377496453
2020-04-09,0.285714285714286,1.52788388082506,0.436538251664302
2020-04-10,0.142857142857143,1.52788388082506,0.218269125832151
2020-04-11,0,1.52788388082506,0
2020-04-12,0,1.52788388082506,0
2020-04-13,0,1.52788388082506,0
2020-04-14,0,1.52788388082506,0
2020-04-15,0,1.52788388082506,0
2020-04-16,0,1.52788388082506,0
2020-04-17,0,1.52788388082506,0
2020-04-18,0,1.52788388082506,0
2020-04-19,0,1.52788388082506,0
2020-04-20,0,0,0
2020-04-21,0,0,0
2020-04-22,0.142857142857143,0,0
2020-04-23,0.285714285714286,0,0
2020-04-24,0.428571428571429,0,0
2020-04-25,0.428571428571429,0,0
2020-04-26,0.428571428571429,1.52788388082506,0.654807377496453
2020-04-27,0.428571428571429,1.52788388082506,0.654807377496453
2020-04-28,0.428571428571429,1.52788388082506,0.654807377496453
2020-04-29,0.285714285714286,1.52788388082506,0.436538251664302
2020-04-30,0.142857142857143,1.52788388082506,0.218269125832151
2020-05-01,0,1.52788388082506,0
2020-05-02,0,1.52788388082506,0
2020-05-03,0,1.52788388082506,0
2020-05-04,0,1.52788388082506,0
2020-05-05,0,1.52788388082506,0
2020-05-06,0,1.52788388082506,0
2020-05-07,0,1.52788388082506,0
2020-05-08,0,1.52788388082506,0
2020-05-09,0,1.52788388082506,0
2020-05-10,0,0,0
2020-05-11,0,0,0
2020-05-12,0,0,0
2020-05-13,0,0,0
2020-05-14,0.142857142857143,0,0
2020-05-15,0.285714285714286,0,0
2020-05-16,0.428571428571429,0,0
2020-05-17,0.428571428571429,0,0
2020-05-18,0.428571428571429,1.52788388082506,0.654807377496453
2020-05-19,0.428571428571429,1.52788388082506,0.654807377496453
2020-05-20,0.857142857142857,1.52788388082506,1.30961475499291
2020-05-21,1.14285714285714,1.52788388082506,1.74615300665721
2020-05-22,1.42857142857143,1.52788388082506,2.18269125832151
2020-05-23,1.42857142857143,1.52788388082506,2.18269125832151
2020-05-24,1.71428571428571,6.11153552330023,10.4769180399432
2020-05-25,1.85714285714286,6.11153552330023,11.3499945432719
2020-05-26,1.95238095238095,6.11153552330023,11.9320455454909
2020-05-27,1.57142857142857,7.63941940412529,12.0048019207683
2020-05-28,1.14285714285714,9.16730328495034,10.4769180399432
2020-05-29,0.714285714285714,10.6951871657754,7.63941940412529
2020-05-30,0.571428571428571,10.6951871657754,6.11153552330023
2020-05-31,0.285714285714286,10.6951871657754,3.05576776165011
2020-06-01,0.142857142857143,9.16730328495034,1.30961475499291
2020-06-02,0.0476190476190476,9.16730328495034,0.436538251664302
2020-06-03,0,9.16730328495034,0
2020-06-04,0,9.16730328495034,0
2020-06-05,0,9.16730328495034,0
2020-06-06,0,9.16730328495034,0
2020-06-07,0,4.58365164247517,0
2020-06-08,0,4.58365164247517,0
2020-06-09,0,4.58365164247517,0
2020-06-10,0,3.05576776165011,0
2020-06-11,0,1.52788388082506,0
2020-06-12,0,0,0
2020-06-13,0,0,0
2020-06-14,0,0,0
2020-06-15,0,0,0
2020-06-16,0,0,0
2020-06-17,0,0,0
2020-06-18,0,0,0
2020-06-19,0,0,0
2020-06-20,0.142857142857143,0,0
2020-06-21,0.285714285714286,0,0
2020-06-22,0.428571428571429,0,0
2020-06-23,0.428571428571429,0,0
2020-06-24,0.428571428571429,1.52788388082506,0.654807377496453
2020-06-25,0.428571428571429,1.52788388082506,0.654807377496453
2020-06-26,0.428571428571429,1.52788388082506,0.654807377496453
2020-06-27,0.285714285714286,1.52788388082506,0.436538251664302
2020-06-28,0.142857142857143,1.52788388082506,0.218269125832151
2020-06-29,0,1.52788388082506,0
2020-06-30,0,1.52788388082506,0
2020-07-01,0,1.52788388082506,0
2020-07-02,0,1.52788388082506,0
2020-07-03,0,1.52788388082506,0
2020-07-04,0,1.52788388082506,0
2020-07-05,0,1.52788388082506,0
2020-07-06,0,1.52788388082506,0
2020-07-07,0,1.52788388082506,0
2020-07-08,0,0,0
2020-07-09,0,0,0
2020-07-10,0,0,0
2020-07-11,0,0,0
2020-07-12,0,0,0
2020-07-13,0,0,0
2020-07-14,0,0,0
2020-07-15,0,0,0
2020-07-16,0.142857142857143,0,0
2020-07-17,0.285714285714286,0,0
2020-07-18,0.428571428571429,0,0
2020-07-19,0.428571428571429,0,0
2020-07-20,0.428571428571429,1.52788388082506,0.654807377496453
2020-07-21,0.428571428571429,1.52788388082506,0.654807377496453
2020-07-22,0.428571428571429,1.52788388082506,0.654807377496453
2020-07-23,0.285714285714286,1.52788388082506,0.436538251664302
2020-07-24,0.142857142857143,1.52788388082506,0.218269125832151
2020-07-25,0,1.52788388082506,0
2020-07-26,0,1.52788388082506,0
2020-07-27,0.142857142857143,1.52788388082506,0.218269125832151
2020-07-28,0.285714285714286,1.52788388082506,0.436538251664302
2020-07-29,0.428571428571429,1.52788388082506,0.654807377496453
2020-07-30,0.571428571428571,1.52788388082506,0.873076503328604
2020-07-31,0.857142857142857,3.05576776165011,2.61922950998581
2020-08-01,1.28571428571429,3.05576776165011,3.92884426497872
2020-08-02,1.85714285714286,3.05576776165011,5.67499727163593
2020-08-03,2.28571428571429,3.05576776165011,6.98461202662883
2020-08-04,2.57142857142857,4.58365164247517,11.7865327949362
2020-08-05,2.57142857142857,6.11153552330023,15.7153770599149
2020-08-06,2.47619047619048,9.16730328495034,22.6999890865437
2020-08-07,2.26190476190476,10.6951871657754,24.1914947797301
2020-08-08,1.86904761904762,10.6951871657754,19.9898141074612
2020-08-09,1.3452380952381,12.2230710466005,16.4429408126887
2020-08-10,0.845238095238095,12.2230710466005,10.3314052893885
2020-08-11,0.988095238095238,13.7509549274255,13.5872530830514
2020-08-12,1.41666666666667,13.7509549274255,19.4805194805195
2020-08-13,1.94047619047619,13.7509549274255,26.6834006329805
2020-08-14,2.44047619047619,13.7509549274255,33.5588780966932
2020-08-15,2.97619047619048,18.3346065699007,54.5672814580378
2020-08-16,3.21428571428571,24.4461420932009,78.5768852995744
2020-08-17,3.35714285714286,29.0297937356761,97.4571646840554
2020-08-18,2.96753246753247,32.0855614973262,95.2149454823252
2020-08-19,2.61688311688312,33.6134453781513,87.9624577103569
2020-08-20,2.39466089466089,35.1413292589763,84.1515669628733
2020-08-21,2.39466089466089,44.3086325439267,106.10414964884
2020-08-22,2.28751803751804,50.4201680672269,115.337043908472
2020-08-23,2.34874252731396,58.0595874713522,136.367022212269
2020-08-24,2.42857446008707,76.3941940412529,185.528988547522
2020-08-25,2.50649653800914,97.7845683728037,245.096682097151
2020-08-26,2.47619350770611,116.119174942704,287.533547113315
2020-08-27,2.2625182940309,126.81436210848,286.919814216294
2020-08-28,1.84235022680401,149.732620320856,275.859927008087
2020-08-29,1.5250032880285,171.122994652406,260.963129502203
2020-08-30,1.33520736966115,181.818181818182,242.764976302027
2020-08-31,1.15797283948544,189.457601222307,219.386756449496
2020-09-01,1.03336771488032,209.320091673033,216.304624810701
2020-09-02,0.977812159324764,223.071046600458,218.121581759229
2020-09-03,1.0168841983968,244.461420932009,248.58895606339
2020-09-04,1.00198733055876,245.989304812834,246.478166875417
2020-09-05,1.00981045981046,255.156608097785,257.659811746901
2020-09-06,0.999606378177807,270.435446906035,270.328997612638
2020-09-07,1.0970089755804,279.602750190985,306.726726556477
2020-09-08,1.13070500927644,268.90756302521,304.055128544925
2020-09-09,1.17945784374356,270.435446906035,318.967209079618
2020-09-10,1.15870082298654,282.658517952636,327.516657375874
2020-09-11,1.18503559932131,293.353705118411,347.634583758124
2020-09-12,1.1255117897975,288.770053475936,325.014099727621
2020-09-13,1.06373784945214,297.937356760886,316.927243152279
2020-09-14,0.931462717177003,300.993124522536,280.363873619358
2020-09-15,0.898685970114542,296.409472880061,266.379034686358
2020-09-16,0.896197169716333,294.881588999236,264.27204546257
2020-09-17,0.939830007466818,281.130634071811,264.215005918861
2020-09-18,0.979896571726931,288.770053475936,282.964785418472
2020-09-19,1.07359856865473,302.521008403361,324.786121609836
2020-09-20,1.17414801920418,308.632543926662,362.380290113438
2020-09-21,1.24048908554525,293.353705118411,363.902069403649
2020-09-22,1.26856840237837,305.576776165011,387.645042743581
2020-09-23,1.269201915207,311.688311688312,395.595402142442
2020-09-24,1.32259400374974,317.799847211612,420.32017231466
2020-09-25,1.33960924657143,310.160427807487,415.49377701146
2020-09-26,1.36760037133675,314.744079449962,430.444119931811
2020-09-27,1.4226268263632,320.855614973262,456.457805250226
2020-09-28,1.55743844331768,355.996944232238,554.443326650908
2020-09-29,1.63139994281109,374.331550802139,610.684470570997
2020-09-30,1.64958176099291,394.194041252865,650.255300742813
2020-10-01,1.59034831151556,447.669977081742,711.951192168157
2020-10-02,1.55424156112309,496.562261268144,771.777704148213
2020-10-03,1.48660249348403,516.424751718869,767.718323602141
2020-10-04,1.37919508607662,539.343009931245,743.859229006947
2020-10-05,1.22868488199499,592.818945760122,728.387676415668
2020-10-06,1.1464337997439,627.960275019099,719.914884178372
2020-10-07,1.10760596091607,653.934300993125,724.301529827465
2020-10-08,1.10439197557424,684.491978609626,755.947448521406
2020-10-09,1.12352462863547,704.354469060351,791.359593278762
2020-10-10,1.1871445672554,754.774637127578,896.026609968174
2020-10-11,1.24190647201731,800.61115355233,994.284173165883
2020-10-12,1.26401531555472,828.113063407181,1046.74759515762
2020-10-13,1.24822718211953,875.477463712758,1092.79476753933
2020-10-14,1.21733354745231,912.146676852559,1110.38674992976
2020-10-15,1.16808040904456,930.48128342246,1086.87695814841
2020-10-16,1.11084390684874,924.36974789916,1026.83050212909
2020-10-17,1.06476498576982,957.983193277311,1020.02696115764
2020-10-18,1.03476498576982,980.901451489687,1015.00247649232
2020-10-19,1.0169488938158,987.012987012987,1003.74176532468
2020-10-20,0.99609816942008,1025.21008403361,1021.20988797689
2020-10-21,1.00335291709438,1058.82352941176,1062.37367692346
2020-10-22,1.0104612810117,1069.51871657754,1080.70725241893
2020-10-23,1.01893641118883,1078.68601986249,1099.11246187825
2020-10-24,1.02065411794251,1067.99083269671,1090.04924131675
2020-10-25,1.03602826760237,1104.66004583652,1144.45903357756
2020-10-26,1.02811471285901,1106.18792971734,1137.28808572944
2020-10-27,1.01918510406882,1098.54851031322,1119.62427780822
2020-10-28,1.00056643483771,1118.41100076394,1119.04450771765
2020-10-29,0.991918226028844,1098.54851031322,1089.67028955651
2020-10-30,0.970459843479037,1093.96485867074,1061.64896551717
2020-10-31,0.933541622953416,1090.90909090909,1018.40904322191
2020-11-01,0.892106867232946,1104.66004583652,985.474812848617
2020-11-02,0.891550160462773,1104.66004583652,984.859841122361
2020-11-03,0.891581885344598,1061.87929717341,946.75234578227
2020-11-04,0.898421807559452,1046.60045836516,940.288675596981
2020-11-05,0.891466671562909,1037.43315508021,924.837081728365
2020-11-06,0.892369765040737,1054.23987776929,940.771792021556
2020-11-07,0.873743508567999,1040.48892284186,909.120442069988
2020-11-08,0.848266253582547,991.596638655462,841.137965737316
2020-11-09,0.811219273716775,973.262032085562,789.528918804562
2020-11-10,0.780815007311651,941.176470588235,734.884712763906
2020-11-11,0.739020379898046,902.979373567609,667.320159694034
2020-11-12,0.708075312094707,878.533231474408,622.067692061813
2020-11-13,0.701744406466378,849.503437738732,596.134285707114
2020-11-14,0.706595152735034,802.139037433155,566.787555669814
2020-11-15,0.723414399062478,753.246753246753,544.909547345762
2020-11-16,0.72580245876397,721.161191749427,523.420566136889
2020-11-17,0.748215913380815,708.938120702827,530.438783512144
2020-11-18,0.752439435148196,656.990068754775,494.345236231817
2020-11-19,0.76093408515228,621.848739495798,473.185901691334
2020-11-20,0.741544952981193,571.428571428571,423.73997313211
2020-11-21,0.789272225708466,551.566080977846,435.33578835868
2020-11-22,0.811448162978742,507.257448433919,411.613124688988
2020-11-23,0.860488674705821,467.532467532468,402.306393368955
2020-11-24,0.881029215246362,443.086325439267,390.371997588151
2020-11-25,0.919091640905687,423.223834988541,388.981488970016
2020-11-26,0.931314711952287,411.00076394194,382.771058082758
2020-11-27,0.937301902150004,397.249809014515,372.34300161803
2020-11-28,0.894574629422731,388.082505729565,347.16876374847
2020-11-29,0.898523729905399,366.692131398014,329.481581630704
2020-11-30,0.902283128401639,349.885408708938,315.695701151987
2020-12-01,0.882416018767088,330.022918258212,291.217509631308
2020-12-02,0.845871168268749,331.550802139037,280.449264345788
2020-12-03,0.821768503947207,331.550802139037,272.458006656293
2020-12-04,0.857218239396942,322.383498854087,276.353015298327
2020-12-05,0.921174283352986,297.937356760886,274.452231098292
2020-12-06,1.06199520286858,296.409472880061,314.785438283429
2020-12-07,1.25929400543054,290.297937356761,365.570452302219
2020-12-08,1.50113155841484,304.048892284186,456.417387508868
2020-12-09,1.58468284137236,296.409472880061,469.715005693259
2020-12-10,1.64239895107206,304.048892284186,499.369581762168
2020-12-11,1.6133740077614,326.967150496562,527.520302002963
2020-12-12,1.58919818358557,337.662337662338,536.612373678246
2020-12-13,1.46010009273633,333.078686019863,486.328220346097
2020-12-14,1.36681131523703,345.301757066463,471.962348729669
2020-12-15,1.31029541734182,352.941176470588,462.457206120642
2020-12-16,1.47666577921599,380.443086325439,561.787286516093
2020-12-17,1.57549990746189,397.249809014515,625.867037341621
2020-12-18,1.68859155762406,446.142093200917,753.351772079796
2020-12-19,1.7059541949867,502.673796791444,857.538472346256
2020-12-20,1.69402185448293,548.510313216196,929.188457997513
2020-12-21,1.59418893886054,601.986249045073,959.679819573802
2020-12-22,1.47490669438746,627.960275019099,926.182813435057
2020-12-23,1.33794186018699,663.101604278075,887.191393920787
2020-12-24,1.3015993952731,682.964094728801,888.945652692247
2020-12-25,1.27891747222016,731.856378915202,935.98391015043
2020-12-26,1.25466398135013,792.971734148205,994.913073064501
2020-12-27,1.22610915924692,875.477463712758,1073.43093697247
2020-12-28,1.17289552406607,939.64858670741,1102.10962154413
2020-12-29,1.10783017895596,973.262032085562,1078.20905117639
2020-12-30,1.02630854541475,983.957219251337,1009.84370244018
2020-12-31,0.987095158910718,1019.09854851031,1005.94724368747
2021-01-01,0.970615258184963,1011.45912910619,981.737663740941
2021-01-02,1.01029732048357,1026.73796791444,1037.3106178227
2021-01-03,1.04063912998527,1048.12834224599,1090.72336618777
2021-01-04,1.07113793210646,1086.32543926662,1163.60438461069
2021-01-05,1.06955478575892,1101.60427807487,1178.22612762747
2021-01-06,1.05756788967977,1116.88311688312,1181.17972094104
2021-01-07,1.00554127140996,1133.68983957219,1139.97192266797
2021-01-08,0.950399912794536,1097.02062643239,1042.60830769515
2021-01-09,0.895630682025305,1077.15813598167,964.735875978366
2021-01-10,0.870797392510738,1061.87929717341,924.681723139744
2021-01-11,0.869819415112882,1034.37738731856,899.721534043424
2021-01-12,0.885533700827168,1034.37738731856,915.976035844144
2021-01-13,0.896264543018684,1035.90527119939,928.445164502166
2021-01-14,0.88479054552495,1008.40336134454,892.225760193227
2021-01-15,0.857349493916336,1028.26585179526,881.58320764812
2021-01-16,0.813502431887456,1012.98701298701,824.067398535345
2021-01-17,0.76674967226898,970.206264323911,743.90533520367
2021-01-18,0.727744070028084,909.090909090909,661.585518207349
2021-01-19,0.718892529411837,877.005347593583,630.472592639258
2021-01-20,0.735449006642472,834.224598930481,613.529652600137
2021-01-21,0.769693344621566,789.915966386555,607.993062138044
2021-01-22,0.85071110641736,791.44385026738,673.290073528178
2021-01-23,0.958532032420104,756.302521008403,724.940192586633
2021-01-24,1.06585213167569,711.993888464477,758.880203759924
2021-01-25,1.14078210366448,692.131398013751,789.571112238366
2021-01-26,1.16935353223591,679.908326967151,795.053203735646
2021-01-27,1.12969112867354,678.380443086325,766.36036842025
2021-01-28,1.06112232977801,673.79679144385,714.980821133845
2021-01-29,0.945606558252006,643.239113827349,608.25112455935
2021-01-30,0.826393088523072,614.209320091673,507.578337030214
2021-01-31,0.714492793695948,586.707410236822,419.198216622222
2021-02-01,0.624029941888559,577.540106951872,360.402319379488
2021-02-02,0.56127534852579,562.261268143621,315.583389239863
2021-02-03,0.560605051081299,550.038197097021,308.354191580241
2021-02-04,0.594390718894293,537.81512605042,319.672319405334
2021-02-05,0.670183826835143,498.090145148969,333.811959584808
2021-02-06,0.767799806216587,478.227654698243,367.183100604724
2021-02-07,0.854177236811169,464.476699770817,396.745423973408
2021-02-08,0.878139975059622,438.502673796791,385.066727031492
2021-02-09,0.874508013800542,406.417112299465,355.415021651557
2021-02-10,0.843621509000993,365.164247517189,308.060413523663
2021-02-11,0.831366312557403,336.134453781513,279.450861363833
2021-02-12,0.809154637189582,296.409472880061,239.841099487821
2021-02-13,0.820404637189582,275.01909854851,225.626943764896
2021-02-14,0.833027358087198,271.96333078686,226.552894941973
2021-02-15,0.892964846596115,250.572956455309,223.75284162225
2021-02-16,0.924984551029612,239.877769289534,221.883230728264
2021-02-17,0.95798144543955,235.294117647059,225.407398926953
2021-02-18,0.953574804734488,227.654698242934,217.085784423894
2021-02-19,0.935207457795712,226.126814362108,211.47548319903
2021-02-20,0.883778886367141,220.015278838808,194.444858115918
2021-02-21,0.866328427922893,204.736440030558,177.368998230203
2021-02-22,0.904671037694075,190.985485103132,172.779036992757
2021-02-23,0.975135805310266,183.346065699007,178.78731342587
2021-02-24,1.04575268842715,177.234530175707,185.343486413368
2021-02-25,1.05470409507677,172.650878533231,182.095588607601
2021-02-26,1.04804925922938,190.985485103132,200.162196185902
2021-02-27,0.990906402086526,184.873949579832,183.192780217677
2021-02-28,0.910974429297411,180.290297937357,164.239851271344
2021-03-01,0.782103300426282,172.650878533231,135.030821922337
2021-03-02,0.709030593082475,161.955691367456,114.83153990335
2021-03-03,0.649443121730298,155.844155844156,101.211915074852
2021-03-04,0.670837186602623,152.788388082506,102.496132406818
2021-03-05,0.679532838776536,145.14896867838,98.6334907315064
2021-03-06,0.760485219728917,142.09320091673,108.059779121145
2021-03-07,0.826811750341162,139.03743315508,114.957783469894
2021-03-08,0.903734827264239,134.453781512605,121.510565010318
2021-03-09,0.918965919701214,126.81436210848,116.538076906342
2021-03-10,0.988293650793651,125.286478227655,123.819830962688
2021-03-11,1.01437074829932,117.647058823529,119.337735094038
2021-03-12,1.05484693877551,100.840336134454,106.371119876522
2021-03-13,1.02004840397698,102.368220015279,104.420539444549
2021-03-14,1.02004840397698,100.840336134454,102.862023930451
2021-03-15,1.00100078492936,97.7845683728037,97.8824296951548
2021-03-16,0.999215070643642,96.2566844919786,96.1811297945752
2021-03-17,0.952511773940345,91.6730328495034,87.3196431419721
2021-03-18,0.918498168498169,94.7288006111536,87.0082298653727
2021-03-19,0.906593406593407,97.7845683728037,88.650844953366
2021-03-20,0.950549450549451,91.6730328495034,87.1397510052972
2021-03-21,1.01007326007326,93.2009167303285,94.1397538036194
2021-03-22,1.07673992673993,88.6172650878533,95.4177475185879
2021-03-23,1.07673992673993,93.2009167303285,100.353148252308
2021-03-24,1.04377289377289,96.2566844919786,100.470118117177
2021-03-25,1.07651098901099,96.2566844919786,103.621378621379
2021-03-26,1.14373787976729,97.7845683728037,111.83991490467
2021-03-27,1.22684227537169,88.6172650878533,108.719407137598
2021-03-28,1.43517560870502,87.0893812070283,124.98855568554
2021-03-29,1.75263592616534,100.840336134454,176.736395915832
2021-03-30,1.95767794297206,106.951871657754,209.377320103964
2021-03-31,2.12734827264239,113.063407181054,240.525243965679
2021-04-01,2.2169418687015,116.119174942704,257.429460689556
2021-04-02,2.2801497605539,135.98166539343,310.05856178655
2021-04-03,2.21318547483961,152.788388082506,338.149041228359
2021-04-04,1.93405013649375,169.595110771581,328.005447136449
2021-04-05,1.52945709360283,195.569136745607,299.114603485351
2021-04-06,1.30342382315179,200.152788388083,260.883912655286
2021-04-07,1.13874849847647,210.847975553858,240.102815568759
2021-04-08,1.03025955358015,223.071046600458,229.821076887244
2021-04-09,0.920232934236757,227.654698242934,209.495350956878
2021-04-10,0.900537556085496,247.517188693659,222.898524195341
2021-04-11,0.956458608717075,258.212375859435,246.969449768045
2021-04-12,1.04954371510005,262.79602750191,275.81591901789
2021-04-13,1.12767782588723,270.435446906035,304.964056809838
2021-04-14,1.21663886484826,276.546982429335,336.45780678004
2021-04-15,1.27190180950429,291.825821237586,371.173790092161
2021-04-16,1.29911269385803,288.770053475936,375.144842076651
2021-04-17,1.30216846161968,291.825821237586,380.006380701847
2021-04-18,1.27240655685778,302.521008403361,384.929714679664
2021-04-19,1.20825311770434,296.409472880061,358.137669724433
2021-04-20,1.15587216532338,310.160427807487,358.505805287467
2021-04-21,1.09311706328257,319.327731092437,349.06259163645
2021-04-22,1.03194788016217,323.911382734912,334.259664773689
2021-04-23,0.965460908014816,334.606569900688,323.049562804041
2021-04-24,0.915850518404427,339.190221543163,310.647540238018
2021-04-25,0.9263663914203,352.941176470588,326.952844030694
2021-04-26,0.967760726932282,346.829640947288,335.64810544481
2021-04-27,1.07787977455133,348.357524828113,375.487530324986
2021-04-28,1.16516903808283,357.524828113063,416.576860063227
2021-04-29,1.26870439161818,363.636363636364,461.347051497521
2021-04-30,1.30374482288503,375.859434682964,490.024792100408
2021-05-01,1.32319182749332,401.83346065699,531.70275115469
2021-05-02,1.25883396313546,388.082505729565,488.531438711088
2021-05-03,1.20557265861365,401.83346065699,484.439433484172
2021-05-04,1.12328727967334,406.417112299465,456.523172487562
2021-05-05,1.1141284208461,401.83346065699,447.694078964895
2021-05-06,1.17385837343319,406.417112299465,477.076130379266
2021-05-07,1.36431851975587,420.168067226891,573.243075527678
2021-05-08,1.65741388802893,444.614209320092,736.909765342123
2021-05-09,1.89598353755749,459.893048128342,871.94964828847
2021-05-10,2.12441258359451,542.398777692895,1152.27878865707
2021-05-11,2.21525451015386,583.651642475172,1292.93693335183
2021-05-12,2.27500955159887,669.213139801375,1522.4662851036
2021-05-13,2.21364725345678,728.800611153552,1613.30747119768
2021-05-14,2.11803500855882,809.77845683728,1715.1391207581
2021-05-15,1.90154705744617,877.005347593583,1667.66693808113
2021-05-16,1.77236098208992,1014.51489686784,1798.08661895754
2021-05-17,1.58583616856303,1144.38502673797,1814.80716616304
2021-05-18,1.4761917720113,1262.0320855615,1863.00138072015
2021-05-19,1.32258186887668,1416.34835752483,1873.2366576756
2021-05-20,1.21464127203665,1544.69060351413,1876.24495955546
2021-05-21,1.08789759343313,1618.02902979374,1760.24988761754
2021-05-22,0.998222819413931,1702.06264323911,1699.03777055328
2021-05-23,0.909118965521345,1793.73567608862,1630.71912226441
2021-05-24,0.859256368942702,1844.15584415584,1584.60265441381
2021-05-25,0.824862851415751,1925.13368983957,1587.9712647576
2021-05-26,0.803367650219823,1929.71734148205,1550.27248621488
2021-05-27,0.789299418973678,1922.07792207792,1517.09498711824
2021-05-28,0.793012575633904,1903.74331550802,1509.69238997684
2021-05-29,0.810335551791099,1880.82505729565,1524.09941062619
2021-05-30,0.821124210646056,1810.54239877769,1486.68019803755
2021-05-31,0.831345218902685,1769.28953399542,1470.89039494165
2021-06-01,0.835255392528744,1721.92513368984,1438.24725344522
2021-06-02,0.847272940880598,1625.66844919786,1377.38488784867
2021-06-03,0.841439930169539,1544.69060351413,1299.76435355447
2021-06-04,0.82838738730796,1517.18869365928,1256.81997799359
2021-06-05,0.782948777867801,1439.2666157372,1126.87203781737
2021-06-06,0.746327980137226,1396.4858670741,1042.2364764636
2021-06-07,0.725160932082306,1317.0359052712,955.062984652327
2021-06-08,0.735939842485662,1222.30710466005,899.54449807262
2021-06-09,0.746541431255613,1159.66386554622,865.737121960291
2021-06-10,0.768477501547993,1116.88311688312,858.299547183473
2021-06-11,0.802562714580575,1087.85332314744,873.070516090709
2021-06-12,0.841441557256886,1051.18411000764,884.509994488522
2021-06-13,0.882058910917718,1009.93124522536,890.818854265258
2021-06-14,0.914640364551803,930.48128342246,851.055740278148
2021-06-15,0.954895128944498,889.228418640183,849.11988547853
2021-06-16,1.01195372234183,861.726508785332,872.027348205948
2021-06-17,1.04241150932136,832.696715049656,868.012639541849
2021-06-18,1.06409656307724,811.306340718106,863.308288760911
2021-06-19,1.07477747095441,808.250572956455,868.689506699594
2021-06-20,1.08699535016258,786.860198624905,855.313377133278
2021-06-21,1.06298039474124,766.997708174179,815.303526600617
2021-06-22,1.0375039554717,791.44385026738,821.126125186158
2021-06-23,0.978130655504341,786.860198624905,769.652081871254
2021-06-24,0.966306408897486,788.38808250573,761.824456823686
2021-06-25,0.930356334792563,770.053475935829,716.424129465931
2021-06-26,0.939432265821168,771.581359816654,724.848425117937
2021-06-27,0.913967633366245,771.581359816654,705.200389381136
2021-06-28,0.937045780748069,792.971734148205,743.050817736054
2021-06-29,0.930434424771921,777.692895339954,723.59224172484
2021-06-30,0.94649931226538,770.053475935829,728.855085380828
2021-07-01,0.933055299959117,763.941940412529,712.800076362962
2021-07-02,0.95128477690419,760.886172650879,723.819432999674
2021-07-03,0.934504128474606,754.774637127578,705.340014463644
2021-07-04,0.939358199135128,722.689075630252,678.863908618664
2021-07-05,0.921999267826273,730.328495034377,673.36233769436
2021-07-06,0.917065057299957,702.826585179526,644.537702609596
2021-07-07,0.902396689953019,696.715049656226,628.713354650231
2021-07-08,0.885012967438646,693.659281894576,613.897459460879
2021-07-09,0.841773853611297,676.8525592055,569.756787089082
2021-07-10,0.794270761465347,658.5179526356,523.041555678479
2021-07-11,0.758940500328634,653.934300993125,496.297225577778
2021-07-12,0.728494254844795,618.792971734148,450.787124846665
2021-07-13,0.72590966837863,600.458365164248,435.878532731553
2021-07-14,0.726464927795829,571.428571428571,415.122815883331
2021-07-15,0.809747836646701,560.733384262796,454.052644842383
2021-07-16,0.888571366058466,524.064171122995,465.668416437057
2021-07-17,1.00763242921891,517.952635599694,521.905872429656
2021-07-18,1.042936205902,498.090145148969,519.476246178839
2021-07-19,1.12690514701379,487.394957983193,549.247886779832
2021-07-20,1.15081909855932,473.644003055768,545.078564634668
2021-07-21,1.20199180644845,455.309396485867,547.278163975001
2021-07-22,1.14873805211653,438.502673796791,503.724707345216
2021-07-23,1.14868414376073,453.781512605042,521.251628261173
2021-07-24,1.07638212512719,443.086325439267,476.930200591117
2021-07-25,1.06737543444268,440.030557677617,469.677807669202
2021-07-26,0.984143851211101,443.086325439267,436.060682736775
2021-07-27,0.934023078264241,449.197860962567,419.561168845969
2021-07-28,0.842158457705065,458.365164247517,386.016099788418
2021-07-29,0.776067405899727,453.781512605042,352.165041332649
2021-07-30,0.667399509744244,450.725744843392,300.814141137589
2021-07-31,0.613495634364305,430.863254392666,264.332725577898
2021-08-01,0.584817595984774,427.807486631016,250.189345875839
2021-08-02,0.572096083263262,392.66615737204,224.642770662579
2021-08-03,0.573313961718992,378.915202444614,217.237375869076
2021-08-04,0.581118363889591,366.692131398014,213.091531449201
2021-08-05,0.606393089164316,351.413292589763,213.09459206691
2021-08-06,0.595114893675595,310.160427807487,184.581090017029
2021-08-07,0.624230235220947,294.881588999236,184.07400366332
2021-08-08,0.61708737807809,261.268143621085,161.225273722465
2021-08-09,0.633953868628791,236.822001527884,150.134224045015
2021-08-10,0.624750187156202,206.264323911383,128.863674967284
2021-08-11,0.630411192817208,186.401833460657,117.509802175247
2021-08-12,0.619696907102922,168.067226890756,104.150740689567
2021-08-13,0.66731595472197,152.788388082506,101.958129063708
2021-08-14,0.737491393318461,142.09320091673,104.792512725159
2021-08-15,0.84658230240937,123.75859434683,104.771835745086
2021-08-16,0.97064245278531,116.119174942704,112.710200781793
2021-08-17,1.08152680652681,106.951871657754,115.671316206076
2021-08-18,1.19361471861472,102.368220015279,122.188214128627
2021-08-19,1.24718614718615,99.3124522536287,123.861114693811
2021-08-20,1.2995670995671,96.2566844919786,125.092020279186
2021-08-21,1.32337662337662,91.6730328495034,121.31794866707
2021-08-22,1.3043956043956,91.6730328495034,119.577901090506
2021-08-23,1.18194662480377,88.6172650878533,104.740877369929
2021-08-24,1.04980376766091,99.3124522536287,104.258586551504
2021-08-25,0.905359323216466,94.7288006111536,85.7636028104215
2021-08-26,0.857740275597419,94.7288006111536,81.2527075432238
2021-08-27,0.811311704168847,94.7288006111536,76.8545846577059
2021-08-28,0.771629164486307,87.0893812070283,67.2007064564087
2021-08-29,0.762471655328798,93.2009167303285,71.0630572575351
2021-08-30,0.793083900226757,97.7845683728037,77.5513668670932
2021-08-31,0.8109410430839,93.2009167303285,75.5804486296683
2021-09-01,0.816609977324263,85.5614973262032,69.8703723913808
2021-09-02,0.825267985982272,85.5614973262032,70.6111645760232
2021-09-03,0.924757781900639,84.0336134453782,77.7107379748436
2021-09-04,1.05967841682127,74.8663101604278,79.3342130240526
2021-09-05,1.15491651205937,73.3384262796027,84.699759478762
2021-09-06,1.29437229437229,71.8105423987777,92.9495765248248
2021-09-07,1.36580086580087,64.1711229946524,87.6449753455101
2021-09-08,1.39548546691404,65.6990068754775,91.6820092854143
2021-09-09,1.32455639598497,64.1711229946524,84.9982714001049
2021-09-10,1.11305361305361,67.2268907563025,74.8271336506631
2021-09-11,0.803529803529804,68.7547746371276,55.246510555907
2021-09-12,0.541625041625042,64.1711229946524,34.7566871631043
2021-09-13,0.320536606250892,53.475935828877,17.1409949866787
2021-09-14,0.36815565386994,48.8922841864018,17.9999708538397
2021-09-15,0.84867513438942,47.3644003055768,40.1969887946097
2021-09-16,1.38713667285096,42.7807486631016,59.3427453626079
2021-09-17,1.94557823129252,42.7807486631016,83.2332933173269
2021-09-18,2.15986394557823,44.3086325439267,95.7006179095015
2021-09-19,2.2312925170068,42.7807486631016,95.4563643639274
2021-09-20,2.23809523809524,38.1970970206264,85.4887409509258
2021-09-21,2.1047619047619,33.6134453781513,70.7482993197279
2021-09-22,1.64047619047619,27.501909854851,45.1162283095056
2021-09-23,1.16428571428571,24.4461420932009,28.4622940085125
2021-09-24,0.664285714285714,19.8624904507257,13.1943686565535
2021-09-25,0.45,18.3346065699007,8.25057295645531
2021-09-26,0.378571428571429,18.3346065699007,6.9409582014624
2021-09-27,0.330952380952381,18.3346065699007,6.0678816981338
2021-09-28,0.273809523809524,18.3346065699007,5.02018989413947
2021-09-29,0.166666666666667,18.3346065699007,3.05576776165011
2021-09-30,0.0714285714285714,18.3346065699007,1.30961475499291
2021-10-01,0,15.2788388082506,0
2021-10-02,0,12.2230710466005,0
2021-10-03,0,9.16730328495034,0
2021-10-04,0,7.63941940412529,0
