"fecha","rho7dpromedio","incidenciaAcum14d","riesgopor10"
2020-01-03,0,0,0
2020-01-04,0,0,0
2020-01-05,0,0,0
2020-01-06,0,0,0
2020-01-07,0,0,0
2020-01-08,0,0,0
2020-01-09,0,0,0
2020-01-10,0,0,0
2020-01-11,0,0,0
2020-01-12,0,0,0
2020-01-13,0,0,0
2020-01-14,0,0,0
2020-01-15,0,0,0
2020-01-16,0,0,0
2020-01-17,0,0,0
2020-01-18,0,0,0
2020-01-19,0,0,0
2020-01-20,0,0,0
2020-01-21,0,0,0
2020-01-22,0,0,0
2020-01-23,0,0,0
2020-01-24,0,0,0
2020-01-25,0,0,0
2020-01-26,0,0,0
2020-01-27,0,0,0
2020-01-28,0,0,0
2020-01-29,0,0,0
2020-01-30,0,0,0
2020-01-31,0,0,0
2020-02-01,0,0,0
2020-02-02,0,0,0
2020-02-03,0,0,0
2020-02-04,0,0,0
2020-02-05,0,0,0
2020-02-06,0,0,0
2020-02-07,0,0,0
2020-02-08,0,0,0
2020-02-09,0,0,0
2020-02-10,0,0,0
2020-02-11,0,0,0
2020-02-12,0,0,0
2020-02-13,0,0,0
2020-02-14,0,0,0
2020-02-15,0,0,0
2020-02-16,0,0,0
2020-02-17,0,0,0
2020-02-18,0,0,0
2020-02-19,0,0,0
2020-02-20,0,0,0
2020-02-21,0,0,0
2020-02-22,0,0,0
2020-02-23,0,0,0
2020-02-24,0,0,0
2020-02-25,0,0,0
2020-02-26,0,0,0
2020-02-27,0,0,0
2020-02-28,0,0,0
2020-02-29,0,0,0
2020-03-01,0,0,0
2020-03-02,0,0,0
2020-03-03,0,0,0
2020-03-04,0,0,0
2020-03-05,0,0,0
2020-03-06,0,0,0
2020-03-07,0,0,0
2020-03-08,0,0,0
2020-03-09,0,0,0
2020-03-10,0,0,0
2020-03-11,0,0,0
2020-03-12,0,0,0
2020-03-13,0,0,0
2020-03-14,0,0,0
2020-03-15,0,0,0
2020-03-16,0,0,0
2020-03-17,0,0,0
2020-03-18,0,0,0
2020-03-19,0,0,0
2020-03-20,0,0,0
2020-03-21,0,0,0
2020-03-22,0,0,0
2020-03-23,0,0,0
2020-03-24,0,0,0
2020-03-25,0,0,0
2020-03-26,0,0,0
2020-03-27,0,0,0
2020-03-28,0,0,0
2020-03-29,0,0,0
2020-03-30,0,0,0
2020-03-31,0,0,0
2020-04-01,0,0,0
2020-04-02,0,0,0
2020-04-03,0,0,0
2020-04-04,0,0,0
2020-04-05,0,0,0
2020-04-06,0,0,0
2020-04-07,0,0,0
2020-04-08,0,0,0
2020-04-09,0,0,0
2020-04-10,0,0,0
2020-04-11,0,0,0
2020-04-12,0,0,0
2020-04-13,0,0,0
2020-04-14,0,0,0
2020-04-15,0,0,0
2020-04-16,0,0,0
2020-04-17,0,0,0
2020-04-18,0,0,0
2020-04-19,0,0,0
2020-04-20,0,0,0
2020-04-21,0,0,0
2020-04-22,0,0,0
2020-04-23,0,0,0
2020-04-24,0,0,0
2020-04-25,0,0,0
2020-04-26,0,0,0
2020-04-27,0,0,0
2020-04-28,0,0,0
2020-04-29,0.142857142857143,0,0
2020-04-30,0.285714285714286,0,0
2020-05-01,0.428571428571429,0,0
2020-05-02,0.428571428571429,0,0
2020-05-03,0.428571428571429,1.01819514728193,0.436369348835112
2020-05-04,0.428571428571429,1.01819514728193,0.436369348835112
2020-05-05,0.428571428571429,1.01819514728193,0.436369348835112
2020-05-06,0.285714285714286,1.01819514728193,0.290912899223408
2020-05-07,0.142857142857143,1.01819514728193,0.145456449611704
2020-05-08,0,1.01819514728193,0
2020-05-09,0,1.01819514728193,0
2020-05-10,0,1.01819514728193,0
2020-05-11,0,1.01819514728193,0
2020-05-12,0,1.01819514728193,0
2020-05-13,0,1.01819514728193,0
2020-05-14,0,1.01819514728193,0
2020-05-15,0,1.01819514728193,0
2020-05-16,0,1.01819514728193,0
2020-05-17,0,0,0
2020-05-18,0,0,0
2020-05-19,0,0,0
2020-05-20,0,0,0
2020-05-21,0,0,0
2020-05-22,0,0,0
2020-05-23,0,0,0
2020-05-24,0,0,0
2020-05-25,0,0,0
2020-05-26,0,0,0
2020-05-27,0,0,0
2020-05-28,0,0,0
2020-05-29,0,0,0
2020-05-30,0,0,0
2020-05-31,0,0,0
2020-06-01,0,0,0
2020-06-02,0,0,0
2020-06-03,0,0,0
2020-06-04,0,0,0
2020-06-05,0,0,0
2020-06-06,0,0,0
2020-06-07,0,0,0
2020-06-08,0,0,0
2020-06-09,0,0,0
2020-06-10,0,0,0
2020-06-11,0,0,0
2020-06-12,0,0,0
2020-06-13,0,0,0
2020-06-14,0,0,0
2020-06-15,0,0,0
2020-06-16,0,0,0
2020-06-17,0,0,0
2020-06-18,0.142857142857143,0,0
2020-06-19,0.285714285714286,0,0
2020-06-20,0.428571428571429,0,0
2020-06-21,0.428571428571429,0,0
2020-06-22,0.428571428571429,1.01819514728193,0.436369348835112
2020-06-23,0.428571428571429,1.01819514728193,0.436369348835112
2020-06-24,0.428571428571429,1.01819514728193,0.436369348835112
2020-06-25,0.285714285714286,1.01819514728193,0.290912899223408
2020-06-26,0.142857142857143,1.01819514728193,0.145456449611704
2020-06-27,0,1.01819514728193,0
2020-06-28,0.142857142857143,1.01819514728193,0.145456449611704
2020-06-29,0.285714285714286,1.01819514728193,0.290912899223408
2020-06-30,0.428571428571429,1.01819514728193,0.436369348835112
2020-07-01,0.428571428571429,1.01819514728193,0.436369348835112
2020-07-02,0.428571428571429,2.03639029456386,0.872738697670224
2020-07-03,0.428571428571429,2.03639029456386,0.872738697670224
2020-07-04,0.428571428571429,2.03639029456386,0.872738697670224
2020-07-05,0.285714285714286,2.03639029456386,0.581825798446816
2020-07-06,0.142857142857143,1.01819514728193,0.145456449611704
2020-07-07,0,1.01819514728193,0
2020-07-08,0,1.01819514728193,0
2020-07-09,0,1.01819514728193,0
2020-07-10,0,1.01819514728193,0
2020-07-11,0,1.01819514728193,0
2020-07-12,0,1.01819514728193,0
2020-07-13,0,1.01819514728193,0
2020-07-14,0,1.01819514728193,0
2020-07-15,0,1.01819514728193,0
2020-07-16,0,0,0
2020-07-17,0,0,0
2020-07-18,0,0,0
2020-07-19,0,0,0
2020-07-20,0,0,0
2020-07-21,0,0,0
2020-07-22,0,0,0
2020-07-23,0,0,0
2020-07-24,0,0,0
2020-07-25,0,0,0
2020-07-26,0,0,0
2020-07-27,0,0,0
2020-07-28,0,0,0
2020-07-29,0,0,0
2020-07-30,0,0,0
2020-07-31,0,0,0
2020-08-01,0,0,0
2020-08-02,0,0,0
2020-08-03,0,0,0
2020-08-04,0,0,0
2020-08-05,0,0,0
2020-08-06,0,0,0
2020-08-07,0,0,0
2020-08-08,0.142857142857143,0,0
2020-08-09,0.285714285714286,0,0
2020-08-10,0.428571428571429,0,0
2020-08-11,0.428571428571429,0,0
2020-08-12,0.428571428571429,1.01819514728193,0.436369348835112
2020-08-13,0.428571428571429,1.01819514728193,0.436369348835112
2020-08-14,0.428571428571429,1.01819514728193,0.436369348835112
2020-08-15,0.285714285714286,1.01819514728193,0.290912899223408
2020-08-16,0.142857142857143,1.01819514728193,0.145456449611704
2020-08-17,0,1.01819514728193,0
2020-08-18,0,1.01819514728193,0
2020-08-19,0,1.01819514728193,0
2020-08-20,0,1.01819514728193,0
2020-08-21,0,1.01819514728193,0
2020-08-22,0,1.01819514728193,0
2020-08-23,0,1.01819514728193,0
2020-08-24,0.142857142857143,1.01819514728193,0.145456449611704
2020-08-25,0.285714285714286,1.01819514728193,0.290912899223408
2020-08-26,0.428571428571429,0,0
2020-08-27,0.428571428571429,0,0
2020-08-28,0.428571428571429,1.01819514728193,0.436369348835112
2020-08-29,0.428571428571429,1.01819514728193,0.436369348835112
2020-08-30,0.428571428571429,1.01819514728193,0.436369348835112
2020-08-31,0.285714285714286,1.01819514728193,0.290912899223408
2020-09-01,0.142857142857143,1.01819514728193,0.145456449611704
2020-09-02,0.142857142857143,1.01819514728193,0.145456449611704
2020-09-03,0.428571428571429,1.01819514728193,0.436369348835112
2020-09-04,0.714285714285714,1.01819514728193,0.72728224805852
2020-09-05,1.14285714285714,1.01819514728193,1.16365159689363
2020-09-06,1.42857142857143,2.03639029456386,2.90912899223408
2020-09-07,1.71428571428571,3.05458544184578,5.23643218602134
2020-09-08,1.71428571428571,3.05458544184578,5.23643218602134
2020-09-09,1.57142857142857,5.09097573640964,8.00010472864372
2020-09-10,1.28571428571429,5.09097573640964,6.54554023252668
2020-09-11,1,4.07278058912771,4.07278058912771
2020-09-12,0.642857142857143,4.07278058912771,2.61821609301067
2020-09-13,0.5,4.07278058912771,2.03639029456386
2020-09-14,0.357142857142857,4.07278058912771,1.45456449611704
2020-09-15,0.357142857142857,4.07278058912771,1.45456449611704
2020-09-16,0.357142857142857,5.09097573640964,1.8182056201463
2020-09-17,0.5,5.09097573640964,2.54548786820482
2020-09-18,0.928571428571429,5.09097573640964,4.72733461238038
2020-09-19,1.28571428571429,5.09097573640964,6.54554023252668
2020-09-20,1.42857142857143,4.07278058912771,5.81825798446816
2020-09-21,1.28571428571429,4.07278058912771,5.23643218602135
2020-09-22,1.28571428571429,6.10917088369157,7.85464827903202
2020-09-23,1.33333333333333,4.07278058912771,5.43037411883695
2020-09-24,1.23809523809524,4.07278058912771,5.04249025320574
2020-09-25,0.952380952380952,4.07278058912771,3.87883865631211
2020-09-26,0.666666666666667,4.07278058912771,2.71518705941847
2020-09-27,0.666666666666667,5.09097573640964,3.39398382427309
2020-09-28,1.23809523809524,5.09097573640964,6.30311281650717
2020-09-29,1.80952380952381,6.10917088369157,11.0546901704895
2020-09-30,1.97619047619048,5.09097573640964,10.0607377648095
2020-10-01,1.92857142857143,6.10917088369157,11.781972418548
2020-10-02,1.92857142857143,9.16375632553735,17.672958627822
2020-10-03,1.89285714285714,9.16375632553735,17.3456816161957
2020-10-04,1.71428571428571,9.16375632553735,15.709296558064
2020-10-05,1.19047619047619,8.14556117825543,9.69709664078027
2020-10-06,0.619047619047619,8.14556117825543,5.04249025320574
2020-10-07,0.404761904761905,9.16375632553735,3.70913946509845
2020-10-08,0.404761904761905,9.16375632553735,3.70913946509845
2020-10-09,0.261904761904762,9.16375632553735,2.40003141859312
2020-10-10,0.44047619047619,9.16375632553735,4.03641647672479
2020-10-11,0.761904761904762,8.14556117825543,6.20614185009937
2020-10-12,1.14285714285714,8.14556117825543,9.30921277514906
2020-10-13,1.42857142857143,7.1273660309735,10.1819514728193
2020-10-14,1.57142857142857,9.16375632553735,14.4001885115587
2020-10-15,1.71428571428571,9.16375632553735,15.709296558064
2020-10-16,1.95238095238095,6.10917088369157,11.9274288681597
2020-10-17,2,7.1273660309735,14.254732061947
2020-10-18,2.07142857142857,7.1273660309735,14.763829635588
2020-10-19,2.21428571428571,8.14556117825543,18.0365997518513
2020-10-20,2.21428571428571,10.1819514728193,22.5457496898141
2020-10-21,2.18571428571429,11.2001466201012,24.4803204696498
2020-10-22,2.08367346938775,12.2183417673831,25.4590345806085
2020-10-23,1.90680272108844,14.254732061947,27.1809618841071
2020-10-24,1.63061224489796,15.2729272092289,24.9042221228039
2020-10-25,1.23775510204082,16.2911223565109,20.1644198147425
2020-10-26,0.737755102040816,16.2911223565109,12.0188586364871
2020-10-27,0.594897959183673,18.3275126510747,10.9029998730373
2020-10-28,0.575850340136054,16.2911223565109,9.38124835019485
2020-10-29,0.677891156462585,16.2911223565109,11.0436077743286
2020-10-30,0.759523809523809,17.3093175037928,13.1468387707378
2020-10-31,0.845238095238095,16.2911223565109,13.769877229908
2020-11-01,0.80952380952381,17.3093175037928,14.0123046459275
2020-11-02,0.80952380952381,17.3093175037928,14.0123046459275
2020-11-03,0.880952380952381,14.254732061947,12.5577401498104
2020-11-04,0.976190476190476,12.2183417673831,11.9274288681597
2020-11-05,1.11904761904762,11.2001466201012,12.5334974082085
2020-11-06,1.54761904761905,10.1819514728193,15.7577820412679
2020-11-07,1.97619047619048,11.2001466201012,22.133623082581
2020-11-08,2.38095238095238,11.2001466201012,26.6670157621457
2020-11-09,2.5952380952381,12.2183417673831,31.7095060153515
2020-11-10,2.66666666666667,13.2365369146651,35.2974317724402
2020-11-11,2.7047619047619,16.2911223565109,44.0636071357055
2020-11-12,2.62312925170068,19.3457077983566,50.7462920207233
2020-11-13,2.22312925170068,19.3457077983566,43.0080089013806
2020-11-14,1.81241496598639,22.4002932402024,40.5986267110267
2020-11-15,1.4969387755102,25.4548786820482,38.104394925066
2020-11-16,1.33622448979592,27.4912689766121,36.7345068621158
2020-11-17,1.17908163265306,31.5640495657398,37.2165910951146
2020-11-18,1.06955782312925,32.5822447130217,34.8485947279241
2020-11-19,1.05595238095238,35.6368301548675,37.6307956516279
2020-11-20,1.075,37.6732204494313,40.4987119831387
2020-11-21,1.13877551020408,38.6914155967133,44.0608365366653
2020-11-22,1.16853741496599,41.7460010385591,48.7817641387652
2020-11-23,1.17210884353741,45.8187816276868,53.7045991459213
2020-11-24,1.16258503401361,45.8187816276868,53.2682297970862
2020-11-25,1.1030612244898,45.8187816276868,50.5409213668667
2020-11-26,0.97752009894867,47.8551719222506,46.7793923926441
2020-11-27,0.834662956091528,46.8369767749687,39.0930894893856
2020-11-28,0.673665223665224,47.8551719222506,32.2383650965407
2020-11-29,0.554617604617605,44.8005864804048,24.847193959226
2020-11-30,0.483189033189033,41.7460010385591,20.1712098813297
2020-12-01,0.4498556998557,39.7096107439952,17.8635947322374
2020-12-02,0.497474747474747,39.7096107439952,19.7545285771895
2020-12-03,0.53968253968254,37.6732204494313,20.3315792901693
2020-12-04,0.606349206349206,34.6186350075856,20.9909818617423
2020-12-05,0.828571428571429,33.6004398603036,27.8403644556801
2020-12-06,0.947619047619048,30.5458544184578,28.9458334727291
2020-12-07,1.03333333333333,25.4548786820482,26.3033746381165
2020-12-08,1.04285714285714,25.4548786820482,26.545802054136
2020-12-09,1.07857142857143,23.4184883874843,25.2585124750724
2020-12-10,1.04285714285714,17.3093175037928,18.0511453968125
2020-12-11,1.03571428571429,19.3457077983566,20.0366259340122
2020-12-12,0.845238095238095,15.2729272092289,12.9092599030387
2020-12-13,0.797619047619048,16.2911223565109,12.9941094986456
2020-12-14,0.69047619047619,16.2911223565109,11.2486321033051
2020-12-15,0.738095238095238,14.254732061947,10.5213498552466
2020-12-16,0.833333333333333,14.254732061947,11.8789433849558
2020-12-17,1.19047619047619,13.2365369146651,15.7577820412679
2020-12-18,1.36904761904762,13.2365369146651,18.1214493474581
2020-12-19,1.41666666666667,13.2365369146651,18.7517606291088
2020-12-20,1.3452380952381,15.2729272092289,20.5457235076532
2020-12-21,1.36666666666667,16.2911223565109,22.2645338872315
2020-12-22,1.2952380952381,13.2365369146651,17.1444668608995
2020-12-23,1.16428571428571,12.2183417673831,14.2256407720247
2020-12-24,1.16428571428571,13.2365369146651,15.41111083636
2020-12-25,1.30714285714286,12.2183417673831,15.9711181673651
2020-12-26,1.45,13.2365369146651,19.1929785262643
2020-12-27,1.52142857142857,12.2183417673831,18.5893342603758
2020-12-28,1.6547619047619,13.2365369146651,21.9033170373624
2020-12-29,1.77380952380952,13.2365369146651,23.4790952414892
2020-12-30,2.14285714285714,14.254732061947,30.5458544184578
2020-12-31,2.28571428571429,14.254732061947,32.5822447130217
2021-01-01,2.42857142857143,16.2911223565109,39.5641542943835
2021-01-02,2.60714285714286,16.2911223565109,42.4732832866176
2021-01-03,2.85714285714286,19.3457077983566,55.2734508524475
2021-01-04,2.88095238095238,26.4730738293301,76.2676650797368
2021-01-05,2.82440476190476,29.5276592711759,83.3980614534105
2021-01-06,2.46586134453782,31.5640495657398,77.8325697012333
2021-01-07,2.05926793794441,36.6550253021494,75.4825183692573
2021-01-08,1.69563157430804,42.764196185841,72.5123213026156
2021-01-09,1.35515538383185,43.7823913331229,59.3319433321146
2021-01-10,1.05753633621281,47.8551719222506,50.6085831834909
2021-01-11,0.986107764784235,54.9825379532241,54.2187076032182
2021-01-12,1.00456014573662,57.018928247788,57.2789428703436
2021-01-13,0.994055944055944,57.018928247788,56.680004548413
2021-01-14,0.9500999000999,62.1099039841976,59.0106135706005
2021-01-15,0.885164835164835,67.2008797206072,59.4838556208232
2021-01-16,0.873600209314495,69.2372700151711,60.4856935776177
2021-01-17,0.849790685504971,64.1462942787615,54.5109233877523
2021-01-18,0.790266875981162,62.1099039841976,49.0833997890818
2021-01-19,0.741782027496313,62.1099039841976,46.0720105049994
2021-01-20,0.763210598924885,62.1099039841976,47.4029370189465
2021-01-21,0.79817563388992,59.0553185423518,47.1365163121128
2021-01-22,0.887461348175634,53.9643428059422,47.8912684199735
2021-01-23,1.14256338899196,54.9825379532241,62.8210348992148
2021-01-24,1.37470624613482,53.9643428059422,74.1851191238893
2021-01-25,1.51359513502371,50.9097573640964,77.0567610715336
2021-01-26,1.49303236446094,51.9279525113783,77.5301137196784
2021-01-27,1.43039500182357,59.0553185423518,84.472432474079
2021-01-28,1.34597941740799,58.0371233950699,78.1167735353317
2021-01-29,1.18946681236597,51.9279525113783,61.7665761464008
2021-01-30,0.903752526651686,49.8915622168145,45.0896254120459
2021-01-31,0.743038240937401,51.9279525113783,38.5844544895354
2021-02-01,0.687482685381845,49.8915622168145,34.299585170711
2021-02-02,0.731133479032639,48.8733670695325,35.7329548975865
2021-02-03,0.760437508336668,48.8733670695325,37.1651414783787
2021-02-04,0.849723222622382,48.8733670695325,41.5288349667298
2021-02-05,0.998582766439909,48.8733670695325,48.804102093527
2021-02-06,1.22307256235828,48.8733670695325,59.7756742928098
2021-02-07,1.27664399092971,45.8187816276868,58.4942722367067
2021-02-08,1.39569160997732,45.8187816276868,63.9488890971456
2021-02-09,1.4750566893424,46.8369767749687,69.0871959004924
2021-02-10,1.56163677592249,42.764196185841,66.7821414565736
2021-02-11,1.54377963306535,39.7096107439952,61.3028883035327
2021-02-12,1.50110801896516,44.8005864804048,67.2505196200779
2021-02-13,1.43308080808081,48.8733670695325,70.0394843736357
2021-02-14,1.4014874014874,47.8551719222506,67.0684205450479
2021-02-15,1.30965066679352,50.9097573640964,66.6739976781854
2021-02-16,1.26520622234908,53.9643428059422,68.2760223030568
2021-02-17,1.26706150991865,60.0735136896337,76.1168369617062
2021-02-18,1.22420436706151,59.0553185423518,72.2957788577557
2021-02-19,1.25190999476714,66.1826845733253,82.8547642978668
2021-02-20,1.20930347847641,69.2372700151711,83.7288714695569
2021-02-21,1.32177923801099,71.273660309735,94.2080444144559
2021-02-22,1.31044136953027,71.273660309735,93.3999530277242
2021-02-23,1.42404681170714,80.4374166352723,114.546646701418
2021-02-24,1.42219152413757,82.4738069298362,117.293549178971
2021-02-25,1.56944427139031,93.6739535499374,147.016049777432
2021-02-26,1.60667370861975,91.6375632553735,147.231663604388
2021-02-27,1.821122875014,96.7285389917832,176.15455502462
2021-02-28,1.91947332630562,107.928685611884,207.166233175238
2021-03-01,2.0940765009088,122.183417673831,255.861423751495
2021-03-02,2.0471377253986,140.510930324906,287.645226298969
2021-03-03,2.04075814007164,154.765662386853,315.83928531955
2021-03-04,1.96233656165006,179.202345921619,351.655315335456
2021-03-05,1.85642838531935,192.438882836284,357.249004536423
2021-03-06,1.57710274201855,210.766395487359,332.400260248481
2021-03-07,1.30064771556353,232.14849358028,301.943407846705
2021-03-08,1.05166812372679,257.603372262328,270.913255172816
2021-03-09,0.909177281235949,259.639762556892,236.058573422222
2021-03-10,0.827616235765129,270.839909176993,224.151506128032
2021-03-11,0.754767209791103,274.912689766121,207.495083790942
2021-03-12,0.739636425082854,290.185616975349,214.63185235011
2021-03-13,0.733013398513735,291.203812122631,213.456295984165
2021-03-14,0.770585164808906,293.240202417195,225.966549708251
2021-03-15,0.84565171316738,288.149226680786,243.673887190462
2021-03-16,0.985484748349252,277.967275207966,273.93251025765
2021-03-17,1.13186693758858,272.876299471557,308.859661423376
2021-03-18,1.22222019845815,261.676152851456,319.825879469871
2021-03-19,1.27428369052164,266.767128587865,339.937001126806
2021-03-20,1.27378115500152,268.803518882429,342.396856750533
2021-03-21,1.2651543000042,265.748933440583,336.213405863884
2021-03-22,1.19968510410022,248.43961593679,298.049306507747
2021-03-23,1.13091433998062,254.548786820482,287.872873239953
2021-03-24,1.04626684461884,252.512396525918,264.195348340313
2021-03-25,1.01679418599017,259.639762556892,264.000201019716
2021-03-26,0.972505869570706,262.694347998737,255.471795331822
2021-03-27,1.0129536129915,271.858104324275,275.379648996293
2021-03-28,1.07960754729249,274.912689766121,296.797814717983
2021-03-29,1.22414201149909,275.930884913403,337.778588492615
2021-03-30,1.33740731762153,285.09464123894,381.287659407644
2021-03-31,1.4399404361321,299.349373300887,431.045267146749
2021-04-01,1.49532258899324,321.749666541089,481.119544379934
2021-04-02,1.57135693715874,339.058984044882,532.782686684919
2021-04-03,1.59874904154147,338.0407888976,540.442387251962
2021-04-04,1.61283872544248,351.277325812265,566.553674439896
2021-04-05,1.53917055054877,383.859570525287,590.825346498822
2021-04-06,1.43359755211863,415.423620091027,595.550284854757
2021-04-07,1.28800630126422,452.078645393176,582.280143933405
2021-04-08,1.19099949854314,479.569914369788,571.167527530792
2021-04-09,1.08654481344329,491.788256137171,534.349979018163
2021-04-10,1.01916786266298,507.0611833464,516.780462470511
2021-04-11,0.926939650623444,523.352305702911,485.11600340123
2021-04-12,0.883917139154331,557.970940710497,493.200077644073
2021-04-13,0.847771466645022,565.09830674147,479.074220304835
2021-04-14,0.890605825268854,572.225672772444,509.627517539527
2021-04-15,0.920646180393955,566.116501888752,521.192995121867
2021-04-16,0.981757813987485,558.989135857778,548.791952062486
2021-04-17,0.975058908009999,575.280258214289,560.932140374135
2021-04-18,0.955377824567448,587.498599981673,561.283134386912
2021-04-19,0.882354074124343,575.280258214289,507.600879598682
2021-04-20,0.832236010369915,556.952745563215,463.5161309321
2021-04-21,0.748276110620542,523.352305702911,391.612027795667
2021-04-22,0.693309647121057,492.806451284453,341.667466839005
2021-04-23,0.627514989489665,482.624499811634,302.854107926752
2021-04-24,0.666726900669231,468.369767749687,312.274723618916
2021-04-25,0.732078979782778,444.951279362203,325.739478648523
2021-04-26,0.854987056425999,415.423620091027,355.181818111459
2021-04-27,0.97641562785457,405.241668618207,395.684298296681
2021-04-28,1.09454749598644,395.059717145388,432.411624166595
2021-04-29,1.12224793148298,392.005131703542,439.926948185012
2021-04-30,1.12471897395402,376.732204494313,423.717858494279
2021-05-01,1.0671574878211,362.477472432366,386.820548872667
2021-05-02,1.02170294236656,336.004398603036,343.296682700828
2021-05-03,0.942156249547554,312.585910215552,294.504768830093
2021-05-04,0.862457001427253,301.385763595451,259.932261943395
2021-05-05,0.786653175623427,302.403958742733,237.887034466067
2021-05-06,0.808852393474819,301.385763595451,243.776596243416
2021-05-07,0.882865998916996,294.258397564477,259.790734105477
2021-05-08,1.03651592042406,284.076446091658,294.449758991491
2021-05-09,1.23510899401713,287.131031533504,354.638119508448
2021-05-10,1.67398424077913,292.222007269913,489.175034978681
2021-05-11,2.12511206032801,310.549519920988,659.952530113164
2021-05-12,2.54065947587542,317.676885951962,807.108790560447
2021-05-13,2.8189182541342,323.786056835653,912.726426048156
2021-05-14,3.04770788319337,401.16888802908,1222.64558253814
2021-05-15,3.03895498083482,460.224206571431,1398.60064486101
2021-05-16,2.90715225974639,547.788989237677,1592.5059979265
2021-05-17,2.48233992715261,638.408357345769,1584.74655526731
2021-05-18,2.01091135572404,711.718407950068,1431.20262862463
2021-05-19,1.54473025000805,782.992068259803,1209.51153335729
2021-05-20,1.17488138542234,858.338509158665,1008.44593680168
2021-05-21,0.823496481694166,922.484803437427,759.662990047055
2021-05-22,0.647053062177957,940.812316088501,608.755490059801
2021-05-23,0.544308516083657,949.976072414039,517.080066290666
2021-05-24,0.566827740491687,967.285389917832,548.284191977745
2021-05-25,0.665649537251628,969.321780212395,645.228594446305
2021-05-26,0.783119605577334,975.430951096087,763.879101690292
2021-05-27,0.863530309757139,976.449146243369,843.19343371763
2021-05-28,0.969503283331795,943.866901530347,915.08206006188
2021-05-29,1.04098158278632,891.938949018969,928.49201889853
2021-05-30,1.0965605960008,818.62889841467,897.676192749068
2021-05-31,1.06450551159469,762.628165314164,811.821885274272
2021-06-01,0.991959225038828,716.809383686477,711.045680742198
2021-06-02,0.915463686059743,668.954211764227,612.403288506869
2021-06-03,0.887880703357546,609.898893221875,541.517458290827
2021-06-04,0.840589066783806,564.080111594188,474.159574596264
2021-06-05,0.833235209124577,563.061916446906,469.163013700723
2021-06-06,0.833812409701777,570.18928247788,475.430899609008
2021-06-07,0.874437551470139,565.09830674147,494.143179686933
2021-06-08,0.918715977126116,558.989135857778,513.552250152462
2021-06-09,0.985486871530389,549.825379532241,541.845693163237
2021-06-10,1.0420046291351,544.734403795832,567.615770404407
2021-06-11,1.10649142752643,522.334110555629,577.958215634446
2021-06-12,1.15830069690124,531.497866881166,615.634349609976
2021-06-13,1.2190177576183,532.516062028448,649.146535829645
2021-06-14,1.25347388398234,525.388695997475,658.561009372372
2021-06-15,1.2916156002962,520.297720261065,672.024652287738
2021-06-16,1.32050512220666,530.479671733885,700.501123751099
2021-06-17,1.35581540016399,558.989135857778,757.886078920338
2021-06-18,1.3476839604536,575.280258214289,775.295976761006
2021-06-19,1.34061454134035,600.735136896338,805.354260017315
2021-06-20,1.31203003061298,631.280991314795,828.259618360144
2021-06-21,1.2870424498877,662.845040880535,853.109705310794
2021-06-22,1.22586232566409,692.372700151711,848.753608434304
2021-06-23,1.16375326593851,735.136896337552,855.517964024724
2021-06-24,1.09599606597114,768.737336197856,842.533096237985
2021-06-25,1.05374778754196,785.028458554366,827.222001359138
2021-06-26,1.00660783973634,809.465142089133,814.81395802021
2021-06-27,0.974232257924666,832.883630476617,811.422099907728
2021-06-28,0.931082614775022,852.229338274974,793.49592066905
2021-06-29,0.912217441994404,869.538655778767,793.208328289759
2021-06-30,0.893212700267205,875.647826662458,782.139759736284
2021-07-01,0.891288094928178,872.593241220612,777.731967614724
2021-07-02,0.880393748786165,867.502265484203,763.743571590128
2021-07-03,0.90282985751669,870.556850926048,785.964717681743
2021-07-04,0.921991257950289,854.265728569538,787.625533707648
2021-07-05,0.963674340449698,836.956411065745,806.553417418928
2021-07-06,0.983446990845869,825.756264445644,812.087513441194
2021-07-07,1.00862531687165,822.701679003798,829.797741676046
2021-07-08,1.0066624643149,815.574312972824,821.008047729155
2021-07-09,0.994826787952738,802.337776058159,798.187112609082
2021-07-10,0.950043984549245,792.15582458534,752.58287597295
2021-07-11,0.898504764566774,778.919287670675,699.862691185059
2021-07-12,0.843502514385781,769.755531345138,649.290726151986
2021-07-13,0.807255923009755,744.300652663089,600.841110362306
2021-07-14,0.785411551165383,730.045920601142,573.386498921304
2021-07-15,0.787954722279983,703.572846771812,554.38354708182
2021-07-16,0.819151989432306,697.463675888121,571.328757660523
2021-07-17,0.862479665330252,683.208943826174,589.253821221833
2021-07-18,0.90209352369411,666.917821469663,601.622247583968
2021-07-19,0.9218476978107,655.717674849562,604.471828973854
2021-07-20,0.934829311433758,645.535723376742,603.465715790173
2021-07-21,0.931255407859855,616.008064105566,573.660840983589
2021-07-22,0.909936726541174,594.625966012646,541.07200502993
2021-07-23,0.871257891252169,574.262063067007,500.330354093881
2021-07-24,0.818725339770037,553.898160121369,453.490459343366
2021-07-25,0.79153031257501,536.588842617576,424.726334321353
2021-07-26,0.811408886801411,514.188549377374,417.217158456327
2021-07-27,0.894187366925024,502.988402757272,449.765875455349
2021-07-28,1.03471181994948,476.515328927942,493.056043228855
2021-07-29,1.21555689037201,477.533524075224,580.469165573268
2021-07-30,1.34621781764311,482.624499811634,649.717700877515
2021-07-31,1.47235556878086,490.770060989889,722.588032289386
2021-08-01,1.56812239737212,512.15215908281,803.117271520241
2021-08-02,1.61242524594783,511.133963935528,824.165307511032
2021-08-03,1.5645697917094,509.097573640964,796.518684751201
2021-08-04,1.42634996889655,542.698013501268,774.077294677752
2021-08-05,1.23020535930351,589.534990276236,725.249104534767
2021-08-06,1.06496319406134,607.862502927311,647.351192667591
2021-08-07,0.890338482123197,602.771527190901,536.670686586228
2021-08-08,0.713854901929113,606.844307780029,433.198783816553
2021-08-09,0.539416433090138,612.953478663721,330.637179110976
2021-08-10,0.383846657587552,607.862502927311,233.325990021452
2021-08-11,0.266499253509642,604.807917485465,161.180858526597
2021-08-12,0.185152829947229,571.207477625162,105.760680969317
2021-08-13,0.130024624819024,525.388695997475,68.313468081228
2021-08-14,0.0968571289649611,474.478938633378,45.956667750371
2021-08-15,0.108309811303719,425.605571563846,46.0972591458918
2021-08-16,0.227575866349591,384.877765672569,87.5888909616297
2021-08-17,0.27068363577315,345.168154928574,93.4313711291762
2021-08-18,0.410179434092478,269.821714029711,110.675317966569
2021-08-19,0.975396825396825,187.347907099875,182.738553829957
2021-08-20,1.53968253968254,142.54732061947,219.477620636327
2021-08-21,2.0952380952381,109.965075906448,230.403016184939
2021-08-22,2.61904761904762,78.4010263407085,205.336021368522
2021-08-23,3.04761904761905,56.000733100506,170.668900877733
2021-08-24,3.57142857142857,46.8369767749687,167.27491705346
2021-08-25,3.7888198757764,49.8915622168145,189.030142560601
2021-08-26,3.44387214058476,69.2372700151711,238.444305295392
2021-08-27,3.10155408128557,88.5829778135277,274.744896369976
2021-08-28,2.72140880283521,103.855905022757,282.634374155347
2021-08-29,2.31324553752908,126.256198262959,292.061587217177
2021-08-30,1.87235883802169,151.711076945007,284.057575743774
2021-08-31,1.44158960725246,188.366102247157,271.546615358156
2021-09-01,1.21747561382901,204.657224603668,249.165180148891
2021-09-02,1.13385192044922,215.857371223769,244.750294905189
2021-09-03,1.07884855117698,240.294054758535,259.240892832687
2021-09-04,1.06546283232276,268.803518882429,286.400158566797
2021-09-05,1.04059038334317,296.294787859041,308.321506880822
2021-09-06,1.00705027509042,310.549519920988,312.738979465628
2021-09-07,0.965848438951871,324.804251982935,313.711679742648
2021-09-08,0.934109589565962,321.749666541089,300.549448955682
2021-09-09,0.918958074414447,319.713276246525,293.803096704241
2021-09-10,0.899228811741636,320.731471393807,288.4109799096
2021-09-11,0.890162406448816,320.731471393807,285.503098399781
2021-09-12,0.920600718137128,318.695081099243,293.390920526734
2021-09-13,0.978987425646642,314.622300510116,308.011276027422
2021-09-14,1.01996575647694,302.403958742733,308.441682540651
2021-09-15,1.02004776402163,304.440349037296,310.543697313459
2021-09-16,1.00003444400831,315.640495657398,315.651367581253
2021-09-17,0.953348871516286,311.56771506827,297.032729561243
2021-09-18,0.913549960749633,298.331178153605,272.540436092618
2021-09-19,0.865408447090878,283.058250944376,244.961001386033
2021-09-20,0.838299859294858,281.021860649812,235.580586241517
2021-09-21,0.796989388375255,268.803518882429,214.233552107223
2021-09-22,0.785806237076356,272.876299471557,214.427898075065
2021-09-23,0.772501684486089,267.785323735147,206.864613666054
2021-09-24,0.772681096910399,257.603372262328,199.045256247473
2021-09-25,0.763778708975753,251.494201378636,192.085916443863
2021-09-26,0.769139473971407,242.330445053099,186.385911035397
2021-09-27,0.756931019160911,235.203079022125,178.032506314002
2021-09-28,0.731164728088498,220.948346960178,161.549638026742
2021-09-29,0.707368336945168,213.820980929205,151.250191683876
2021-09-30,0.6863396552022,199.566248867258,136.97023043755
2021-10-01,0.654658411276058,184.293321658029,120.649173165433
2021-10-02,0.594968101585749,174.11137018521,103.590711383588
2021-10-03,0.506511666380087,168.002199301518,85.0950739237315
2021-10-04,0.414249761618183,153.747467239571,63.6898516533917
2021-10-05,0.375083312677292,140.510930324906,52.703305213634
2021-10-06,0.356516117042427,122.183417673831,43.5603576360474
2021-10-07,0.325116637748209,108.946880759166,35.4204435655752
2021-10-08,0.273062463851928,98.764929286347,26.9689949330914
