"fecha","rho7dpromedio","incidenciaAcum14d","riesgopor10"
2020-01-01,0.5,0.102216775203846,0.0511083876019229
2020-01-02,0.4,0.102216775203846,0.0408867100815383
2020-01-03,0.333333333333333,0.102216775203846,0.0340722584012819
2020-01-04,0.285714285714286,0.102216775203846,0.0292047929153845
2020-01-05,0.142857142857143,0.102216775203846,0.0146023964576923
2020-01-06,0,0.102216775203846,0
2020-01-07,0.142857142857143,0.102216775203846,0.0146023964576923
2020-01-08,0.285714285714286,0.102216775203846,0.0292047929153845
2020-01-09,0.428571428571429,0.102216775203846,0.0438071893730768
2020-01-10,0.428571428571429,0.102216775203846,0.0438071893730768
2020-01-11,0.428571428571429,0.204433550407692,0.0876143787461535
2020-01-12,0.428571428571429,0.204433550407692,0.0876143787461535
2020-01-13,0.428571428571429,0.204433550407692,0.0876143787461535
2020-01-14,0.285714285714286,0.204433550407692,0.058409585830769
2020-01-15,0.142857142857143,0.102216775203846,0.0146023964576923
2020-01-16,0,0.102216775203846,0
2020-01-17,0,0.102216775203846,0
2020-01-18,0,0.102216775203846,0
2020-01-19,0,0.102216775203846,0
2020-01-20,0,0.102216775203846,0
2020-01-21,0,0.102216775203846,0
2020-01-22,0,0.102216775203846,0
2020-01-23,0,0.102216775203846,0
2020-01-24,0.142857142857143,0.102216775203846,0.0146023964576923
2020-01-25,0.285714285714286,0,0
2020-01-26,0.428571428571429,0,0
2020-01-27,0.428571428571429,0,0
2020-01-28,0.428571428571429,0.102216775203846,0.0438071893730768
2020-01-29,0.428571428571429,0.102216775203846,0.0438071893730768
2020-01-30,0.428571428571429,0.102216775203846,0.0438071893730768
2020-01-31,0.285714285714286,0.102216775203846,0.0292047929153845
2020-02-01,0.142857142857143,0.102216775203846,0.0146023964576923
2020-02-02,0,0.102216775203846,0
2020-02-03,0,0.102216775203846,0
2020-02-04,0,0.102216775203846,0
2020-02-05,0,0.102216775203846,0
2020-02-06,0,0.102216775203846,0
2020-02-07,0,0.102216775203846,0
2020-02-08,0,0.102216775203846,0
2020-02-09,0,0.102216775203846,0
2020-02-10,0,0.102216775203846,0
2020-02-11,0,0,0
2020-02-12,0,0,0
2020-02-13,0,0,0
2020-02-14,0,0,0
2020-02-15,0,0,0
2020-02-16,0,0,0
2020-02-17,0,0,0
2020-02-18,0,0,0
2020-02-19,0,0,0
2020-02-20,0,0,0
2020-02-21,0,0,0
2020-02-22,0,0,0
2020-02-23,0.285714285714286,0,0
2020-02-24,0.571428571428571,0,0
2020-02-25,1,0,0
2020-02-26,1.14285714285714,0,0
2020-02-27,1.28571428571429,0.204433550407692,0.262843136238461
2020-02-28,1.28571428571429,0.204433550407692,0.262843136238461
2020-02-29,1.28571428571429,0.306650325611537,0.394264704357691
2020-03-01,1,0.306650325611537,0.306650325611537
2020-03-02,0.714285714285714,0.306650325611537,0.219035946865384
2020-03-03,0.285714285714286,0.306650325611537,0.0876143787461535
2020-03-04,0.142857142857143,0.306650325611537,0.0438071893730768
2020-03-05,0,0.306650325611537,0
2020-03-06,0.142857142857143,0.306650325611537,0.0438071893730768
2020-03-07,0.285714285714286,0.306650325611537,0.0876143787461535
2020-03-08,0.428571428571429,0.306650325611537,0.13142156811923
2020-03-09,0.571428571428571,0.306650325611537,0.175228757492307
2020-03-10,0.714285714285714,0.408867100815383,0.292047929153845
2020-03-11,1,0.408867100815383,0.408867100815383
2020-03-12,1.14285714285714,0.204433550407692,0.233638343323076
2020-03-13,1.14285714285714,0.306650325611537,0.350457514984614
2020-03-14,1.14285714285714,0.204433550407692,0.233638343323076
2020-03-15,1.28571428571429,0.306650325611537,0.394264704357691
2020-03-16,1.28571428571429,0.306650325611537,0.394264704357691
2020-03-17,1.42857142857143,0.306650325611537,0.438071893730768
2020-03-18,1.28571428571429,0.408867100815383,0.525686272476921
2020-03-19,1.57142857142857,0.511083876019229,0.803131805173074
2020-03-20,1.64285714285714,0.511083876019229,0.839637796317305
2020-03-21,1.71428571428571,0.613300651223075,1.05137254495384
2020-03-22,1.5,0.613300651223075,0.919950976834612
2020-03-23,1.5,0.817734201630766,1.22660130244615
2020-03-24,1.26190476190476,0.817734201630766,1.03190268301025
2020-03-25,1.26190476190476,0.817734201630766,1.03190268301025
2020-03-26,0.928571428571429,0.817734201630766,0.759324615799997
2020-03-27,1,0.817734201630766,0.817734201630766
2020-03-28,0.785714285714286,0.817734201630766,0.642505444138459
2020-03-29,0.714285714285714,0.919950976834612,0.657107840596152
2020-03-30,0.619047619047619,0.919950976834612,0.569493461849998
2020-03-31,0.642857142857143,0.919950976834612,0.591397056536536
2020-04-01,0.571428571428571,0.817734201630766,0.467276686646152
2020-04-02,0.476190476190476,0.715517426426921,0.340722584012819
2020-04-03,0.19047619047619,0.817734201630766,0.155758895548717
2020-04-04,0.19047619047619,0.715517426426921,0.136289033605128
2020-04-05,0.19047619047619,0.715517426426921,0.136289033605128
2020-04-06,0.285714285714286,0.511083876019229,0.146023964576923
2020-04-07,0.357142857142857,0.408867100815383,0.146023964576923
2020-04-08,0.428571428571429,0.408867100815383,0.175228757492307
2020-04-09,0.428571428571429,0.408867100815383,0.175228757492307
2020-04-10,0.428571428571429,0.408867100815383,0.175228757492307
2020-04-11,0.428571428571429,0.408867100815383,0.175228757492307
2020-04-12,0.428571428571429,0.204433550407692,0.0876143787461535
2020-04-13,0.285714285714286,0.204433550407692,0.058409585830769
2020-04-14,0.285714285714286,0.204433550407692,0.058409585830769
2020-04-15,0.285714285714286,0.204433550407692,0.058409585830769
2020-04-16,0.428571428571429,0.204433550407692,0.0876143787461535
2020-04-17,0.428571428571429,0.102216775203846,0.0438071893730768
2020-04-18,0.428571428571429,0.204433550407692,0.0876143787461535
2020-04-19,0.571428571428571,0.204433550407692,0.116819171661538
2020-04-20,0.714285714285714,0.204433550407692,0.146023964576923
2020-04-21,0.857142857142857,0.204433550407692,0.175228757492307
2020-04-22,0.857142857142857,0.204433550407692,0.175228757492307
2020-04-23,0.857142857142857,0.306650325611537,0.262843136238461
2020-04-24,0.857142857142857,0.204433550407692,0.175228757492307
2020-04-25,0.857142857142857,0.306650325611537,0.262843136238461
2020-04-26,0.714285714285714,0.306650325611537,0.219035946865384
2020-04-27,0.714285714285714,0.306650325611537,0.219035946865384
2020-04-28,0.571428571428571,0.306650325611537,0.175228757492307
2020-04-29,0.571428571428571,0.306650325611537,0.175228757492307
2020-04-30,0.428571428571429,0.306650325611537,0.13142156811923
2020-05-01,0.428571428571429,0.408867100815383,0.175228757492307
2020-05-02,0.428571428571429,0.306650325611537,0.13142156811923
2020-05-03,0.428571428571429,0.306650325611537,0.13142156811923
2020-05-04,0.285714285714286,0.306650325611537,0.0876143787461535
2020-05-05,0.142857142857143,0.306650325611537,0.0438071893730768
2020-05-06,0.142857142857143,0.306650325611537,0.0438071893730768
2020-05-07,0.285714285714286,0.204433550407692,0.058409585830769
2020-05-08,0.714285714285714,0.204433550407692,0.146023964576923
2020-05-09,1.28571428571429,0.102216775203846,0.13142156811923
2020-05-10,1.85714285714286,0.204433550407692,0.379662307899999
2020-05-11,2.28571428571429,0.204433550407692,0.467276686646152
2020-05-12,2.57142857142857,0.408867100815383,1.05137254495384
2020-05-13,2.52380952380952,0.613300651223075,1.54785402451538
2020-05-14,2.45238095238095,0.715517426426921,1.75472130766602
2020-05-15,2.08095238095238,0.613300651223075,1.2762494504023
2020-05-16,1.55714285714286,0.715517426426921,1.11416284972192
2020-05-17,1.12857142857143,0.817734201630766,0.922871456126151
2020-05-18,0.771428571428571,0.817734201630766,0.630823526972306
2020-05-19,0.557142857142857,0.919950976834612,0.512544115664998
2020-05-20,0.461904761904762,0.919950976834612,0.424929736918845
2020-05-21,0.39047619047619,1.02216775203846,0.399132169843588
2020-05-22,0.404761904761905,1.02216775203846,0.413734566301281
2020-05-23,0.642857142857143,1.02216775203846,0.657107840596152
2020-05-24,1.07142857142857,0.919950976834612,0.985661760894227
2020-05-25,1.57142857142857,0.919950976834612,1.44563724931153
2020-05-26,2.07142857142857,0.817734201630766,1.6938779890923
2020-05-27,2.35714285714286,0.715517426426921,1.68657679086346
2020-05-28,2.5,0.817734201630766,2.04433550407692
2020-05-29,2.5,0.919950976834612,2.29987744208653
2020-05-30,2.32142857142857,0.919950976834612,2.13560048193749
2020-05-31,1.85714285714286,0.817734201630766,1.51864923159999
2020-06-01,1.42857142857143,0.919950976834612,1.3142156811923
2020-06-02,0.928571428571429,0.919950976834612,0.854240192774997
2020-06-03,0.642857142857143,1.02216775203846,0.657107840596152
2020-06-04,0.5,1.02216775203846,0.511083876019229
2020-06-05,0.428571428571429,1.02216775203846,0.438071893730768
2020-06-06,0.321428571428571,1.02216775203846,0.328553920298076
2020-06-07,0.214285714285714,1.02216775203846,0.219035946865384
2020-06-08,0.214285714285714,1.02216775203846,0.219035946865384
2020-06-09,0.285714285714286,0.919950976834612,0.262843136238461
2020-06-10,0.428571428571429,0.817734201630766,0.350457514984614
2020-06-11,0.571428571428571,0.613300651223075,0.350457514984614
2020-06-12,0.714285714285714,0.613300651223075,0.438071893730768
2020-06-13,0.857142857142857,0.511083876019229,0.438071893730768
2020-06-14,1.14285714285714,0.511083876019229,0.58409585830769
2020-06-15,1.42857142857143,0.511083876019229,0.730119822884613
2020-06-16,1.71428571428571,0.408867100815383,0.700915029969228
2020-06-17,1.85714285714286,0.306650325611537,0.569493461849998
2020-06-18,1.85714285714286,0.408867100815383,0.759324615799997
2020-06-19,1.92857142857143,0.511083876019229,0.985661760894227
2020-06-20,1.88095238095238,0.511083876019229,0.96132443346474
2020-06-21,1.73809523809524,0.613300651223075,1.06597494141153
2020-06-22,1.38095238095238,0.613300651223075,0.846938994546151
2020-06-23,1.0952380952381,0.817734201630766,0.895613649405125
2020-06-24,1,0.817734201630766,0.817734201630766
2020-06-25,1.14285714285714,0.919950976834612,1.05137254495384
2020-06-26,1.11904761904762,0.817734201630766,0.915083511348715
2020-06-27,1.45238095238095,0.817734201630766,1.18766157855897
2020-06-28,1.88095238095238,1.22660130244615,2.30717864031538
2020-06-29,2.16666666666667,1.1243845272423,2.43616647569166
2020-06-30,2.27380952380952,1.1243845272423,2.55663624646762
2020-07-01,2.33333333333333,1.43103485285384,3.33908132332563
2020-07-02,2.28571428571429,1.53325162805769,3.50457514984614
2020-07-03,2.23809523809524,1.83990195366922,4.11787580106922
2020-07-04,1.85238095238095,1.83990195366922,3.40819933322537
2020-07-05,1.3421768707483,2.04433550407692,2.7438598296216
2020-07-06,1.04625850340136,2.24876905448461,2.35279374544036
2020-07-07,0.881972789115646,2.14655227928076,1.8932007007398
2020-07-08,0.65578231292517,2.14655227928076,1.40767101852153
2020-07-09,0.46530612244898,2.24876905448461,1.04636600902549
2020-07-10,0.512925170068027,2.35098582968845,1.20587980652047
2020-07-11,0.75578231292517,2.35098582968845,1.77683350801624
2020-07-12,0.93265306122449,1.94211872887307,1.81132297774488
2020-07-13,1.15714285714286,2.04433550407692,2.36558822614615
2020-07-14,1.21428571428571,2.35098582968845,2.85476850747884
2020-07-15,1.29761904761905,2.24876905448461,2.9180455587955
2020-07-16,1.3452380952381,1.94211872887307,2.61261209955544
2020-07-17,1.24047619047619,1.53325162805769,1.90196213861442
2020-07-18,1.02619047619048,1.63546840326153,1.67830209953743
2020-07-19,1.07380952380952,1.53325162805769,1.6464202006048
2020-07-20,0.883333333333333,1.43103485285384,1.26408078668756
2020-07-21,0.847619047619048,1.32881807765,1.12633151343666
2020-07-22,0.883333333333333,1.32881807765,1.17378930192416
2020-07-23,1.35952380952381,1.32881807765,1.80655981509083
2020-07-24,1.8452380952381,1.22660130244615,2.2633714509423
2020-07-25,2.3452380952381,1.32881807765,3.11639477734582
2020-07-26,2.63095238095238,1.53325162805769,4.03391202143749
2020-07-27,3.10714285714286,1.83990195366922,5.71683821318652
2020-07-28,3.53061224489796,2.04433550407692,7.2177559633736
2020-07-29,3.73840445269017,2.75985293050384,10.3174464841655
2020-07-30,3.50030921459493,3.5775871321346,12.522661204627
2020-07-31,3.25355596784168,4.29310455856152,13.9678559570762
2020-08-01,3.01546072974644,5.31527231059998,16.0279949205229
2020-08-02,2.72425193853765,6.0307897370269,16.4293906320085
2020-08-03,2.39620961049532,8.17734201630766,19.5946255277836
2020-08-04,2.04927083498512,10.1194607451807,20.7375157708757
2020-08-05,1.87576434147863,11.6527123732384,21.8577423512274
2020-08-06,1.7363085591657,13.1859640012961,22.8949021563013
2020-08-07,1.63012062944836,14.6169988541499,23.8274713727729
2020-08-08,1.55144568120819,16.8657679086346,26.1663227821109
2020-08-09,1.50403013379265,19.216753738323,28.9025766961103
2020-08-10,1.50257937427737,21.6699563432153,32.5608294428064
2020-08-11,1.53319161917533,23.7142918472922,36.3585535149463
2020-08-12,1.5794919854757,25.7586273513691,40.6855454583426
2020-08-13,1.59815798846226,28.4162635066691,45.4136785254318
2020-08-14,1.58746280129648,31.9938506388037,50.7890477593366
2020-08-15,1.49606972232576,34.7537035693076,51.9939636487259
2020-08-16,1.43870408601276,38.1268571510345,54.8532651700181
2020-08-17,1.37475455061954,40.1711926551114,55.2255299064288
2020-08-18,1.36538686912071,42.7266120352075,58.3383550348874
2020-08-19,1.31828293139178,44.6687307640806,58.8860253332222
2020-08-20,1.29145366309909,49.2684856482537,63.6279662657823
2020-08-21,1.22855941449056,53.5615902068152,65.8035959036681
2020-08-22,1.21285049934555,57.036960563746,69.1773061008919
2020-08-23,1.16802414775228,59.0812960678229,69.0083804877192
2020-08-24,1.15730763869587,61.7389322231229,71.4509378667468
2020-08-25,1.11539326891265,63.5788341767921,70.9154036861074
2020-08-26,1.1060559952708,66.7475542081113,73.8265325015441
2020-08-27,1.06046909809154,69.0985400377998,73.276866433328
2020-08-28,1.0566425674793,71.7561761930998,75.8206302451739
2020-08-29,1.04731011472579,73.2894278211574,76.7567590595642
2020-08-30,1.06677812664966,73.596078146769,78.5106863741725
2020-08-31,1.06818338602351,75.0271129996228,80.1427156075054
2020-09-01,1.10833371188812,76.3559310772728,84.6278525155471
2020-09-02,1.14838414104534,79.6268678837959,91.4422322788637
2020-09-03,1.20618173255819,79.8313014342036,96.291057476283
2020-09-04,1.24310877610288,80.853469186242,100.509657123782
2020-09-05,1.2849139923979,84.1244059927651,108.092626362265
2020-09-06,1.31682982168174,87.0886924736766,114.680987380608
2020-09-07,1.32095612101507,90.2574125049958,119.226081515456
2020-09-08,1.27102793859841,93.4261325363151,118.747224648854
2020-09-09,1.20438015708672,96.2882022420227,115.967600141845
2020-09-10,1.13543146390985,102.421208754253,116.292262991259
2020-09-11,1.08288102046757,102.830075855069,111.352737476695
2020-09-12,1.02507981850148,105.283278459961,107.923763974978
2020-09-13,0.984329704468847,108.860865592096,107.154983656491
2020-09-14,0.975596080014699,109.883033344134,107.201456590662
2020-09-15,0.995976935958986,114.176137902696,113.716799987958
2020-09-16,1.03924574562878,114.789438553919,119.294435660276
2020-09-17,1.11882883187409,117.651508259627,131.631899554343
2020-09-18,1.20141991238005,121.024661841353,145.401438625264
2020-09-19,1.28505833679622,120.104710864519,154.34155998495
2020-09-20,1.34254720921449,126.442150927157,169.754556854332
2020-09-21,1.36578142284171,131.04190581133,178.974600570888
2020-09-22,1.35732752675465,135.437227145096,183.83267655136
2020-09-23,1.32359810809423,139.934765254065,185.217390546891
2020-09-24,1.25940360493644,141.059149781307,177.650401743847
2020-09-25,1.19497950144061,149.338708572819,178.456695516132
2020-09-26,1.1119080051357,153.63181313138,170.824442864294
2020-09-27,1.03745887493012,158.742651891573,164.688973034854
2020-09-28,0.984485645837485,165.693392605434,163.122766630165
2020-09-29,0.961817027234729,167.328861008696,160.939747665957
2020-09-30,0.949076142734301,170.804231365626,162.106221067186
2020-10-01,0.97211569933512,174.381818497761,169.519303440281
2020-10-02,1.05181760662323,179.083790157138,188.363483548098
2020-10-03,1.17581032988956,182.150293413253,214.174196587718
2020-10-04,1.30619926033085,179.390440482749,234.319660668993
2020-10-05,1.45405300573257,186.238964421407,270.801326001468
2020-10-06,1.55950841846605,198.607194221072,309.729591355685
2020-10-07,1.60744180686099,207.397836888603,333.379953667277
2020-10-08,1.58464468723666,217.312864083376,344.363675537904
2020-10-09,1.50523379482257,229.885527433449,346.03146483344
2020-10-10,1.41441678497119,240.311638504242,339.900815124328
2020-10-11,1.31981337095254,248.284546970141,327.689264892087
2020-10-12,1.17947523897307,258.301790940118,304.660566596268
2020-10-13,1.05450952767983,271.692188491822,286.50200136081
2020-10-14,0.97911891224998,292.237760307795,286.135517990939
2020-10-15,0.954256828244891,305.423724309091,291.452674429936
2020-10-16,0.950029423261672,304.605990107461,289.384653103841
2020-10-17,0.971405767958104,311.352297270914,302.449417435972
2020-10-18,1.03905233790253,322.085058667318,334.66323321175
2020-10-19,1.10187087643668,329.342449706791,362.892853706225
2020-10-20,1.12349103510626,336.599840746264,378.166903496622
2020-10-21,1.1119932447313,344.163882111349,382.70791198832
2020-10-22,1.09104795604434,352.44344090286,384.532695818299
2020-10-23,1.05233012169494,340.279644653603,358.086519868638
2020-10-24,1.01159623873779,338.439742699933,342.364370754637
2020-10-25,0.926950081156657,335.986540095041,311.442750608643
2020-10-26,0.869871604604746,334.146638141372,290.664672293316
2020-10-27,0.822971915781009,333.83998781576,274.740934337045
2020-10-28,0.837271126001179,329.546883257199,275.920090014934
2020-10-29,0.858376217480407,319.631856062426,274.364383593107
2020-10-30,0.903699437111732,319.73407283763,288.943501648807
2020-10-31,0.936125527200851,313.396632774991,293.37858807946
2020-11-01,1.0328870436704,317.383087007941,327.820878450617
2020-11-02,1.09774996903856,314.41880052703,345.153228543689
2020-11-03,1.17403019035758,302.357221052976,354.976505788815
2020-11-04,1.20684990933751,296.530864866357,357.868247379737
2020-11-05,1.25579558178932,292.237760307795,366.990888226536
2020-11-06,1.28445982109824,301.948353952161,387.840528698299
2020-11-07,1.29023520819438,303.890472681034,392.090187287901
2020-11-08,1.21416511485528,307.672493363576,373.565208242597
2020-11-09,1.169652379923,320.858457364872,375.292858275245
2020-11-10,1.1238130631669,324.742694822618,364.950082609679
2020-11-11,1.08901234186995,327.809198078734,356.988262486231
2020-11-12,1.02058135456179,339.15526012636,346.135534786517
2020-11-13,0.951340645635605,350.807972499599,333.737883051886
2020-11-14,0.879341290110571,357.860929988664,314.681891856401
2020-11-15,0.822163836877072,354.385559631733,291.362991440654
2020-11-16,0.775243155859631,354.896643507753,275.131193916941
2020-11-17,0.747727127351,352.034573802045,263.225800597237
2020-11-18,0.727530464834357,346.514867941037,252.100122945159
2020-11-19,0.710929995951017,338.133092374322,240.388957992581
2020-11-20,0.712772709143944,331.897869086887,236.567743308163
2020-11-21,0.710782699277535,317.587520558349,225.735715119323
2020-11-22,0.729157839841126,307.570276588372,224.267278476515
2020-11-23,0.728995667660605,286.820271221991,209.090735118071
2020-11-24,0.731896141351225,271.692188491822,198.850464392434
2020-11-25,0.688784744405962,253.599819280741,174.675686704684
2020-11-26,0.639309674875045,241.027155930668,154.090992694092
2020-11-27,0.567294247384523,222.423702843568,126.179687105121
2020-11-28,0.507407246083652,207.091186562992,105.079568662123
2020-11-29,0.443589349694327,187.567782499057,83.2030706623638
2020-11-30,0.454689996291157,166.000042931046,75.478558904649
2020-12-01,0.550258473450754,153.222946030565,84.3122243804058
2020-12-02,0.703577376769657,137.277129098765,96.5850823817786
2020-12-03,0.864173680508544,123.171214120634,106.441321439334
2020-12-04,1.00887918399393,108.9630823673,109.930585624184
2020-12-05,1.11788198580541,104.158893932719,116.437351188803
2020-12-06,1.18541960848807,96.9015028932458,114.868941621617
2020-12-07,1.20146348004296,87.0886924736766,104.633883531814
2020-12-08,1.16922375290312,77.4803156045151,90.5918253872291
2020-12-09,1.13266771634708,69.9162742394305,79.1919066782719
2020-12-10,1.09183297693951,58.4679954165998,63.8372854913915
2020-12-11,1.10166529573745,57.9569115405806,63.849118092383
2020-12-12,1.12037512126546,60.0012470446575,67.2239044337369
2020-12-13,1.15882816151464,60.9211980214921,70.5971999005148
2020-12-14,1.1426295075346,62.3522328743459,71.2455011428963
2020-12-15,1.12072373737006,65.9298200064805,73.8891142817984
2020-12-16,1.08318119027338,68.4852393865767,74.1819231149092
2020-12-17,1.08537797449888,69.7118406890228,75.66369644564
2020-12-18,1.04215290111567,68.1785890609652,71.0525143838582
2020-12-19,1.04533027929305,69.3029735882075,72.4444967368
2020-12-20,1.00460991440849,69.7118406890228,70.0332063078575
2020-12-21,1.01669757147178,73.8005116971767,75.0328010158942
2020-12-22,1.03304524546014,74.3115955731959,76.7672404894469
2020-12-23,1.10221880244871,74.3115955731959,81.9076378807407
2020-12-24,1.21169701233731,74.3115955731959,90.0431383380603
2020-12-25,1.42373446391694,73.9027284723805,105.217861503624
2020-12-26,1.58762057780305,80.1379517598151,127.228661276871
2020-12-27,1.67889449744285,84.2266227679689,141.407613503338
2020-12-28,1.74929531964223,92.6083983346843,161.999437766427
2020-12-29,1.76612999706159,95.6749015907997,168.974313665427
2020-12-30,1.76326561787809,100.47909002538,177.17132475743
2020-12-31,1.68767159996414,107.020963638427,180.616240933368
2021-01-01,1.54307229682825,119.695843763703,184.699340557254
2021-01-02,1.3974562726408,127.05545157838,177.554437781417
2021-01-03,1.33658982079691,135.437227145096,181.024019159093
2021-01-04,1.27372582627824,145.454471115073,185.26911640691
2021-01-05,1.21399612960505,157.311617038719,190.975694226916
2021-01-06,1.13876785868503,169.270979737569,192.760351133268
2021-01-07,1.06019716387862,177.652755304284,188.346947328824
2021-01-08,0.980288488079529,188.18108315028,184.471749486556
2021-01-09,0.911392553637376,184.910146343757,168.525730469698
2021-01-10,0.885622698065743,192.269754158434,170.278458434229
2021-01-11,0.860421593126909,195.642907740161,168.33538236177
2021-01-12,0.860892156757569,195.438474189753,168.251449558625
2021-01-13,0.863651634335008,196.971725817811,170.114952920339
2021-01-14,0.873940378063116,196.971725817811,172.141544528962
2021-01-15,0.872124472137621,192.474187708842,167.861449355691
2021-01-16,0.861032664905581,189.612118003134,163.26222726263
2021-01-17,0.862790984428704,189.816551553542,163.772009375742
2021-01-18,0.8724287475338,180.412608234788,157.397145841582
2021-01-19,0.885259309147759,172.133049443276,152.382384431652
2021-01-20,0.88283212468174,165.897826155842,146.459930345244
2021-01-21,0.896349561396202,166.715560357473,149.435419404343
2021-01-22,0.877980158158378,160.684770620446,141.078040322982
2021-01-23,0.883021153457253,158.94708544198,140.353638725646
2021-01-24,0.895490516882922,152.405211828934,136.477421916343
2021-01-25,0.93610272718491,146.578855642315,137.212866514414
2021-01-26,0.961269043711521,141.67245043253,136.185340947546
2021-01-27,0.974476580112153,141.263583331715,137.658053579478
2021-01-28,0.961503361084765,143.205702060588,137.692763857759
2021-01-29,0.958740203190028,138.1970800756,132.495096631949
2021-01-30,0.938826783276608,136.459394897134,128.111734759149
2021-01-31,0.907834047199127,130.530821935311,118.500324361762
2021-02-01,0.865892606945895,128.793136756846,111.521024943124
2021-02-02,0.845621340544598,128.793136756846,108.910224957268
2021-02-03,0.830517103218138,124.500032198284,103.399406091884
2021-02-04,0.842081729068478,120.615794740538,101.568356988081
2021-02-05,0.853739892333785,116.527123732384,99.4838540692513
2021-02-06,0.875508599816778,116.629340507588,102.109990605353
2021-02-07,0.852310696802361,113.971704352288,97.1393027522513
2021-02-08,0.80499959393308,110.598550770561,89.0317884598889
2021-02-09,0.753977368318282,111.518501747396,84.0824264662992
2021-02-10,0.734207270827977,104.363327483127,76.6243138459128
2021-02-11,0.735575725186465,94.141649962742,69.2483124415943
2021-02-12,0.792345105600501,91.1773634818305,72.2439376963862
2021-02-13,0.889624017165127,87.8042099001035,78.1127339353401
2021-02-14,1.00555799766138,84.6354898687843,85.1058937235451
2021-02-15,1.10405423826289,84.5332730935805,93.3293184332016
2021-02-16,1.19552267142108,81.7734201630766,97.7619777246001
2021-02-17,1.26501193863056,80.9556859614459,102.409909241255
2021-02-18,1.30204367193334,79.1157840077767,103.012205917371
2021-02-19,1.28342398121975,77.582532379719,99.5712825798889
2021-02-20,1.22044849516734,79.3202175581843,96.806240155232
2021-02-21,1.14779728331492,80.4446020854266,92.3340957310023
2021-02-22,1.08664316649578,78.911350457369,85.7484797334534
2021-02-23,1.03137418773863,79.3202175581843,81.8088249553238
2021-02-24,0.998894543031006,81.1601195118536,81.0704004921348
2021-02-25,0.989290007708883,84.1244059927651,83.2234342530877
2021-02-26,0.979933282562684,85.5554408456189,83.8386239889449
2021-02-27,0.976322812198628,87.3953427992882,85.3260668548641
2021-02-28,0.955280245052847,89.2352447529574,85.2446664749559
2021-03-01,0.94818039361802,89.7463286289766,85.0957092051953
2021-03-02,0.928652582493571,90.155195729792,83.7228553396847
2021-03-03,0.92625245350954,90.155195729792,83.5064712413526
2021-03-04,0.91332609970948,86.7820421480651,79.260304079916
2021-03-05,1.00390112883158,88.0086434505112,88.3519765069043
2021-03-06,1.08013959490056,84.4310563183766,91.1973269687573
2021-03-07,1.19088203222905,84.9421401943959,101.156068536587
2021-03-08,1.26338310473012,86.168741496842,108.864132162968
2021-03-09,1.35087435122872,89.3374615281612,120.683685382276
2021-03-10,1.39609200281012,90.3596292801997,126.150355814974
2021-03-11,1.42539629094708,90.155195729792,128.506881602854
2021-03-12,1.38007194311336,96.3904190172266,133.025712870614
2021-03-13,1.30595950314726,98.128104195692,128.151330200188
2021-03-14,1.23707112587854,102.114558428642,126.32297176391
2021-03-15,1.18852387733129,105.283278459961,125.131690333383
2021-03-16,1.17110395833277,109.78081656893,128.564748832878
2021-03-17,1.14333389237792,109.78081656893,125.516128316182
2021-03-18,1.14354869361518,119.08254311248,136.17668660865
2021-03-19,1.11145183551293,124.704465748692,138.603007353042
2021-03-20,1.13315180469921,130.735255485719,148.142890691454
2021-03-21,1.11716387106421,133.69954196663,149.364297862953
2021-03-22,1.14256157633997,138.1970800756,157.898673656758
2021-03-23,1.1183975006295,138.810380726823,155.245182866308
2021-03-24,1.13127611726603,146.067771766296,165.242981701475
2021-03-25,1.09189840557789,149.747575673634,163.509139117195
2021-03-26,1.09812637019461,152.814078929749,167.809169809758
2021-03-27,1.07356070655504,154.347330557807,165.701229248523
2021-03-28,1.11166248572824,156.28944928668,173.741117687129
2021-03-29,1.10868126824294,158.436001565961,175.65502715149
2021-03-30,1.14096251728719,163.955707426969,187.067316669477
2021-03-31,1.12858229080636,170.190930714403,192.074470460127
2021-04-01,1.16731072850087,172.746350094499,201.648667774677
2021-04-02,1.19577517498879,176.22172045143,210.721558609635
2021-04-03,1.26758665206761,178.981573381934,226.874653384999
2021-04-04,1.29231753984606,182.86581083968,236.320694786291
2021-04-05,1.31885158109982,193.49635546088,255.192974336635
2021-04-06,1.30156330242379,205.864585260545,267.945789443819
2021-04-07,1.28877889401122,211.588724671961,272.691082567974
2021-04-08,1.25130603044026,221.708185417142,277.424789410436
2021-04-09,1.19813580656388,224.876905448461,269.433072487081
2021-04-10,1.14356208078973,234.791932643234,268.499151046138
2021-04-11,1.11382657126915,241.538239806688,269.031709474268
2021-04-12,1.10673088407979,253.599819280741,280.666752195049
2021-04-13,1.10877545706489,257.688490288895,285.718673600432
2021-04-14,1.1278041636122,268.114601359688,302.380763738681
2021-04-15,1.13899263460156,280.380614384149,319.351454668605
2021-04-16,1.14854885424686,288.149089299641,330.953306367379
2021-04-17,1.11637348533347,297.553032618395,332.180316095742
2021-04-18,1.0652644547181,307.059192712353,327.099243490905
2021-04-19,0.990591816964067,309.10352821643,306.195425645917
2021-04-20,0.940428638765902,313.805499875807,295.111679085458
2021-04-21,0.897456220943347,309.512395317245,277.773824636538
2021-04-22,0.878075171627271,308.796877890818,271.146871551946
2021-04-23,0.859245472284622,309.10352821643,265.595807087169
2021-04-24,0.883464464455362,309.410178542041,273.352897682683
2021-04-25,0.919882605156237,311.556730821322,286.595617201878
2021-04-26,0.969852779032549,307.672493363576,298.397022720537
2021-04-27,1.00957274999863,305.014857208276,307.9346881822
2021-04-28,1.04980464584097,303.174955254607,318.274476528913
2021-04-29,1.10253155419098,301.641703626549,332.569496308193
2021-04-30,1.15879771132259,298.268550044822,345.632913151448
2021-05-01,1.19472785272604,296.939731967172,354.762168362185
2021-05-02,1.24237701572271,295.713130664726,367.387196785263
2021-05-03,1.29265403374642,302.970521704199,391.636066987189
2021-05-04,1.3241634695999,306.956975937149,406.46121427483
2021-05-05,1.32732138251126,317.280870232737,421.133683321693
2021-05-06,1.33187379212696,337.622008498303,449.669904764156
2021-05-07,1.32131432386816,347.63925246828,459.340723825159
2021-05-08,1.33807710647135,358.985314515906,480.350030913151
2021-05-09,1.32148733057838,371.55797786598,491.009160325214
2021-05-10,1.33865192070327,403.347394954376,539.941764966335
2021-05-11,1.34596032626506,423.484099669533,569.99279695927
2021-05-12,1.39930935818552,450.77597864896,630.775045368726
2021-05-13,1.42381178386074,470.912683364118,670.49102774331
2021-05-14,1.47200386201172,505.25751983261,743.741020504064
2021-05-15,1.46767330715878,543.28216020844,797.360724793486
2021-05-16,1.45155289238468,589.075275499763,855.073919983982
2021-05-17,1.36768202288354,636.29942564394,870.255285624336
2021-05-18,1.28644718020549,669.315444034782,861.038965646528
2021-05-19,1.1815082214315,711.939839294786,841.162773291414
2021-05-20,1.07500644872262,732.485411110759,787.426540539308
2021-05-21,0.975525414040486,756.813003609274,738.290318697161
2021-05-22,0.915788531525459,775.620890246782,710.30471609957
2021-05-23,0.895253457031801,793.09995880664,710.025479893423
2021-05-24,0.906780053386869,799.028531768463,724.543134694638
2021-05-25,0.93021886973461,829.284697228801,771.416273744384
2021-05-26,0.956876064479832,839.608591524389,803.401364761312
2021-05-27,0.968772015703082,841.346276702855,815.072728385708
2021-05-28,0.979002099751085,847.172632889474,829.38378645045
2021-05-29,0.968796292946265,831.840116608897,805.883621294688
2021-05-30,0.969696016722236,821.925089414124,797.017485248944
2021-05-31,0.951191489217105,795.144294310717,756.334485447894
2021-06-01,0.971468248342818,792.077791054601,769.478424227062
2021-06-02,0.982119305786001,766.421380478436,752.71723413503
2021-06-03,1.02378579950984,764.785912075174,782.976956447742
2021-06-04,1.02909337160665,764.785912075174,787.036112814706
2021-06-05,1.03785701482535,772.963254091482,802.225335461076
2021-06-06,1.0272066290581,780.833945782178,802.077805301044
2021-06-07,1.02537491205956,781.242812882993,801.06678055706
2021-06-08,0.998746588650407,762.741576571097,761.785547622217
2021-06-09,0.986825396011953,751.599948073878,741.697916400568
2021-06-10,0.981982020045202,776.64305799882,762.649518947765
2021-06-11,0.980978167827332,755.790835857236,741.414309419919
2021-06-12,0.973511434230869,759.368422989371,739.253842574015
2021-06-13,0.946526843847014,765.808079827213,724.857904791394
2021-06-14,0.928443721013472,771.123352137813,715.944634419213
2021-06-15,0.903153018678848,759.87950686539,686.287470457671
2021-06-16,0.90476036393701,760.69724106702,688.248712673677
2021-06-17,0.907929217641066,737.187382770136,669.313963693354
2021-06-18,0.963568617735442,728.396740102605,701.86024002367
2021-06-19,1.01491743370172,715.517426426921,726.191110198068
2021-06-20,1.08412809934323,725.228020071286,786.240074990338
2021-06-21,1.11164841051365,720.832698737521,801.312523797827
2021-06-22,1.13590824922314,730.032208505867,829.249607840402
2021-06-23,1.12540017141609,731.361026583517,823.073824684135
2021-06-24,1.10183825631807,712.553139946009,785.118309252078
2021-06-25,1.03836079243917,729.31669107944,757.29385728836
2021-06-26,0.98661112123572,723.285901342413,713.601914097426
2021-06-27,0.949878287411164,714.290825124475,678.489345682743
2021-06-28,0.956795923538148,713.064223822028,682.25694257381
2021-06-29,0.97562890620375,706.011266332963,688.804999539953
2021-06-30,0.991662509636591,713.166440597232,707.220422271246
2021-07-01,1.01749725053782,741.173837003086,754.142341321206
2021-07-02,1.04142656894702,744.546990584813,775.391017824572
2021-07-03,1.07957786607837,747.817927391336,807.327682268285
2021-07-04,1.08047963073852,731.361026583517,790.220691939503
2021-07-05,1.08330285750496,745.671375112055,807.787931418544
2021-07-06,1.05506429372994,743.93368993359,784.897873151693
2021-07-07,1.03927626927131,766.52359725364,796.629784462186
2021-07-08,0.994307796197008,750.57778032184,746.30533862625
2021-07-09,0.96300141656129,744.240340259201,716.704501931667
2021-07-10,0.923665327290842,756.301919733255,698.569860221109
2021-07-11,0.909446277819994,747.613493840928,679.914309221633
2021-07-12,0.877373634290924,751.599948073878,659.433977974448
2021-07-13,0.860115246305351,752.519899050713,647.253838321682
2021-07-14,0.83672789216239,746.59132608889,624.69378658508
2021-07-15,0.81378548767829,727.783439451382,592.259601198127
2021-07-16,0.803015863493575,718.481712907832,576.952213095026
2021-07-17,0.790748479116913,702.74032952644,555.690846787151
2021-07-18,0.789271260891494,682.603624811282,538.759423643905
2021-07-19,0.788192625290809,646.521103164325,509.583165608999
2021-07-20,0.807422169276043,636.29942564394,513.76226256253
2021-07-21,0.819995706079683,595.208282011994,488.0682354729
2021-07-22,0.856565709490677,588.257541298133,503.881238225276
2021-07-23,0.881356943510112,564.134382350025,497.203754956983
2021-07-24,0.937526790392446,536.63806982019,503.11256720092
2021-07-25,0.972086212202785,523.656539369302,509.039301850724
2021-07-26,1.0063961328126,502.59988367731,505.814579284909
2021-07-27,1.00814807297962,493.707024234575,497.729785098591
2021-07-28,1.03088680568783,482.258745411744,497.154177572532
2021-07-29,1.04432217072979,466.824012355964,487.51466593237
2021-07-30,1.06212116810658,459.362187766083,487.898303454108
2021-07-31,1.031099046693,453.126964478648,467.218781104829
2021-08-01,0.998281121481303,464.473026526275,463.674653818465
2021-08-02,0.947195781500361,469.583865286468,444.787856259976
2021-08-03,0.911954476821573,452.207013501814,412.392210413093
2021-08-04,0.865264348421997,451.491496075387,390.659495169742
2021-08-05,0.829383864908008,443.518587609487,367.847160350097
2021-08-06,0.795152120081273,438.407748849295,348.600850957575
2021-08-07,0.774816241270818,434.625728166752,336.755073057755
2021-08-08,0.74551237248404,424.097400320756,316.169859077441
2021-08-09,0.741583235648481,411.422520195479,305.104043745216
2021-08-10,0.741159967749772,398.849856845406,295.611547036543
2021-08-11,0.748909447949663,380.859704409529,285.229430975613
2021-08-12,0.741007779819725,362.665118423245,268.737674220866
2021-08-13,0.755851419663365,352.136790577249,266.163093073514
2021-08-14,0.789767096159578,339.461910451972,268.095847274436
2021-08-15,0.850879550449523,309.614612092449,263.444741949826
2021-08-16,0.90732302536913,288.660173175661,261.908021629317
2021-08-17,0.965719356874705,277.21189435283,267.708892332434
2021-08-18,0.994895683786957,265.865832305203,264.508769026873
2021-08-19,1.00105814877295,259.528392242565,259.803011892362
2021-08-20,0.957353412760523,256.666322536857,245.720379821353
2021-08-21,0.893731349647884,245.422477264434,219.34176183947
2021-08-22,0.811931794305454,234.894149418438,190.718028209166
2021-08-23,0.741520077078639,222.73035316918,165.159028649763
2021-08-24,0.670509275701346,208.726654966253,139.953158240987
2021-08-25,0.629685429582205,205.864585260545,129.629929805549
2021-08-26,0.610467307550784,200.958180050761,122.678399105894
2021-08-27,0.614665463011856,187.567782499057,115.29143787589
2021-08-28,0.636502600233608,181.741426312438,115.678890418031
2021-08-29,0.686042334302181,173.972951396946,119.3528096818
2021-08-30,0.716772432739562,163.853490651765,117.445665107335
2021-08-31,0.733322439090023,152.30299505373,111.687203813517
2021-09-01,0.742244025977711,142.796834959773,105.990097677416
2021-09-02,0.746445409606455,131.144122586534,97.8919283015846
2021-09-03,0.738757531198646,117.242641158811,86.6138841336921
2021-09-04,0.70681792608831,110.394117220153,78.0285409858986
2021-09-05,0.657231368964064,101.399041002215,66.642630529529
2021-09-06,0.621312774607523,91.6884473578497,56.9672036273614
2021-09-07,0.605017748878535,87.0886924736766,52.6902046731988
2021-09-08,0.58787140316076,76.3559310772728,44.8874683420427
2021-09-09,0.57588534044299,72.4716936195267,41.7353859525612
2021-09-10,0.58320008452244,68.9963232625959,40.2386615584836
2021-09-11,0.641019606817042,63.0677503007729,40.4276645006368
2021-09-12,0.709572631891806,58.365778641396,41.4147591629899
2021-09-13,0.786123500378159,53.050506330796,41.704249733599
2021-09-14,0.854305318559977,49.064052097846,41.9156806572936
2021-09-15,0.901298828607674,44.5665139888768,40.1677468533022
2021-09-16,0.935584542893388,41.5000107327614,38.8267685714813
2021-09-17,0.918885701194547,39.5578920038883,36.3491813317711
2021-09-18,0.84438070017393,36.491388747773,30.8126243811636
2021-09-19,0.749845059830837,33.833752592473,25.3700722370046
2021-09-20,0.707503727693586,31.789417088396,22.4911310912464
2021-09-21,0.681993523611953,28.2118299562614,19.240285319412
2021-09-22,0.716859423995095,27.189662204223,19.4911655863405
2021-09-23,0.806655342362442,25.9630609017768,20.9432417804997
2021-09-24,1.08624238281905,25.1453267001461,27.3139195915301
2021-09-25,1.22827406006199,24.8386763745345,30.5087018771154
2021-09-26,1.30003537328293,24.3275924985153,31.6267307948824
2021-09-27,1.28837356570276,24.532026048923,31.6064138745639
2021-09-28,1.25102662692725,24.9408931497384,31.2017214296701
2021-09-29,1.18021683408356,23.1009911960692,27.2641786936169
2021-09-30,1.03524850192311,21.2610892423999,22.010510787448
2021-10-01,0.747020167110921,21.2610892423999,15.8824624388178
2021-10-02,0.591708811799565,20.2389214903615,11.9755481871665
2021-10-03,0.522498518986788,19.8300543895461,10.3611740499653
2021-10-04,0.453110763884747,17.9901524358769,8.15153171262321
2021-10-05,0.420729811503795,17.9901524358769,7.56899344327101
2021-10-06,0.460207651276403,17.6835021102653,8.13808297250651
2021-10-07,0.645992309967465,16.8657679086346,10.895156370674
2021-10-08,0.996332446021887,14.8214324045576,14.767074001181
2021-10-09,1.47490387459332,13.7992646525192,20.3525889025391
2021-10-10,1.93153652765454,13.901481427723,26.8512191661582
2021-10-11,2.04174060928719,12.1637962492577,24.8353167652046
2021-10-12,2.05959775214434,11.4482788228307,23.5788493294238
2021-10-13,1.97902494331066,11.0394117220153,21.8472711573444
2021-10-14,1.78174603174603,10.8349781716077,19.3051793613168
2021-10-15,1.43691844553914,9.91502719477304,14.2470854641915
2021-10-16,1.06548987411056,9.30172654354997,9.91089544389795
2021-10-17,0.833347016967518,8.38177556671535,6.98492766541346
2021-10-18,0.805571519795437,8.4839923419192,6.8344626048127
2021-10-19,0.875019157087858,8.68842589232689,7.6025391007242
2021-10-20,1.01738505747093,9.30172654354997,9.46343759408849
