"fecha","rho7dpromedio","incidenciaAcum14d","riesgopor10"
2020-01-02,0,0,0
2020-01-03,0,0,0
2020-01-04,0,0,0
2020-01-05,0,0,0
2020-01-06,0,0,0
2020-01-07,0,0,0
2020-01-08,0,0,0
2020-01-09,0,0,0
2020-01-10,0,0,0
2020-01-11,0,0,0
2020-01-12,0,0,0
2020-01-13,0,0,0
2020-01-14,0,0,0
2020-01-15,0,0,0
2020-01-16,0,0,0
2020-01-17,0,0,0
2020-01-18,0,0,0
2020-01-19,0,0,0
2020-01-20,0,0,0
2020-01-21,0,0,0
2020-01-22,0,0,0
2020-01-23,0,0,0
2020-01-24,0,0,0
2020-01-25,0,0,0
2020-01-26,0,0,0
2020-01-27,0,0,0
2020-01-28,0,0,0
2020-01-29,0,0,0
2020-01-30,0.142857142857143,0,0
2020-01-31,0.285714285714286,0,0
2020-02-01,0.428571428571429,0,0
2020-02-02,0.428571428571429,0,0
2020-02-03,0.428571428571429,0.413460624077466,0.177197410318914
2020-02-04,0.428571428571429,0.413460624077466,0.177197410318914
2020-02-05,0.428571428571429,0.413460624077466,0.177197410318914
2020-02-06,0.285714285714286,0.413460624077466,0.118131606879276
2020-02-07,0.142857142857143,0.413460624077466,0.059065803439638
2020-02-08,0,0.413460624077466,0
2020-02-09,0,0.413460624077466,0
2020-02-10,0,0.413460624077466,0
2020-02-11,0,0.413460624077466,0
2020-02-12,0,0.413460624077466,0
2020-02-13,0,0.413460624077466,0
2020-02-14,0,0.413460624077466,0
2020-02-15,0,0.413460624077466,0
2020-02-16,0,0.413460624077466,0
2020-02-17,0,0,0
2020-02-18,0,0,0
2020-02-19,0,0,0
2020-02-20,0,0,0
2020-02-21,0,0,0
2020-02-22,0,0,0
2020-02-23,0,0,0
2020-02-24,0,0,0
2020-02-25,0,0,0
2020-02-26,0,0,0
2020-02-27,0,0,0
2020-02-28,0,0,0
2020-02-29,0.142857142857143,0,0
2020-03-01,0.285714285714286,0,0
2020-03-02,0.571428571428571,0,0
2020-03-03,0.714285714285714,0,0
2020-03-04,0.857142857142857,0.413460624077466,0.354394820637828
2020-03-05,0.857142857142857,0.413460624077466,0.354394820637828
2020-03-06,0.857142857142857,0.826921248154932,0.708789641275656
2020-03-07,0.785714285714286,0.826921248154932,0.649723837836018
2020-03-08,0.928571428571429,0.826921248154932,0.767855444715294
2020-03-09,0.928571428571429,0.826921248154932,0.767855444715294
2020-03-10,1.07142857142857,0.826921248154932,0.88598705159457
2020-03-11,1.07142857142857,1.2403818722324,1.32898057739185
2020-03-12,1.35714285714286,1.65384249630986,2.24450053070624
2020-03-13,1.5,1.65384249630986,2.4807637444648
2020-03-14,1.64285714285714,2.06730312038733,3.39628369777919
2020-03-15,1.57142857142857,2.06730312038733,3.24861918918009
2020-03-16,1.71428571428571,2.4807637444648,4.25273784765394
2020-03-17,1.57142857142857,2.89422436854226,4.54806686485213
2020-03-18,1.57142857142857,2.89422436854226,4.54806686485213
2020-03-19,1.42857142857143,3.30768499261973,4.72526427517104
2020-03-20,1.42857142857143,3.30768499261973,4.72526427517104
2020-03-21,1.35714285714286,3.30768499261973,4.48900106141249
2020-03-22,1.35714285714286,3.72114561669719,5.05012619408905
2020-03-23,1.28571428571429,4.54806686485213,5.84751454052416
2020-03-24,1.33333333333333,4.54806686485213,6.06408915313617
2020-03-25,1.28571428571429,4.54806686485213,5.84751454052416
2020-03-26,1.19047619047619,4.96152748892959,5.9065803439638
2020-03-27,1.0952380952381,5.78844873708452,6.33972956918781
2020-03-28,1.03809523809524,5.37498811300706,5.57974956493113
2020-03-29,0.930952380952381,5.37498811300706,5.00385798139467
2020-03-30,0.788095238095238,5.37498811300706,4.23600253667937
2020-03-31,1.16904761904762,4.96152748892959,5.80026189777245
2020-04-01,1.6452380952381,5.37498811300706,8.84313520497113
2020-04-02,1.88333333333333,5.37498811300706,10.1228942794966
2020-04-03,2.02619047619048,4.96152748892959,10.0529997454264
2020-04-04,2.13095238095238,6.61536998523946,14.0970384209269
2020-04-05,2.08095238095238,6.20190936116199,12.9058780515609
2020-04-06,1.86666666666667,6.20190936116199,11.576897474169
2020-04-07,1.36666666666667,7.02883060931692,9.60606849939979
2020-04-08,1.0452380952381,6.61536998523946,6.91463672266696
2020-04-09,1.11666666666667,5.78844873708452,6.46376775641105
2020-04-10,1.49761904761905,4.96152748892959,7.43047807270646
2020-04-11,1.87857142857143,6.20190936116199,11.6507297284686
2020-04-12,2.39285714285714,7.85575185747185,18.7976919446648
2020-04-13,2.71938775510204,8.68267310562679,23.6115549249953
2020-04-14,2.8765306122449,9.50959435378172,27.3546392686843
2020-04-15,2.80113378684807,10.7499762260141,30.1121216145017
2020-04-16,2.6297052154195,13.2307399704789,34.7929459042277
2020-04-17,2.18072562358277,14.8845824667888,32.4591903816571
2020-04-18,1.72536848072562,15.2980430908662,26.394761365763
2020-04-19,1.27001133786848,16.1249643390212,20.4788875332818
2020-04-20,1.15127293341579,17.778806835331,20.4682590979443
2020-04-21,1.08753666967953,18.605728083486,20.2344115568772
2020-04-22,1.04388587602873,19.8461099557184,20.7170738768876
2020-04-23,0.946083678226535,22.3268737001832,21.1230907935686
2020-04-24,0.966491841491842,25.2210980687254,24.3759855168888
2020-04-25,0.984348984348984,24.807637444648,24.4193727227371
2020-04-26,1.03970612720613,23.980716196493,24.932897564285
2020-04-27,1.10464119214119,24.3941768205705,26.946812564378
2020-04-28,1.40409174159174,26.4614799409578,37.1543454553944
2020-04-29,1.6137987012987,26.0480193168804,42.036259744985
2020-04-30,1.84017232767233,26.0480193168804,47.9328443375975
2020-05-01,2.03064851814852,28.5287830613452,57.9319310481011
2020-05-02,2.21644783787641,30.182625557655,66.8982151586977
2020-05-03,2.33073355216212,34.3172317984297,79.984323569925
2020-05-04,2.35293715501089,36.7979955428945,86.5833709428015
2020-05-05,2.19168174375548,42.586444279979,93.3359324598898
2020-05-06,2.11972988608933,48.3748930170635,102.541706464644
2020-05-07,2.0911584575179,52.9229598819156,110.670295153949
2020-05-08,2.04903391539336,62.4325542356974,127.926421053579
2020-05-09,1.99046673852261,71.1152273413242,141.55249462538
2020-05-10,1.93332388137976,81.0382823191833,156.673246513672
2020-05-11,1.84092465137334,97.9901679063594,180.39251569103
2020-05-12,1.71418614165611,109.567065380528,187.818345057231
2020-05-13,1.6045083082586,123.211265975085,197.693499928083
2020-05-14,1.5043862081365,136.855466569641,205.883476415454
2020-05-15,1.41343251896852,147.191982171578,208.045934132743
2020-05-16,1.3958942536624,160.422722142057,223.933155994977
2020-05-17,1.38899770193826,172.826540864381,240.055668094564
2020-05-18,1.42496484571489,196.393796436796,279.854255838921
2020-05-19,1.42630463134919,207.970693910965,296.629563910114
2020-05-20,1.43378999540227,232.364870731536,333.162426937818
2020-05-21,1.38581935057299,249.316756318712,345.507985328561
2020-05-22,1.32683408980201,262.960956913268,348.905561919483
2020-05-23,1.21519133625389,281.566684996754,342.157396185785
2020-05-24,1.12276816008687,292.316661222768,328.203839883826
2020-05-25,1.01619755184914,300.17241308024,305.034471304788
2020-05-26,0.975988333150215,311.335849930332,303.86015722341
2020-05-27,0.953935598795184,319.191601787804,304.488231781842
2020-05-28,0.975654717372941,324.566589900811,316.664924538375
2020-05-29,1.01232973825849,334.903105502747,339.032373135551
2020-05-30,1.07899754916683,344.412699856529,371.620459047126
2020-05-31,1.12569419392643,350.201148593614,394.219399678198
2020-06-01,1.16598823504014,355.989597330698,415.079682284272
2020-06-02,1.17846031532653,367.566494804867,433.162527371211
2020-06-03,1.16679481671689,368.393416053022,429.839528363297
2020-06-04,1.12356357986864,371.701101045642,417.629819731955
2020-06-05,1.06554008075388,375.835707286417,400.468009892159
2020-06-06,0.983416603380488,378.316471030881,372.042698944082
2020-06-07,0.916790860220966,377.903010406804,346.458025990946
2020-06-08,0.853515246945353,378.729931654959,323.251771142079
2020-06-09,0.815064336702216,380.383774151269,310.037248570889
2020-06-10,0.786873332755035,375.835707286417,295.735095560809
2020-06-11,0.774880133022925,375.422246662339,290.907240433479
2020-06-12,0.777658156485363,372.941482917874,290.020986082832
2020-06-13,0.799260901407301,364.258809812248,291.137824676088
2020-06-14,0.806908577171056,356.403057954776,287.584684393701
2020-06-15,0.810968364812933,342.345396736142,277.631286592344
2020-06-16,0.810266805728323,334.076184254593,270.690842685875
2020-06-17,0.819946743277113,319.605062411881,262.0591300595
2020-06-18,0.846945980399405,302.653176824705,256.330891566794
2020-06-19,0.883497179376432,288.182054981994,254.608032723495
2020-06-20,0.930006524086451,272.884011891128,253.783911377633
2020-06-21,0.964464817470919,267.095563154043,257.604273564656
2020-06-22,0.990489033127331,264.614799409578,262.098056818376
2020-06-23,0.991687360427706,253.451362559487,251.344512733423
2020-06-24,0.987695763789051,250.557138190944,247.474223978304
2020-06-25,0.949385309120232,241.047543837163,228.846996918517
2020-06-26,0.916819359758736,236.086016348233,216.448230356378
2020-06-27,0.85538114417477,232.364870731536,198.760528992364
2020-06-28,0.82912264077341,229.057185738916,189.916498727976
2020-06-29,0.81662264077341,219.547591385134,179.28753385237
2020-06-30,0.860380576615867,213.345682023972,183.558480918291
2020-07-01,0.903581899698291,207.557233286888,187.544959149488
2020-07-02,0.959713064697293,207.14377266281,198.798584895185
2020-07-03,0.996071906839564,207.970693910965,207.153765650643
2020-07-04,1.06335019430134,206.316851414656,219.387064039414
2020-07-05,1.11932887443318,202.595705797958,226.771223335825
2020-07-06,1.16394394818546,193.086111444177,224.741410894112
2020-07-07,1.18171510159064,193.499572068254,228.661366464382
2020-07-08,1.18740333433054,197.220717684951,234.180537778174
2020-07-09,1.19054089683667,200.114942053494,238.245022582785
2020-07-10,1.18196896329125,198.461099557184,234.574860097246
2020-07-11,1.15914330410195,203.009166422036,235.316715929422
2020-07-12,1.1436608224495,205.076469542423,234.537923821927
2020-07-13,1.14956031349751,216.239906392515,248.58081458325
2020-07-14,1.14600434565582,219.134130761057,251.128666133683
2020-07-15,1.1565306614453,224.922579498141,260.129859640968
2020-07-16,1.17145894079884,235.259095100078,275.596370359231
2020-07-17,1.18158366937532,240.634083213085,284.329303019682
2020-07-18,1.17255382774359,249.730216942789,292.822121779506
2020-07-19,1.1415554411278,258.826350672494,295.464628917437
2020-07-20,1.09561333822367,268.749405650353,294.445433470211
2020-07-21,1.05392711280251,272.057090642973,286.728344058798
2020-07-22,1.02527732120762,274.12439376336,281.05352411536
2020-07-23,1.00734363211655,279.08592125229,281.135425586875
2020-07-24,0.995257011334276,281.980145620832,280.642716986193
2020-07-25,0.982449129560877,286.528212485684,281.499392951194
2020-07-26,0.988720846985503,295.624346215388,292.289953979614
2020-07-27,0.990465816520524,296.864728087621,294.034365301448
2020-07-28,0.987238622028269,296.864728087621,293.076325086019
2020-07-29,0.964623270657245,298.105109959853,287.559126169111
2020-07-30,0.948759580880512,300.585873704318,285.183727554311
2020-07-31,0.929388898244523,297.278188711698,276.287048278892
2020-08-01,0.924476286057466,293.970503719078,271.768759488656
2020-08-02,0.905985668333867,289.422436854226,262.212579884192
2020-08-03,0.90290861702421,285.701291237529,257.962157753308
2020-08-04,0.886604269198123,284.874369989374,252.570832617705
2020-08-05,0.867220945324362,282.393606244909,244.897650161266
2020-08-06,0.838182978786395,276.605157507825,231.845734867589
2020-08-07,0.829760562200713,274.12439376336,227.457611082015
2020-08-08,0.844922791475985,264.201338785501,223.229732678338
2020-08-09,0.880296941135849,250.970598815022,220.928650451896
2020-08-10,0.939999632979963,248.07637444648,233.191700930691
2020-08-11,0.989127110057751,244.355228829782,241.698381319903
2020-08-12,1.03422143179441,243.528307581627,251.86219494954
2020-08-13,1.06192289699587,235.259095100078,249.827019813303
2020-08-14,1.10838860971774,236.086016348233,261.675051434019
2020-08-15,1.12239421195864,230.711028235226,258.948722726244
2020-08-16,1.1345218216232,226.989882618529,257.524975118409
2020-08-17,1.11107130343584,228.643725114839,254.039481685769
2020-08-18,1.10205769799366,231.537949483381,255.168179605827
2020-08-19,1.09562025054902,229.470646362994,251.412687061868
2020-08-20,1.09708545201422,233.605252603768,256.284924145701
2020-08-21,1.06876032886151,235.672555724156,251.877478159381
2020-08-22,1.04265686421984,237.739858844543,247.881095722918
2020-08-23,1.01213469673215,249.730216942789,252.760617390245
2020-08-24,0.978307692755896,250.143677566867,244.717484057916
2020-08-25,0.932559393436168,249.316756318712,232.502683046051
2020-08-26,0.878691928401984,249.730216942789,219.435925905706
2020-08-27,0.839864089574145,252.624441311332,212.170196406119
2020-08-28,0.812932005265012,248.489835070557,202.00533991188
2020-08-29,0.784174815967688,243.528307581627,190.968765780745
2020-08-30,0.762143698570234,240.220622589008,183.082633772831
2020-08-31,0.765750005659128,234.432173851923,179.516438453792
2020-09-01,0.810529312730794,226.989882618529,183.98195355564
2020-09-02,0.849333503708898,219.547591385134,186.469125021986
2020-09-03,0.879113723489117,211.691839527663,186.101201279424
2020-09-04,0.924978682152812,205.489930166501,190.073804801083
2020-09-05,0.987878915559958,204.663008918346,202.182271305493
2020-09-06,1.02296942300557,191.432268947867,195.829357710246
2020-09-07,1.01153670176892,183.576517090395,185.694384619844
2020-09-08,0.983564807317478,186.470741458937,183.406058893407
2020-09-09,0.965772906546854,177.374607729233,171.303590454269
2020-09-10,0.950118144642092,172.413080240303,163.812795909945
2020-09-11,0.911636398107079,165.797710255064,151.147227391328
2020-09-12,0.876385934285187,165.797710255064,145.302781204229
2020-09-13,0.856970379853471,167.451552751374,143.501020768398
2020-09-14,0.856824234438784,160.422722142057,137.454076085954
2020-09-15,0.842630744099804,158.768879645747,133.783539195788
2020-09-16,0.831844177267571,156.70157652536,130.351294001269
2020-09-17,0.821668823342217,154.220812780895,126.718433772558
2020-09-18,0.811805930816786,151.74004903643,123.183471750204
2020-09-19,0.790377359388214,142.230454682648,112.415731196657
2020-09-20,0.778998074036326,141.403533434493,110.153080207402
2020-09-21,0.789695106472489,136.855466569641,108.074092244055
2020-09-22,0.84648494569585,125.69202971955,106.396410951554
2020-09-23,0.903201941437236,122.797805351007,110.911216197262
2020-09-24,0.970012449424214,116.595895989845,113.099470661921
2020-09-25,1.02116334456488,116.182435365768,118.6412442778
2020-09-26,1.05379639778617,116.595895989845,122.86833519075
2020-09-27,1.06018209382704,111.634368500916,118.35275854036
2020-09-28,1.08064993008435,110.393986628683,119.297253932019
2020-09-29,1.08283385450157,104.605537891599,113.27041779737
2020-09-30,1.12611028457045,103.778616643444,116.866167520677
2020-10-01,1.15824677553047,103.778616643444,120.201248096282
2020-10-02,1.22441973300778,105.432459139754,129.093583470251
2020-10-03,1.26851479038557,109.567065380528,138.987442974343
2020-10-04,1.30220067853393,111.220907876838,144.831941704379
2020-10-05,1.27181220735599,115.76897474169,147.236395309569
2020-10-06,1.22370465032782,121.970884102852,149.256338081257
2020-10-07,1.1282740252476,125.69202971955,141.815052313218
2020-10-08,1.03053920193138,128.586254088092,132.513175667288
2020-10-09,0.903666075058257,126.932411591782,114.704514180825
2020-10-10,0.825690798926299,127.34587221586,105.148314969879
2020-10-11,0.779133466315835,128.999714712169,100.507994877446
2020-10-12,0.789601446611402,127.34587221586,100.552484921633
2020-10-13,0.820679140846991,128.586254088092,105.528056529748
2020-10-14,0.913366215676923,128.172793464014,117.068699318967
2020-10-15,0.999682269083805,126.518950967705,126.478751985498
2020-10-16,1.09864330804484,125.69202971955,138.090707325957
2020-10-17,1.14209826578552,125.69202971955,143.552649165759
2020-10-18,1.15822729804358,127.759332839937,147.974346875051
2020-10-19,1.12180693679563,122.797805351007,137.75542986604
2020-10-20,1.06735559103994,120.317041606543,128.421067056128
2020-10-21,0.972608537288862,118.249738486155,115.01070518381
2020-10-22,0.881862805033696,114.528592869458,100.998506164422
2020-10-23,0.791787617063771,115.76897474169,91.664440640639
2020-10-24,0.751777627053781,111.220907876838,83.6133902024167
2020-10-25,0.788695189777795,110.393986628683,87.0672062344369
2020-10-26,0.841433285015891,108.326683508296,91.1496771592623
2020-10-27,0.938741773628727,106.672841011986,100.138251969607
2020-10-28,0.994543249148512,107.086301636064,106.501958368428
2020-10-29,1.06755912216439,109.567065380528,116.969320135765
2020-10-30,1.08415722118552,105.018998515676,113.857105602442
2020-10-31,1.09778574951993,104.605537891599,114.834468818265
2020-11-01,1.0800419853476,98.4036285304369,106.280050323421
2020-11-02,1.13063722344284,98.4036285304369,111.258805338353
2020-11-03,1.13692653161894,95.0959435378172,108.117101257481
2020-11-04,1.17502176971417,92.6151797933524,108.824852463181
2020-11-05,1.17586401137274,99.2305497785918,116.681632313378
2020-11-06,1.18691979281548,101.711313523057,120.723171173776
2020-11-07,1.15680774799755,104.192077267521,120.530202263028
2020-11-08,1.09240321906269,105.845919763831,115.62642347466
2020-11-09,0.972611552396021,108.326683508296,105.359783812916
2020-11-10,0.859589896108262,109.567065380528,94.1827423473357
2020-11-11,0.755320602183796,108.326683508296,81.8213758200597
2020-11-12,0.692666969302072,104.605537891599,72.4568009035869
2020-11-13,0.691841523561372,103.778616643444,71.7983562516918
2020-11-14,0.739138820858669,99.2305497785918,73.3451515565059
2020-11-15,0.791688607896772,99.2305497785918,78.5596958150447
2020-11-16,0.839711567080446,97.576707282282,81.9362897825549
2020-11-17,0.868749679603132,97.1632466582045,84.4105394035152
2020-11-18,0.902144111955062,95.5094041618947,86.1632466009896
2020-11-19,0.938558677781393,86.8267310562679,81.4919818962513
2020-11-20,0.993753482976198,82.2786641914157,81.7647091148483
2020-11-21,1.03127761425033,77.7305973265636,80.1618249651915
2020-11-22,1.04500310444641,75.2498335820988,78.6363097023688
2020-11-23,1.01756546272305,74.8363729580213,76.1509084775439
2020-11-24,0.979783507835833,72.3556092135565,70.8928326068572
2020-11-25,0.920499639249639,71.9421485894791,66.2227218234594
2020-11-26,0.857376715661599,69.8748454690918,59.9090655156517
2020-11-27,0.783107235142119,67.8075423487044,53.1005770104761
2020-11-28,0.77795613624102,66.567160476472,51.7863309648121
2020-11-29,0.890881306309047,63.2594754838523,56.3566841554795
2020-11-30,1.11853377080362,62.0190936116199,69.3704506392277
2020-12-01,1.33520043747028,59.9517904912326,80.0476568910205
2020-12-02,1.47594117821102,60.7787117393875,89.7058034147798
2020-12-03,1.5348624211268,64.4998573560847,98.9984072238931
2020-12-04,1.52421681673119,64.9133179801622,98.9419708951824
2020-12-05,1.47052051303489,68.6344635968593,100.928386620328
2020-12-06,1.35681788912818,65.3267786042396,88.6365418493485
2020-12-07,1.23275773875224,62.0190936116199,76.4545176001241
2020-12-08,1.20948934048384,62.4325542356974,75.5115088472554
2020-12-09,1.25128828228279,64.4998573560847,80.7079157185799
2020-12-10,1.27988020685749,70.2883060931692,89.9606117421882
2020-12-11,1.31009998707727,74.4229123339439,97.5014564869529
2020-12-12,1.35880128577857,81.4517429432608,110.676733040209
2020-12-13,1.39383373193676,83.5190460636481,116.411663662693
2020-12-14,1.41115645049787,84.3459673118031,119.025355845533
2020-12-15,1.41656770590912,91.37479792112,129.438587869031
2020-12-16,1.43981700562901,98.4036285304369,141.683217773723
2020-12-17,1.48685533315514,101.711313523057,151.230008953972
2020-12-18,1.5301669598001,106.259380387909,162.594593038409
2020-12-19,1.57513449226764,116.182435365768,183.002961340276
2020-12-20,1.59036190160444,125.278569095472,199.238263376959
2020-12-21,1.55273843116363,136.028545321486,211.216750055956
2020-12-22,1.43675203660581,146.7785215475,210.884339763361
2020-12-23,1.3382280116112,160.836182766134,215.235485058259
2020-12-24,1.26567458079005,168.278473999529,212.985787035343
2020-12-25,1.20642888821102,175.307304608846,211.495796594521
2020-12-26,1.1132837269207,183.163056466317,203.912450137009
2020-12-27,1.06043515120856,197.634178309029,209.578229759114
2020-12-28,1.03087765090041,207.557233286888,213.966113078176
2020-12-29,1.02611574613851,208.79761515912,214.250520670941
2020-12-30,1.04816670403017,216.653367016592,227.088845622821
2020-12-31,1.10471028263457,224.095658249987,247.560777962523
2021-01-01,1.15644945255556,231.124488859303,267.283788613525
2021-01-02,1.16566604241731,234.432173851923,273.269624309258
2021-01-03,1.13728618472711,246.835992574247,280.723164248094
2021-01-04,1.09085371009791,254.278283807642,277.380409288895
2021-01-05,1.03539674470306,253.037901935409,261.994619950414
2021-01-06,0.965609965585637,249.730216942789,241.141986187821
2021-01-07,0.904860755968698,247.662913822402,224.100451426749
2021-01-08,0.895612428538552,249.730216942789,223.661486075591
2021-01-09,0.904233118193724,247.249453198325,223.571144037214
2021-01-10,0.935546249506856,248.903295694634,232.860544777011
2021-01-11,0.953070059030665,250.970598815022,239.192563427594
2021-01-12,0.989463585096299,255.518665679874,252.826415002631
2021-01-13,1.00710356231643,251.797520063177,253.586179438069
2021-01-14,1.01359549290738,249.316756318712,252.706340510935
2021-01-15,0.989785969097858,246.42253195017,243.905564593847
2021-01-16,0.970961197810033,246.009071326092,238.865262566916
2021-01-17,0.951244550820659,240.220622589008,228.50855823254
2021-01-18,0.950476693677802,231.124488859303,219.678439998963
2021-01-19,0.960488125107087,232.778331355613,223.580823049309
2021-01-20,0.976847705376442,227.816803866684,222.542322103365
2021-01-21,1.00865329815764,230.297567611149,232.290401128668
2021-01-22,1.0188573797903,231.951410107458,236.32540594075
2021-01-23,1.01778326593423,234.018713227846,238.180330238763
2021-01-24,0.987266146689837,230.711028235226,227.773187844642
2021-01-25,0.96434239385537,231.537949483381,223.281860473167
2021-01-26,0.918547462979794,228.643725114839,210.020113630484
2021-01-27,0.871844166276497,223.268737001832,194.655545866968
2021-01-28,0.829353323785655,219.961052009212,182.425429587229
2021-01-29,0.859277653067929,220.374512633289,189.362894011522
2021-01-30,0.903164544208825,209.624536407275,189.325448879263
2021-01-31,0.965411297455578,204.249548294268,197.184821423485
2021-02-01,1.00396005029005,209.624536407275,210.454660113476
2021-02-02,1.0281947441676,208.384154535043,214.259492460739
2021-02-03,1.02380877925532,207.970693910965,212.922222253866
2021-02-04,0.99793435869063,205.076469542423,204.652855115356
2021-02-05,0.932346258949676,198.461099557184,185.034463719179
2021-02-06,0.888626452186391,191.018808323789,169.744365941641
2021-02-07,0.869223236354604,186.884202083015,162.444090958146
2021-02-08,0.877934037748332,180.682292721853,158.627134798922
2021-02-09,0.888258167400193,175.720765232923,156.085404899956
2021-02-10,0.931800758818498,177.78806835331,165.66305700049
2021-02-11,0.977526011282209,179.028450225543,175.00496685501
2021-02-12,1.01643107825949,173.653462112536,176.506775738539
2021-02-13,1.01768997262184,174.066922736613,177.146161834191
2021-02-14,1.00694770102966,176.961147105155,178.190620249107
2021-02-15,0.991514210560298,169.932316495839,168.490306639054
2021-02-16,0.980731470497981,165.384249630986,162.197538337802
2021-02-17,0.969608638154783,163.730407134677,158.754417086382
2021-02-18,0.961045284209903,158.768879645747,152.584083062835
2021-02-19,0.972696431155167,161.663104014289,157.249124324166
2021-02-20,0.971966637321925,160.422722142057,155.925533790445
2021-02-21,0.973489431649516,161.249643390212,156.974823697624
2021-02-22,0.950991341504367,160.422722142057,152.560619737657
2021-02-23,0.966631634343893,162.076564638367,156.668334565228
2021-02-24,0.951323620148226,157.941958397592,150.253915636098
2021-02-25,0.96860757076551,155.04773402905,150.180409010575
2021-02-26,0.987161839319778,155.04773402905,153.057206306481
2021-02-27,1.0650907886773,157.941958397592,168.222525034928
2021-02-28,1.1123925874781,150.08620654012,166.954783637937
2021-03-01,1.19053704575954,153.39389153274,182.621110462948
2021-03-02,1.22433495516721,158.355419021669,193.88007484838
2021-03-03,1.24732346091434,159.182340269824,198.551867581801
2021-03-04,1.22272799165867,164.557328382831,201.208851646256
2021-03-05,1.18049162516488,165.384249630986,195.234721623557
2021-03-06,1.1218910420745,169.932316495839,190.64554363565
2021-03-07,1.079306919818,167.038092127296,180.285368706188
2021-03-08,1.03646226811296,172.413080240303,178.699652198207
2021-03-09,1.00356183521253,176.134225857001,176.761586944789
2021-03-10,0.99655903409208,179.028450225543,178.412419431769
2021-03-11,0.978755235948476,183.989977714472,180.081154050083
2021-03-12,0.967340808791474,187.71112333117,181.58062986233
2021-03-13,0.949848097421212,186.05728083486,176.726154212356
2021-03-14,0.966042075012248,193.913032692332,187.328148474018
2021-03-15,1.00267291510876,188.538044579324,189.041990767257
2021-03-16,1.07925150892873,185.643820210782,200.356373085781
2021-03-17,1.16920361880494,189.364965827479,221.406203320363
2021-03-18,1.28572296901994,190.191887075634,244.534077734391
2021-03-19,1.37055290099273,197.220717684951,270.301426758979
2021-03-20,1.42011558320848,201.355323925726,285.947833268914
2021-03-21,1.43834758975155,212.10530015174,305.081147246785
2021-03-22,1.4257640585482,219.134130761057,312.433567640317
2021-03-23,1.39016860439558,225.336040122219,313.255088416731
2021-03-24,1.34025500992553,236.086016348233,316.415466184081
2021-03-25,1.28588801352955,243.941768205705,313.68179573492
2021-03-26,1.27177236727105,258.412890048416,328.642372910227
2021-03-27,1.28151783849324,275.364775635592,352.884872069702
2021-03-28,1.29626545049916,285.287830613452,369.808758272074
2021-03-29,1.30674825130621,307.614704313635,401.97497693792
2021-03-30,1.31517039890823,331.18195988605,435.560710294545
2021-03-31,1.30406450918392,346.893463600994,452.371454349939
2021-04-01,1.2794902411795,368.8068766771,471.884799588239
2021-04-02,1.22837505202083,383.691459143888,471.317016085821
2021-04-03,1.20039936381065,404.777950971839,485.895194831175
2021-04-04,1.16878703572028,416.768309070086,487.113396540179
2021-04-05,1.15588023435157,430.412509664642,497.505312539013
2021-04-06,1.11996837189638,450.25861962036,504.275413148528
2021-04-07,1.11020785950429,470.931650824234,522.832020034395
2021-04-08,1.08623008123198,487.88353641141,529.953773387911
2021-04-09,1.07949768319523,506.489264494896,546.753987585497
2021-04-10,1.04735743352521,508.556567615283,532.640501459934
2021-04-11,1.0412092413442,527.575756322847,549.316752992505
2021-04-12,1.02374581350691,534.191126308086,546.875929170442
2021-04-13,1.0412689911379,540.393035669248,562.694511069265
2021-04-14,1.03050483119341,549.075708774875,565.825170583455
2021-04-15,1.04805724465026,553.210315015649,579.796078467405
2021-04-16,1.04375719687195,565.614133737973,590.363822741505
2021-04-17,1.04830678740881,570.98912185098,598.571771972976
2021-04-18,1.01853081082432,571.816043099135,582.412258020116
2021-04-19,0.989275205386363,583.806401197382,577.545197450413
2021-04-20,0.939933885587345,581.739098076995,546.796290853587
2021-04-21,0.917293212127,575.95064933991,528.315621159637
2021-04-22,0.882618023496484,574.2968068436,506.88471255664
2021-04-23,0.871111414163787,562.306448745354,489.831565759982
2021-04-24,0.858994508430622,566.854515610206,486.924915988267
2021-04-25,0.872466221902335,557.344921256424,486.264617745047
2021-04-26,0.877877477313591,551.143011895262,483.836036921627
2021-04-27,0.883109596208982,544.527641910023,480.877585971789
2021-04-28,0.865642783921453,533.364205059931,461.702875312131
2021-04-29,0.853611124828492,529.229598819157,451.756273140552
2021-04-30,0.806156193757442,508.970028239361,410.309340702061
2021-05-01,0.748089679156332,488.710457659565,365.599249470888
2021-05-02,0.649300505367158,477.547020809473,310.071521948172
2021-05-03,0.543468008433959,451.91246211667,245.599965773034
2021-05-04,0.452563239737084,425.037521551635,192.356357763229
2021-05-05,0.406476502136824,396.922199114367,161.339547116464
2021-05-06,0.342239887670572,360.53766419555,123.390369695296
2021-05-07,0.283490916498784,327.047353645276,92.7149540234011
