"fecha","rho7dpromedio","incidenciaAcum14d","riesgopor10"
2020-01-03,0,0,0
2020-01-04,0,0,0
2020-01-05,0,0,0
2020-01-06,0,0,0
2020-01-07,0,0,0
2020-01-08,0,0,0
2020-01-09,0,0,0
2020-01-10,0,0,0
2020-01-11,0,0,0
2020-01-12,0,0,0
2020-01-13,0,0,0
2020-01-14,0,0,0
2020-01-15,0,0,0
2020-01-16,0,0,0
2020-01-17,0,0,0
2020-01-18,0,0,0
2020-01-19,0,0,0
2020-01-20,0,0,0
2020-01-21,0,0,0
2020-01-22,0,0,0
2020-01-23,0,0,0
2020-01-24,0,0,0
2020-01-25,0,0,0
2020-01-26,0,0,0
2020-01-27,0,0,0
2020-01-28,0,0,0
2020-01-29,0,0,0
2020-01-30,0,0,0
2020-01-31,0,0,0
2020-02-01,0,0,0
2020-02-02,0,0,0
2020-02-03,0,0,0
2020-02-04,0,0,0
2020-02-05,0,0,0
2020-02-06,0,0,0
2020-02-07,0,0,0
2020-02-08,0,0,0
2020-02-09,0,0,0
2020-02-10,0,0,0
2020-02-11,0,0,0
2020-02-12,0,0,0
2020-02-13,0,0,0
2020-02-14,0,0,0
2020-02-15,0,0,0
2020-02-16,0,0,0
2020-02-17,0,0,0
2020-02-18,0,0,0
2020-02-19,0,0,0
2020-02-20,0,0,0
2020-02-21,0,0,0
2020-02-22,0,0,0
2020-02-23,0,0,0
2020-02-24,0,0,0
2020-02-25,0,0,0
2020-02-26,0,0,0
2020-02-27,0,0,0
2020-02-28,0,0,0
2020-02-29,0,0,0
2020-03-01,0,0,0
2020-03-02,0,0,0
2020-03-03,0,0,0
2020-03-04,0,0,0
2020-03-05,0.142857142857143,0,0
2020-03-06,0.571428571428571,0,0
2020-03-07,1,0,0
2020-03-08,1.28571428571429,0,0
2020-03-09,1.28571428571429,0.243381246988157,0.312918746127631
2020-03-10,1.57142857142857,0.730143740964471,1.14736873580131
2020-03-11,1.71428571428571,0.730143740964471,1.25167498451052
2020-03-12,1.85714285714286,0.730143740964471,1.35598123321973
2020-03-13,1.85714285714286,0.730143740964471,1.35598123321973
2020-03-14,2,1.21690623494079,2.43381246988157
2020-03-15,1.85714285714286,1.46028748192894,2.71196246643946
2020-03-16,2,2.19043122289341,4.38086244578683
2020-03-17,1.80952380952381,2.67719371686973,4.84444577338332
2020-03-18,1.83333333333333,2.67719371686973,4.90818848092783
2020-03-19,1.71904761904762,2.67719371686973,4.60222348471415
2020-03-20,1.71904761904762,3.4073374578342,5.85737534418165
2020-03-21,1.43333333333333,3.65071870482236,5.23269681024538
2020-03-22,1.54047619047619,4.38086244578683,6.7486142914859
2020-03-23,1.60170068027211,4.62424369277498,7.4066542684617
2020-03-24,1.6969387755102,4.38086244578683,7.43405535443214
2020-03-25,1.72074829931973,5.1110061867513,8.7947552036649
2020-03-26,1.64455782312925,5.84114992771577,9.60610880969583
2020-03-27,1.27721088435374,6.8146749156684,8.70377697562409
2020-03-28,0.991496598639456,6.57129366868024,6.51541532115745
2020-03-29,0.795068027210884,7.05805616265655,5.61163478918697
2020-03-30,0.715986394557823,6.32791242169208,4.53069919988498
2020-03-31,0.88265306122449,5.84114992771577,5.15570886476953
2020-04-01,1.26360544217687,5.84114992771577,7.38090883723268
2020-04-02,1.73979591836735,6.57129366868024,11.4327099031631
2020-04-03,2.25,6.8146749156684,15.3330185602539
2020-04-04,2.51530612244898,7.30143740964471,18.3653502191574
2020-04-05,2.61887755102041,7.78819990362103,20.3963418904524
2020-04-06,2.62482993197279,8.76172489157365,22.9980377511136
2020-04-07,2.35952380952381,9.24848738554997,21.8220261882858
2020-04-08,1.84931972789116,9.49186863253813,17.553499916704
2020-04-09,1.32184720041863,9.73524987952628,12.8685127986276
2020-04-10,0.776392654964084,9.49186863253813,7.36941708818658
2020-04-11,0.563034584463156,9.73524987952628,5.48128237056407
2020-04-12,0.469383790812362,9.24848738554997,4.34109006830976
2020-04-13,0.4574790289076,9.49186863253813,4.34233084453205
2020-04-14,0.544213722785151,9.49186863253813,5.16560516470118
2020-04-15,0.982989232989233,10.2220123735026,10.0481281026358
2020-04-16,1.1533189033189,9.73524987952628,11.2278477145907
2020-04-17,1.30591630591631,9.00510613856181,11.7599149428549
2020-04-18,1.36825396825397,9.00510613856181,12.3212722086354
2020-04-19,1.53333333333333,8.5183436445855,13.0614602550311
2020-04-20,1.55714285714286,7.05805616265655,10.9904017389938
2020-04-21,1.49761904761905,6.8146749156684,10.2057869570367
2020-04-22,1.0547619047619,6.32791242169208,6.67444095907046
2020-04-23,0.876190476190476,6.32791242169208,5.54445659805402
2020-04-24,0.71547619047619,5.84114992771577,4.17920369828235
2020-04-25,0.642006802721088,5.35438743373946,3.43755315686504
2020-04-26,0.470578231292517,5.35438743373946,2.51965816822399
2020-04-27,0.542006802721088,5.1110061867513,2.77020012196877
2020-04-28,0.851530612244898,5.1110061867513,4.35217822739179
2020-04-29,1.22295918367347,4.86762493976314,5.95290662276135
2020-04-30,1.47295918367347,4.62424369277498,6.81132221481703
2020-05-01,1.59795918367347,4.62424369277498,7.3893526764139
2020-05-02,1.7952380952381,4.38086244578683,7.86469115267445
2020-05-03,2.16666666666667,3.65071870482236,7.9098905271151
2020-05-04,2.52380952380952,4.13748119879867,10.4422144541109
2020-05-05,2.48809523809524,3.65071870482236,9.08333582509372
2020-05-06,2.63095238095238,3.89409995181051,10.2451915398824
2020-05-07,2.63095238095238,4.38086244578683,11.5258404823677
2020-05-08,2.67857142857143,4.86762493976314,13.0382810886513
2020-05-09,2.54761904761905,5.35438743373946,13.6409394145267
2020-05-10,2.32683982683983,6.32791242169208,14.7240386435476
2020-05-11,2.02683982683983,7.05805616265655,14.3055493305446
2020-05-12,1.89112554112554,8.03158115060918,15.1887282495395
2020-05-13,1.47445887445887,8.03158115060918,11.8422361034523
2020-05-14,1.36334776334776,10.4653936204908,14.26797098505
2020-05-15,1.31572871572872,11.9256811024197,15.6909610810769
2020-05-16,1.30633021948811,11.6822998554315,15.2609413342719
2020-05-17,1.193776106934,12.8992060903723,15.398764029104
2020-05-18,1.03223764539554,13.6293498313368,14.0687279781712
2020-05-19,0.956912970070865,15.0896373132657,14.4394696587293
2020-05-20,0.953936779594674,14.8462560662776,14.1623897009027
2020-05-21,0.988124813782709,14.3594935723013,14.1889719121442
2020-05-22,1.05955338521128,14.6028748192894,15.4725254485947
2020-05-23,1.14752331002331,15.5763998072421,17.8742818650528
2020-05-24,1.1849382760097,16.0631623012184,19.0338558444698
2020-05-25,1.16748514090951,16.7933060421828,19.6059352709944
2020-05-26,1.08341131999358,17.036687289171,18.4577398642787
2020-05-27,1.01099068507295,17.036687289171,17.2239321538526
2020-05-28,0.890111564193829,16.0631623012184,14.2980065218368
2020-05-29,0.74175991584218,15.0896373132657,11.192888103577
2020-05-30,0.607993682075947,15.8197810542302,9.61832693279672
2020-05-31,0.530285675796512,15.3330185602539,8.13088010922469
2020-06-01,0.494991558149453,14.3594935723013,7.10782809759046
2020-06-02,0.450818625818626,13.3859685843486,6.03464396244735
2020-06-03,0.39526307026307,13.1425873373605,5.19477942216565
2020-06-04,0.343065268065268,12.6558248433842,4.34177394248267
2020-06-05,0.334274059274059,11.9256811024197,3.98644583171377
2020-06-06,0.42518315018315,10.4653936204908,4.4497090274669
2020-06-07,0.608333333333333,8.76172489157365,5.33004930904064
2020-06-08,1.12261904761905,7.54481865663287,8.46995713476761
2020-06-09,1.64047619047619,6.57129366868024,10.7800508040969
2020-06-10,1.83095238095238,6.57129366868024,12.0317257886074
2020-06-11,1.83095238095238,5.59776868072761,10.2492478939989
2020-06-12,1.83095238095238,5.35438743373946,9.80362842034677
2020-06-13,1.75952380952381,4.62424369277498,8.13646687847789
2020-06-14,1.63571428571429,3.89409995181051,6.36963492117577
2020-06-15,1.15952380952381,3.65071870482236,4.23309526011545
2020-06-16,0.730952380952381,3.65071870482236,2.66850152947729
2020-06-17,0.65952380952381,3.65071870482236,2.40773590770427
2020-06-18,0.719047619047619,3.4073374578342,2.45003788634745
2020-06-19,0.733333333333333,3.16395621084604,2.32023455462043
2020-06-20,0.661904761904762,3.16395621084604,2.09423768241714
2020-06-21,0.547619047619048,3.65071870482236,1.99920310025986
2020-06-22,0.523809523809524,3.4073374578342,1.78479581124649
2020-06-23,0.523809523809524,3.16395621084604,1.65731039615745
2020-06-24,0.595238095238095,2.67719371686973,1.59356768861293
2020-06-25,0.928571428571429,2.19043122289341,2.0339718498296
2020-06-26,1.42857142857143,1.94704997590526,2.78149996557894
2020-06-27,2,1.94704997590526,3.89409995181051
2020-06-28,2.42857142857143,2.19043122289341,5.31961868416972
2020-06-29,2.45238095238095,2.43381246988157,5.9686353428048
2020-06-30,2.30952380952381,2.92057496385788,6.74513741652892
2020-07-01,2.11904761904762,3.16395621084604,6.70457387536423
2020-07-02,1.75170068027211,2.92057496385788,5.11597315097555
2020-07-03,1.29931972789116,2.92057496385788,3.79476066732555
2020-07-04,1.15646258503401,2.92057496385788,3.37753567248871
2020-07-05,1.29931972789116,2.67719371686973,3.47853061171509
2020-07-06,1.77551020408163,3.16395621084604,5.6176365376246
2020-07-07,1.91836734693878,3.65071870482236,7.00341955618982
2020-07-08,1.95170068027211,4.13748119879867,8.07512487030843
2020-07-09,1.89047619047619,4.38086244578683,8.28191614751129
2020-07-10,1.77142857142857,4.62424369277498,8.19151739862997
2020-07-11,1.34285714285714,4.38086244578683,5.88287242719945
2020-07-12,0.771428571428571,4.13748119879867,3.19177121050183
2020-07-13,0.271428571428571,3.89409995181051,1.05696998692
2020-07-14,0.7,2.92057496385788,2.04440247470052
2020-07-15,1.21428571428571,2.43381246988157,2.95534371342762
2020-07-16,1.78571428571429,2.43381246988157,4.34609369621709
2020-07-17,2.35714285714286,2.67719371686973,6.31052804690722
2020-07-18,2.92857142857143,3.4073374578342,9.97863112651444
2020-07-19,3.14285714285714,3.89409995181051,12.2385998485473
2020-07-20,3.19387755102041,3.65071870482236,11.6599485164224
2020-07-21,2.68367346938776,3.4073374578342,9.14418113684076
2020-07-22,2.16938775510204,3.65071870482236,7.9198244555636
2020-07-23,1.65510204081633,3.89409995181051,6.44513277738434
2020-07-24,1.2265306122449,3.65071870482236,4.47771824815966
2020-07-25,0.821768707482993,3.65071870482236,3.00004639144585
2020-07-26,0.98843537414966,3.89409995181051,3.849066142844
2020-07-27,1.43741496598639,4.13748119879867,5.94727739664054
2020-07-28,1.94761904761905,5.1110061867513,9.95429300181562
2020-07-29,2.08095238095238,5.59776868072761,11.6486900641808
2020-07-30,2.2687074829932,6.08453117470393,13.8040214065562
2020-07-31,2.3937074829932,6.8146749156684,16.3123383398015
2020-08-01,2.60204081632653,6.8146749156684,17.7320622805657
2020-08-02,2.4750566893424,6.32791242169208,15.6619419688819
2020-08-03,2.15362811791383,8.03158115060918,17.2970389972587
2020-08-04,1.67743764172336,9.24848738554997,15.5137608695251
2020-08-05,1.56315192743764,10.2220123735026,15.978558343932
2020-08-06,1.35226757369615,10.4653936204908,14.1520124389561
2020-08-07,1.12012471655329,11.1955373614552,12.5403981136618
2020-08-08,0.775736961451247,11.4389186084434,8.873591963602
2020-08-09,0.611054421768708,11.9256811024197,7.28724017023707
2020-08-10,0.468197278911565,11.9256811024197,5.58357144131997
2020-08-11,0.515816326530612,10.9521561144671,5.64930093455419
2020-08-12,0.618197278911565,10.9521561144671,6.7705931081782
2020-08-13,0.965136054421769,11.1955373614552,10.8052167561664
2020-08-14,1.2437074829932,10.4653936204908,13.0158883582736
2020-08-15,1.475,9.97863112651444,14.7184809116088
2020-08-16,1.7,10.4653936204908,17.7911691548343
2020-08-17,1.87857142857143,9.49186863253813,17.8311532168395
2020-08-18,1.93214285714286,9.00510613856181,17.3991515034355
2020-08-19,1.89642857142857,8.03158115060918,15.2313199677624
2020-08-20,1.64534632034632,8.27496239759734,13.6151789318909
2020-08-21,1.48690476190476,8.03158115060918,11.9421962584653
2020-08-22,1.48214285714286,8.76172489157365,12.9861279642967
2020-08-23,1.53149350649351,9.00510613856181,13.7912615764922
2020-08-24,1.77824675324675,9.24848738554997,16.4460926657978
2020-08-25,2.15324675324675,10.7087748674789,23.0586347146494
2020-08-26,2.58181818181818,12.6558248433842,32.6750386865555
2020-08-27,2.8963924963925,14.8462560662776,43.000584669888
2020-08-28,3.03646670789528,19.2271185120644,58.3825052506406
2020-08-29,3.0267106103343,22.6344559698986,68.5079480432367
2020-08-30,2.94878853241223,26.7719371686973,78.9447813135152
2020-08-31,2.66235274597644,30.9094183674959,82.2917748672374
2020-09-01,2.34347519495603,34.073374578342,79.8501081327899
2020-09-02,1.99372150037475,41.3748119879867,82.4898522344121
2020-09-03,1.73438771991421,50.6232993735367,87.8004287750027
2020-09-04,1.56579854511385,54.274018078359,84.9821785445776
2020-09-05,1.43669135542445,62.7923617229445,90.2132432740393
2020-09-06,1.27940419813729,69.8504178856011,89.366917884482
2020-09-07,1.16670578543888,74.2312803313879,86.6060642231653
2020-09-08,1.03371998242202,79.8290490121155,82.5208831415704
2020-09-09,0.935738485365667,84.2099114579024,78.7984550003945
2020-09-10,0.867510938264881,89.0775363976655,77.2757371786629
2020-09-11,0.839700204787318,90.2944426326063,75.8202619697562
2020-09-12,0.837066893398246,91.7547301145352,76.8048468915685
2020-09-13,0.832944032132528,93.2150175964642,77.6428926121034
2020-09-14,0.832407479483299,91.9981113615234,76.5799159956695
2020-09-15,0.819418225810815,92.7282551024879,75.9832222786133
2020-09-16,0.813236366757202,92.4848738554997,75.2120627942447
2020-09-17,0.807697787689211,85.9135801868194,69.3922086493537
2020-09-18,0.842507686829145,86.1569614338076,72.5879022818251
2020-09-19,0.86322506468938,79.8290490121155,68.9104359975751
2020-09-20,0.93344967290791,76.4217115542813,71.3358216534065
2020-09-21,0.971521239562741,76.6650928012695,74.4817659894819
2020-09-22,1.04823368554742,75.2048053193405,78.8322102507688
2020-09-23,1.1370713711593,73.0143740964471,83.0225544681854
2020-09-24,1.25475177665483,70.5805616265655,88.5610850982291
2020-09-25,1.37265556130302,69.6070366386129,95.5464859478152
2020-09-26,1.46111628091128,70.8239428735537,103.48201601088
2020-09-27,1.49347816183386,75.4481865663287,112.680218986779
2020-09-28,1.48587512061738,78.8555240241629,117.16946127075
2020-09-29,1.47373239691104,83.2363864699497,122.668159342573
2020-09-30,1.41656144593478,82.2628614819971,116.530398007671
2020-10-01,1.36908412167175,88.8341551506773,121.621431278917
2020-10-02,1.28616414812677,92.4848738554997,118.950728996971
2020-10-03,1.23853759435268,100.273073759121,124.19197155197
2020-10-04,1.17103290652713,105.140698698884,123.123217991648
2020-10-05,1.15425670452091,109.278179897683,126.135071804742
2020-10-06,1.12245528081882,116.092854813351,130.309037950578
2020-10-07,1.0971609540173,121.203861000102,132.980143765453
2020-10-08,1.04518144128197,126.558248433842,132.276332504205
2020-10-09,0.999678795779329,130.69572963264,130.653749612659
2020-10-10,0.960615586261574,133.616304596498,128.35390477407
2020-10-11,0.918876576608126,131.425873373605,120.764156603271
2020-10-12,0.884356584461015,134.589829584451,119.025401994495
2020-10-13,0.848797425951037,134.589829584451,114.239500910471
2020-10-14,0.851897624363736,136.536879560356,116.315443335505
2020-10-15,0.861523657245582,132.156017114569,113.855535191554
2020-10-16,0.911183521191161,130.452348385652,118.866030149695
2020-10-17,0.952030866113741,127.775154668782,121.645891167138
2020-10-18,1.00245103418097,128.748679656735,129.064247071328
2020-10-19,1.01548192221186,128.505298409747,130.494807443538
2020-10-20,1.02071937481773,125.584723445889,128.186760402345
2020-10-21,0.993375103775979,123.881054716972,123.06035558535
2020-10-22,0.95247716379547,119.986954765161,114.284834367176
2020-10-23,0.864722061754654,118.283286036244,102.282166972377
2020-10-24,0.792490516616705,116.092854813351,92.0024864865406
2020-10-25,0.741007854586376,113.172279849493,83.8615482899217
2020-10-26,0.77779787179808,108.061273662742,84.0498286786704
2020-10-27,0.872584839216626,102.220123735026,89.1957302340312
2020-10-28,1.08246879279806,101.246598747073,109.596283520654
2020-10-29,1.28249192131552,101.489979994061,130.160079436858
2020-10-30,1.51267300783464,103.923792463943,157.202715732015
2020-10-31,1.68555787372862,106.600986180813,179.682131604305
2020-11-01,1.88406009124469,107.817892415754,203.135388222635
2020-11-02,2.00029205205497,110.738467379611,221.509276156185
2020-11-03,2.06308212583096,115.849473566363,239.006978201689
2020-11-04,1.98012792504236,126.071485939865,249.637669861113
2020-11-05,1.88755393892618,143.838316970001,271.502581765237
2020-11-06,1.77202176281868,155.277235578444,275.154640715327
2020-11-07,1.73010530739622,169.393347903757,293.068330245904
2020-11-08,1.70396731208171,184.239603970035,313.938262755819
2020-11-09,1.73977206957321,201.519672506194,350.598297695817
2020-11-10,1.76966842886102,235.349665837548,416.490873375698
2020-11-11,1.75457918266357,270.153184156854,474.005153051893
2020-11-12,1.71442596863604,314.691952355687,539.516055239364
2020-11-13,1.63426533114552,345.601370723183,564.804338569269
2020-11-14,1.49631147989384,377.971076572608,565.562460943427
2020-11-15,1.28476529023444,402.309201271424,516.872897735468
2020-11-16,1.05548665967723,429.811282181085,453.660074520901
2020-11-17,0.879014122007661,449.525163187126,395.138966639282
2020-11-18,0.841116274515827,450.498688175079,378.921778272089
2020-11-19,0.912996099060088,444.900919494351,406.192803966589
2020-11-20,1.12596707829622,458.530269325688,516.289987663023
2020-11-21,1.38433020542944,485.788968988362,672.492343235014
2020-11-22,1.57556872300942,517.67191234381,815.627673869381
2020-11-23,1.69644293296452,548.581330711306,930.636921641466
2020-11-24,1.74784808518934,574.379742892051,1003.92853378542
2020-11-25,1.71321726592964,592.146573922186,1014.47573440457
2020-11-26,1.58303554763569,605.775923753523,958.964821203675
2020-11-27,1.33954146131132,633.034623416197,847.976124511595
2020-11-28,1.06335681976698,643.743398283675,684.528932744915
2020-11-29,0.872518479437565,651.04483569332,568.048650084815
2020-11-30,0.739581371626791,647.15073574151,478.620628788993
2020-12-01,0.638534799151647,651.774979434285,416.18100558514
2020-12-02,0.571011674793991,668.081522982491,381.482349337152
2020-12-03,0.532305511752762,675.626341639124,359.63962553986
2020-12-04,0.519390259861372,664.674185524657,345.225297942797
2020-12-05,0.544069063321013,633.764767157161,344.811803233057
2020-12-06,0.632490399129873,601.151680060748,380.222666059216
2020-12-07,0.738281461214642,562.940824283607,415.608774329476
2020-12-08,0.84498965317629,518.888818578751,438.455682847913
2020-12-09,0.945886514162837,486.519112729326,460.191867613138
2020-12-10,1.06033815765209,451.472213163031,478.713214736401
2020-12-11,1.14423119213599,400.605532542507,458.385346077384
2020-12-12,1.20317186531024,366.532157964165,441.001180193933
2020-12-13,1.21326214677599,352.416045638851,427.573048090098
2020-12-14,1.22563909054868,347.548420699088,425.968930267259
2020-12-15,1.2153607463235,334.405833361728,406.42372320944
2020-12-16,1.19279180741487,327.591158446059,390.748049976006
2020-12-17,1.13465405231283,327.347777199071,371.426481914524
2020-12-18,1.08286084571189,338.299933313538,366.331751892175
2020-12-19,1.00484269901511,355.336620602709,357.057408905336
2020-12-20,0.912452216076523,358.257195566567,326.892572020075
2020-12-21,0.807358430141319,359.960864295484,290.617438309915
2020-12-22,0.749323427522385,362.638058012354,271.733192579879
2020-12-23,0.725484494716061,349.495470674994,253.5535449482
2020-12-24,0.751885236831089,338.543314560526,254.545720245923
2020-12-25,0.797941844212998,342.924177006313,273.633550225642
2020-12-26,0.874585829426539,340.73374578342,298.000905669604
2020-12-27,0.954365169977515,327.347777199071,312.409317028353
2020-12-28,1.06291208504308,319.802958542438,339.922429467288
2020-12-29,1.16750127408064,314.448571108699,367.119107402242
2020-12-30,1.26757902953972,303.983177488208,385.322701116903
2020-12-31,1.36824883217803,303.983177488208,415.924627600007
2021-01-01,1.48941166435209,300.819221277362,448.043657031817
2021-01-02,1.5774624215933,295.464833843623,466.084672290623
2021-01-03,1.62435030505807,308.120658687007,500.495885932932
2021-01-04,1.59567697555293,335.37935834968,535.157120194302
2021-01-05,1.51241298326074,359.474101801508,543.673298710593
2021-01-06,1.39522165381245,384.785751488276,536.86141255494
2021-01-07,1.24205154773926,405.47315748227,503.618562817578
2021-01-08,1.06232007173339,414.478263620831,440.308578741613
2021-01-09,0.897968066063026,427.377469711204,383.771319955479
2021-01-10,0.774211666951657,446.847969470256,345.95491131753
2021-01-11,0.692748120017241,447.821494458209,310.227498389235
2021-01-12,0.649132565687401,452.202356903996,293.53927614698
2021-01-13,0.637355829182878,451.958975657008,288.058687686516
2021-01-14,0.652843145604774,443.197250765434,289.338287313094
2021-01-15,0.695892076174927,434.678907120849,302.489607145776
2021-01-16,0.766940873973485,421.779701030476,323.480092532589
2021-01-17,0.865055119671764,406.446682470222,351.59878354447
2021-01-18,0.957985350071542,379.187982807549,363.256532452811
2021-01-19,1.04877159085778,355.093239355721,372.411701541943
2021-01-20,1.10876913403977,338.786695807515,375.636231334693
2021-01-21,1.14734612125489,324.91396472919,372.788777173584
2021-01-22,1.1591767266895,317.125764825569,367.604806019407
2021-01-23,1.16027969833739,305.930227464113,354.964632034351
2021-01-24,1.15848090189574,294.004546361694,340.598652030542
2021-01-25,1.17438464301144,294.004546361694,345.27442422272
2021-01-26,1.20178724041404,296.438358831575,356.255837213067
2021-01-27,1.23927152101351,306.41698995809,379.733849209744
2021-01-28,1.27177253555124,318.829433554486,405.478517119955
2021-01-29,1.27972468192703,327.591158446059,419.226491044492
2021-01-30,1.25816531298232,347.791801946076,437.579581348169
2021-01-31,1.17798829879515,363.368201753318,428.043489819645
2021-02-01,1.06754986504845,376.997551584655,402.463685317793
2021-02-02,0.925691156381226,383.812226500324,355.291583782338
2021-02-03,0.805541056752299,385.515895229241,310.548881637771
2021-02-04,0.713773399827037,375.537264102726,268.048509760347
2021-02-05,0.690907633802317,371.643164150916,256.771099162316
2021-02-06,0.746855707966044,364.341726741271,272.110698266923
2021-02-07,0.924988529786437,360.204245542472,333.184795507164
2021-02-08,1.1142632167277,360.204245542472,401.362341317131
2021-02-09,1.30269973355168,355.580001849697,463.213973665906
2021-02-10,1.44605293631448,360.691008036449,521.578291273335
2021-02-11,1.53799694688759,364.098345494283,559.982143737029
2021-02-12,1.54141362180045,362.151295518378,558.224940064708
2021-02-13,1.45024248992027,362.394676765366,525.560158366056
2021-02-14,1.24929325011655,362.881439259342,453.345332659277
2021-02-15,1.04890918065008,362.881439259342,380.629673126637
2021-02-16,0.86070098410237,354.606476861745,305.210143603978
2021-02-17,0.708032701633432,346.088133217159,245.041715965016
2021-02-18,0.599809580231711,348.521945687041,209.046801944083
2021-02-19,0.580074997874178,346.088133217159,200.757073140222
2021-02-20,0.642560176059341,346.574895711136,222.695226005895
2021-02-21,0.777449017784814,338.786695807515,263.389383894115
2021-02-22,0.962985684359523,327.347777199071,315.231223249616
2021-02-23,1.16105711515178,326.617633458107,379.221727260572
2021-02-24,1.30160656894944,317.125764825569,412.772978680076
2021-02-25,1.37551496435871,307.147133699054,422.485478662936
2021-02-26,1.39382894719566,303.983177488208,423.700552243582
2021-02-27,1.36509326060186,286.703108952049,391.376481824044
2021-02-28,1.2908344173791,272.830377873724,352.178841865948
2021-03-01,1.17322280218087,261.878221759257,307.241501162539
2021-03-02,1.05552823069995,266.259084205044,281.043980058739
2021-03-03,0.996963036576882,273.3171403677,272.487086209493
2021-03-04,1.00028776914118,273.3171403677,273.395792606454
2021-03-05,1.03739395437146,280.618577777345,291.112016070534
2021-03-06,1.09769219821017,289.380302668919,317.650500555371
2021-03-07,1.17400331149493,302.279508759291,354.877144280467
2021-03-08,1.24505566860798,317.855908566533,395.748300761303
2021-03-09,1.28443462489197,324.670583482202,417.01813910842
2021-03-10,1.29138422933273,333.188927126787,430.274925879824
2021-03-11,1.26954297430788,342.924177006313,435.356979638676
2021-03-12,1.22439667744716,354.363095614757,433.8809968806
2021-03-13,1.15755681124381,360.691008036449,417.520333106986
2021-03-14,1.08001091322142,364.341726741271,393.493041022509
2021-03-15,1.01938105844263,375.537264102726,382.815573765686
2021-03-16,1.01179039059654,379.674745301525,384.151258848273
2021-03-17,1.03597821624395,388.19308894611,402.15958384462
2021-03-18,1.09098141913417,401.822438777447,438.380814497373
2021-03-19,1.15882784867954,406.933444964199,471.565808583615
2021-03-20,1.24586976397239,427.86423220518,533.063109989694
2021-03-21,1.30946956353046,440.033294554588,576.210206159269
2021-03-22,1.34535288420877,454.149406879901,610.991214407579
2021-03-23,1.32103207154636,474.836812873894,627.274658557271
2021-03-24,1.26891690729884,490.656593928125,622.60244771306
2021-03-25,1.18623225997959,504.52932500645,598.488961428377
2021-03-26,1.07435623771482,512.560906157059,550.673006738597
2021-03-27,0.942313265562955,523.999824765502,493.771986029197
2021-03-28,0.820638959163425,530.084355940206,435.007874127585
2021-03-29,0.73161943776827,532.518168410088,389.600642973577
2021-03-30,0.680933280818195,525.460112247431,357.80327817174
2021-03-31,0.677388846284605,520.835868554656,352.808408103879
2021-04-01,0.702650535253161,513.047668651035,360.493218988036
2021-04-02,0.767358637718431,510.127093687177,391.450431675055
2021-04-03,0.806098800226612,491.386737669089,396.106259682322
2021-04-04,0.839486207188163,480.921344048598,403.726835071192
2021-04-05,0.831432448750881,464.614800500392,386.295821305943
2021-04-06,0.822639531849279,440.276675801576,362.188998465565
2021-04-07,0.777195285737109,407.663588705163,316.834219308325
2021-04-08,0.733771735401117,378.214457819596,277.523079068077
2021-04-09,0.674656089142613,347.791801946076,234.639856936802
2021-04-10,0.679023696057991,328.077920940036,222.772682471724
2021-04-11,0.67614734519169,306.660371205078,207.347595865812
2021-04-12,0.73142669448784,285.486202717108,208.81222957526
2021-04-13,0.794921832596545,278.184765307464,221.135143438649
2021-04-14,0.911137403998608,265.285559217091,241.711595743379
2021-04-15,0.983837469179876,250.439303150814,246.391570195068
2021-04-16,1.07972967221494,243.624628235145,263.048739987819
2021-04-17,1.12391571872656,237.053334566465,266.427968895797
2021-04-18,1.17859387139467,226.101178451998,266.481463238637
2021-04-19,1.16119530250868,214.418878596566,248.982194595513
2021-04-20,1.13119647398592,209.794634903791,237.318951264331
2021-04-21,1.05011428501277,210.281397397768,220.819499279842
2021-04-22,1.01486189120774,207.604203680898,210.689594770273
2021-04-23,0.955024109941388,208.090966174874,198.731889758003
2021-04-24,0.946981701212742,202.493197494147,191.757352647015
2021-04-25,0.943702545238975,205.170391211016,193.619820393512
2021-04-26,1.00818051033806,211.741684879697,213.473839921853
2021-04-27,1.06717297718682,211.011541138732,225.1858145778
2021-04-28,1.15710551481007,214.905641090543,248.66850246966
2021-04-29,1.2108559705155,220.260028524282,266.703170604542
2021-04-30,1.27593414838351,221.476934759223,282.589984138599
2021-05-01,1.2799898461487,227.804847180915,291.587891295027
2021-05-02,1.27723998107198,234.619522096583,299.665433961758
2021-05-03,1.21267639820177,239.00038454237,289.830125495678
2021-05-04,1.16022772299822,240.704053271287,279.271515643388
2021-05-05,1.08988300916019,245.815059458039,267.909656699018
2021-05-06,1.10979461973493,251.656209385754,279.286707199198
2021-05-07,1.13928984374676,253.359878114672,288.650335948963
2021-05-08,1.27386254467275,264.06865298215,336.387166256149
2021-05-09,1.42727448583343,270.396565403842,385.930118857894
2021-05-10,1.77225458313551,294.978071349646,522.776238873883
2021-05-11,2.04827181685236,317.612527319545,650.556788387874
2021-05-12,2.33910791873497,340.490364536432,796.443707940125
2021-05-13,2.49469693704155,377.971076572608,942.923287015983
2021-05-14,2.6108467718248,456.339838102794,1191.43339316573
2021-05-15,2.53516481724327,528.137305964301,1338.91511675434
2021-05-16,2.4026747068466,606.992829988464,1458.40631985052
2021-05-17,2.08594238011309,692.906410175283,1445.36284643665
2021-05-18,1.81149971751253,772.248696693422,1398.92829590956
2021-05-19,1.49729802573352,849.643933235656,1272.17018381021
2021-05-20,1.23782990598369,939.694994621275,1163.1825668454
2021-05-21,0.999417035473333,1032.66663097075,1032.06462295702
2021-05-22,0.872029197696741,1070.6341055009,933.62420004672
2021-05-23,0.797674690260647,1114.68611120576,889.156898493899
2021-05-24,0.763833558770742,1147.54257954916,876.531532377993
2021-05-25,0.762743501663822,1189.16077278414,907.024651874629
2021-05-26,0.777710024514927,1216.17609119982,945.832337701481
2021-05-27,0.808691851654588,1228.10177230224,993.15589626338
2021-05-28,0.849361045808019,1194.75854146486,1014.78136426666
2021-05-29,0.898132634789577,1157.0344481817,1039.17039748773
2021-05-30,0.937914712963931,1122.47431110938,1052.78517131354
2021-05-31,0.950546785059803,1089.37446151899,1035.50139212313
2021-06-01,0.933859567597218,1057.24813691655,987.321287983858
2021-06-02,0.912036877423787,1023.17476233821,933.173115301769
2021-06-03,0.888636580382874,969.38750675383,861.433199067604
2021-06-04,0.857234938600444,915.113488675471,784.467255277155
2021-06-05,0.82291129373348,900.753995103169,741.24063544595
2021-06-06,0.796259861541059,883.717307813998,703.668621161412
2021-06-07,0.79453579471056,860.596089350123,683.7743977766
2021-06-08,0.819764389889279,828.956527241663,679.549041798998
2021-06-09,0.867488915657283,801.697827578989,695.463979131297
2021-06-10,0.932601265983434,783.200852807889,730.414106847942
2021-06-11,1.004521443946,767.867834247636,771.339705618125
2021-06-12,1.06728123263253,760.079634344014,811.218729041562
2021-06-13,1.11861631988567,747.667190747619,836.352721413361
2021-06-14,1.15296251595436,737.201797127128,849.966038781767
2021-06-15,1.16886840493717,721.382016072897,843.200646477488
2021-06-16,1.16780729841364,710.916622452407,830.213620263492
2021-06-17,1.14408085015366,719.191584850004,822.81331981855
2021-06-18,1.10010848215339,723.085684801815,795.472695174171
2021-06-19,1.05606506724565,733.551078422305,774.677668962173
2021-06-20,1.02184610251821,746.693665759666,763.006012131553
2021-06-21,0.995053684654106,745.720140771713,742.031573795672
2021-06-22,0.979055031292815,753.508340675334,737.726132059286
2021-06-23,0.963842572671816,771.27517170547,743.387845734497
2021-06-24,0.958804198940821,786.364809018736,753.96988078646
2021-06-25,0.949597586865395,788.068477747653,748.347924753857
2021-06-26,0.947776191420456,793.422865181392,751.987301347526
2021-06-27,0.93744843131296,788.311858994641,739.00171559993
2021-06-28,0.929080292093594,783.444234054878,727.882597814748
2021-06-29,0.921769273040892,780.52365909102,719.462725831546
2021-06-30,0.938097611268367,776.629559139209,728.554334268897
2021-07-01,0.953799109258867,758.375965615097,723.338320487013
2021-07-02,0.980940085796329,744.746615783761,730.551809183448
2021-07-03,1.0098841004465,745.476759524725,752.845126696401
2021-07-04,1.03985629490432,746.20690326569,775.947945661883
2021-07-05,1.06098681227228,744.746615783761,790.16633783098
2021-07-06,1.07448212322356,739.878990843997,794.986749010563
2021-07-07,1.08404040021649,739.635609597009,801.794882241909
2021-07-08,1.0924226398558,735.254747151223,803.20893184945
2021-07-09,1.09924502661581,742.556184560867,816.251192861347
2021-07-10,1.08938864218184,746.937047006654,813.704735433894
2021-07-11,1.08338750755077,759.106109356062,822.40607578183
2021-07-12,1.07460036540552,763.000209307872,819.920303726727
2021-07-13,1.06529888993863,777.359702880174,828.120428561272
2021-07-14,1.03934702161294,784.661140289818,815.53521913564
2021-07-15,1.01361037983081,798.533871368143,809.402220665235
2021-07-16,0.995623673751336,814.597033669362,811.032091288831
2021-07-17,0.99614560643737,808.999264988634,805.88106342949
2021-07-18,0.996134036361087,808.999264988634,805.871703246281
2021-07-19,1.00477980964671,819.951421103101,823.870632815527
2021-07-20,1.00757350717725,833.33738968745,839.648676389321
2021-07-21,1.00863752776096,839.178539615166,846.426967547497
2021-07-22,0.994162629440939,839.421920862154,834.521904054683
2021-07-23,0.967790155809629,844.289545801917,817.095111080078
2021-07-24,0.910982162388322,836.744727145284,762.259520901837
2021-07-25,0.868722824089217,834.310914675402,724.784933965273
2021-07-26,0.845235287036753,825.305808536841,697.577591971736
2021-07-27,0.872811632260157,801.941208825977,699.943615452085
2021-07-28,0.925366163075557,773.465602928363,715.738897252742
2021-07-29,1.03650625904245,772.248696693422,800.440607660107
2021-07-30,1.14715622205823,778.819990362103,893.428197807217
2021-07-31,1.26713555352903,789.528765229581,1000.43996895628
2021-08-01,1.36286522568826,796.586821392238,1085.64047811702
2021-08-02,1.42718621932907,802.91473381393,1145.90884339551
2021-08-03,1.42136109585689,812.649983693456,1155.06907137061
2021-08-04,1.35272806729106,840.882208344083,1137.48496451273
2021-08-05,1.20832455745596,890.775363976655,1076.34574746976
2021-08-06,1.04705685508725,894.912845175454,937.024629246595
2021-08-07,0.887162038387931,894.669463928465,793.716785302214
2021-08-08,0.727386669413269,889.071695247738,646.698899275861
2021-08-09,0.56525053967738,878.362920380259,496.495114777541
2021-08-10,0.413523411479664,871.061482970614,360.204316046543
2021-08-11,0.298589902097936,869.114432994709,259.508793459793
2021-08-12,0.214409488347601,818.73451486816,175.544448425404
2021-08-13,0.154627501838773,752.048053193405,116.287311728009
2021-08-14,0.110601012926648,689.985835211425,76.3131322794227
2021-08-15,0.103237546932875,624.029517277635,64.4232765774491
2021-08-16,0.228686565998915,557.099674355891,127.401211447563
2021-08-17,0.361459675242613,485.788968988362,175.593122966977
2021-08-18,0.501317908612297,393.304095132862,197.170386420658
2021-08-19,1.05530588706071,288.650158927954,304.614212017679
2021-08-20,1.61931972789116,222.693840994164,360.612530001706
2021-08-21,2.18027210884354,172.070541620627,375.160602649054
2021-08-22,2.71428571428571,120.717098506126,327.660695945199
2021-08-23,3.12987012987013,88.347392656701,276.515865328116
2021-08-24,3.55844155844156,65.2261741928261,232.103528945901
2021-08-25,3.75844155844156,53.0571118434182,199.412054123185
2021-08-26,3.41377183967112,57.1945930422169,195.24929110897
2021-08-27,3.01359437738186,71.31070536753,214.901540742723
2021-08-28,2.55890049983084,86.8871051747721,222.335456860579
2021-08-29,2.06324146273534,104.167173710931,214.922031856347
2021-08-30,1.53102857758127,118.770048530221,181.840338460483
2021-08-31,0.995314291866988,130.208967138664,129.598845922351
2021-09-01,0.692427541311843,136.293498313368,94.3733719339153
2021-09-02,0.527606750591772,139.457454524214,73.5786944273204
2021-09-03,0.424630868209826,140.917742006143,59.8380231342367
2021-09-04,0.359212203387654,145.785366945906,52.3678828823166
2021-09-05,0.324977295998886,148.949323156752,48.4051482803456
2021-09-06,0.337594169018215,142.378029488072,48.0659925514766
