"fecha","rho7dpromedio","incidenciaAcum14d","riesgopor10"
2020-01-03,0.75,0.270091425947683,0.202568569460762
2020-01-04,0.8,0.270091425947683,0.216073140758147
2020-01-05,0.833333333333333,0.270091425947683,0.225076188289736
2020-01-06,0.714285714285714,0.270091425947683,0.192922447105488
2020-01-07,0.571428571428571,0.540182851895367,0.308675915368781
2020-01-08,0.428571428571429,0.540182851895367,0.231506936526586
2020-01-09,0.428571428571429,0.540182851895367,0.231506936526586
2020-01-10,0.285714285714286,0.540182851895367,0.15433795768439
2020-01-11,0.142857142857143,0.540182851895367,0.0771689788421952
2020-01-12,0,0.540182851895367,0
2020-01-13,0.142857142857143,0.540182851895367,0.0771689788421952
2020-01-14,0.285714285714286,0.540182851895367,0.15433795768439
2020-01-15,0.428571428571429,0.540182851895367,0.231506936526586
2020-01-16,0.428571428571429,0.540182851895367,0.231506936526586
2020-01-17,0.428571428571429,0.540182851895367,0.231506936526586
2020-01-18,0.428571428571429,0.540182851895367,0.231506936526586
2020-01-19,0.428571428571429,0.540182851895367,0.231506936526586
2020-01-20,0.285714285714286,0.540182851895367,0.15433795768439
2020-01-21,0.142857142857143,0.270091425947683,0.0385844894210976
2020-01-22,0,0.270091425947683,0
2020-01-23,0,0.270091425947683,0
2020-01-24,0,0.270091425947683,0
2020-01-25,0,0.270091425947683,0
2020-01-26,0,0.270091425947683,0
2020-01-27,0,0.270091425947683,0
2020-01-28,0,0.270091425947683,0
2020-01-29,0,0.270091425947683,0
2020-01-30,0,0.270091425947683,0
2020-01-31,0,0,0
2020-02-01,0,0,0
2020-02-02,0,0,0
2020-02-03,0,0,0
2020-02-04,0,0,0
2020-02-05,0,0,0
2020-02-06,0,0,0
2020-02-07,0,0,0
2020-02-08,0,0,0
2020-02-09,0,0,0
2020-02-10,0,0,0
2020-02-11,0,0,0
2020-02-12,0,0,0
2020-02-13,0,0,0
2020-02-14,0,0,0
2020-02-15,0,0,0
2020-02-16,0,0,0
2020-02-17,0,0,0
2020-02-18,0,0,0
2020-02-19,0,0,0
2020-02-20,0,0,0
2020-02-21,0,0,0
2020-02-22,0,0,0
2020-02-23,0,0,0
2020-02-24,0,0,0
2020-02-25,0.142857142857143,0,0
2020-02-26,0.285714285714286,0,0
2020-02-27,0.428571428571429,0,0
2020-02-28,0.428571428571429,0,0
2020-02-29,0.428571428571429,0.270091425947683,0.115753468263293
2020-03-01,0.428571428571429,0.270091425947683,0.115753468263293
2020-03-02,0.428571428571429,0.270091425947683,0.115753468263293
2020-03-03,0.285714285714286,0.270091425947683,0.0771689788421952
2020-03-04,0.142857142857143,0.270091425947683,0.0385844894210976
2020-03-05,0,0.270091425947683,0
2020-03-06,0,0.270091425947683,0
2020-03-07,0,0.270091425947683,0
2020-03-08,0,0.270091425947683,0
2020-03-09,0,0.270091425947683,0
2020-03-10,0,0.270091425947683,0
2020-03-11,0,0.270091425947683,0
2020-03-12,0,0.270091425947683,0
2020-03-13,0.142857142857143,0.270091425947683,0.0385844894210976
2020-03-14,0.285714285714286,0,0
2020-03-15,0.428571428571429,0,0
2020-03-16,0.428571428571429,0,0
2020-03-17,0.428571428571429,0.270091425947683,0.115753468263293
2020-03-18,0.428571428571429,0.270091425947683,0.115753468263293
2020-03-19,0.428571428571429,0.270091425947683,0.115753468263293
2020-03-20,0.285714285714286,0.270091425947683,0.0771689788421952
2020-03-21,0.142857142857143,0.270091425947683,0.0385844894210976
2020-03-22,0,0.270091425947683,0
2020-03-23,0,0.270091425947683,0
2020-03-24,0,0.270091425947683,0
2020-03-25,0,0.270091425947683,0
2020-03-26,0,0.270091425947683,0
2020-03-27,0,0.270091425947683,0
2020-03-28,0,0.270091425947683,0
2020-03-29,0,0.270091425947683,0
2020-03-30,0.142857142857143,0.270091425947683,0.0385844894210976
2020-03-31,0.285714285714286,0,0
2020-04-01,0.428571428571429,0,0
2020-04-02,0.428571428571429,0,0
2020-04-03,0.428571428571429,0.270091425947683,0.115753468263293
2020-04-04,0.428571428571429,0.270091425947683,0.115753468263293
2020-04-05,0.857142857142857,0.270091425947683,0.231506936526586
2020-04-06,1.28571428571429,0.270091425947683,0.347260404789879
2020-04-07,1.71428571428571,0.270091425947683,0.463013873053171
2020-04-08,1.71428571428571,0.270091425947683,0.463013873053171
2020-04-09,1.71428571428571,1.08036570379073,1.85205549221269
2020-04-10,1.71428571428571,1.35045712973842,2.31506936526586
2020-04-11,1.71428571428571,1.35045712973842,2.31506936526586
2020-04-12,1.28571428571429,1.35045712973842,1.73630202394939
2020-04-13,0.714285714285714,1.35045712973842,0.96461223552744
2020-04-14,0.142857142857143,1.35045712973842,0.192922447105488
2020-04-15,0.142857142857143,1.35045712973842,0.192922447105488
2020-04-16,0.428571428571429,1.35045712973842,0.578767341316464
2020-04-17,0.857142857142857,1.08036570379073,0.926027746106343
2020-04-18,1.14285714285714,1.08036570379073,1.23470366147512
2020-04-19,1.57142857142857,1.35045712973842,2.12214691816037
2020-04-20,1.85714285714286,1.6205485556861,3.00959017484561
2020-04-21,2.14285714285714,1.89063998163378,4.05137138921525
2020-04-22,2.14285714285714,1.89063998163378,4.05137138921525
2020-04-23,2.07142857142857,1.6205485556861,3.35685057963549
2020-04-24,1.78571428571429,1.35045712973842,2.4115305888186
2020-04-25,1.71428571428571,1.89063998163378,3.2410971113722
2020-04-26,1.53571428571429,2.16073140758147,3.3182660902144
2020-04-27,1.53571428571429,2.16073140758147,3.3182660902144
2020-04-28,1.48809523809524,2.70091425947683,4.019217648031
2020-04-29,1.39285714285714,2.97100568542452,4.13818649041272
2020-04-30,1.22619047619048,4.05137138921525,4.96775301296632
2020-05-01,1.10374149659864,4.32146281516293,4.76977783510331
2020-05-02,0.913265306122449,4.32146281516293,3.94664206078656
2020-05-03,0.663265306122449,4.05137138921525,2.68713408468358
2020-05-04,0.377551020408163,4.05137138921525,1.52959940205066
2020-05-05,0.282312925170068,3.78127996326757,1.06750420731703
2020-05-06,0.520408163265306,3.78127996326757,1.96780896047598
2020-05-07,0.901360544217687,3.2410971113722,2.92139705616882
2020-05-08,1.30952380952381,3.2410971113722,4.24429383632074
2020-05-09,1.71428571428571,2.97100568542452,5.09315260358488
2020-05-10,2.14285714285714,2.97100568542452,6.36644075448111
2020-05-11,2.28571428571429,3.2410971113722,7.40822196885074
2020-05-12,2.19047619047619,2.97100568542452,6.5079172156918
2020-05-13,1.9047619047619,2.97100568542452,5.65905844842765
2020-05-14,1.47619047619048,2.16073140758147,3.1896511254774
2020-05-15,1.0952380952381,1.89063998163378,2.07070093226557
2020-05-16,0.738095238095238,1.89063998163378,1.39547236739636
2020-05-17,0.880952380952381,1.89063998163378,1.66556379334405
2020-05-18,1.30952380952381,1.6205485556861,2.12214691816037
2020-05-19,1.83333333333333,1.89063998163378,3.46617329966194
2020-05-20,2.4047619047619,1.89063998163378,4.54653900345267
2020-05-21,2.54761904761905,2.97100568542452,7.56899067477198
2020-05-22,2.52857142857143,4.05137138921525,10.2441819413014
2020-05-23,2.475,4.05137138921525,10.0271441883077
2020-05-24,1.93531746031746,3.78127996326757,7.31797713526029
2020-05-25,1.56388888888889,3.51118853731988,5.49110874030859
2020-05-26,1.56388888888889,3.51118853731988,5.49110874030859
2020-05-27,1.56388888888889,3.2410971113722,5.06871576028486
2020-05-28,1.99246031746032,3.2410971113722,6.45775737944437
2020-05-29,2.39246031746032,4.8616456670583,11.6312943359899
2020-05-30,2.49705215419501,5.13173709300598,12.814215162853
2020-05-31,2.57244897959184,5.94201137084903,15.2855210876637
2020-06-01,2.51530612244898,6.4821942227444,16.3047028153724
2020-06-02,2.11054421768708,6.4821942227444,13.6809575347378
2020-06-03,1.68197278911565,7.29246850058745,12.2657335834711
2020-06-04,1.27721088435374,6.75228564869208,8.62409272477509
2020-06-05,1.0391156462585,7.02237707463977,7.2970618921852
2020-06-06,1.0452380952381,6.75228564869208,7.05774618994244
2020-06-07,1.06054421768707,7.02237707463977,7.44754140092748
2020-06-08,1.22721088435374,8.64292563032587,10.6066924061958
2020-06-09,1.44829931972789,8.64292563032587,12.5175433108597
2020-06-10,1.69829931972789,9.18310848222123,15.5956668883437
2020-06-11,1.81734693877551,9.7232913341166,17.6705937408792
2020-06-12,2.0078231292517,10.263474186012,20.6072408571526
2020-06-13,2.02210884353741,12.1541141676457,24.5769417437599
2020-06-14,1.98988542785535,12.9643884454888,25.7976476487345
2020-06-15,1.7388031767731,13.5045712973842,23.4817914728504
2020-06-16,1.44628616997038,14.8550284271226,21.4846221686642
2020-06-17,1.14271474139895,14.8550284271226,16.9750599675735
2020-06-18,0.955901554585765,15.1251198530703,14.4581255808459
2020-06-19,0.646377745061956,14.5849370011749,9.42737869069011
2020-06-20,0.63050472918894,16.205485556861,10.2176352824039
2020-06-21,0.659326784326784,16.205485556861,10.6847106806593
2020-06-22,0.743742368742369,15.1251198530703,11.2491924670347
2020-06-23,0.838980463980464,15.6653027049656,13.1428829318065
2020-06-24,1.10683760683761,15.9353941309133,17.6378935038741
2020-06-25,1.29365079365079,16.205485556861,20.9642392521297
2020-06-26,1.47936507936508,14.8550284271226,21.9760103080607
2020-06-27,1.5952380952381,14.0447541492795,22.404726857184
2020-06-28,1.66666666666667,14.3148455752272,23.858075958712
2020-06-29,1.66666666666667,14.3148455752272,23.858075958712
2020-06-30,1.57440476190476,14.5849370011749,22.9625942667307
2020-07-01,1.35218253968254,15.3952112790179,20.8171358862118
2020-07-02,1.21772875816993,15.3952112790179,18.7471915125623
2020-07-03,1.13915732959851,16.205485556861,18.4605976518009
2020-07-04,1.04868113912232,15.1251198530703,15.8614279168793
2020-07-05,1.05301014345132,17.2858512606517,18.2021767156571
2020-07-06,1.0698168661404,18.6363083903901,19.9374370386331
2020-07-07,1.13826924709278,18.9063998163378,21.5205734841779
2020-07-08,1.18192004074357,19.4465826682332,22.9843057795614
2020-07-09,1.22708810797046,19.9867655201286,24.5255222865438
2020-07-10,1.27708810797046,21.337222649867,27.2495133032631
2020-07-11,1.30515828340906,21.8774055017623,28.553477010124
2020-07-12,1.26681567363788,22.6876797796054,28.7411083432812
2020-07-13,1.20429466523452,22.9577712055531,27.6479213885221
2020-07-14,1.14801760895746,23.4979540574484,26.9760650324242
2020-07-15,1.09444618038603,24.5783197612392,26.8996481829947
2020-07-16,1.08254141848127,24.8484111871869,26.8994342935831
2020-07-17,1.04030539363655,24.0381369093438,25.0070034797641
2020-07-18,1.13716519018675,26.1988683169253,29.7924410722939
2020-07-19,1.21599672279979,25.9287768909776,31.5293077256357
2020-07-20,1.29572461395625,27.5493254466637,35.6963390791335
2020-07-21,1.29593408190766,28.8997825764021,37.4522132004806
2020-07-22,1.28521979619337,30.5203311320882,39.2253337573366
2020-07-23,1.21757910355268,31.0605139839836,37.8186327725042
2020-07-24,1.22001921003005,30.7904225580359,37.5649070057465
2020-07-25,1.14600498895701,31.3306054099313,35.9050301068247
2020-07-26,1.19047277607185,30.7904225580359,36.6551598190904
2020-07-27,1.26955440872492,32.1408796877743,40.804595507911
2020-07-28,1.47112464255321,34.8417939472511,51.2566216665626
2020-07-29,1.57305514448372,34.3016110953558,53.9583257976291
2020-07-30,1.71485928628786,38.6230739105187,66.2331369604353
2020-07-31,1.70237556939685,41.8641710218909,71.2685419807185
2020-08-01,1.69176989600048,45.6454509851585,77.2215998660563
2020-08-02,1.54760121157755,48.0762738186876,74.4028996099352
2020-08-03,1.44726107552313,51.5874623560075,74.6605262528645
2020-08-04,1.2886098870212,53.2080109116936,68.5643689295401
2020-08-05,1.23249219297247,54.8285594673797,67.5757714954722
2020-08-06,1.14375567320147,59.1500222825426,67.6531735556513
2020-08-07,1.13328020641901,62.6612108198625,71.0127099323988
2020-08-08,1.09749784162406,67.7929479128685,74.4026140117057
2020-08-09,1.08492049430095,70.2237707463977,76.1872080698585
2020-08-10,1.08535220544695,74.0050507096652,80.3215450019484
2020-08-11,1.08504319151042,75.3555078394036,81.763980723955
2020-08-12,1.10736225176052,78.3265135248282,86.7358243894042
2020-08-13,1.10585500964596,78.0564220988805,86.319085413087
2020-08-14,1.138195365143,82.9180677659388,94.3769604178049
2020-08-15,1.1623732191523,82.3778849140434,95.7538472744946
2020-08-16,1.23626854304763,85.3488905994679,105.514148632136
2020-08-17,1.25406279698646,86.159164877311,108.049003292058
2020-08-18,1.27626055886501,89.9404448405785,114.787442396805
2020-08-19,1.25663367412185,93.9918162297938,118.113281366232
2020-08-20,1.25326954239951,98.5833704709044,123.551535598272
2020-08-21,1.21617728614217,100.744101878486,122.522688417407
2020-08-22,1.19492103576864,100.744101878486,120.381246564222
2020-08-23,1.16443104651576,107.496387527178,125.172131024936
2020-08-24,1.13928088318021,110.197301786655,125.545679303576
2020-08-25,1.08750038519718,114.24867317587,124.245476087025
2020-08-26,1.0452065819327,119.920593120771,125.341793239103
2020-08-27,1.02298435971047,123.971964509987,126.821380736298
2020-08-28,1.02247619184156,122.621507380248,125.377571904027
2020-08-29,1.01530698752617,124.242055935934,126.143827536371
2020-08-30,1.01555244653451,127.753244473254,129.740119977535
2020-08-31,1.01855806704487,131.804615862469,134.250654760468
2020-09-01,1.03399616876615,135.315804399789,139.916023322892
2020-09-02,1.04173324510987,132.88498156626,138.430703073386
2020-09-03,1.05746063698405,132.614890140312,140.235026201345
2020-09-04,1.08465948112348,135.855987251685,147.35748463993
2020-09-05,1.08733822252295,136.39617010358,148.308769159365
2020-09-06,1.05184038702512,136.936352955475,144.035186490495
2020-09-07,1.01543494041891,140.447541492795,142.615340927719
2020-09-08,1.01568569529557,142.608272900377,144.845182815719
2020-09-09,1.0147809170885,136.666261529528,138.686314209991
2020-09-10,1.03094128031636,137.206444381423,141.451787438239
2020-09-11,1.04686368888374,139.9073586409,146.463933568794
2020-09-12,1.12133754765478,144.228821456063,161.72919295268
2020-09-13,1.14997501188546,144.228821456063,165.859540668162
2020-09-14,1.18218969493455,146.389552863644,173.060220841476
2020-09-15,1.17634683175923,148.820375697173,175.064377452589
2020-09-16,1.18592240111741,154.762387068023,183.536181674372
2020-09-17,1.15017364215437,153.682021364232,176.761010246144
2020-09-18,1.10342253847257,155.302569919918,171.36435593235
2020-09-19,1.02883947005178,159.624032735081,164.227505246688
2020-09-20,1.01300638893797,160.164215586976,162.247373668846
2020-09-21,1.00836062819465,161.514672716715,162.86503684328
2020-09-22,1.03560254685993,161.514672716715,167.265006420677
2020-09-23,1.07012635638374,167.186592661616,178.910779241187
2020-09-24,1.12885278467538,169.07723264325,190.86330489454
2020-09-25,1.1878732216028,173.938878310308,206.617335740443
2020-09-26,1.23140038940247,179.070615403314,220.507625538182
2020-09-27,1.25233017335309,182.851895366582,228.990945822373
2020-09-28,1.25315119141549,188.523815311483,236.248843767779
2020-09-29,1.23305021908939,192.845278126646,237.787912444414
2020-09-30,1.18689637293554,194.73591810828,231.13135488299
2020-10-01,1.14542380564776,203.378843738606,232.954969183314
2020-10-02,1.0860850595785,205.809666572135,223.526803980829
2020-10-03,1.06773545886865,210.941403665141,225.229616436797
2020-10-04,1.06544644239524,212.291860794879,226.18560783337
2020-10-05,1.13563628481739,223.635700684682,253.968816278085
2020-10-06,1.17257399183737,227.146889222002,266.346534628483
2020-10-07,1.20269996342675,234.709449148537,282.285045906859
2020-10-08,1.1821965697616,246.593471890235,291.521956594238
2020-10-09,1.16577538786488,259.017677483828,301.95643343257
2020-10-10,1.11036722459957,261.448500317357,290.303845673105
2020-10-11,1.04955948257393,259.827951761671,272.704890609223
2020-10-12,0.961252017348833,264.149414576834,253.914157643495
2020-10-13,0.900707799661758,265.499871706573,239.137805255306
2020-10-14,0.864354721845266,268.470877391997,232.054070551714
2020-10-15,0.829373421632873,263.879323150887,218.854497139817
2020-10-16,0.825131206205852,271.171791651474,223.752307534383
2020-10-17,0.828411089587776,264.149414576834,218.824304343569
2020-10-18,0.867800863139539,264.959688854677,229.932246685273
2020-10-19,0.889995427063763,257.127037502195,228.841887551406
2020-10-20,0.935737268103977,256.586854650299,240.097882401863
2020-10-21,0.958739689411483,252.805574687032,242.374738156936
2020-10-22,1.00326659108124,245.243014760496,246.04412340525
2020-10-23,1.01185970574646,236.329997704223,239.132801936057
2020-10-24,1.00512678369051,230.928169185269,232.112087956726
2020-10-25,0.96551807198877,232.548717740955,224.529989596708
2020-10-26,0.903801930986915,227.957163499845,206.028124553459
2020-10-27,0.836025354264719,220.664694999257,184.48127981047
2020-10-28,0.786168004939494,213.642317924617,167.958754853446
2020-10-29,0.763324776739123,212.291860794879,162.047637244784
2020-10-30,0.750483390184501,196.356466663966,147.362266786623
2020-10-31,0.796052331823494,199.32747234939,158.675099160215
2020-11-01,0.82051545040426,195.006009534227,160.005443744514
2020-11-02,0.86575062063943,189.334089589326,163.91610557016
2020-11-03,0.881168163989934,183.392078218477,161.599260854074
2020-11-04,0.925779347052043,180.961255384948,167.530192851995
2020-11-05,0.930058478059285,171.778146902727,159.763721872194
2020-11-06,0.934416471256564,162.05485556861,151.426726290413
2020-11-07,0.897552669131941,159.894124161029,143.513397919245
2020-11-08,0.875143705546506,154.762387068023,135.439328897932
2020-11-09,0.826044036977811,143.41854717822,118.470035688589
2020-11-10,0.787082998016772,140.447541492795,110.543872022234
2020-11-11,0.744564838210477,138.286810085214,102.96349637774
2020-11-12,0.720755314400953,128.833610177045,92.8575092085658
2020-11-13,0.719836027767381,129.37379302894,93.1279172711516
2020-11-14,0.756616893960012,121.000958824562,91.5513696320235
2020-11-15,0.819209203611145,116.679496009399,95.5849170036096
2020-11-16,0.875562879433847,111.817850342341,97.903559017843
2020-11-17,0.902215331459434,108.036570379073,97.472250154296
2020-11-18,0.905888800847189,103.71510756391,93.954354420808
2020-11-19,0.874398785486206,100.744101878486,88.0905203274466
2020-11-20,0.828549364636785,97.7730961930613,81.0098367293322
2020-11-21,0.761962826175246,88.5899877108401,67.5022774069821
2020-11-22,0.707530302177505,83.1881591918865,58.8581434106258
2020-11-23,0.661264068411271,78.3265135248282,51.7945089978983
2020-11-24,0.645889811874407,72.3845021539791,46.7524124788561
2020-11-25,0.751502056772366,70.2237707463977,52.7733081502289
2020-11-26,0.873724278994588,68.0630393388162,59.4683299724874
2020-11-27,1.03443856470887,63.2013936717579,65.3779589574137
2020-11-28,1.08606586885634,61.3107536901241,66.5875169767016
2020-11-29,1.17556332791902,65.632216505287,77.1548268536566
2020-11-30,1.15097059608944,61.5808451160718,70.8777420109367
2020-12-01,1.13852144041337,59.4201137084903,67.6510734489164
2020-12-02,1.02565295968774,54.0182851895367,55.4040140819048
2020-12-03,1.02680736084214,52.6678280597982,54.0797135313692
2020-12-04,1.02104699217855,49.426730948426,50.4670149681088
2020-12-05,1.14939653988294,49.6968223743737,57.121355680282
2020-12-06,1.18143117191757,50.5070966522168,59.6706583879823
2020-12-07,1.27090485612809,51.3173709300598,65.2194959187397
2020-12-08,1.327631371871,53.2080109116936,70.6406245212191
2020-12-09,1.35552680677452,52.6678280597982,71.392652789648
2020-12-10,1.31705584377526,54.8285594673797,72.2122746522918
2020-12-11,1.2623205856167,56.7191994490135,71.5978130641889
2020-12-12,1.23514405844017,57.5294737268565,71.0571876589167
2020-12-13,1.22323929653541,51.3173709300598,62.773424716533
2020-12-14,1.25116137445749,55.9089251711704,69.9510876616023
2020-12-15,1.23994079427139,58.0696565787519,72.0029361013244
2020-12-16,1.23562812580778,63.4714850977056,78.4271521735141
2020-12-17,1.18002649473445,64.2817593755486,75.8541791912918
2020-12-18,1.10112119989762,66.1723993571824,72.8638317802851
2020-12-19,0.975693995523045,68.0630393388162,66.4086987999318
2020-12-20,0.881924998562559,67.5228564869208,59.5500951101675
2020-12-21,0.836969953607514,68.8733136166592,57.6448941025311
2020-12-22,0.835492121095199,66.7125822090778,55.7378368136002
2020-12-23,0.884896882999961,66.9826736350254,59.2727591146377
2020-12-24,0.985844954536268,66.9826736350254,66.0345308444393
2020-12-25,1.16436152245376,68.6032221907116,79.8789522352103
2020-12-26,1.24662600719502,68.0630393388162,84.8491549685061
2020-12-27,1.31701838077888,69.95367932045,92.1302814681444
2020-12-28,1.34573965950016,72.3845021539791,97.4106952817847
2020-12-29,1.37827934203985,73.4648678577699,101.255109734051
2020-12-30,1.35072331963088,69.1434050426069,93.3936095897327
2020-12-31,1.32047121879055,72.1144107280314,95.2250038264057
2021-01-01,1.25149608775453,75.6255992653513,94.6451416146787
2021-01-02,1.24141205414108,76.4358735431944,94.8884147853248
2021-01-03,1.17463423736326,79.9470620805143,93.9085562963783
2021-01-04,1.13631453237689,85.0787991735202,96.6762758980461
2021-01-05,1.10853675459911,88.8600791367878,98.5046637397152
2021-01-06,1.11677920051365,90.7507191184216,101.34851554311
2021-01-07,1.08977763065494,92.10117624816,100.369801632253
2021-01-08,1.05451106501229,95.0721819335845,100.254667823826
2021-01-09,1.00122921173043,99.1235533227998,99.2453971573064
2021-01-10,0.991859842361064,102.904833286067,102.06717172131
2021-01-11,0.957588980020026,100.474010452538,96.2128051877675
2021-01-12,0.933261857866817,99.9338276006428,93.2644296103181
2021-01-13,0.913884958170769,103.174924712015,94.290011754712
2021-01-14,0.914194798706173,101.284284730381,92.5935662911896
2021-01-15,0.898963706269198,99.6637361746951,89.5940816522395
2021-01-16,0.886174130979623,99.6637361746951,88.3194247947929
2021-01-17,0.911810352681418,100.20391902659,91.3669707476958
2021-01-18,0.939874018339069,96.1525476373752,90.3712813214786
2021-01-19,0.969457788606069,94.8020905076368,91.906625018766
2021-01-20,0.964758540485768,91.8310848222123,88.5948233643024
2021-01-21,0.962878841237648,94.8020905076368,91.2829270549
2021-01-22,0.963304011305675,92.9114505260031,89.5019729879275
2021-01-23,0.965835994248106,89.6703534146309,86.606854944799
2021-01-24,0.969680938146879,86.4292563032587,83.8088023354809
2021-01-25,0.981537385271183,84.2685248956772,82.7127075867626
2021-01-26,1.00961407049073,86.159164877311,86.9875051618635
2021-01-27,1.02264665194436,83.1881591918865,85.0720924789971
2021-01-28,1.06059308051579,86.159164877311,91.379814091895
2021-01-29,1.03740634103126,85.3488905994679,88.5414803078715
2021-01-30,1.03677716839328,83.9984334697295,87.0876580022176
2021-01-31,0.985837669459379,84.2685248956772,83.0750861919341
2021-02-01,0.96600348578591,86.4292563032587,83.4909628628317
2021-02-02,0.924733644516069,83.1881591918865,76.9268896300961
2021-02-03,0.924472718227745,83.7283420437818,77.4045679619174
2021-02-04,0.898841560592277,81.5676106362004,73.3163584380255
2021-02-05,0.92338884429449,80.4872449324096,74.3210240785853
2021-02-06,0.902845683112848,82.6479763399911,74.6183686565737
2021-02-07,0.893102202387224,82.6479763399911,73.8130896920932
2021-02-08,0.848204243203551,81.2975192102527,68.9569007560585
2021-02-09,0.793782474496068,76.9760563950897,61.1022445222432
2021-02-10,0.724202130943121,77.7863306729328,56.3330264315842
2021-02-11,0.662197419013372,72.9246850058745,48.2905381932532
2021-02-12,0.612197419013372,69.6835878945023,42.6601126566057
2021-02-13,0.652371383335943,67.2527650609731,43.8737793759942
2021-02-14,0.744525578347281,60.5004794122811,45.0441544247163
2021-02-15,0.893335102156805,55.9089251711704,49.9454053792647
2021-02-16,1.02236004546746,56.7191994490135,57.9874433275715
2021-02-17,1.13113688953842,54.8285594673797,62.0186062138044
2021-02-18,1.19627034597623,52.3977366338506,62.6818585313477
2021-02-19,1.20430606026194,51.3173709300598,61.8018208077811
2021-02-20,1.13764696419108,48.3463652446353,55.0010956502326
2021-02-21,1.020723887268,45.1052681332631,46.04002462525
2021-02-22,0.887593805967192,45.3753595592108,40.2748880882897
2021-02-23,0.795956175305171,41.5940795959432,33.1070645105258
2021-02-24,0.781322735722441,38.8931653364664,30.3881143415932
2021-02-25,0.815568161272215,39.4333481883618,32.1605832747892
2021-02-26,0.884516573970627,39.1632567624141,34.6405496970225
2021-02-27,0.864284913738967,39.4333481883618,34.0816479374169
2021-02-28,0.835387884841938,41.5940795959432,34.7471901756022
2021-03-01,0.799938034169962,39.4333481883618,31.5442350305377
2021-03-02,0.82350494230398,37.0025253548326,30.471762507433
2021-03-03,0.767516275592363,34.8417939472511,26.7416439253507
2021-03-04,0.622438822751323,32.6810625396697,20.3419620934543
