"fecha","rho7dpromedio","incidenciaAcum14d","riesgopor10"
2020-01-01,0,0,0
2020-01-02,0,0,0
2020-01-03,0,0,0
2020-01-04,0,0,0
2020-01-05,0,0,0
2020-01-06,0,0,0
2020-01-07,0,0,0
2020-01-08,0,0,0
2020-01-09,0,0,0
2020-01-10,0,0,0
2020-01-11,0,0,0
2020-01-12,0,0,0
2020-01-13,0,0,0
2020-01-14,0,0,0
2020-01-15,0,0,0
2020-01-16,0,0,0
2020-01-17,0,0,0
2020-01-18,0,0,0
2020-01-19,0,0,0
2020-01-20,0,0,0
2020-01-21,0,0,0
2020-01-22,0,0,0
2020-01-23,0,0,0
2020-01-24,0,0,0
2020-01-25,0,0,0
2020-01-26,0,0,0
2020-01-27,0,0,0
2020-01-28,0,0,0
2020-01-29,0,0,0
2020-01-30,0,0,0
2020-01-31,0,0,0
2020-02-01,0,0,0
2020-02-02,0,0,0
2020-02-03,0,0,0
2020-02-04,0,0,0
2020-02-05,0,0,0
2020-02-06,0,0,0
2020-02-07,0,0,0
2020-02-08,0,0,0
2020-02-09,0,0,0
2020-02-10,0,0,0
2020-02-11,0,0,0
2020-02-12,0,0,0
2020-02-13,0,0,0
2020-02-14,0,0,0
2020-02-15,0,0,0
2020-02-16,0,0,0
2020-02-17,0,0,0
2020-02-18,0,0,0
2020-02-19,0,0,0
2020-02-20,0,0,0
2020-02-21,0,0,0
2020-02-22,0,0,0
2020-02-23,0,0,0
2020-02-24,0,0,0
2020-02-25,0,0,0
2020-02-26,0,0,0
2020-02-27,0,0,0
2020-02-28,0,0,0
2020-02-29,0,0,0
2020-03-01,0,0,0
2020-03-02,0,0,0
2020-03-03,0,0,0
2020-03-04,0,0,0
2020-03-05,0,0,0
2020-03-06,0,0,0
2020-03-07,0,0,0
2020-03-08,0,0,0
2020-03-09,0,0,0
2020-03-10,0,0,0
2020-03-11,0.142857142857143,0,0
2020-03-12,0.428571428571429,0,0
2020-03-13,0.857142857142857,0,0
2020-03-14,1.14285714285714,0,0
2020-03-15,1.28571428571429,0.697739324588334,0.897093417327858
2020-03-16,1.42857142857143,1.39547864917667,1.99354092739524
2020-03-17,1.57142857142857,2.093217973765,3.28934253020215
2020-03-18,1.57142857142857,2.093217973765,3.28934253020215
2020-03-19,1.5,2.093217973765,3.1398269606475
2020-03-20,1.35714285714286,2.79095729835334,3.78772776205096
2020-03-21,1.21428571428571,3.48869662294167,4.23627447071488
2020-03-22,1.21428571428571,4.18643594753,5.08352936485786
2020-03-23,1.16666666666667,4.88417527211834,5.69820448413806
2020-03-24,1.11904761904762,4.88417527211834,5.46562470927528
2020-03-25,1.04761904761905,4.88417527211834,5.11675504698111
2020-03-26,0.976190476190476,6.279653921295,6.13013835174036
2020-03-27,0.761904761904762,6.279653921295,4.78449822574857
2020-03-28,0.69047619047619,6.279653921295,4.33595151708465
2020-03-29,0.619047619047619,6.279653921295,3.88740480842072
2020-03-30,0.80952380952381,5.58191459670667,4.51869276876254
2020-03-31,0.857142857142857,4.88417527211834,4.18643594753
2020-04-01,1.07142857142857,5.58191459670667,5.98062278218572
2020-04-02,1.07142857142857,5.58191459670667,5.98062278218572
2020-04-03,1.14285714285714,5.58191459670667,6.37933096766477
2020-04-04,1.07142857142857,4.88417527211834,5.2330449344125
2020-04-05,1.14285714285714,4.88417527211834,5.58191459670667
2020-04-06,0.928571428571429,4.18643594753,3.88740480842072
2020-04-07,0.928571428571429,4.18643594753,3.88740480842072
2020-04-08,0.642857142857143,4.18643594753,2.69128025198357
2020-04-09,0.5,3.48869662294167,1.74434831147083
2020-04-10,0.642857142857143,3.48869662294167,2.24273354331964
2020-04-11,0.928571428571429,3.48869662294167,3.23950400701726
2020-04-12,1.07142857142857,2.79095729835334,2.99031139109286
2020-04-13,1.28571428571429,2.79095729835334,3.58837366931143
2020-04-14,1.42857142857143,4.18643594753,5.98062278218572
2020-04-15,1.57142857142857,3.48869662294167,5.48223755033691
2020-04-16,1.57142857142857,3.48869662294167,5.48223755033691
2020-04-17,1.28571428571429,4.18643594753,5.38256050396715
2020-04-18,1,4.18643594753,4.18643594753
2020-04-19,0.714285714285714,3.48869662294167,2.49192615924405
2020-04-20,0.428571428571429,3.48869662294167,1.49515569554643
2020-04-21,0.142857142857143,3.48869662294167,0.49838523184881
2020-04-22,0,3.48869662294167,0
2020-04-23,0,2.79095729835334,0
2020-04-24,0,2.79095729835334,0
2020-04-25,0,2.79095729835334,0
2020-04-26,0.142857142857143,2.79095729835334,0.398708185479048
2020-04-27,0.285714285714286,2.79095729835334,0.797416370958096
2020-04-28,0.428571428571429,1.39547864917667,0.598062278218572
2020-04-29,0.428571428571429,1.39547864917667,0.598062278218572
2020-04-30,0.428571428571429,2.093217973765,0.897093417327858
2020-05-01,0.428571428571429,0.697739324588334,0.299031139109286
2020-05-02,0.428571428571429,0.697739324588334,0.299031139109286
2020-05-03,0.285714285714286,0.697739324588334,0.199354092739524
2020-05-04,0.142857142857143,0.697739324588334,0.099677046369762
2020-05-05,0,0.697739324588334,0
2020-05-06,0,0.697739324588334,0
2020-05-07,0,0.697739324588334,0
2020-05-08,0,0.697739324588334,0
2020-05-09,0,0.697739324588334,0
2020-05-10,0,0.697739324588334,0
2020-05-11,0,0.697739324588334,0
2020-05-12,0,0.697739324588334,0
2020-05-13,0,0.697739324588334,0
2020-05-14,0,0,0
2020-05-15,0,0,0
2020-05-16,0,0,0
2020-05-17,0,0,0
2020-05-18,0,0,0
2020-05-19,0,0,0
2020-05-20,0,0,0
2020-05-21,0,0,0
2020-05-22,0,0,0
2020-05-23,0,0,0
2020-05-24,0,0,0
2020-05-25,0.142857142857143,0,0
2020-05-26,0.285714285714286,0,0
2020-05-27,0.428571428571429,0,0
2020-05-28,0.428571428571429,0,0
2020-05-29,0.428571428571429,0.697739324588334,0.299031139109286
2020-05-30,0.428571428571429,0.697739324588334,0.299031139109286
2020-05-31,0.428571428571429,0.697739324588334,0.299031139109286
2020-06-01,0.285714285714286,0.697739324588334,0.199354092739524
2020-06-02,0.142857142857143,0.697739324588334,0.099677046369762
2020-06-03,0,0.697739324588334,0
2020-06-04,0,0.697739324588334,0
2020-06-05,0,0.697739324588334,0
2020-06-06,0,0.697739324588334,0
2020-06-07,0,0.697739324588334,0
2020-06-08,0,0.697739324588334,0
2020-06-09,0,0.697739324588334,0
2020-06-10,0,0.697739324588334,0
2020-06-11,0.285714285714286,0.697739324588334,0.199354092739524
2020-06-12,0.714285714285714,0,0
2020-06-13,1.28571428571429,0,0
2020-06-14,1.71428571428571,0,0
2020-06-15,2.28571428571429,1.39547864917667,3.18966548383238
2020-06-16,2.5,2.093217973765,5.2330449344125
2020-06-17,2.69047619047619,2.79095729835334,7.5090041598554
2020-06-18,2.51190476190476,3.48869662294167,8.76327366000824
2020-06-19,2.22619047619048,4.88417527211834,10.8731044748349
2020-06-20,1.69047619047619,4.88417527211834,8.25658200762862
2020-06-21,1.30952380952381,6.279653921295,8.22335632550536
2020-06-22,0.773809523809524,6.97739324588334,5.39917334502877
2020-06-23,0.702380952380952,6.97739324588334,4.90078811317996
2020-06-24,0.702380952380952,6.97739324588334,4.90078811317996
2020-06-25,1.16666666666667,7.67513257047167,8.95432133221695
2020-06-26,1.30952380952381,7.67513257047167,10.0507688422843
2020-06-27,1.70238095238095,9.07061121964834,15.4416357667823
2020-06-28,1.79761904761905,10.466089868825,18.8140425022926
2020-06-29,1.9047619047619,9.07061121964834,17.2773547040921
2020-06-30,1.86904761904762,8.37287189506001,15.6492962800526
2020-07-01,2.03571428571429,9.76835054423667,19.8855707507675
2020-07-02,1.79761904761905,9.07061121964834,16.3055035019869
2020-07-03,1.8452380952381,8.37287189506001,15.4499421873131
2020-07-04,1.91666666666667,9.76835054423667,18.7226718764536
2020-07-05,2.3452380952381,9.76835054423667,22.9091078239836
2020-07-06,2.63095238095238,11.1638291934133,29.3715029969565
2020-07-07,2.68707482993197,12.55930784259,33.7477999851908
2020-07-08,2.43197278911565,18.838961763885,45.8158423849585
2020-07-09,2.20068027210884,21.6299190622383,47.600536167579
2020-07-10,2.04591836734694,22.3276583868267,45.6805663934566
2020-07-11,1.79353741496599,22.3276583868267,40.0454907053527
2020-07-12,1.70425170068027,22.3276583868267,38.0519497779575
2020-07-13,1.84710884353742,26.5140943343567,48.9744181233755
2020-07-14,2.11241496598639,34.8869662294167,73.6957495808818
2020-07-15,2.20323129251701,38.3756628523584,84.5504612673984
2020-07-16,2.23855311355311,43.2598381244767,96.839445325351
2020-07-17,2.1763838013838,50.9349706949484,110.854045144444
2020-07-18,2.08749491249491,57.2146246162434,119.435237806714
2020-07-19,1.7529711029711,58.61010326542,102.741817366434
2020-07-20,1.39847374847375,63.4942785375384,88.7950817130276
2020-07-21,1.23275946275946,67.6807144850684,83.4340412277895
2020-07-22,1.35808413808414,69.7739324588334,94.7588709240956
2020-07-23,1.45881673881674,73.9603684063634,107.894623440256
2020-07-24,1.5359630095114,85.821936924365,131.819320520445
2020-07-25,1.50615271140842,96.2880267931901,145.024472630729
2020-07-26,1.46412372590117,104.66089868825,153.236504943605
2020-07-27,1.36964148856179,113.731509907898,155.771394526634
2020-07-28,1.22964148856179,111.638291934133,137.275075474383
2020-07-29,1.06111953432555,112.336031258722,119.201957177235
2020-07-30,0.985186458392473,118.615685180017,116.858566792297
2020-07-31,0.968108659530993,122.104381802958,118.210309390123
2020-08-01,0.96503913903987,121.40664247837,117.162161731048
2020-08-02,0.955794591878235,130.477253698018,124.70945344769
2020-08-03,0.959968988909775,133.96595032096,128.603157877949
2020-08-04,0.969764907277122,135.361428970137,131.268763614123
2020-08-05,1.03779211816148,135.361428970137,140.477024088282
2020-08-06,1.15362223399159,132.570471671783,152.936243691322
2020-08-07,1.37616642408142,133.96595032096,184.359442801865
2020-08-08,1.50306333669262,130.477253698018,196.115576305833
2020-08-09,1.64115005617469,143.036561540608,234.744461007404
2020-08-10,1.6596159652656,149.316215461903,247.807575053613
2020-08-11,1.63807401515222,157.689087356963,258.30639647251
2020-08-12,1.50857036183904,165.364219927435,249.463561091161
2020-08-13,1.34652011283227,170.248395199553,229.242888313615
2020-08-14,1.09259462022143,173.737091822495,189.824211858175
2020-08-15,1.01567154329835,174.434831147083,177.168494156146
2020-08-16,1.00317808437632,174.434831147083,174.989199758639
2020-08-17,1.13808879866204,183.505442366732,208.8454884511
2020-08-18,1.2718756467346,190.482835612615,242.270479736636
2020-08-19,1.35512079664642,204.437622104382,277.037673330589
2020-08-20,1.41417876766091,223.974323192855,316.739732360558
2020-08-21,1.44478734729966,231.649455763327,334.684202695707
2020-08-22,1.46721390033846,244.208763605917,358.30649254707
2020-08-23,1.43575131530445,233.742673737092,335.596351260808
2020-08-24,1.40117256072569,249.790678202623,349.999844222577
2020-08-25,1.33411716713969,262.349986045213,350.005620181777
2020-08-26,1.32957778129189,280.49120848451,372.934878648716
2020-08-27,1.28272904179609,294.445994976277,377.694428996616
2020-08-28,1.24877224787162,310.493999441809,387.736289633598
2020-08-29,1.18484987721761,326.54200390734,386.903253236003
2020-08-30,1.15245331203416,346.776444320402,399.643661792475
2020-08-31,1.07388920947005,356.544794864639,382.889607897849
2020-09-01,1.0623229904766,369.801842031817,392.848998710995
2020-09-02,1.04504010410843,378.872453251465,395.936907989726
2020-09-03,1.054077052221,390.036282444879,411.128294858736
2020-09-04,1.03297090142735,403.293329612057,416.590274229005
2020-09-05,1.01312395222035,410.968462182529,416.361992644285
2020-09-06,0.991865252480934,428.411945297237,424.926922288092
2020-09-07,0.980754618753759,419.341334077589,411.270950230958
2020-09-08,0.990393266246356,415.852637454647,411.85765188587
2020-09-09,1.00118796954002,415.154898130059,415.648089503429
2020-09-10,1.01051990744339,424.923248674295,429.393401920893
2020-09-11,0.993876583447124,423.527770025119,420.934333067544
2020-09-12,0.974961676908222,433.993859893944,423.127381410071
2020-09-13,0.940729437836206,427.01646664806,401.706960616633
2020-09-14,0.918911500134809,422.132291375942,387.902217123611
2020-09-15,0.888234601276092,414.45715880547,368.135189197599
2020-09-16,0.89089276182899,406.782026234999,362.399162814891
2020-09-17,0.910793822967164,402.595590287469,366.681576787646
2020-09-18,0.957670050093529,396.315936366174,379.539902632657
2020-09-19,0.99186545239238,392.827239743232,389.631767859971
2020-09-20,1.01105662539585,388.640803795702,392.937859576814
2020-09-21,1.01998519682442,390.734021769467,398.542918100529
2020-09-22,1.04794558451933,392.129500418644,410.930378523487
2020-09-23,1.0694629069216,383.058889198995,409.667273164918
2020-09-24,1.10225532966957,368.40636338264,406.077877522701
2020-09-25,1.13270618722323,369.801842031817,418.876834515988
2020-09-26,1.16223631785956,374.686017303935,435.473697104789
2020-09-27,1.1666295553508,380.96567122523,444.445811625409
2020-09-28,1.15488787237624,392.129500418644,452.865604434445
2020-09-29,1.11138863756354,397.71141501535,442.011947677379
2020-09-30,1.06642254171249,401.200111638292,427.848842788643
2020-10-01,1.03160800427672,401.89785096288,414.601039954921
2020-10-02,1.01912049178921,407.479765559587,415.270979071238
2020-10-03,1.02187536470655,412.363940831705,421.384552429227
2020-10-04,1.02820744371397,413.061680156294,424.713094249698
2020-10-05,1.04437880553681,429.807423946414,448.881764032008
2020-10-06,1.05064014854951,433.296120569355,455.238300480915
2020-10-07,1.04489589280526,443.064471113592,462.956246114526
2020-10-08,1.02429379231594,446.553167736534,457.40163765155
2020-10-09,1.01952512348477,447.250907061122,455.983536250166
2020-10-10,1.02503997671593,443.76221043818,454.874005854962
2020-10-11,1.03746233696438,438.180295841474,454.595553735437
2020-10-12,1.04156144276428,447.94864638571,466.566038413807
2020-10-13,1.05032540812054,454.228300307005,477.087524899854
2020-10-14,1.06903459009503,459.112475579124,490.807117138241
2020-10-15,1.07175774413397,461.205693552889,494.300773703987
2020-10-16,1.05361361148091,459.810214903712,484.462301120512
2020-10-17,1.01884863061829,470.974044097125,479.851259885114
2020-10-18,0.975303582865667,480.742394641362,468.869779929141
2020-10-19,0.934927664459518,470.276304772537,439.67432727164
2020-10-20,0.90448882225597,470.974044097125,425.99075845854
2020-10-21,0.885779640281482,466.787608149595,413.470959634602
2020-10-22,0.870211874713716,457.716996929947,398.310765986742
2020-10-23,0.885332468405739,463.298911526654,410.173568951584
2020-10-24,0.902418591702899,459.810214903712,414.941286584015
2020-10-25,0.928268246080779,457.716996929947,424.884153941523
2020-10-26,0.919603652759849,440.971253139827,405.518775149473
2020-10-27,0.908033404825965,443.76221043818,402.950910877277
2020-10-28,0.876701833171813,438.180295841474,384.153468623987
2020-10-29,0.857356595076575,422.83003070053,362.51611541753
2020-10-30,0.824137182909794,411.666201507117,339.269423609251
2020-10-31,0.820087612261863,390.734021769467,320.436130942397
2020-11-01,0.816008178764326,375.383756628524,306.316215584152
2020-11-02,0.83244285929426,369.801842031817,307.83890275325
2020-11-03,0.832584535799573,362.126709461345,301.501098297501
2020-11-04,0.833691430170225,351.66061959252,293.176444882636
2020-11-05,0.811005570111916,345.380965671225,280.105886969996
2020-11-06,0.789852687906402,328.635221881105,259.573413343508
2020-11-07,0.748266458820173,312.587217415574,233.898530248003
2020-11-08,0.734240733587551,303.516606195925,222.8542555893
2020-11-09,0.719707741526469,286.770862405805,206.39120971768
2020-11-10,0.743314298903518,265.140943343567,197.083054412041
2020-11-11,0.782529985178028,251.883896176389,197.106701541493
2020-11-12,0.815301824072316,245.604242255094,200.241586710477
2020-11-13,0.809933858704351,235.835891710857,191.011473794356
2020-11-14,0.77976082853132,228.858498464973,178.454892379482
2020-11-15,0.765871939642431,222.578844543678,170.466891394038
2020-11-16,0.756012590497368,198.157968183087,149.80991885379
2020-11-17,0.769300443058207,184.900921015908,142.244360459409
2020-11-18,0.769300443058207,173.737091822495,133.65602171469
2020-11-19,0.815974668303861,170.946134524142,139.487715416164
2020-11-20,0.825787078116271,159.08456600614,131.369978935605
2020-11-21,0.871404123733316,154.89813005861,134.978869291652
2020-11-22,0.909499361828554,146.52525816355,133.264628791513
2020-11-23,0.957968749583656,139.547864917667,133.682493662246
2020-11-24,0.987048365619794,135.361428970137,133.608277232933
2020-11-25,1.0074565288851,130.477253698018,131.450161109066
2020-11-26,0.972729734941717,130.477253698018,126.919104405597
2020-11-27,0.94325127689183,124.895339101312,117.80768808515
2020-11-28,0.89315722679778,120.011163829193,107.188838270456
2020-11-29,0.840409974050527,113.731509907898,95.5810952904242
2020-11-30,0.791302831193384,113.03377058331,89.4439426830367
2020-12-01,0.735772154973053,109.545073960368,80.6002151345027
2020-12-02,0.685602086945842,107.451855986603,73.6692167106193
2020-12-03,0.687299879815112,103.265420039073,70.9743107819122
2020-12-04,0.703069824156485,98.3812447669551,69.1688844585992
2020-12-05,0.742316291974381,92.1015908456601,68.368511401492
2020-12-06,0.779742633748549,89.3106335473067,69.6393086239285
2020-12-07,0.866443761568098,87.9151548981301,76.1735375087778
2020-12-08,0.927746443560435,83.0309796260117,77.0316960533713
2020-12-09,0.995603586417578,78.8445436784817,78.4979104557538
2020-12-10,0.976336669124345,71.8671504325984,70.1665342728213
2020-12-11,0.984197229616484,72.5648897571867,71.4181634664488
2020-12-12,0.94678226363009,66.9829751604801,63.4182928471174
2020-12-13,0.900198412698413,62.79653921295,56.5293449224513
2020-12-14,0.840048036758563,61.4010605637734,51.5798403814915
2020-12-15,0.896214092924619,60.0055819145967,53.7778481660042
2020-12-16,1.01118007931918,57.9123639408317,58.5598287632512
2020-12-17,1.22844198408108,53.7259279933017,65.9991855806889
2020-12-18,1.43486713787466,56.516885291655,81.0942214400273
2020-12-19,1.49736713787466,56.516885291655,84.6265267707558
2020-12-20,1.54838754603792,60.703321239185,93.9922666098934
2020-12-21,1.53646117839468,63.4942785375384,97.556494023106
2020-12-22,1.44854909048259,62.79653921295,90.963869762373
2020-12-23,1.30144024694517,60.0055819145967,78.0936793450215
2020-12-24,1.25382119932613,62.79653921295,78.7356321095111
2020-12-25,1.132609078114,61.4010605637734,69.5433986003575
2020-12-26,1.12855063655556,64.1920178621267,72.4439426200892
2020-12-27,1.07242818757597,66.9829751604801,71.8344306497999
2020-12-28,1.09548237476809,73.262629081775,80.2579188882566
2020-12-29,1.08119666048237,71.16941110801,76.9481296184777
2020-12-30,1.1050061842919,72.5648897571867,80.1846519441512
2020-12-31,0.97643475572047,74.6581077309517,72.8987711848244
2021-01-01,0.961782741068455,76.0535863801284,73.1470267767664
2021-01-02,0.956136213682798,76.7513257047167,73.384721954443
2021-01-03,1.00092079418166,74.6581077309517,74.7268524821644
2021-01-04,0.997571040487082,71.8671504325984,71.6925880338888
2021-01-05,1.0183502612663,71.16941110801,72.475388396011
2021-01-06,1.12251692793297,78.1468043538934,87.7211107511112
2021-01-07,1.23680264221868,73.9603684063634,91.4743790644575
2021-01-08,1.35349547319723,73.9603684063634,100.105023834012
2021-01-09,1.42157956302045,74.6581077309517,106.1324401641
2021-01-10,1.50922621588449,78.1468043538934,117.941205818492
2021-01-11,1.52400454100765,79.5422830030701,121.222800498794
2021-01-12,1.5137516360179,87.9151548981301,133.081709557811
2021-01-13,1.3731785463169,88.6128942227184,121.681325273686
2021-01-14,1.26501528101078,92.7993301702484,117.392570732929
2021-01-15,1.1466054170652,93.4970694948367,107.204246362501
2021-01-16,1.09254657268378,95.5902874686017,104.436840955678
2021-01-17,0.986452901372714,101.172202065308,99.80161226559
2021-01-18,0.92025081078038,106.056377337427,97.5984672331969
2021-01-19,0.838295923562335,111.638291934133,93.5859250418459
2021-01-20,0.768017364911683,108.149595311192,83.0607672071664
2021-01-21,0.671418725455901,108.149595311192,72.6136634424118
2021-01-22,0.622311582598758,108.84733463578,67.7369570788489
2021-01-23,0.600945851555608,103.265420039073,62.0569257816285
2021-01-24,0.668996044605801,99.0789840915434,66.2834484608036
2021-01-25,0.798690198690199,92.1015908456601,73.5606378922036
2021-01-26,1.03746570889428,87.9151548981301,91.208958498939
2021-01-27,1.18241599670171,87.2174155735417,103.127267365137
2021-01-28,1.33797155225727,82.3332403014234,110.159533328466
2021-01-29,1.41138425066996,84.4264582751884,119.158173549446
2021-01-30,1.40988574917146,81.6355009768351,115.096729453713
2021-01-31,1.33291530582171,75.3558470555401,100.442961923489
2021-02-01,1.21873199809001,76.0535863801284,92.6889392909654
2021-02-02,1.04016056951859,71.8671504325984,74.7533761236494
2021-02-03,0.914990501491376,69.076193134245,63.204060597018
2021-02-04,0.760795490153507,71.16941110801,54.1453670078549
2021-02-05,0.59599623711896,70.4716717834217,42.0008512064017
2021-02-06,0.502040193162916,73.9603684063634,37.1310776411311
2021-02-07,0.418296350798384,69.076193134245,28.8943195150991
2021-02-08,0.326130452180872,67.6807144850684,22.0727420189399
2021-02-09,0.208783513405362,62.0987998883617,12.9652056189487
2021-02-10,0.123069227691076,58.61010326542,7.21310014376948
2021-02-11,0.0550420168067227,55.1214066424784,3.03399339082549
2021-02-12,0.0214285714285714,43.957577449065,0.941948088194251
2021-02-13,0,38.3756628523584,0
2021-02-14,0,33.49148758024,0
2021-02-15,0,24.4208763605917,0
2021-02-16,0,20.93217973765,0
2021-02-17,0,18.838961763885,0
2021-02-18,0,12.55930784259,0
2021-02-19,0,6.97739324588334,0
2021-02-20,0,2.79095729835334,0
2021-02-21,0,2.093217973765,0
2021-02-22,0,0,0
2021-02-23,0,0,0
2021-02-24,0,0,0
2021-02-25,0,0,0
2021-02-26,0,0,0
2021-02-27,0,0,0
2021-02-28,0,0,0
2021-03-01,0,0,0
2021-03-02,0,0,0
2021-03-03,0,0,0
2021-03-04,0,0,0
2021-03-05,0,0,0
2021-03-06,0,0,0
2021-03-07,0,0,0
2021-03-08,0,0,0
2021-03-09,0.142857142857143,0,0
2021-03-10,0.285714285714286,0,0
2021-03-11,0.571428571428571,0,0
2021-03-12,0.714285714285714,0,0
2021-03-13,0.857142857142857,0.697739324588334,0.598062278218572
2021-03-14,0.857142857142857,0.697739324588334,0.598062278218572
2021-03-15,0.857142857142857,1.39547864917667,1.19612455643714
2021-03-16,0.714285714285714,1.39547864917667,0.99677046369762
2021-03-17,0.571428571428571,1.39547864917667,0.797416370958096
2021-03-18,0.285714285714286,1.39547864917667,0.398708185479048
2021-03-19,0.142857142857143,1.39547864917667,0.199354092739524
2021-03-20,0,1.39547864917667,0
2021-03-21,0,1.39547864917667,0
2021-03-22,0,1.39547864917667,0
2021-03-23,0,1.39547864917667,0
2021-03-24,0,1.39547864917667,0
2021-03-25,0,1.39547864917667,0
2021-03-26,0,1.39547864917667,0
2021-03-27,0,0.697739324588334,0
2021-03-28,0,0.697739324588334,0
2021-03-29,0,0,0
2021-03-30,0.285714285714286,0,0
2021-03-31,0.714285714285714,0,0
2021-04-01,1.14285714285714,0,0
2021-04-02,1.28571428571429,0,0
2021-04-03,1.28571428571429,1.39547864917667,1.79418683465572
2021-04-04,1.28571428571429,2.093217973765,2.69128025198357
2021-04-05,1.28571428571429,2.093217973765,2.69128025198357
2021-04-06,1,2.093217973765,2.093217973765
2021-04-07,0.571428571428571,2.093217973765,1.19612455643714
2021-04-08,0.142857142857143,2.093217973765,0.299031139109286
2021-04-09,0,2.093217973765,0
2021-04-10,0,2.093217973765,0
2021-04-11,0,2.093217973765,0
2021-04-12,0,2.093217973765,0
2021-04-13,0,2.093217973765,0
2021-04-14,0,2.093217973765,0
2021-04-15,0,2.093217973765,0
2021-04-16,0,2.093217973765,0
2021-04-17,0,0.697739324588334,0
2021-04-18,0,0,0
2021-04-19,0,0,0
2021-04-20,0,0,0
2021-04-21,0,0,0
2021-04-22,0,0,0
2021-04-23,0,0,0
2021-04-24,0,0,0
2021-04-25,0,0,0
2021-04-26,0,0,0
2021-04-27,0,0,0
2021-04-28,0,0,0
2021-04-29,0,0,0
2021-04-30,0,0,0
2021-05-01,0.142857142857143,0,0
2021-05-02,0.297619047619004,0,0
2021-05-03,0.347222222222172,0,0
2021-05-04,0.416666666666606,0,0
2021-05-05,0.520833333333258,0.697739324588334,0.363405898223038
