"fecha","rho7dpromedio","incidenciaAcum14d","riesgopor10"
2020-01-01,0,0,0
2020-01-02,0,0,0
2020-01-03,0,0,0
2020-01-04,0,0,0
2020-01-05,0,0,0
2020-01-06,0.142857142857143,0,0
2020-01-07,0.285714285714286,0,0
2020-01-08,0.428571428571429,0,0
2020-01-09,0.428571428571429,0,0
2020-01-10,0.428571428571429,0.834856947262087,0.357795834540894
2020-01-11,0.428571428571429,0.834856947262087,0.357795834540894
2020-01-12,0.428571428571429,0.834856947262087,0.357795834540894
2020-01-13,0.285714285714286,0.834856947262087,0.238530556360596
2020-01-14,0.142857142857143,0.834856947262087,0.119265278180298
2020-01-15,0,0.834856947262087,0
2020-01-16,0,0.834856947262087,0
2020-01-17,0,0.834856947262087,0
2020-01-18,0,0.834856947262087,0
2020-01-19,0,0.834856947262087,0
2020-01-20,0,0.834856947262087,0
2020-01-21,0,0.834856947262087,0
2020-01-22,0,0.834856947262087,0
2020-01-23,0,0.834856947262087,0
2020-01-24,0,0,0
2020-01-25,0,0,0
2020-01-26,0,0,0
2020-01-27,0,0,0
2020-01-28,0,0,0
2020-01-29,0,0,0
2020-01-30,0,0,0
2020-01-31,0,0,0
2020-02-01,0,0,0
2020-02-02,0,0,0
2020-02-03,0,0,0
2020-02-04,0,0,0
2020-02-05,0,0,0
2020-02-06,0,0,0
2020-02-07,0,0,0
2020-02-08,0,0,0
2020-02-09,0,0,0
2020-02-10,0,0,0
2020-02-11,0,0,0
2020-02-12,0,0,0
2020-02-13,0,0,0
2020-02-14,0,0,0
2020-02-15,0,0,0
2020-02-16,0,0,0
2020-02-17,0,0,0
2020-02-18,0,0,0
2020-02-19,0,0,0
2020-02-20,0,0,0
2020-02-21,0,0,0
2020-02-22,0,0,0
2020-02-23,0,0,0
2020-02-24,0,0,0
2020-02-25,0,0,0
2020-02-26,0,0,0
2020-02-27,0,0,0
2020-02-28,0,0,0
2020-02-29,0,0,0
2020-03-01,0,0,0
2020-03-02,0,0,0
2020-03-03,0,0,0
2020-03-04,0,0,0
2020-03-05,0,0,0
2020-03-06,0,0,0
2020-03-07,0,0,0
2020-03-08,0,0,0
2020-03-09,0,0,0
2020-03-10,0,0,0
2020-03-11,0,0,0
2020-03-12,0,0,0
2020-03-13,0,0,0
2020-03-14,0.285714285714286,0,0
2020-03-15,0.571428571428571,0,0
2020-03-16,1,0,0
2020-03-17,1.14285714285714,0,0
2020-03-18,1.28571428571429,1.66971389452417,2.14677500724537
2020-03-19,1.28571428571429,1.66971389452417,2.14677500724537
2020-03-20,1.28571428571429,2.50457084178626,3.22016251086805
2020-03-21,1,2.50457084178626,2.50457084178626
2020-03-22,0.714285714285714,2.50457084178626,1.78897917270447
2020-03-23,0.285714285714286,2.50457084178626,0.715591669081789
2020-03-24,0.142857142857143,2.50457084178626,0.357795834540894
2020-03-25,0,2.50457084178626,0
2020-03-26,0,2.50457084178626,0
2020-03-27,0,2.50457084178626,0
2020-03-28,0,2.50457084178626,0
2020-03-29,0.142857142857143,2.50457084178626,0.357795834540894
2020-03-30,0.285714285714286,2.50457084178626,0.715591669081789
2020-03-31,0.428571428571429,2.50457084178626,1.07338750362268
2020-04-01,0.428571428571429,0.834856947262087,0.357795834540894
2020-04-02,0.428571428571429,1.66971389452417,0.715591669081789
2020-04-03,0.428571428571429,0.834856947262087,0.357795834540894
2020-04-04,0.428571428571429,0.834856947262087,0.357795834540894
2020-04-05,0.285714285714286,0.834856947262087,0.238530556360596
2020-04-06,0.142857142857143,0.834856947262087,0.119265278180298
2020-04-07,0,0.834856947262087,0
2020-04-08,0,0.834856947262087,0
2020-04-09,0,0.834856947262087,0
2020-04-10,0,0.834856947262087,0
2020-04-11,0,0.834856947262087,0
2020-04-12,0,0.834856947262087,0
2020-04-13,0,0.834856947262087,0
2020-04-14,0,0.834856947262087,0
2020-04-15,0,0.834856947262087,0
2020-04-16,0,0,0
2020-04-17,0,0,0
2020-04-18,0,0,0
2020-04-19,0,0,0
2020-04-20,0,0,0
2020-04-21,0,0,0
2020-04-22,0,0,0
2020-04-23,0,0,0
2020-04-24,0,0,0
2020-04-25,0,0,0
2020-04-26,0,0,0
2020-04-27,0,0,0
2020-04-28,0,0,0
2020-04-29,0,0,0
2020-04-30,0,0,0
2020-05-01,0,0,0
2020-05-02,0,0,0
2020-05-03,0,0,0
2020-05-04,0,0,0
2020-05-05,0,0,0
2020-05-06,0,0,0
2020-05-07,0,0,0
2020-05-08,0,0,0
2020-05-09,0,0,0
2020-05-10,0,0,0
2020-05-11,0,0,0
2020-05-12,0,0,0
2020-05-13,0,0,0
2020-05-14,0,0,0
2020-05-15,0,0,0
2020-05-16,0,0,0
2020-05-17,0,0,0
2020-05-18,0,0,0
2020-05-19,0,0,0
2020-05-20,0,0,0
2020-05-21,0,0,0
2020-05-22,0,0,0
2020-05-23,0,0,0
2020-05-24,0,0,0
2020-05-25,0,0,0
2020-05-26,0,0,0
2020-05-27,0,0,0
2020-05-28,0,0,0
2020-05-29,0,0,0
2020-05-30,0,0,0
2020-05-31,0,0,0
2020-06-01,0,0,0
2020-06-02,0,0,0
2020-06-03,0,0,0
2020-06-04,0,0,0
2020-06-05,0,0,0
2020-06-06,0,0,0
2020-06-07,0,0,0
2020-06-08,0,0,0
2020-06-09,0,0,0
2020-06-10,0,0,0
2020-06-11,0,0,0
2020-06-12,0,0,0
2020-06-13,0,0,0
2020-06-14,0,0,0
2020-06-15,0,0,0
2020-06-16,0,0,0
2020-06-17,0,0,0
2020-06-18,0,0,0
2020-06-19,0,0,0
2020-06-20,0,0,0
2020-06-21,0.142857142857143,0,0
2020-06-22,0.285714285714286,0,0
2020-06-23,0.571428571428571,0,0
2020-06-24,0.714285714285714,0,0
2020-06-25,0.857142857142857,0.834856947262087,0.715591669081789
2020-06-26,0.857142857142857,0.834856947262087,0.715591669081789
2020-06-27,0.857142857142857,1.66971389452417,1.43118333816358
2020-06-28,0.714285714285714,1.66971389452417,1.19265278180298
2020-06-29,0.571428571428571,1.66971389452417,0.954122225442385
2020-06-30,0.285714285714286,1.66971389452417,0.477061112721192
2020-07-01,0.142857142857143,1.66971389452417,0.238530556360596
2020-07-02,0.142857142857143,1.66971389452417,0.238530556360596
2020-07-03,0.285714285714286,1.66971389452417,0.477061112721192
2020-07-04,0.571428571428571,1.66971389452417,0.954122225442385
2020-07-05,0.714285714285714,1.66971389452417,1.19265278180298
2020-07-06,1,2.50457084178626,2.50457084178626
2020-07-07,1.14285714285714,2.50457084178626,2.86236667632715
2020-07-08,1.28571428571429,3.33942778904835,4.29355001449073
2020-07-09,1.14285714285714,2.50457084178626,2.86236667632715
2020-07-10,1,3.33942778904835,3.33942778904835
2020-07-11,0.714285714285714,2.50457084178626,1.78897917270447
2020-07-12,0.571428571428571,2.50457084178626,1.43118333816358
2020-07-13,0.285714285714286,2.50457084178626,0.715591669081789
2020-07-14,0.142857142857143,2.50457084178626,0.357795834540894
2020-07-15,0.142857142857143,2.50457084178626,0.357795834540894
2020-07-16,0.285714285714286,2.50457084178626,0.715591669081789
2020-07-17,0.714285714285714,2.50457084178626,1.78897917270447
2020-07-18,1,2.50457084178626,2.50457084178626
2020-07-19,1.57142857142857,3.33942778904835,5.24767223993312
2020-07-20,2.14285714285714,2.50457084178626,5.36693751811341
2020-07-21,2.71428571428571,4.17428473631043,11.3302014271283
2020-07-22,3.14285714285714,3.33942778904835,10.4953444798662
2020-07-23,3.5,5.84399863083461,20.4539952079211
2020-07-24,3.38571428571429,9.18342641988295,31.0924580216037
2020-07-25,3.42142857142857,11.6879972616692,39.989647773854
2020-07-26,3.21363636363636,15.0274250507176,48.292679594806
2020-07-27,2.89220779220779,15.0274250507176,43.4624358285039
2020-07-28,2.52486085343228,20.8714236815522,52.6974406089505
2020-07-29,1.96641929499072,30.0548501014351,59.1004371475159
2020-07-30,1.47435580292723,38.403419574056,56.6203045012587
2020-07-31,1.16517212945784,38.403419574056,44.7465941635658
2020-08-01,0.843743558029272,38.403419574056,32.402637871905
2020-08-02,0.480107194392909,38.403419574056,18.4377580267937
2020-08-03,0.230107194392909,38.403419574056,8.83690313327974
2020-08-04,0.16888270459699,36.7337056795318,6.20368756502916
2020-08-05,0.29875283446712,36.7337056795318,10.9742986922411
2020-08-06,0.576530612244898,34.2291348377455,19.7341440646186
2020-08-07,0.714285714285714,30.0548501014351,21.4677500724537
2020-08-08,1,28.3851362069109,28.3851362069109
2020-08-09,1.42857142857143,25.0457084178626,35.7795834540894
2020-08-10,1.85714285714286,25.8805653651247,48.0639071066601
2020-08-11,1.92857142857143,20.0365667342901,38.6419501304166
2020-08-12,1.92857142857143,11.6879972616692,22.5411375760763
2020-08-13,1.71428571428571,5.00914168357252,8.58710002898146
2020-08-14,1.66666666666667,5.00914168357252,8.34856947262087
2020-08-15,1.47619047619048,5.84399863083461,8.62685512170823
2020-08-16,1.14285714285714,5.00914168357252,5.72473335265431
2020-08-17,0.714285714285714,5.00914168357252,3.57795834540894
2020-08-18,0.5,6.67885557809669,3.33942778904835
2020-08-19,0.5,6.67885557809669,3.33942778904835
2020-08-20,0.571428571428571,6.67885557809669,3.81648890176954
2020-08-21,0.619047619047619,6.67885557809669,4.13452964358367
2020-08-22,0.666666666666667,5.84399863083461,3.89599908722307
2020-08-23,0.857142857142857,7.51371252535878,6.4403250217361
2020-08-24,1.07142857142857,6.67885557809669,7.15591669081789
2020-08-25,1.28571428571429,6.67885557809669,8.58710002898146
2020-08-26,1.35714285714286,6.67885557809669,9.06416114170266
2020-08-27,1.5,5.84399863083461,8.76599794625191
2020-08-28,1.5,6.67885557809669,10.018283367145
2020-08-29,1.45238095238095,6.67885557809669,9.70024262533091
2020-08-30,1.30952380952381,7.51371252535878,9.83938544987459
2020-08-31,1.33333333333333,7.51371252535878,10.018283367145
2020-09-01,1.54761904761905,6.67885557809669,10.3363241089592
2020-09-02,1.9047619047619,7.51371252535878,14.3118333816358
2020-09-03,2.19047619047619,8.34856947262087,18.2873426543124
2020-09-04,2.38095238095238,10.8531403144071,25.8408102723979
2020-09-05,2.48571428571429,12.5228542089313,31.1282376050578
2020-09-06,2.48571428571429,13.3577111561934,33.203453445395
2020-09-07,2.39047619047619,16.6971389452417,39.9141130976731
2020-09-08,2.1047619047619,16.6971389452417,35.1435019704612
2020-09-09,1.67619047619048,18.3668528397659,30.7863438076076
2020-09-10,1.26802721088435,20.0365667342901,25.4069118317801
2020-09-11,1.12517006802721,20.8714236815522,23.4839012035968
2020-09-12,1.06802721088435,23.3759945233384,24.9661982324091
2020-09-13,1.03628117913832,23.3759945233384,24.2241031681761
2020-09-14,1.07709750566893,25.8805653651247,27.8758924000776
2020-09-15,1.18424036281179,28.3851362069109,33.6148240001343
2020-09-16,1.38066893424036,28.3851362069109,39.1904757550633
2020-09-17,1.53883219954649,29.219993154173,44.9646663361693
2020-09-18,1.65447845804989,31.7245639959593,52.4876077223397
2020-09-19,1.74971655328798,35.0639917850076,61.3520468505817
2020-09-20,1.77125850340136,38.403419574056,68.0223834802369
2020-09-21,1.69284819190834,39.2382765213181,66.4244454627129
2020-09-22,1.50634025540041,41.7428473631043,62.8789313580787
2020-09-23,1.26229263635279,45.0822751521527,56.9070239545925
2020-09-24,1.05514977920993,45.0822751521527,47.5685526730752
2020-09-25,0.891884473087481,46.7519890466769,41.6973731166871
2020-09-26,0.817054541114691,44.2474182048906,36.1525539769067
2020-09-27,1.00583005131877,47.5868459939389,47.8642797481821
2020-09-28,1.22913832199546,50.0914168357252,61.5692800358386
2020-09-29,1.52278911564626,48.421702941201,73.7360421999173
2020-09-30,1.72425431711146,54.2657015720356,93.5678702066646
2020-10-01,1.92246860282575,59.2748432556081,113.954025096324
2020-10-02,2.0732622536194,60.1097002028702,124.623172506989
2020-10-03,2.20813359345968,67.623412728229,149.321529349591
2020-10-04,2.20099073631682,65.9536988337048,145.163480158814
2020-10-05,2.35919179451788,74.3022683063257,175.29330170235
2020-10-06,2.45919179451788,85.9902655679949,211.466555493227
2020-10-07,2.58333791866401,93.5039780933537,241.552372154489
2020-10-08,2.59524268056877,118.549686511216,307.665206201956
2020-10-09,2.6241027094288,151.109107454438,396.525818290557
2020-10-10,2.63186668458408,180.329100608611,474.602152152813
2020-10-11,2.6134993376453,201.200524290163,525.837436966228
2020-10-12,2.42423668049274,232.09023133886,562.641651995709
2020-10-13,2.2383913331795,293.869645436255,657.795267429044
2020-10-14,2.02271928529268,352.309631744601,712.623486524167
2020-10-15,1.84697297153876,410.749618052947,758.64344261366
2020-10-16,1.65746707513631,464.18046267772,769.363833809859
2020-10-17,1.46799187881377,500.07931140999,734.112367912645
2020-10-18,1.29491685170147,566.867867190957,734.046753913641
2020-10-19,1.10555121433789,606.106143712275,670.081383198762
2020-10-20,0.968051613915937,649.518704969903,628.767630614704
2020-10-21,0.889858367937456,681.243268965863,606.21002349034
2020-10-22,0.902589881176583,699.610121805629,631.461016710477
2020-10-23,0.914047234361949,707.958691278249,647.107683805389
2020-10-24,0.951942797220801,748.03182474683,712.083507659677
2020-10-25,0.945170885557585,768.903248428382,726.744964225158
2020-10-26,0.950121931396481,791.444386004458,751.968668623458
2020-10-27,0.90654958589859,773.912390111954,701.58995677778
2020-10-28,0.874009903358908,750.536395588616,655.976242575749
2020-10-29,0.799966880744457,727.99525801254,582.372095749047
2020-10-30,0.771804967751083,711.298119067298,548.983421848142
2020-10-31,0.746243378593003,687.922124543959,513.357330428561
2020-11-01,0.780604850454474,648.683848022641,506.365758177947
2020-11-02,0.828373958097532,629.482138235613,521.446610401933
2020-11-03,0.89168644492207,613.619856237634,547.156508142127
2020-11-04,0.933349986979313,608.610714554061,568.046802504503
2020-11-05,0.964876875106826,596.922717292392,575.956926141359
2020-11-06,0.967795419392277,590.243861714295,571.235305691504
2020-11-07,0.947778025160429,544.32672961488,515.900912836426
2020-11-08,0.916599783112622,537.647874036784,492.807924733078
2020-11-09,0.871437916713169,510.932451724397,445.24591131186
2020-11-10,0.848225680515198,490.895884990107,416.390496107844
2020-11-11,0.831575822092328,476.703316886651,396.414952634157
2020-11-12,0.849956897150088,460.841034888672,391.695016093411
2020-11-13,0.852761796088081,445.813609837954,380.172814645925
2020-11-14,0.856264689782872,453.327322363313,388.168179053522
2020-11-15,0.823548492936241,442.474182048906,364.398945789572
2020-11-16,0.813884305202699,438.299897312595,356.725407394676
2020-11-17,0.789972484835455,415.758759736519,328.437980521165
2020-11-18,0.801176377662561,392.382765213181,314.367802490715
2020-11-19,0.804923330989346,374.850769320677,301.726129865518
2020-11-20,0.884713580422452,363.99762900627,322.03364562342
2020-11-21,0.974849634844221,357.318773428173,348.332075799439
2020-11-22,1.08009199522357,336.447349746621,363.394089275509
2020-11-23,1.15310132266588,332.273065010311,383.144510749637
2020-11-24,1.20646176458701,334.777635852097,403.89641729439
2020-11-25,1.20260552217226,336.447349746621,404.613440725509
2020-11-26,1.18065128593231,333.942778904835,394.269971341803
2020-11-27,1.11440574009493,331.438208063048,369.356641552239
2020-11-28,1.06855974212127,320.585067748641,342.564297321419
2020-11-29,1.04316547482531,318.915353854117,332.681486532313
2020-11-30,1.00878331689885,320.585067748641,323.400867991717
2020-12-01,0.993546695934676,329.768494168524,327.640397804491
2020-12-02,1.02649514171386,340.621634482931,349.646452959362
2020-12-03,1.1030092424998,350.639917850076,386.759070178006
2020-12-04,1.18966295160249,336.447349746621,400.258947158401
2020-12-05,1.35098514005234,351.474774797339,474.837197854447
2020-12-06,1.49522981466637,374.850769320677,560.488046338902
2020-12-07,1.64452039750126,390.713051318657,642.535582463486
2020-12-08,1.73199879311482,405.740476369374,702.742015389589
2020-12-09,1.79487907719326,438.299897312595,786.695315222333
2020-12-10,1.79995941193434,465.015319624982,837.008701252641
2020-12-11,1.77330632645772,505.923310040825,897.157006397826
2020-12-12,1.62834637986226,558.519297718336,909.462876522865
2020-12-13,1.4836540152552,599.427288134178,889.342702893811
2020-12-14,1.34386463796583,643.674706339069,865.011676202112
2020-12-15,1.25984842722621,694.600980122056,875.091952356556
2020-12-16,1.18174516887742,729.664971907064,862.278055450248
2020-12-17,1.12506340112021,783.095816531837,881.032442750314
2020-12-18,1.07449963494388,844.04037368197,906.921073399172
2020-12-19,1.05218158926135,874.095223783405,919.706901726177
2020-12-20,1.03130615541024,912.498643357461,941.065467698046
2020-12-21,1.03378593110431,944.22320735342,976.124667584149
2020-12-22,1.05601034270803,970.938629665807,1025.32123506185
2020-12-23,1.09190237313131,991.810053347359,1082.95975094547
2020-12-24,1.15150043272937,1007.67233534534,1160.33513019957
2020-12-25,1.20367051028611,1029.37861597415,1239.03268396721
2020-12-26,1.22663260719186,1060.26832302285,1300.55969739246
2020-12-27,1.21386132156803,1091.99288701881,1325.52792897954
2020-12-28,1.17200331657638,1145.42373164358,1342.44041237158
2020-12-29,1.10423942645632,1149.59801637989,1269.43145426266
2020-12-30,1.0387315336757,1163.79058448335,1208.86597869773
2020-12-31,0.975131779392715,1163.79058448335,1134.84918348774
2021-01-01,0.949583315393681,1162.12087058882,1103.53058918193
2021-01-02,0.949139043925455,1180.48772342859,1120.44698918075
2021-01-03,0.955095746697841,1191.340863743,1137.84459182827
2021-01-04,0.955767191911929,1226.40485552801,1172.15752491516
2021-01-05,0.935724252845854,1243.93685142051,1163.98188088288
2021-01-06,0.900495074947206,1240.59742363146,1117.15186997232
2021-01-07,0.847025295207128,1232.24885415884,1043.74594946254
2021-01-08,0.783863919545753,1203.86371795193,943.665332552721
2021-01-09,0.735464280090812,1143.75401774906,841.190225264785
2021-01-10,0.723222758171871,1108.69002596405,801.829858535364
2021-01-11,0.724713282694548,1046.91061186666,758.710026213642
2021-01-12,0.741087455785139,1011.84662008165,749.866837321101
2021-01-13,0.752690444647397,992.644910294621,747.154338906634
2021-01-14,0.754273754307675,950.067205984255,716.610758302347
2021-01-15,0.745475919928445,915.003214199247,682.112862842668
2021-01-16,0.735606793131621,875.764937677929,644.218637342375
2021-01-17,0.723679631564171,815.655237475059,590.273081739337
2021-01-18,0.70923740330238,738.848398326947,524.018919463527
2021-01-19,0.720681868266648,687.087267596697,495.171335673814
2021-01-20,0.746059336327043,644.509563286331,480.842377041832
2021-01-21,0.772722872317083,606.106143712275,468.35208029838
2021-01-22,0.787598212773819,568.537581085481,447.779182757675
2021-01-23,0.804988847993703,563.528439401908,453.634109245831
2021-01-24,0.806069033408053,526.794733722377,424.632921816049
2021-01-25,0.808517122785571,485.886743306534,392.84775169785
2021-01-26,0.800521798671674,466.685033519506,373.591542446186
2021-01-27,0.802635228313193,427.446756998188,343.083825394975
2021-01-28,0.809410243505259,408.24504721116,330.437723073002
2021-01-29,0.826874362235201,394.887336054967,326.522214155208
2021-01-30,0.847433295028176,372.346198478891,315.538565868182
2021-01-31,0.855560616406826,360.658201217221,308.564952945583
2021-02-01,0.852920950501854,350.639917850076,299.068132016579
2021-02-02,0.82017812364138,333.107921957573,273.207830401241
2021-02-03,0.783589808155111,318.915353854117,249.898820944267
2021-02-04,0.741856500411951,310.566784381496,230.39598780545
2021-02-05,0.68694677280783,298.878787119827,205.313818272683
2021-02-06,0.571904844086656,267.154223123868,152.786794322747
2021-02-07,0.456553680790287,263.814795334819,120.445615857048
2021-02-08,0.357638439017902,249.622227231364,89.2745036911971
2021-02-09,0.291462628656045,221.237091024453,64.4823441062038
2021-02-10,0.209270847834127,202.870238184687,42.4548267452208
2021-02-11,0.129493482342476,185.338242292183,24.0000944056484
2021-02-12,0.052395976673542,161.962247768845,8.48617015609083
2021-02-13,0.0146601276169382,142.760537981817,2.09288770547619
2021-02-14,0.00672361968043031,123.558828194789,0.83076256894139
2021-02-15,0.00332225913621262,100.18283367145,0.332833334456646
2021-02-16,0,81.8159808316845,0
2021-02-17,0,59.2748432556081,0
2021-02-18,0,47.5868459939389,0
2021-02-19,0.142857142857143,37.5685626267939,5.36693751811341
2021-02-20,0.285714285714286,29.219993154173,8.34856947262087
2021-02-21,0.428571428571429,12.5228542089313,5.36693751811341
2021-02-22,0.428571428571429,1.66971389452417,0.715591669081789
2021-02-23,0.428571428571429,1.66971389452417,0.715591669081789
2021-02-24,0.428571428571429,1.66971389452417,0.715591669081789
2021-02-25,0.428571428571429,0.834856947262087,0.357795834540894
2021-02-26,0.285714285714286,0.834856947262087,0.238530556360596
2021-02-27,0.142857142857143,0.834856947262087,0.119265278180298
2021-02-28,0,0.834856947262087,0
2021-03-01,0,0.834856947262087,0
2021-03-02,0,0.834856947262087,0
2021-03-03,0,0.834856947262087,0
2021-03-04,0,0.834856947262087,0
2021-03-05,0,0.834856947262087,0
2021-03-06,0,0.834856947262087,0
2021-03-07,0,0.834856947262087,0
2021-03-08,0,0.834856947262087,0
2021-03-09,0,0,0
2021-03-10,0,0,0
2021-03-11,0,0,0
2021-03-12,0,0,0
2021-03-13,0,0,0
2021-03-14,0,0,0
2021-03-15,0,0,0
2021-03-16,0,0,0
2021-03-17,0,0,0
2021-03-18,0,0,0
2021-03-19,0,0,0
2021-03-20,0,0,0
2021-03-21,0,0,0
2021-03-22,0,0,0
2021-03-23,0,0,0
2021-03-24,0,0,0
2021-03-25,0,0,0
2021-03-26,0,0,0
2021-03-27,0,0,0
2021-03-28,0,0,0
2021-03-29,0,0,0
2021-03-30,0,0,0
2021-03-31,0,0,0
2021-04-01,0,0,0
2021-04-02,1.2992781453899e-13,0,0
2021-04-03,1.51582450295488e-13,0,0
2021-04-04,1.81898940354586e-13,0,0
2021-04-05,2.27373675443232e-13,0,0
