"fecha","rho7dpromedio","incidenciaAcum14d","riesgopor10"
2020-03-07,3.25,0.610713129721576,1.98481767159512
2020-03-08,3.4,1.22142625944315,4.15284928210672
2020-03-09,3.25,1.83213938916473,5.95445301478536
2020-03-15,3.07142857142857,3.05356564860788,9.37880877786706
2020-03-16,3.17857142857143,4.27499190805103,13.5883671363051
2020-03-17,3.06428571428571,4.88570503777261,14.9711961514603
2020-03-18,2.80714285714286,6.10713129721576,17.1435899986128
2020-03-19,2.43571428571429,7.93927068638049,19.3377950289696
2020-03-20,2.03095238095238,11.6035494647099,23.5662564128514
2020-03-21,1.76471861471861,12.8249757241531,22.6324733937273
2020-03-22,1.59588744588745,14.6571151133178,23.3911060022711
2020-03-23,1.31991341991342,15.878541372761,20.9582998465577
2020-03-24,1.18930117501546,17.0999676322041,20.3370115977067
2020-03-25,1.0586889301175,18.9321070213689,20.043212127323
2020-03-26,1.08317872603587,20.7642464105336,22.4913899740566
2020-03-27,1.13873428159142,21.3749595402552,24.3403991961182
2020-03-28,1.30179344465059,22.5963857996983,29.4158269068429
2020-03-29,1.40713254998969,23.8178120591415,33.514818617955
2020-03-30,1.54421768707483,25.0392383185846,38.6660346824402
2020-03-31,1.65924551638837,28.0928039671925,46.6128590253416
2020-04-01,1.77149041434756,30.5356564860788,54.0936227608984
2020-04-02,1.85057204700062,29.9249433563572,55.3782636833515
2020-04-03,1.94467635539064,31.1463696158004,60.5696085481045
2020-04-04,1.99427952999382,37.8642140427377,75.5118269847362
2020-04-05,2.02671569286476,40.9177796913456,82.9287062176331
2020-04-06,1.9944223157438,47.6356241182829,95.0055517658869
2020-04-07,1.93101513468956,52.5213291560555,101.419481494355
2020-04-08,1.8655115138864,57.4070341938281,107.093483266657
2020-04-09,1.78462916094522,67.1784442693733,119.888610630057
2020-04-10,1.62858137597758,74.5070018260323,121.340715553803
2020-04-11,1.4805655029617,86.1105512907422,127.492311682087
2020-04-12,1.3253969137869,92.217682587958,122.22503189866
2020-04-13,1.22086489408247,100.156953274338,122.278108150898
2020-04-14,1.06912872791789,105.653371441833,112.957054609843
2020-04-15,0.934987273299577,112.37121586877,105.065656722499
2020-04-16,0.820169917785943,115.424781517378,94.6679335675682
2020-04-17,0.810074322324494,120.921199684872,97.9551588893875
2020-04-18,0.79389158906859,117.256920906543,93.089283267785
2020-04-19,0.83265064107649,116.646207776821,97.1255396845114
2020-04-20,0.835323452136398,122.753339074037,102.538742956594
2020-04-21,0.917788666677084,123.364052203758,113.22212898797
2020-04-22,1.00270004374117,120.31048655515,120.63533013137
2020-04-23,1.13411403791026,116.035494647099,131.597483375136
2020-04-24,1.29345469725092,111.760502739048,144.557147234947
2020-04-25,1.46726868813808,112.37121586877,164.878766492251
2020-04-26,1.48516601961381,117.256920906543,174.145994494941
2020-04-27,1.46974595580665,120.31048655515,176.825851055562
2020-04-28,1.38901063626536,123.97476533348,172.202267676705
2020-04-29,1.28474904419889,122.142625944315,156.922621937901
2020-04-30,1.15072648780791,125.196191592923,144.066573838651
2020-05-01,0.953664684363128,122.142625944315,116.483108818469
2020-05-02,0.820928998995864,127.639044111809,104.782592715497
2020-05-03,0.821925676736728,127.639044111809,104.909807709628
2020-05-04,0.888958643769695,125.196191592923,111.294236683576
2020-05-05,0.960133382321832,125.196191592923,120.205042887925
2020-05-06,1.06467748686594,132.524749149582,141.096116872116
2020-05-07,1.12905718611406,133.746175409025,151.007080460831
2020-05-08,1.21789388133373,134.967601668468,164.376216250316
2020-05-09,1.2721366310652,134.356888538747,170.920319546084
2020-05-10,1.3385962583944,130.692609760417,174.944638425093
2020-05-11,1.37689413073482,128.860470371253,177.427225337906
2020-05-12,1.38083254820707,132.524749149582,182.99448706872
2020-05-13,1.31687688747722,138.021167317076,181.756885222484
2020-05-14,1.25696487919564,144.128298614292,181.164209456387
2020-05-15,1.16479316202393,151.456856170951,176.415910409565
2020-05-16,1.06260446045634,152.678282430394,162.23662392535
2020-05-17,0.93721626169858,153.899708689837,144.23730965479
2020-05-18,0.845136876753113,158.174700597888,133.679272444658
2020-05-19,0.787161750257629,163.671118765382,128.835644313983
2020-05-20,0.7683515282216,163.671118765382,125.756954229121
2020-05-21,0.738977822217459,158.174700597888,116.887595777726
2020-05-22,0.740240448480086,163.671118765382,121.155982358124
2020-05-23,0.730184252088485,158.78541372761,115.942608565255
2020-05-24,0.740992522765177,152.678282430394,113.133465669552
2020-05-25,0.728608621836385,150.846143041229,109.907800390604
2020-05-26,0.737293856936714,141.685446095406,104.463809023481
2020-05-27,0.7352312136976,132.524749149582,97.4363321622172
2020-05-28,0.754080420046807,124.585478463201,93.9474699312634
2020-05-29,0.821030711135029,116.646207776821,95.7701189222076
2020-05-30,0.902663364196253,110.539076479605,99.7795746502274
2020-05-31,1.01813060372364,107.485510830997,109.434288033908
2020-06-01,1.11783638992829,99.5462401446169,111.276409714193
2020-06-02,1.21243956453146,98.9355270148953,119.95334729063
2020-06-03,1.27849932176769,92.8283957176795,118.681040965836
2020-06-04,1.36500725827562,99.5462401446169,135.88134033145
2020-06-05,1.35649852562896,93.4391088474011,126.750013387584
2020-06-06,1.40349914405815,91.6069694582364,128.570303224396
2020-06-07,1.41710458623502,101.378379533782,143.663766582396
2020-06-08,1.45255376060254,103.210518922946,149.918827395265
2020-06-09,1.40343288148166,102.599805793225,143.991941083844
2020-06-10,1.37809710614589,114.814068387656,158.224935389865
2020-06-11,1.30568331304244,122.142625944315,159.479588506677
2020-06-12,1.26780452516365,127.639044111809,161.821357712515
2020-06-13,1.15336823681432,132.524749149582,152.849836260913
2020-06-14,1.10574918919527,138.631880446798,153.292089400662
2020-06-15,1.08247392787123,140.464019835962,152.048639276417
2020-06-16,1.13395505543931,144.128298614292,163.435012845543
2020-06-17,1.12646254794681,154.510421819559,174.050203447196
2020-06-18,1.11922266139657,160.006839987053,179.083281291965
2020-06-19,1.07473644585773,170.38896319232,183.123228714697
2020-06-20,1.08470702447819,173.442528840928,188.134329377015
2020-06-21,1.05414554615552,165.503258154547,174.464522457843
2020-06-22,1.13700268901266,168.556823803155,191.649561915621
2020-06-23,1.17965701782493,169.778250062598,200.28010416038
2020-06-24,1.26407260224052,177.717520748979,224.647848916894
2020-06-25,1.26057609874401,177.717520748979,224.026458984206
2020-06-26,1.30553850475905,191.763922732575,250.355184951016
2020-06-27,1.26776550082063,195.428201510904,247.757131762947
2020-06-28,1.22080759929834,189.321070213689,231.124601224166
2020-06-29,1.04296080840808,197.871054029791,206.371754471468
2020-06-30,0.963150312781253,203.978185327006,196.461652998259
2020-07-01,0.908284888350611,197.871054029791,179.723288217266
2020-07-02,0.930720785786509,192.985348992018,179.615475659135
2020-07-03,0.937947676542811,193.59606212174,181.582976654923
2020-07-04,0.967118666972882,197.871054029791,191.36479000581
2020-07-06,0.935185310499435,209.474603494501,195.897572110751
2020-07-07,0.948537451621321,206.421037845893,195.798085199371
2020-07-08,0.898959227659871,210.085316624222,188.85813397519
