"fecha","rho7dpromedio","incidenciaAcum14d","riesgopor10"
2020-01-01,0,0,0
2020-01-02,0,0,0
2020-01-03,0,0,0
2020-01-04,0,0,0
2020-01-05,0,0,0
2020-01-06,0,0,0
2020-01-07,0.142857142857143,0,0
2020-01-08,0.285714285714286,0,0
2020-01-09,0.428571428571429,0,0
2020-01-10,0.428571428571429,0,0
2020-01-11,0.428571428571429,0.335484909888753,0.14377924709518
2020-01-12,0.428571428571429,0.335484909888753,0.14377924709518
2020-01-13,0.428571428571429,0.335484909888753,0.14377924709518
2020-01-14,0.285714285714286,0.335484909888753,0.0958528313967866
2020-01-15,0.142857142857143,0.335484909888753,0.0479264156983933
2020-01-16,0,0.335484909888753,0
2020-01-17,0,0.335484909888753,0
2020-01-18,0,0.335484909888753,0
2020-01-19,0,0.335484909888753,0
2020-01-20,0,0.335484909888753,0
2020-01-21,0,0.335484909888753,0
2020-01-22,0,0.335484909888753,0
2020-01-23,0,0.335484909888753,0
2020-01-24,0,0.335484909888753,0
2020-01-25,0,0,0
2020-01-26,0,0,0
2020-01-27,0,0,0
2020-01-28,0,0,0
2020-01-29,0,0,0
2020-01-30,0,0,0
2020-01-31,0,0,0
2020-02-01,0,0,0
2020-02-02,0,0,0
2020-02-03,0,0,0
2020-02-04,0,0,0
2020-02-05,0,0,0
2020-02-06,0,0,0
2020-02-07,0,0,0
2020-02-08,0,0,0
2020-02-09,0,0,0
2020-02-10,0,0,0
2020-02-11,0,0,0
2020-02-12,0,0,0
2020-02-13,0,0,0
2020-02-14,0,0,0
2020-02-15,0,0,0
2020-02-16,0,0,0
2020-02-17,0,0,0
2020-02-18,0,0,0
2020-02-19,0,0,0
2020-02-20,0,0,0
2020-02-21,0,0,0
2020-02-22,0,0,0
2020-02-23,0.142857142857143,0,0
2020-02-24,0.285714285714286,0,0
2020-02-25,0.571428571428571,0,0
2020-02-26,0.714285714285714,0,0
2020-02-27,0.857142857142857,0.335484909888753,0.28755849419036
2020-02-28,0.857142857142857,0.335484909888753,0.28755849419036
2020-02-29,0.857142857142857,0.670969819777506,0.57511698838072
2020-03-01,0.714285714285714,0.670969819777506,0.479264156983933
2020-03-02,0.571428571428571,0.670969819777506,0.383411325587147
2020-03-03,0.285714285714286,0.670969819777506,0.191705662793573
2020-03-04,0.142857142857143,0.670969819777506,0.0958528313967866
2020-03-05,0,0.670969819777506,0
2020-03-06,0.142857142857143,0.670969819777506,0.0958528313967866
2020-03-07,0.285714285714286,0.670969819777506,0.191705662793573
2020-03-08,0.428571428571429,0.670969819777506,0.28755849419036
2020-03-09,0.428571428571429,0.670969819777506,0.28755849419036
2020-03-10,0.428571428571429,1.00645472966626,0.43133774128554
2020-03-11,0.428571428571429,1.00645472966626,0.43133774128554
2020-03-12,0.428571428571429,0.670969819777506,0.28755849419036
2020-03-13,0.285714285714286,0.670969819777506,0.191705662793573
2020-03-14,0.142857142857143,0.335484909888753,0.0479264156983933
2020-03-15,0,0.335484909888753,0
2020-03-16,0,0.335484909888753,0
2020-03-17,0.142857142857143,0.335484909888753,0.0479264156983933
2020-03-18,0.285714285714286,0.335484909888753,0.0958528313967866
2020-03-19,0.714285714285714,0.335484909888753,0.239632078491967
2020-03-20,1.14285714285714,0.335484909888753,0.383411325587147
2020-03-21,1.57142857142857,0.670969819777506,1.05438114536465
2020-03-22,1.71428571428571,0.670969819777506,1.15023397676144
2020-03-23,1.85714285714286,1.34193963955501,2.49217361631645
2020-03-24,1.76190476190476,1.34193963955501,2.36436984112074
2020-03-25,1.76190476190476,1.34193963955501,2.36436984112074
2020-03-26,1.42857142857143,1.34193963955501,1.91705662793573
2020-03-27,1.28571428571429,1.67742454944377,2.1566887064277
2020-03-28,0.857142857142857,1.67742454944377,1.4377924709518
2020-03-29,0.714285714285714,2.34839436922127,1.67742454944377
2020-03-30,0.619047619047619,2.34839436922127,1.45376794285126
2020-03-31,0.642857142857143,2.34839436922127,1.50968209449939
2020-04-01,0.571428571428571,2.34839436922127,1.34193963955501
2020-04-02,0.476190476190476,2.34839436922127,1.11828303296251
2020-04-03,0.19047619047619,2.68387927911003,0.511215100782862
2020-04-04,0.19047619047619,2.34839436922127,0.447313213185004
2020-04-05,0.333333333333333,2.34839436922127,0.782798123073758
2020-04-06,0.428571428571429,1.67742454944377,0.7188962354759
2020-04-07,0.5,1.34193963955501,0.670969819777506
2020-04-08,0.428571428571429,1.34193963955501,0.57511698838072
2020-04-09,0.428571428571429,1.67742454944377,0.7188962354759
2020-04-10,0.428571428571429,1.34193963955501,0.57511698838072
2020-04-11,0.428571428571429,1.34193963955501,0.57511698838072
2020-04-12,0.285714285714286,0.670969819777506,0.191705662793573
2020-04-13,0.142857142857143,0.670969819777506,0.0958528313967866
2020-04-14,0,0.670969819777506,0
2020-04-15,0,0.670969819777506,0
2020-04-16,0,0.670969819777506,0
2020-04-17,0,0.335484909888753,0
2020-04-18,0,0.335484909888753,0
2020-04-19,0,0.335484909888753,0
2020-04-20,0,0.335484909888753,0
2020-04-21,0,0.335484909888753,0
2020-04-22,0,0.335484909888753,0
2020-04-23,0,0,0
2020-04-24,0,0,0
2020-04-25,0,0,0
2020-04-26,0,0,0
2020-04-27,0,0,0
2020-04-28,0,0,0
2020-04-29,0,0,0
2020-04-30,0,0,0
2020-05-01,0,0,0
2020-05-02,0,0,0
2020-05-03,0,0,0
2020-05-04,0,0,0
2020-05-05,0,0,0
2020-05-06,0,0,0
2020-05-07,0,0,0
2020-05-08,0.142857142857143,0,0
2020-05-09,0.285714285714286,0,0
2020-05-10,0.428571428571429,0,0
2020-05-11,0.428571428571429,0,0
2020-05-12,0.428571428571429,0.335484909888753,0.14377924709518
2020-05-13,0.428571428571429,0.335484909888753,0.14377924709518
2020-05-14,0.428571428571429,0.335484909888753,0.14377924709518
2020-05-15,0.428571428571429,0.335484909888753,0.14377924709518
2020-05-16,0.428571428571429,0.335484909888753,0.14377924709518
2020-05-17,0.428571428571429,0.335484909888753,0.14377924709518
2020-05-18,0.428571428571429,0.335484909888753,0.14377924709518
2020-05-19,0.428571428571429,0.670969819777506,0.28755849419036
2020-05-20,0.428571428571429,0.670969819777506,0.28755849419036
2020-05-21,0.428571428571429,0.670969819777506,0.28755849419036
2020-05-22,0.285714285714286,0.670969819777506,0.191705662793573
2020-05-23,0.142857142857143,0.670969819777506,0.0958528313967866
2020-05-24,0.142857142857143,0.670969819777506,0.0958528313967866
2020-05-25,0.285714285714286,0.670969819777506,0.191705662793573
2020-05-26,0.428571428571429,0.335484909888753,0.14377924709518
2020-05-27,0.428571428571429,0.335484909888753,0.14377924709518
2020-05-28,0.571428571428571,0.670969819777506,0.383411325587147
2020-05-29,0.714285714285714,0.670969819777506,0.479264156983933
2020-05-30,0.857142857142857,0.670969819777506,0.57511698838072
2020-05-31,0.857142857142857,0.670969819777506,0.57511698838072
2020-06-01,0.857142857142857,1.00645472966626,0.86267548257108
2020-06-02,0.857142857142857,0.670969819777506,0.57511698838072
2020-06-03,0.857142857142857,0.670969819777506,0.57511698838072
2020-06-04,0.714285714285714,1.00645472966626,0.7188962354759
2020-06-05,0.571428571428571,1.00645472966626,0.57511698838072
2020-06-06,0.428571428571429,1.00645472966626,0.43133774128554
2020-06-07,0.285714285714286,1.00645472966626,0.28755849419036
2020-06-08,0.142857142857143,1.00645472966626,0.14377924709518
2020-06-09,0,1.00645472966626,0
2020-06-10,0.142857142857143,1.00645472966626,0.14377924709518
2020-06-11,0.428571428571429,0.670969819777506,0.28755849419036
2020-06-12,0.714285714285714,0.670969819777506,0.479264156983933
2020-06-13,0.857142857142857,0.670969819777506,0.57511698838072
2020-06-14,0.857142857142857,1.00645472966626,0.86267548257108
2020-06-15,1,1.00645472966626,1.00645472966626
2020-06-16,1.07142857142857,1.00645472966626,1.07834435321385
2020-06-17,1,1.00645472966626,1.00645472966626
2020-06-18,0.714285714285714,0.670969819777506,0.479264156983933
2020-06-19,0.428571428571429,1.00645472966626,0.43133774128554
2020-06-20,0.285714285714286,1.00645472966626,0.28755849419036
2020-06-21,0.285714285714286,1.00645472966626,0.28755849419036
2020-06-22,0.142857142857143,1.00645472966626,0.14377924709518
2020-06-23,0.0714285714285714,1.00645472966626,0.07188962354759
2020-06-24,0.142857142857143,1.00645472966626,0.14377924709518
2020-06-25,0.285714285714286,1.00645472966626,0.28755849419036
2020-06-26,0.428571428571429,1.00645472966626,0.43133774128554
2020-06-27,0.428571428571429,1.00645472966626,0.43133774128554
2020-06-28,0.714285714285714,1.00645472966626,0.7188962354759
2020-06-29,1.14285714285714,0.670969819777506,0.766822651174293
2020-06-30,1.57142857142857,0.670969819777506,1.05438114536465
2020-07-01,1.71428571428571,0.670969819777506,1.15023397676144
2020-07-02,1.71428571428571,1.34193963955501,2.30046795352288
2020-07-03,1.64285714285714,1.34193963955501,2.20461512212609
2020-07-04,1.64285714285714,1.34193963955501,2.20461512212609
2020-07-05,1.35714285714286,1.67742454944377,2.27650474567368
2020-07-06,1,1.67742454944377,1.67742454944377
2020-07-07,0.714285714285714,1.67742454944377,1.19816039245983
2020-07-08,0.571428571428571,1.67742454944377,0.958528313967866
2020-07-09,0.428571428571429,1.67742454944377,0.7188962354759
2020-07-10,0.5,2.01290945933252,1.00645472966626
2020-07-11,0.642857142857143,2.01290945933252,1.29401322385662
2020-07-12,0.785714285714286,1.67742454944377,1.31797643170582
2020-07-13,0.857142857142857,1.67742454944377,1.4377924709518
2020-07-14,1,2.01290945933252,2.01290945933252
2020-07-15,1.28571428571429,2.01290945933252,2.58802644771324
2020-07-16,1.57142857142857,1.34193963955501,2.10876229072931
2020-07-17,1.57142857142857,1.34193963955501,2.10876229072931
2020-07-18,1.42857142857143,1.67742454944377,2.39632078491967
2020-07-19,1.35714285714286,1.67742454944377,2.27650474567368
2020-07-20,1.26190476190476,1.67742454944377,2.11675002667904
2020-07-21,1.04761904761905,1.67742454944377,1.75730190894109
2020-07-22,0.619047619047619,1.67742454944377,1.03840567346519
2020-07-23,0.333333333333333,2.01290945933252,0.670969819777506
2020-07-24,0.476190476190476,1.67742454944377,0.798773594973222
2020-07-25,1.04761904761905,1.67742454944377,1.75730190894109
2020-07-26,1.54761904761905,1.67742454944377,2.59601418366297
2020-07-27,2.07142857142857,1.67742454944377,3.47466513813352
2020-07-28,2.57142857142857,2.01290945933252,5.17605289542648
2020-07-29,3.14285714285714,3.01936418899878,9.48943030828188
2020-07-30,3.68571428571429,5.0322736483313,18.5475228752782
2020-07-31,3.76363636363636,6.70969819777506,25.2528641261716
2020-08-01,3.45887445887446,6.70969819777506,23.2080037230402
2020-08-02,3.20612720612721,9.05809256699634,29.0413970146656
2020-08-03,2.9013653013653,12.4129416658839,36.014478237267
2020-08-04,2.61565101565102,15.7677907647714,41.243037928447
2020-08-05,2.24830407687551,18.4516700438814,41.4849649848202
2020-08-06,1.9248346891204,21.806519142769,41.9739444949698
2020-08-07,1.78779931070571,24.8258833317677,44.3836971081948
2020-08-08,1.74562243995742,30.8646117097653,53.8779588011387
2020-08-09,1.62242984308061,35.2259155383191,57.1515766192058
2020-08-10,1.55219174784251,39.2517344569841,60.9262183126364
2020-08-11,1.51564689734417,45.6259477448704,69.1528261379003
2020-08-12,1.53516774916316,48.3098270239805,74.1636884148658
2020-08-13,1.55279298107411,53.006615762423,82.3083009063826
2020-08-14,1.51575243541287,59.0453441404206,89.4981241806337
2020-08-15,1.46788601611788,69.1098914370831,101.445443215919
2020-08-16,1.38858777050385,72.1292556260819,100.157802257923
2020-08-17,1.2893814212975,77.1615292744132,99.4906422853314
2020-08-18,1.16937049880171,82.864772742522,96.8996206350132
2020-08-19,1.11139948430895,85.5486520216321,95.0787277401681
2020-08-20,1.08236969057328,87.8970463908533,95.137098904373
2020-08-21,1.1059240051112,89.9099558501859,99.4335784732086
2020-08-22,1.17128313577645,94.9422294985172,111.204232284631
2020-08-23,1.19794980244312,101.316442786403,121.372012620212
2020-08-24,1.23644186593518,108.697110803956,134.397658504207
2020-08-25,1.22560947154114,110.039050443511,134.864902462961
2020-08-26,1.19969542699356,114.400354272065,137.245581866639
2020-08-27,1.13801171736513,113.393899542399,129.043586356974
2020-08-28,1.11753765590746,117.084233551175,130.846039906502
2020-08-29,1.0578859756865,116.748748641286,123.506863866565
2020-08-30,1.10840862377012,119.097143010507,132.00830037923
2020-08-31,1.17975693837687,121.11005246984,142.88042470848
2020-09-01,1.30848964358016,123.458446839061,161.544099101403
2020-09-02,1.39349131927204,128.826205397281,179.518198915869
2020-09-03,1.44012261618281,137.884297964278,198.570295914845
2020-09-04,1.40192207798227,150.297239630161,210.705018497315
2020-09-05,1.3602335543476,156.00048309827,212.197091604703
2020-09-06,1.30971090626398,158.013392557603,206.951863568464
2020-09-07,1.2689748365552,161.032756746602,204.346516172552
2020-09-08,1.21384622022317,165.729545485044,201.170182366324
2020-09-09,1.18317473814719,172.774728592708,204.422694261129
2020-09-10,1.15672314768878,188.207034447591,217.703433303388
2020-09-11,1.14125286691238,194.916732645366,222.449279940717
2020-09-12,1.12330994998245,204.310310122251,229.503804244323
2020-09-13,1.10220605387855,213.032917779358,234.80617165182
2020-09-14,1.09363587734168,216.052281968357,236.282526942136
2020-09-15,1.09572111415974,222.426495256243,243.717407200817
2020-09-16,1.12445071788934,227.458768904575,255.766175984975
2020-09-17,1.17837969105341,229.136193454018,270.009436851501
2020-09-18,1.2422669602468,239.53622566057,297.567938920348
2020-09-19,1.30448820866437,245.574954038567,320.349631886606
2020-09-20,1.3497569946048,256.981440974785,346.862497439336
2020-09-21,1.3534356181079,268.052443001114,362.791723878545
2020-09-22,1.31484345451574,276.775050658221,363.915863731224
2020-09-23,1.25236133569559,292.542841422993,366.369343632682
2020-09-24,1.1889120933377,297.575115071324,353.790652984656
2020-09-25,1.15748352190913,306.63320763832,354.922885111497
2020-09-26,1.13072615229462,312.336451106429,353.166993580929
2020-09-27,1.12236673358271,323.071968222869,362.605229686438
2020-09-28,1.10677754201738,342.865577906306,379.47592155751
2020-09-29,1.08081854730839,358.968853580966,387.980194856337
2020-09-30,1.03399862065628,369.704370697406,382.273809351714
2020-10-01,1.00914415443396,380.104402903957,383.580136265138
2020-10-02,1.040780717105,380.439887813846,395.954499254241
2020-10-03,1.14432705367242,380.104402903957,434.963751462999
2020-10-04,1.28615705052809,380.439887813846,489.305444013894
2020-10-05,1.44770922369862,394.530254029174,571.165087786193
2020-10-06,1.58291824916927,433.11101866638,685.579335363305
2020-10-07,1.63655897482926,452.233658530039,740.107052587208
2020-10-08,1.63261048051489,479.407936231028,782.68642113279
2020-10-09,1.5463486251038,510.272547940794,789.059252936457
2020-10-10,1.43757322595699,533.756491633006,767.314041552348
2020-10-11,1.29428324512553,544.827493659335,705.161096527015
2020-10-12,1.14356731359163,558.917859874663,639.160195535251
2020-10-13,1.01035107401339,573.008226089991,578.939476648528
2020-10-14,0.969264530160494,624.33741730297,605.148113443779
2020-10-15,0.957941349413246,647.821360995182,620.574868730451
2020-10-16,0.975304284738844,650.840725184181,634.767747954669
2020-10-17,0.991337669046924,670.298849957729,664.492499481929
2020-10-18,1.05597011453456,690.763429460943,729.425537724157
2020-10-19,1.08516471026141,705.860250405937,765.974634116807
2020-10-20,1.08776315659649,711.563493874046,774.012552215258
2020-10-21,1.05918897388697,729.679679008038,772.868670474696
2020-10-22,1.0428383054028,734.376467746481,765.835911152431
2020-10-23,1.00640333048117,703.511856036715,708.016674948339
2020-10-24,0.969063940576735,702.16991639716,680.447546138269
2020-10-25,0.881067248921507,701.834431487272,618.36333174888
2020-10-26,0.833808684044248,701.834431487272,585.195643735345
2020-10-27,0.790662257011565,699.821522027939,553.322464111879
2020-10-28,0.803629821133801,670.298849957729,538.672144897722
2020-10-29,0.819599978105532,649.834270454515,532.604153836745
2020-10-30,0.863185643133175,649.834270454515,560.927612672258
2020-10-31,0.890578852730623,631.047115500745,561.997216141623
2020-11-01,0.974994437146208,633.395509869966,617.557098636603
2020-11-02,1.04382569500705,623.666447483192,650.999062996722
2020-11-03,1.1331491622375,588.440531944873,666.790895799919
2020-11-04,1.18232159493187,566.634012802104,669.943629758827
2020-11-05,1.24326336135772,560.595284424107,696.967577674402
2020-11-06,1.28079617894445,582.401803566876,745.938004618809
2020-11-07,1.28573581117766,579.382439377877,744.932750675604
2020-11-08,1.21560560855898,585.085682845986,711.233437555138
2020-11-09,1.15867894028239,601.188958520646,696.584985368176
2020-11-10,1.10107596494943,609.576081267865,671.189571892107
2020-11-11,1.05262483440959,612.930930366752,645.186319081819
2020-11-12,0.974523586294199,627.692266401857,611.700918543072
2020-11-13,0.895038943952414,644.801996806184,577.122898279814
2020-11-14,0.824331873245343,658.556878111622,542.869424972359
2020-11-15,0.760891465489291,651.847179913847,495.984955999709
2020-11-16,0.71322596026281,647.150391175405,461.564459180531
2020-11-17,0.679729466589325,640.44069297763,435.326410619782
2020-11-18,0.662606418889474,624.33741730297,413.689980257824
2020-11-19,0.654499042802322,595.150230142648,389.525255951945
2020-11-20,0.672525267785068,583.408258296542,392.356795138902
2020-11-21,0.673451193710994,552.208161676888,371.885245658254
2020-11-22,0.685962878232282,526.711308525343,361.304405193536
2020-11-23,0.683660520395944,492.156362806801,336.467875112672
2020-11-24,0.692146478881902,453.911083079483,314.172957878935
2020-11-25,0.660105831597074,417.00774299172,275.269242969968
2020-11-26,0.621889923670432,391.175404930286,243.268042713846
2020-11-27,0.567777622198924,357.626913941411,203.052558831994
2020-11-28,0.539607580235779,328.104241871201,177.047536021213
2020-11-29,0.513260389170913,292.878326332881,150.322843753341
2020-11-30,0.538141144219795,262.013714623116,141.000360188563
2020-12-01,0.609353265431917,245.239469128679,149.43747132635
2020-12-02,0.753000623364989,220.7490707068,166.224187849462
2020-12-03,0.900457560189694,205.316764851917,184.879033144598
2020-12-04,1.06668675403469,178.813456970705,190.737945993803
2020-12-05,1.17528007642111,173.445698412485,203.847273685139
2020-12-06,1.2472893679426,168.077939854265,209.641827365921
2020-12-07,1.26170345193306,149.961754720273,189.207263588507
2020-12-08,1.24484796699247,142.916571612609,177.90940362149
2020-12-09,1.17916195232687,137.884297964278,162.587917982777
2020-12-10,1.11834590270485,126.142326118171,141.070753571915
2020-12-11,1.0536728708187,125.471356298394,132.205764196444
2020-12-12,1.04496831372705,130.168145036836,136.02158702012
2020-12-13,1.06353974229847,130.839114856614,139.152598497163
2020-12-14,1.07696392776213,132.181054496169,142.354227625934
2020-12-15,1.09276233025029,138.219782874166,151.041372020263
2020-12-16,1.12424921071677,144.593996162053,162.559686059571
2020-12-17,1.16585575232331,149.626269810384,174.442647357115
2020-12-18,1.1691621804085,148.619815080718,173.760667051679
2020-12-19,1.1683121065863,152.310149089494,177.945791137219
2020-12-20,1.12569541634584,153.987573638938,173.34310581957
2020-12-21,1.11660150100193,163.045666205934,182.057035617405
2020-12-22,1.11253961483174,164.0521209356,182.514483438023
2020-12-23,1.14841501762444,164.387605845489,188.785195264286
2020-12-24,1.24811045135348,165.058575665267,206.011333373339
2020-12-25,1.44901647748075,169.41987949382,245.492196999349
2020-12-26,1.55526544362105,183.510245709148,285.407143701846
2020-12-27,1.59295947690063,197.600611924476,314.769767406457
2020-12-28,1.59163672557788,219.071646157356,348.682477556849
2020-12-29,1.55979265723746,226.11682926502,352.695369965394
2020-12-30,1.51707064483317,230.813618003462,350.16056430079
2020-12-31,1.43284565048761,238.865255840792,342.25704288409
2021-01-01,1.31130633708783,256.310471155007,336.101545087529
2021-01-02,1.25096367551876,269.394382640669,337.002587072278
2021-01-03,1.2538492954426,286.504113044995,359.232980282873
2021-01-04,1.26070643829974,305.962237818543,385.728563094433
2021-01-05,1.24061775505316,324.749392772313,402.889862616064
2021-01-06,1.18293895718632,342.194608086528,404.795332844659
2021-01-07,1.08900847881648,358.633368671077,390.55477926932
2021-01-08,0.973094719700948,376.078583985292,365.960084268697
2021-01-09,0.876098431963846,364.336612139186,319.194734602161
2021-01-10,0.823689600967571,368.69791596774,303.692639281043
2021-01-11,0.786082938571671,366.349521598518,287.981108482489
2021-01-12,0.783711155455344,366.01403668863,286.849283606121
2021-01-13,0.794568609265818,369.368885787517,293.488921886252
2021-01-14,0.804593671922459,364.672097049075,293.412861612378
2021-01-15,0.81500083625414,359.975308310632,293.380177304007
2021-01-16,0.820225949200082,349.575276104081,286.73071265935
2021-01-17,0.852460716232484,342.194608086528,291.707460700336
2021-01-18,0.864474872773583,319.717119123982,276.387415878241
2021-01-19,0.871950324151473,305.291267998765,266.198820092138
2021-01-20,0.854017589351268,295.562205611992,252.415322340097
2021-01-21,0.856695517047221,290.194447053772,248.608281862963
2021-01-22,0.827672330926465,270.736322280224,224.080962928131
2021-01-23,0.821696204626888,266.039533541781,218.603674991989
2021-01-24,0.816870268590761,254.297561695675,207.728117524322
2021-01-25,0.855310065085956,241.549135119902,206.59940648086
2021-01-26,0.889758667331169,232.155557643017,206.562419581975
2021-01-27,0.906813901253873,226.452314174908,205.350106464916
2021-01-28,0.907000277174104,228.129738724352,206.913736254643
2021-01-29,0.903133113510738,217.729706517801,196.638907751201
2021-01-30,0.897068423483784,215.716797058468,193.512727056212
2021-01-31,0.886105460520821,199.949006293697,177.175906302557
2021-02-01,0.89237505299731,196.594157194809,175.435721445679
2021-02-02,0.93712176524153,192.568338276144,180.459981094968
2021-02-03,1.02053319916843,184.181215528926,187.963045110464
2021-02-04,1.10979314557123,181.497336249815,201.424499709482
2021-02-05,1.17131670512629,178.477972060817,209.054230171897
2021-02-06,1.18627397008355,185.858640078369,220.479266840097
2021-02-07,1.14345764355294,188.207034447591,215.206772109529
2021-02-08,1.03870210497387,186.529609898147,193.74869844116
2021-02-09,0.910028100160678,188.542519357479,171.578990690395
2021-02-10,0.7806084109232,179.484426790483,140.10705318238
2021-02-11,0.691416491731281,170.426334223487,117.835578107426
2021-02-12,0.679913578329633,164.723090755378,111.997466069006
2021-02-13,0.759218608454335,160.026302016935,121.494946333391
2021-02-14,0.868371821978551,158.68436237738,137.79702887715
2021-02-15,1.01858190601216,157.677907647714,160.607863707819
2021-02-16,1.15223568051101,157.006937827936,180.908995853122
2021-02-17,1.26967250725016,154.323058548826,195.939744674202
2021-02-18,1.34664925143621,151.303694359828,203.753006749195
2021-02-19,1.35605657004563,149.961754720273,203.356622743997
2021-02-20,1.28560379877319,145.600450891719,187.184492769483
2021-02-21,1.19984836541367,144.593996162053,173.490869943669
2021-02-22,1.0964000895516,141.239147063165,154.854613488246
2021-02-23,1.01356848947862,137.548813054389,139.415142677114
2021-02-24,0.973556120894825,140.568177243388,136.851009358329
2021-02-25,0.980540415669817,142.58108670272,139.806518022139
2021-02-26,1.0478014340612,147.277875441163,154.317969092737
2021-02-27,1.11367444993422,150.297239630161,167.382195671751
2021-02-28,1.15698585344299,157.677907647714,182.431108548895
2021-03-01,1.16803570204424,161.36824165649,188.483867430884
2021-03-02,1.16014591871291,166.73600021471,193.438090151612
2021-03-03,1.13697694309347,170.426334223487,193.770812508046
2021-03-04,1.07439839261169,164.723090755378,176.978223933608
2021-03-05,1.04639025616982,165.729545485044,173.417781555003
2021-03-06,1.06001032785441,164.0521209356,173.896942498157
2021-03-07,1.13374153086193,166.065030394933,188.274821782584
2021-03-08,1.21899710097988,166.73600021471,203.250700890713
2021-03-09,1.32474671789982,177.136032421262,234.660377571863
2021-03-10,1.40398145315645,182.503790979482,256.231937665935
2021-03-11,1.46917873527156,188.207034447591,276.509772838922
2021-03-12,1.47907360230928,205.316764851917,303.678607004013
2021-03-13,1.42051647534281,210.684523410137,299.280836603848
2021-03-14,1.36057495487498,220.7490707068,300.345656915597
2021-03-15,1.29282183420924,229.136193454018,296.232273904946
2021-03-16,1.25272950861921,239.871710570459,300.494370114579
2021-03-17,1.19122157211127,241.213650210014,287.33890361787
2021-03-18,1.15803948491458,264.026624082449,305.753255756175
2021-03-19,1.09517295899387,276.104080838444,302.381723202122
2021-03-20,1.11457104246812,289.523477233994,322.694483839689
2021-03-21,1.09153524516455,298.917054710879,326.278500597703
2021-03-22,1.11477305970784,309.652571827319,345.192344942342
2021-03-23,1.09076851367251,315.020330385539,343.614257551256
2021-03-24,1.11479448769848,333.807485339309,372.126744608753
2021-03-25,1.08498305207792,337.833304257974,366.543409547384
2021-03-26,1.08538822982299,342.194608086528,371.41399992601
2021-03-27,1.05135670676601,351.588185563413,369.644596911787
2021-03-28,1.0696271930811,354.943034662301,379.656721869526
2021-03-29,1.04540986996509,355.949489391967,372.113109419395
2021-03-30,1.05086711552726,360.64627813041,378.991314024545
2021-03-31,1.02854859739201,375.072129255626,385.779912466708
2021-04-01,1.05834427381314,373.394704706182,395.180147597936
2021-04-02,1.0868720485594,376.74955380507,409.478559337956
2021-04-03,1.16017365835995,381.781827453401,442.933219451959
2021-04-04,1.20515163098967,383.459252002845,462.126542969306
2021-04-05,1.2664039452675,400.568982407171,507.282139672231
2021-04-06,1.28728225990957,418.014197721386,538.102261117074
2021-04-07,1.30256086673662,425.730350648828,554.539694537223
2021-04-08,1.28877800832272,445.523960332264,574.181482257067
2021-04-09,1.25727499615895,451.562688710262,567.738477713721
2021-04-10,1.20044081840165,469.007904024477,563.016232143984
2021-04-11,1.15933804012444,482.427300420027,559.296320971479
2021-04-12,1.12783431460239,506.582213932017,571.340804039779
2021-04-13,1.11420664938022,515.304821589125,574.156058672292
2021-04-14,1.11411371923682,528.388733074786,588.685136608781
2021-04-15,1.12858346422285,557.240435325219,628.892340904384
2021-04-16,1.14065387576016,576.698560098767,657.813447721963
2021-04-17,1.12284424016884,595.821199962426,669.014402548294
2021-04-18,1.07069777985519,617.963204015083,661.651830571148
2021-04-19,0.996463429533268,631.718085320522,629.483969796678
2021-04-20,0.930255587713489,642.453602436962,597.646053513645
2021-04-21,0.876959885545975,632.724540050189,554.874040224543
2021-04-22,0.835087807483275,626.014841852413,522.777361734521
2021-04-23,0.814445067628713,619.305143654638,504.390019606612
2021-04-24,0.838372529056174,616.28577946564,516.677067551964
2021-04-25,0.892324466825309,619.640628564527,552.920493507141
2021-04-26,0.940846634312993,608.905111448087,572.886324721911
2021-04-27,0.984825962301611,603.201867979978,594.048860095511
2021-04-28,1.02286118495598,598.840564151424,612.530769047635
2021-04-29,1.08155730939116,591.795381043761,640.060620031805
2021-04-30,1.12419705591629,574.685650639434,646.059916526188
2021-05-01,1.1578521616175,567.64046753177,657.243742353229
2021-05-02,1.20680272355219,564.621103342772,681.386285289101
2021-05-03,1.27500984275288,562.608193883439,717.330984814808
2021-05-04,1.31675142496929,566.298527892215,745.674393560088
2021-05-05,1.3222153470392,584.414713026208,772.722102598764
2021-05-06,1.3350003014465,627.692266401857,837.969364862114
2021-05-07,1.33845572030652,645.472966625961,863.936984483738
2021-05-08,1.35869882367593,660.234302661066,897.059570376088
2021-05-09,1.33060013595426,673.989183966505,896.810099817535
2021-05-10,1.34510805253374,742.092620673922,998.194759794361
2021-05-11,1.34556651576499,784.363719319905,1055.41355689775
2021-05-12,1.38509692476084,828.647727425221,1147.75741896673
2021-05-13,1.38983872177115,854.480065486654,1187.5894819949
2021-05-14,1.43546912217453,924.931896563293,1327.71117763093
2021-05-15,1.4492577954122,990.015969081711,1434.78836077423
2021-05-16,1.45590101261086,1056.10649632979,1537.58651743146
2021-05-17,1.39423971697633,1159.10036366564,1616.06376298434
2021-05-18,1.32874635466943,1216.13279834673,1615.93202259715
2021-05-19,1.24957759393735,1307.72017874636,1634.09783450119
2021-05-20,1.15129850059938,1354.68806613079,1559.65033931624
2021-05-21,1.04376778976432,1407.69468189321,1469.30636678266
2021-05-22,0.943413666188601,1439.23026342275,1357.78949930524
2021-05-23,0.896595800866844,1486.19815080718,1332.51902126978
2021-05-24,0.888481043556509,1490.89493954562,1324.63189172061
2021-05-25,0.918799727315102,1535.51443256082,1410.83024192529
2021-05-26,0.950490319355016,1550.61125350582,1473.84098554023
2021-05-27,0.976481062391233,1571.41131791892,1534.45339317507
2021-05-28,0.990082700896097,1598.9210805298,1583.06410193065
2021-05-29,0.987217934903766,1583.48877467492,1563.24851807786
2021-05-30,0.97966977901549,1586.8436237738,1554.58274223462
2021-05-31,0.948445715087229,1525.78537017405,1447.12459648436
2021-06-01,0.944672053149899,1511.02403413894,1427.42217668888
2021-06-02,0.946764124949458,1456.33999382708,1378.81045988459
2021-06-03,0.984077941471574,1448.62384089964,1425.55876731916
2021-06-04,0.993600892839903,1436.21089923375,1427.02043178506
2021-06-05,1.00196925914291,1451.30772017875,1454.16572117589
2021-06-06,0.991111907902706,1465.73357130396,1452.70599633212
2021-06-07,0.973977880927067,1463.04969202485,1424.97803872936
2021-06-08,0.928721807939993,1430.84314067553,1328.85522848672
2021-06-09,0.878855127893781,1410.37856117232,1239.51843075774
2021-06-10,0.832574126663178,1418.43019900965,1180.94828417314
2021-06-11,0.796292419823583,1343.95254901435,1070.17922738271
2021-06-12,0.765011631646243,1325.16539406058,1013.76694031142
2021-06-13,0.723289823908584,1291.95238798159,934.456015201478
2021-06-14,0.705548012436955,1275.84911230693,900.172805357607
2021-06-15,0.694292069456148,1230.89413438184,854.600035841399
2021-06-16,0.720373219410845,1178.89397334908,849.243646925519
2021-06-17,0.770427190973415,1109.784081912,855.007832814469
2021-06-18,0.8882112920668,1069.86137763523,950.262956561758
2021-06-19,0.994874169419333,1017.1902467827,1011.97630190938
2021-06-20,1.09893373096538,978.944967055382,1075.79564505595
2021-06-21,1.15277020061817,940.364202418175,1084.02383027575
2021-06-22,1.18659071229292,918.222198365518,1089.55393240171
2021-06-23,1.17665784801818,898.428588682081,1057.14304975667
2021-06-24,1.12319231799594,863.202673143762,969.542611348635
2021-06-25,1.00659052913225,865.886552422872,871.593202971836
2021-06-26,0.909907582449301,839.047759631772,763.455918526048
2021-06-27,0.860026145377134,822.608999047223,707.465246603126
2021-06-28,0.864021257661288,792.079872247346,684.373847387344
2021-06-29,0.89798459409602,778.660475851796,699.225111346389
2021-06-30,0.950648436631632,798.118600625344,758.730199931109
2021-07-01,1.05242357678371,823.279968867,866.439249529388
2021-07-02,1.13936512223969,821.602544317557,936.105283338816
2021-07-03,1.23648366935824,827.641272695554,1023.36491777492
2021-07-04,1.26119604733476,818.583180128558,1032.39387119286
2021-07-05,1.26591548580598,839.718729451549,1063.01294333404
2021-07-06,1.21321748313058,844.080033280103,1024.05265353686
2021-07-07,1.15711278037991,881.654343187643,1020.17350837988
2021-07-08,1.04849366633155,847.434882378991,888.530106802791
2021-07-09,0.980762868577028,850.118761658101,833.764915314949
2021-07-10,0.916661901250254,868.570431701982,796.185423293693
2021-07-11,0.917259841575809,854.480065486654,783.780249497976
2021-07-12,0.922184284635476,890.71243575464,821.401010382315
2021-07-13,0.951159221256478,901.44795287108,857.420532856103
2021-07-14,0.960707900943407,902.454407600746,866.995079623239
2021-07-15,0.955987809597176,906.480226519411,866.584046193444
2021-07-16,0.95738678726734,920.570592734739,881.342122231102
2021-07-17,0.945664353553321,913.860894536964,864.205672069958
2021-07-18,0.925428921250904,882.996282827198,817.150297485332
2021-07-19,0.91026899938433,844.751003099881,768.950650320637
2021-07-20,0.918180000064023,852.131671117433,782.410257841161
2021-07-21,0.919632744202439,808.518632831895,743.54020905
2021-07-22,0.953249537800108,832.002576524108,793.106071520104
2021-07-23,0.965809924273538,816.234785759336,788.327656623652
2021-07-24,1.00450433696583,790.066962788014,793.62569061398
2021-07-25,1.02351647710102,799.12505535501,817.91766142012
2021-07-26,1.04086894354806,793.75729679679,826.197318950437
2021-07-27,1.0171608474605,796.105691166011,809.767539494551
2021-07-28,1.02322858463289,791.408902427569,809.792211096833
2021-07-29,1.00819440007286,771.615292744132,777.938217155216
2021-07-30,1.01253174315539,762.221715267247,771.773682030437
2021-07-31,0.973475142660073,750.81522833103,730.899961510905
2021-08-01,0.95450553007919,786.712113689126,750.92106309656
2021-08-02,0.906980379173758,780.002415491351,707.446886558792
2021-08-03,0.887927385409744,748.466833961808,664.584198945618
2021-08-04,0.852047430939416,754.841047249695,643.160375076721
2021-08-05,0.845314771012427,739.744226304701,625.316721266523
2021-08-06,0.819885295424724,728.002254458595,596.87834346665
2021-08-07,0.818345906543563,724.311920449818,592.737695160815
2021-08-08,0.788162297049608,702.16991639716,553.423854226717
2021-08-09,0.781829267022311,673.989183966505,526.944469681498
2021-08-10,0.761826090113897,660.905272480844,503.494879669741
2021-08-11,0.748633508593084,640.44069297763,479.455363029629
2021-08-12,0.702910435764864,601.524443430534,422.817808654974
2021-08-13,0.686229926351796,579.382439377877,397.589568703804
2021-08-14,0.708212705477432,562.27270897355,398.208676438283
2021-08-15,0.762719584736787,501.885425193575,382.797843089089
2021-08-16,0.808222213638117,480.749875870583,388.552728882373
2021-08-17,0.848724983488713,458.943356727814,389.516692861069
2021-08-18,0.874002802588121,437.472322494934,382.352035915307
2021-08-19,0.879788112663569,414.659348622499,364.812365722893
2021-08-20,0.842656565339048,399.898012587394,336.976685772804
2021-08-21,0.76734113755366,378.426978354514,290.382588051547
2021-08-22,0.681850955882431,356.620459211745,243.16200100076
2021-08-23,0.622438195914174,322.736483312981,200.883514429017
2021-08-24,0.572877455049085,289.523477233994,165.861472814772
2021-08-25,0.554631448547635,275.768595928555,152.949935823802
2021-08-26,0.558560368991982,265.368563722004,148.224362871435
2021-08-27,0.589486547240244,242.22010493968,142.785493333061
2021-08-28,0.619986473067272,230.478133093573,142.893324855814
2021-08-29,0.652287860379321,220.7490707068,143.991939012062
2021-08-30,0.650898368412321,202.968370482696,132.111781186494
2021-08-31,0.650867921450928,184.516700438814,120.096001287595
2021-09-01,0.660418565479031,160.697271836713,106.127461742796
2021-09-02,0.675414218912818,141.910116882943,95.8481107503194
2021-09-03,0.694313125254795,127.484265757726,88.5139989790598
2021-09-04,0.712999993941664,120.103597740174,85.6338644611159
2021-09-05,0.729863727223308,108.361625894067,79.0892201630217
2021-09-06,0.737628784465717,96.9551389578497,71.5169012971834
2021-09-07,0.735170354285134,94.6067445886284,69.5520739369851
2021-09-08,0.705764298384513,82.5292878326333,58.246224923372
2021-09-09,0.661969857531249,77.8324990941908,51.5227683366825
2021-09-10,0.618933020154789,73.8066801755257,45.6813914686367
2021-09-11,0.58414637822529,67.4324668876394,39.3904313072113
2021-09-12,0.571159365238277,61.0582535997531,34.8739933685927
2021-09-13,0.602169818199949,56.0259799514218,33.7371541618216
2021-09-14,0.697205279192857,51.664676122868,36.0208849406527
2021-09-15,0.744337175429612,44.2840081053154,32.9622335098125
2021-09-16,0.792566723659161,44.2840081053154,35.0980312145256
2021-09-17,0.790979422071859,42.9420684657604,33.9662924976174
2021-09-18,0.786444274679569,38.9162495470954,30.6054616483145
2021-09-19,0.75359477124183,34.8904306284303,26.2932460879609
2021-09-20,0.811836529483588,31.5355815295428,25.6017370641908
2021-09-21,0.825755943403002,26.8387927911003,22.1622926610127
2021-09-22,0.959369388781154,25.4968531515452,24.4609004238408
2021-09-23,1.02502595443772,24.8258833317677,25.4471747569047
2021-09-24,1.1028037322155,23.148458782324,25.5282067401835
2021-09-25,1.09113239701475,23.4839436922127,25.6240917722435
2021-09-26,1.07852735499794,23.8194286021015,25.6899053277869
2021-09-27,0.975747781630135,22.4774889625465,21.9323599918205
2021-09-28,0.898824704707058,21.4710342328802,19.2986960041237
2021-09-29,0.785837691720045,20.8000644131027,16.3454746060209
2021-09-30,0.775736681619035,19.1226398636589,14.8341331916306
2021-10-01,0.832879538761892,18.7871549537702,15.6474369525443
2021-10-02,0.88582071523248,18.1161851339927,16.0476920726774
2021-10-03,0.941376270788036,18.1161851339927,17.0541468023437
2021-10-04,0.914485514485515,17.7807002241039,16.2601927923524
2021-10-05,0.872727272727273,18.7871549537702,16.3960625051085
2021-10-06,0.873809523809524,17.4452153142152,15.243795286469
2021-10-07,0.937301587301587,17.1097304043264,16.0369774662774
2021-10-08,1.13373015873016,14.4258511252164,16.3550224860092
2021-10-09,1.5765873015873,13.4193963955501,21.1568499521907
2021-10-10,2.02103174603175,15.0968209449939,30.5111543939896
2021-10-11,2.09375901875902,14.7613360351051,30.9066804524339
2021-10-12,2.08763656977943,17.4452153142152,36.4192694576317
2021-10-13,1.99395126957239,18.1161851339927,36.1227903477331
2021-10-14,1.81934809496921,17.4452153142152,31.7389192482451
2021-10-15,1.51577666639778,17.4452153142152,26.4430503135726
2021-10-16,1.20149095211207,16.7742454944377,20.1541041900735
2021-10-17,1.12359979564948,16.1032756746602,18.0936372573353
2021-10-18,1.15935127674257,16.1032756746602,18.6693532131548
2021-10-19,1.31979296066251,16.7742454944377,22.1385311239837
2021-10-20,1.58452380952379,19.1226398636589,30.3002781649164
