"fecha","rho7dpromedio","incidenciaAcum14d","riesgopor10"
2020-01-07,0,0,0
2020-01-08,0,0,0
2020-01-09,0,0,0
2020-01-10,0,0,0
2020-01-11,0,0,0
2020-01-12,0,0,0
2020-01-13,0,0,0
2020-01-14,0,0,0
2020-01-15,0,0,0
2020-01-16,0,0,0
2020-01-17,0,0,0
2020-01-18,0,0,0
2020-01-19,0,0,0
2020-01-20,0,0,0
2020-01-21,0,0,0
2020-01-22,0,0,0
2020-01-23,0,0,0
2020-01-24,0,0,0
2020-01-25,0,0,0
2020-01-26,0,0,0
2020-01-27,0,0,0
2020-01-28,0,0,0
2020-01-29,0,0,0
2020-01-30,0,0,0
2020-01-31,0,0,0
2020-02-01,0,0,0
2020-02-02,0,0,0
2020-02-03,0,0,0
2020-02-04,0,0,0
2020-02-05,0,0,0
2020-02-06,0,0,0
2020-02-07,0,0,0
2020-02-08,0,0,0
2020-02-09,0,0,0
2020-02-10,0,0,0
2020-02-11,0,0,0
2020-02-12,0,0,0
2020-02-13,0,0,0
2020-02-14,0,0,0
2020-02-15,0,0,0
2020-02-16,0,0,0
2020-02-17,0,0,0
2020-02-18,0,0,0
2020-02-19,0,0,0
2020-02-20,0,0,0
2020-02-21,0,0,0
2020-02-22,0,0,0
2020-02-23,0,0,0
2020-02-24,0,0,0
2020-02-25,0,0,0
2020-02-26,0,0,0
2020-02-27,0,0,0
2020-02-28,0,0,0
2020-02-29,0,0,0
2020-03-01,0,0,0
2020-03-02,0,0,0
2020-03-03,0,0,0
2020-03-04,0,0,0
2020-03-05,0,0,0
2020-03-06,0,0,0
2020-03-07,0,0,0
2020-03-08,0.142857142857143,0,0
2020-03-09,0.285714285714286,0,0
2020-03-10,0.428571428571429,0,0
2020-03-11,0.428571428571429,0,0
2020-03-12,0.428571428571429,0.687422235359625,0.294609529439839
2020-03-13,0.428571428571429,0.687422235359625,0.294609529439839
2020-03-14,0.428571428571429,0.687422235359625,0.294609529439839
2020-03-15,0.428571428571429,0.687422235359625,0.294609529439839
2020-03-16,0.428571428571429,0.687422235359625,0.294609529439839
2020-03-17,0.428571428571429,0.687422235359625,0.294609529439839
2020-03-18,0.428571428571429,0.687422235359625,0.294609529439839
2020-03-19,0.428571428571429,1.37484447071925,0.589219058879679
2020-03-20,0.571428571428571,1.37484447071925,0.785625411839571
2020-03-21,0.714285714285714,1.37484447071925,0.982031764799464
2020-03-22,0.714285714285714,1.37484447071925,0.982031764799464
2020-03-23,0.714285714285714,1.37484447071925,0.982031764799464
2020-03-24,0.714285714285714,2.06226670607887,1.4730476471992
2020-03-25,1,2.06226670607887,2.06226670607887
2020-03-26,1.28571428571429,1.37484447071925,1.76765717663904
2020-03-27,1.42857142857143,2.06226670607887,2.94609529439839
2020-03-28,1.42857142857143,2.06226670607887,2.94609529439839
2020-03-29,1.28571428571429,2.7496889414385,3.53531435327807
2020-03-30,1.14285714285714,3.43711117679812,3.92812705919786
2020-03-31,1,3.43711117679812,3.43711117679812
2020-04-01,0.714285714285714,3.43711117679812,2.45507941199866
2020-04-02,0.428571428571429,2.7496889414385,1.17843811775936
2020-04-03,0.142857142857143,2.7496889414385,0.392812705919786
2020-04-04,0,2.7496889414385,0
2020-04-05,0,2.7496889414385,0
2020-04-06,0,2.7496889414385,0
2020-04-07,0.142857142857143,2.06226670607887,0.294609529439839
2020-04-08,0.285714285714286,2.06226670607887,0.589219058879678
2020-04-09,0.428571428571429,2.06226670607887,0.883828588319518
2020-04-10,0.428571428571429,1.37484447071925,0.589219058879679
2020-04-11,0.428571428571429,2.06226670607887,0.883828588319518
2020-04-12,0.428571428571429,1.37484447071925,0.589219058879679
2020-04-13,0.428571428571429,0.687422235359625,0.294609529439839
2020-04-14,0.285714285714286,0.687422235359625,0.196406352959893
2020-04-15,0.142857142857143,0.687422235359625,0.0982031764799464
2020-04-16,0,0.687422235359625,0
2020-04-17,0,0.687422235359625,0
2020-04-18,0,0.687422235359625,0
2020-04-19,0,0.687422235359625,0
2020-04-20,0,0.687422235359625,0
2020-04-21,0,0.687422235359625,0
2020-04-22,0,0.687422235359625,0
2020-04-23,0,0.687422235359625,0
2020-04-24,0,0.687422235359625,0
2020-04-25,0,0,0
2020-04-26,0,0,0
2020-04-27,0,0,0
2020-04-28,0,0,0
2020-04-29,0,0,0
2020-04-30,0,0,0
2020-05-01,0,0,0
2020-05-02,0,0,0
2020-05-03,0,0,0
2020-05-04,0,0,0
2020-05-05,0,0,0
2020-05-06,0,0,0
2020-05-07,0,0,0
2020-05-08,0,0,0
2020-05-09,0,0,0
2020-05-10,0,0,0
2020-05-11,0,0,0
2020-05-12,0,0,0
2020-05-13,0,0,0
2020-05-14,0,0,0
2020-05-15,0,0,0
2020-05-16,0,0,0
2020-05-17,0,0,0
2020-05-18,0,0,0
2020-05-19,0,0,0
2020-05-20,0,0,0
2020-05-21,0,0,0
2020-05-22,0,0,0
2020-05-23,0,0,0
2020-05-24,0,0,0
2020-05-25,0,0,0
2020-05-26,0,0,0
2020-05-27,0,0,0
2020-05-28,0,0,0
2020-05-29,0,0,0
2020-05-30,0,0,0
2020-05-31,0,0,0
2020-06-01,0,0,0
2020-06-02,0,0,0
2020-06-03,0,0,0
2020-06-04,0,0,0
2020-06-05,0,0,0
2020-06-06,0,0,0
2020-06-07,0,0,0
2020-06-08,0,0,0
2020-06-09,0,0,0
2020-06-10,0,0,0
2020-06-11,0,0,0
2020-06-12,0,0,0
2020-06-13,0,0,0
2020-06-14,0,0,0
2020-06-15,0,0,0
2020-06-16,0,0,0
2020-06-17,0,0,0
2020-06-18,0,0,0
2020-06-19,0,0,0
2020-06-20,0,0,0
2020-06-21,0,0,0
2020-06-22,0,0,0
2020-06-23,0,0,0
2020-06-24,0,0,0
2020-06-25,0,0,0
2020-06-26,0,0,0
2020-06-27,0,0,0
2020-06-28,0,0,0
2020-06-29,0,0,0
2020-06-30,0,0,0
2020-07-01,0,0,0
2020-07-02,0,0,0
2020-07-03,0,0,0
2020-07-04,0,0,0
2020-07-05,0,0,0
2020-07-06,0,0,0
2020-07-07,0.142857142857143,0,0
2020-07-08,0.285714285714286,0,0
2020-07-09,0.428571428571429,0,0
2020-07-10,0.428571428571429,0,0
2020-07-11,0.428571428571429,0.687422235359625,0.294609529439839
2020-07-12,0.428571428571429,0.687422235359625,0.294609529439839
2020-07-13,0.428571428571429,0.687422235359625,0.294609529439839
2020-07-14,0.428571428571429,0.687422235359625,0.294609529439839
2020-07-15,0.428571428571429,0.687422235359625,0.294609529439839
2020-07-16,0.428571428571429,0.687422235359625,0.294609529439839
2020-07-17,0.428571428571429,0.687422235359625,0.294609529439839
2020-07-18,0.428571428571429,1.37484447071925,0.589219058879679
2020-07-19,0.571428571428571,1.37484447071925,0.785625411839571
2020-07-20,1,1.37484447071925,1.37484447071925
2020-07-21,1.28571428571429,1.37484447071925,1.76765717663904
2020-07-22,1.57142857142857,1.37484447071925,2.16046988255882
2020-07-23,1.57142857142857,2.06226670607887,3.24070482383823
2020-07-24,1.85714285714286,3.43711117679812,6.38320647119652
2020-07-25,1.95238095238095,2.7496889414385,5.36844031423707
2020-07-26,1.9047619047619,3.43711117679812,6.54687843199643
2020-07-27,1.52380952380952,3.43711117679812,5.23750274559714
2020-07-28,1.0952380952381,4.12453341215775,4.51734611807753
2020-07-29,0.666666666666667,4.81195564751737,3.20797043167825
2020-07-30,0.523809523809524,4.81195564751737,2.52054819631862
2020-07-31,0.238095238095238,4.81195564751737,1.14570372559937
2020-08-01,0.142857142857143,4.12453341215775,0.589219058879678
2020-08-02,0.19047619047619,4.12453341215775,0.785625411839571
2020-08-03,0.285714285714286,4.12453341215775,1.17843811775936
2020-08-04,0.428571428571429,4.12453341215775,1.76765717663904
2020-08-05,0.428571428571429,4.12453341215775,1.76765717663904
2020-08-06,0.428571428571429,4.12453341215775,1.76765717663904
2020-08-07,0.571428571428571,2.7496889414385,1.57125082367914
2020-08-08,0.857142857142857,2.7496889414385,2.35687623551871
2020-08-09,1,2.06226670607887,2.06226670607887
2020-08-10,1.14285714285714,2.06226670607887,2.35687623551871
2020-08-11,1.14285714285714,2.06226670607887,2.35687623551871
2020-08-12,1.28571428571429,2.06226670607887,2.65148576495855
2020-08-13,1.28571428571429,2.06226670607887,2.65148576495855
2020-08-14,1.14285714285714,2.7496889414385,3.14250164735829
2020-08-15,0.857142857142857,2.7496889414385,2.35687623551871
2020-08-16,0.714285714285714,2.7496889414385,1.96406352959893
2020-08-17,0.714285714285714,2.7496889414385,1.96406352959893
2020-08-18,1.14285714285714,2.7496889414385,3.14250164735829
2020-08-19,1.42857142857143,2.7496889414385,3.92812705919786
2020-08-20,2,2.7496889414385,5.499377882877
2020-08-21,2.57142857142857,3.43711117679812,8.83828588319518
2020-08-22,3.14285714285714,4.81195564751737,15.1232891779117
2020-08-23,3.17857142857143,4.81195564751737,15.2951447367517
2020-08-24,3.22619047619048,8.2490668243155,26.6130608260655
2020-08-25,2.81802721088435,8.2490668243155,23.2460947753245
2020-08-26,2.57993197278912,10.3113335303944,26.6025390571569
2020-08-27,2.07993197278912,10.3113335303944,21.4468722919597
2020-08-28,1.59421768707483,11.6861780011136,18.6303116636801
2020-08-29,1.10442176870748,15.1232891779117,16.702489782544
2020-08-30,1.0687074829932,15.1232891779117,16.1623723119043
2020-08-31,0.89608843537415,15.1232891779117,13.5518045371457
2020-09-01,0.961394557823129,17.1855558839906,16.5220999000338
2020-09-02,1.05663265306122,17.8729781193503,18.8851722883543
2020-09-03,1.27091836734694,19.9352448254291,25.3360688061959
2020-09-04,1.39948979591837,21.997511531508,30.7852929239421
2020-09-05,1.58769841269841,20.6226670607887,32.7425757580221
2020-09-06,1.94484126984127,21.997511531508,42.781668260286
2020-09-07,2.35555555555556,22.6849337668676,53.4356217619548
2020-09-08,2.6984126984127,24.7472004729465,66.7781600063636
2020-09-09,2.87698412698413,26.8094671790254,77.1304115269579
2020-09-10,2.91059757236228,38.495645180139,112.045331407832
2020-09-11,2.93610777644391,47.4321342398141,139.26585819485
2020-09-12,2.86626650660264,52.2440898873315,149.745485011996
2020-09-13,2.55039349072963,59.8057344762874,152.528155916628
2020-09-14,2.21706015739629,70.1170680066817,155.45375783106
2020-09-15,1.86743609724592,82.490668243155,154.046051563205
2020-09-16,1.64935099086294,95.5516907149879,157.598275759394
2020-09-17,1.55706407609703,104.488179774663,162.694791103896
2020-09-18,1.62761298531589,120.986313423294,196.918894773252
2020-09-19,1.72211847982139,130.610224718329,224.926281641058
2020-09-20,1.88908108407213,156.044847426635,294.781369540577
2020-09-21,1.88908108407213,176.667514487424,333.73925978823
2020-09-22,1.88557512817114,208.976359549326,394.040625941958
2020-09-23,1.80037225269471,236.473248963711,425.739875938832
2020-09-24,1.74390712933193,257.0959160245,448.351400877247
2020-09-25,1.59513865642552,274.28147190849,437.516978582524
2020-09-26,1.46253792382479,299.028672381437,437.34077366883
2020-09-27,1.26480967998488,327.900406266541,414.731607916897
2020-09-28,1.18063798313713,358.146984622365,422.841933591193
2020-09-29,1.10876799918849,379.457073918513,420.72986062655
2020-09-30,1.11066225282491,394.580363096425,438.245514997145
2020-10-01,1.13523128441764,418.640141334012,475.253385355394
2020-10-02,1.20359622132297,439.95023063016,529.522435156629
2020-10-03,1.2760518702492,466.759697809185,595.609585346365
2020-10-04,1.34568704139083,491.506898282132,661.414463772467
2020-10-05,1.40031964987597,522.440898873315,731.584256591166
2020-10-06,1.45211390824917,541.688721463384,786.593726378693
2020-10-07,1.50381158783995,571.935299819208,860.082931362842
2020-10-08,1.52152969766024,598.744766998233,911.007944306473
2020-10-09,1.52707947750368,636.552989943013,972.067007285584
2020-10-10,1.50360342041418,677.79832406459,1019.13987841452
2020-10-11,1.48701084562144,743.790858659114,1106.02507370019
2020-10-12,1.46218597877024,783.661348309972,1145.85863560303
2020-10-13,1.44234359205479,855.153260787373,1233.42482592143
2020-10-14,1.39396922768769,915.64641749902,1276.38292943611
2020-10-15,1.34665052659698,971.32761856315,1308.03884903625
2020-10-16,1.26833640709476,1062.06735363062,1347.0586913965
2020-10-17,1.19527458324628,1123.93535481299,1343.41136281985
2020-10-18,1.10052558270831,1180.30397811248,1298.95472328517
2020-10-19,1.01629968242799,1239.4222903534,1259.62448008034
2020-10-20,0.950185987582718,1279.29278000426,1215.56607357579
2020-10-21,0.907924823265648,1308.85193612473,1188.33916278694
2020-10-22,0.890456358603193,1314.3513140076,1170.37248499653
2020-10-23,0.887878232508541,1326.72491424408,1177.97017188408
2020-10-24,0.919228634946353,1361.78344824742,1251.79034022501
2020-10-25,0.951987863534952,1346.66015906951,1282.00412774022
2020-10-26,1.00069676664813,1381.71869307285,1382.68142857528
2020-10-27,1.01209269933848,1343.22304789271,1359.4662403554
2020-10-28,1.01580583180858,1348.03500354022,1369.34181807826
2020-10-29,0.978488540610014,1348.72242577558,1319.70943808515
2020-10-30,0.940947858790633,1316.41358071368,1238.67654005545
2020-10-31,0.885027938507999,1297.16575812361,1148.02793681531
2020-11-01,0.867113224314399,1253.85815729596,1087.23698960581
2020-11-02,0.857709136900396,1211.23797870366,1038.8898812949
2020-11-03,0.876903598826136,1189.24046717215,1042.84924553293
2020-11-04,0.880345351943105,1178.92913364176,1037.86478307183
2020-11-05,0.885956926754275,1199.55180070255,1062.75122683298
2020-11-06,0.881378257290393,1189.92788940751,1048.77656946723
2020-11-07,0.891823704217627,1142.4957551677,1018.90479642657
2020-11-08,0.899082211257337,1116.37371022403,1003.71174397778
2020-11-09,0.910297614595559,1062.06735363062,966.797378549772
2020-11-10,0.914562006919653,1059.31766468918,968.811689383578
2020-11-11,0.915361222110915,1042.13210880519,953.927320716945
2020-11-12,0.921165392048824,1009.13584150793,929.581013073172
2020-11-13,0.91509991166948,975.452151975308,892.636178110408
2020-11-14,0.902079170880304,961.703707268115,867.532882884936
2020-11-15,0.866664894397071,940.393617971967,815.006135611355
2020-11-16,0.819970743916105,934.20681785373,766.02225940702
2020-11-17,0.749902077126319,903.272817262547,677.366161876926
2020-11-18,0.691053200109259,870.276549965285,601.407394833556
2020-11-19,0.621113187437969,825.59410466691,512.78738587966
2020-11-20,0.577105208306466,793.285259605007,457.809054990797
2020-11-21,0.528098059987507,748.602814306632,395.33569393652
2020-11-22,0.513174604092931,710.794591361852,364.761733013515
2020-11-23,0.50933294885376,666.112146063477,339.272863621817
2020-11-24,0.549319667381414,617.305167352943,339.097869203147
2020-11-25,0.579530530402972,560.936544053454,325.079852897708
2020-11-26,0.615904015836849,519.003787696517,319.65651707682
2020-11-27,0.62671228651354,469.509386750624,294.247301310054
2020-11-28,0.621818273422806,417.952719098652,259.890638162291
2020-11-29,0.603524094437343,386.331296272109,233.16024573543
2020-11-30,0.589748584233262,328.587828501901,193.784206655278
2020-12-01,0.589327073115906,295.591561204639,174.200109602491
2020-12-02,0.628913992220897,251.596538141623,158.232583231605
2020-12-03,0.701596719864834,219.28769307972,153.851526171458
2020-12-04,0.771239577007691,194.540492606774,150.037327228916
2020-12-05,0.853351909120023,184.916581311739,157.798917690321
2020-12-06,0.906083001556998,170.480714369187,154.469677383214
2020-12-07,0.966710179257346,161.544225309512,156.166447006947
2020-12-08,0.984785981006617,149.170625073039,146.901140349923
2020-12-09,1.00782745566099,140.234136013363,141.331812495166
2020-12-10,0.985312643284432,129.235380247609,127.337254117641
2020-12-11,1.01561567358746,124.423424600092,126.366380185281
2020-12-12,1.00597848537885,116.174357775777,116.868904475136
2020-12-13,1.01799147239183,112.737246598978,114.765555658695
2020-12-14,0.970856358183547,114.112091069698,110.786449160636
2020-12-15,0.903389371388829,115.486935540417,104.32967010148
2020-12-16,0.787490753877308,117.549202246496,92.5689098947692
2020-12-17,0.690068627131873,113.424668834338,78.2708055053991
2020-12-18,0.6169084539717,107.925290951461,66.5800243853118
2020-12-19,0.601942467577143,101.051068597865,60.8269295831059
2020-12-20,0.659572337707013,94.8642684796282,62.5698473259741
2020-12-21,0.703223131357806,91.4271573028301,64.2936918496389
2020-12-22,0.830801435406699,94.1768462442686,78.2422590418143
2020-12-23,0.862434088467923,84.5529349492339,72.9213333802301
2020-12-24,0.942509276437848,83.1780904785146,78.3961218723867
2020-12-25,0.951352813852814,74.9290236541991,71.2839374926664
2020-12-26,1.04114873222016,72.1793347127606,75.1494228286854
2020-12-27,1.04412492269635,66.6799568298836,69.6222047703983
2020-12-28,1.2465058750773,63.2428456530855,78.8325786631782
2020-12-29,1.33741496598639,55.6812010641296,74.4688716272645
2020-12-30,1.54149659863946,54.3063565934104,83.7130639732435
2020-12-31,1.70578231292517,56.3686232994892,96.1526006282104
2021-01-01,1.87551020408163,58.4308900055681,109.587730439015
2021-01-02,1.88325123152709,66.6799568298836,125.575110818052
2021-01-03,1.86504394861393,68.7422235359625,128.207268020013
2021-01-04,1.72962728194726,78.3661348309972,135.54420478445
2021-01-05,1.67962728194726,79.0535570663569,132.780511183628
2021-01-06,1.69061629293627,84.5529349492339,142.946569440756
2021-01-07,1.77035051220538,92.1145795381897,163.075093067017
2021-01-08,1.96564667945276,101.738490833225,199.981926678863
2021-01-09,2.32525259078281,119.611468952575,278.126878069312
2021-01-10,2.72441225464836,139.546713778004,380.182777112701
2021-01-11,3.0860193975055,165.66875872167,511.257002975731
2021-01-12,3.42173368321979,202.10213719573,691.539690293335
2021-01-13,3.69015643693666,255.72107155378,943.650758254523
2021-01-14,3.76234965530928,370.520584858838,1394.02799472864
2021-01-15,3.54769140360547,469.509386750624,1665.67441528726
2021-01-16,3.16457452048858,581.559211114243,1840.38746164757
2021-01-17,2.72897272071356,718.356235950808,1960.37457166423
2021-01-18,2.25871249766523,840.029971609462,1897.38619528766
2021-01-19,1.75094047693984,951.392373737721,1665.83141662925
2021-01-20,1.22468543419484,1067.5667315135,1307.43342611557
2021-01-21,0.812192790434371,1143.87059963842,929.043454216162
2021-01-22,0.567771970424661,1180.99140034784,670.53381443007
2021-01-23,0.389209063515297,1199.55180070255,466.876432989526
2021-01-24,0.263349069270392,1196.11468952575,314.995690227249
2021-01-25,0.17036998385648,1172.05491128816,199.682976315073
2021-01-26,0.118495465553887,1140.43348846162,135.136197148502
2021-01-27,0.102481600735862,1084.06486516213,111.096702683322
2021-01-28,0.11579405960186,965.828240680273,111.837172866491
2021-01-29,0.140688075179106,859.277794199531,120.89013891008
2021-01-30,0.194431357268845,740.353747482316,143.947983982062
2021-01-31,0.452321722717349,601.494455939672,272.069008515567
2021-02-01,1.01556103117959,466.072275573826,473.324840785972
2021-02-02,1.57520757020757,347.148228856611,546.830518079083
2021-02-03,2.123778998779,225.474493197957,478.857993414159
2021-02-04,2.65674603174603,144.358669425521,383.524322144391
2021-02-05,3.18849206349206,153.295158485196,488.780396201807
2021-02-06,3.49729437229437,167.731025427749,586.604771287629
2021-02-07,3.45193312434692,214.475737432203,740.355902410954
2021-02-08,3.05259501072309,260.533027201298,795.301818963265
2021-02-09,2.63079941501445,314.151961559349,826.470796695976
2021-02-10,2.17669838296665,373.957696035636,813.993112258703
2021-02-11,1.67448354354251,434.450852747283,727.480803403335
2021-02-12,1.17158422883508,522.440898873315,612.083517618397
2021-02-13,0.864308171559018,550.62521052306,475.909868921485
2021-02-14,0.734534648616985,577.434677702085,424.145778085163
2021-02-15,0.686121439489491,603.556722645751,414.113207355262
2021-02-16,0.721631320912415,636.552989943013,459.356574963324
2021-02-17,0.737270814498677,672.298946181713,495.666391637994
2021-02-18,0.747533943661249,711.482013597212,531.85695546837
2021-02-19,0.746280434448416,697.04614665466,520.191901156034
2021-02-20,0.737029881080216,664.049879357398,489.424603614115
2021-02-21,0.693690225161944,616.617745117584,427.741702449467
2021-02-22,0.601890190180091,577.434677702085,347.552267978687
2021-02-23,0.438447152205407,538.939032521946,236.296284021584
2021-02-24,0.32488047197206,489.444631576053,159.011002910619
2021-02-25,0.261059188104471,429.638897099766,112.161181654965
2021-02-26,0.224395685494125,343.023695444453,76.9730372799858
2021-02-27,0.52841628363237,315.526806030068,166.7295022288
2021-02-28,1.05046213901156,288.717338851042,303.286633339191
2021-03-01,1.59001349674473,262.595293907377,417.530061494379
2021-03-02,2.13974224900513,234.410982257632,501.579082367448
2021-03-03,2.69177046770002,237.84809343443,640.232473705554
2021-03-04,3.12569472233338,242.660049081948,758.481234736602
2021-03-05,3.30087668322962,246.097160258746,812.336378107118
2021-03-06,3.08394546629841,269.469516260973,831.029292978653
2021-03-07,2.60111579596874,301.090939087516,783.172397683598
2021-03-08,2.08100483896458,338.899162032295,705.250796110246
2021-03-09,1.51424916473227,355.397295680926,538.160058132949
2021-03-10,0.949061924787745,391.143251919627,371.219167534579
2021-03-11,0.509986294535644,389.080985213548,198.425969923335
2021-03-12,0.321910804134572,387.706140742828,124.806795534436
2021-03-13,0.275578757802526,387.706140742828,106.84357665832
2021-03-14,0.758408428132196,387.706140742828,294.039604777969
2021-03-15,1.27851938513636,392.518096390346,501.841995251878
2021-03-16,1.84527505936867,390.455829684267,720.498404301478
2021-03-17,2.41046229931319,375.332540506355,904.724938596009
2021-03-18,2.97138666906109,380.831918389232,1131.59888545472
2021-03-19,3.42645706931421,406.953963332898,1394.41028454745
2021-03-20,3.60750089509488,440.63765286552,1589.60072712487
2021-03-21,3.2293773684565,477.07103133958,1540.64239175424
2021-03-22,2.79956729413776,519.691209931877,1454.91051437616
2021-03-23,2.33962776276965,585.6837445264,1370.28194889686
2021-03-24,1.87371477887106,641.36494559053,1201.73497720281
2021-03-25,1.41741036094136,712.856858067931,1010.41069649359
2021-03-26,1.08678152404074,770.60032583814,837.474196540668
2021-03-27,0.990803605483419,839.342549374102,831.623624155505
2021-03-28,1.01832180524528,918.396106440459,935.222781040688
2021-03-29,1.0821764064657,1005.69873033113,1088.34343797686
2021-03-30,1.16116355688142,1108.81206563507,1287.51216204586
2021-03-31,1.22791687691447,1183.74108928927,1453.53566143542
2021-04-01,1.28644934202634,1232.54806799981,1585.61065109419
2021-04-02,1.30782289786717,1256.60784623739,1643.42051494881
2021-04-03,1.29230735364791,1302.66513600649,1683.44373460194
2021-04-04,1.22604593382575,1332.91171436231,1634.21098754262
2021-04-05,1.16778537904951,1361.09602601206,1589.46803865927
2021-04-06,1.11585366296685,1374.84447071925,1534.1252386618
2021-04-07,1.0861682255735,1382.40611530821,1501.52559728628
2021-04-08,1.06230356257996,1433.27536072482,1522.57352185605
2021-04-09,1.05910259900597,1487.58171731823,1575.5016630455
2021-04-10,1.04884567991071,1532.95158485196,1607.82964728426
2021-04-11,1.03992031988343,1579.69629685642,1642.7582783456
2021-04-12,1.02816157397132,1613.37998638904,1658.81530621959
2021-04-13,1.01263297259367,1649.8133648631,1670.65541188608
2021-04-14,0.984236353635062,1660.12469839349,1633.95507972632
2021-04-15,0.939843519691849,1660.12469839349,1560.25743966551
2021-04-16,0.896195490555048,1684.87189886644,1509.97459792703
2021-04-17,0.854026458507474,1652.56305380454,1411.33257230099
2021-04-18,0.823904586738809,1639.50203133271,1350.79324358261
2021-04-19,0.78276124055022,1601.00638615257,1253.20574495361
2021-04-20,0.761986263892891,1587.94536368073,1209.99255493712
2021-04-21,0.747599145659121,1555.63651861883,1162.99253227557
2021-04-22,0.759975378401711,1505.45469543758,1144.10850183181
2021-04-23,0.768670475735756,1449.08607213809,1113.86968045244
2021-04-24,0.81146124837985,1403.02878236899,1138.50348725401
2021-04-25,0.861797927461558,1352.84695918774,1165.88070560067
2021-04-26,0.943789434918904,1300.60286930041,1227.49524707094
2021-04-27,1.00777428811944,1232.54806799981,1242.1302518015
2021-04-28,1.08373213089972,1202.30148964398,1302.97275535578
2021-04-29,1.13918175509734,1173.42975575888,1336.74976864884
2021-04-30,1.18152200130691,1146.62028857985,1354.75709810198
2021-05-01,1.16135736874724,1141.80833293234,1326.04752114797
2021-05-02,1.12396384587899,1134.93411057874,1275.62490774533
2021-05-03,1.06412916353413,1144.55802187378,1217.95757043282
2021-05-04,1.01148366088863,1121.18566587155,1134.06098185161
2021-05-05,0.934433909969532,1106.749798929,1034.18454197122
2021-05-06,0.859829061225462,1119.12339916547,962.254821699894
2021-05-07,0.795775121065327,1139.0586439909,906.434530322365
2021-05-08,0.7799138014681,1127.37246598978,879.25334562056
2021-05-09,0.787658359330456,1102.62526551684,868.492007593302
2021-05-10,0.850931342504917,1083.37744292677,921.87982194922
2021-05-11,0.956633870429668,1069.62899821958,1023.2433284906
2021-05-12,1.10531280517307,1064.81704257206,1176.95591232142
2021-05-13,1.24734807724867,1061.37993139526,1323.9102166562
2021-05-14,1.38239751370192,1053.8182868063,1456.79577957466
2021-05-15,1.47957195444027,1062.06735363062,1571.40507015846
2021-05-16,1.52873923762584,1075.12837610245,1643.59093403277
2021-05-17,1.49319750236579,1098.50073210468,1640.27854952571
2021-05-18,1.38576883087093,1141.12091069698,1581.32979029892
2021-05-19,1.24726539069868,1195.42726729039,1491.0150575888
2021-05-20,1.10826355340462,1198.17695623183,1327.89585112102
2021-05-21,0.988792263663865,1209.17571199758,1195.62358943345
2021-05-22,0.895455985746326,1227.04869011693,1098.76809436739
2021-05-23,0.858766519774601,1277.91793553354,1097.43313805568
2021-05-24,0.852310048637463,1299.91544706505,1107.9309979126
2021-05-25,0.877598802436855,1335.66140330375,1172.1748480005
2021-05-26,0.891770645686343,1343.22304789271,1197.84688472006
2021-05-27,0.9196052399346,1352.15953695238,1243.45299540895
2021-05-28,0.928298184777556,1356.9714925999,1259.67417337538
2021-05-29,0.940461001912306,1334.28655883303,1254.84447395824
2021-05-30,0.925907861815688,1298.54060259433,1202.32895282897
2021-05-31,0.92281277070578,1266.91917976779,1169.12919854181
2021-06-01,0.915042016386354,1217.4247788219,1113.9948244119
2021-06-02,0.918184271469838,1183.74108928927,1086.89244967798
2021-06-03,0.905759604633406,1166.55553340528,1056.61887872008
2021-06-04,0.892361574665784,1147.30771081521,1023.81331544926
2021-06-05,0.867444523676403,1141.80833293234,990.455385490239
2021-06-06,0.844066725217172,1106.06237669364,933.590448181719
2021-06-07,0.81738770263511,1092.31393198644,892.843975422724
2021-06-08,0.795521653080445,1050.38117562951,835.600969201367
2021-06-09,0.78793256427827,1024.9465529212,807.588765691376
2021-06-10,0.789730679357635,992.637707859298,783.91645138373
2021-06-11,0.795239391718319,948.642684796282,754.398031615429
2021-06-12,0.801645064009602,930.082284441572,745.595872445362
2021-06-13,0.817022004467976,908.084772910065,741.925241389828
2021-06-14,0.836038191800995,862.02748314097,720.687898287939
2021-06-15,0.859987537593263,831.780904785146,715.321212123274
2021-06-16,0.889950637224259,790.535570663569,703.537634860486
2021-06-17,0.924528183520555,764.413525719903,706.721848392365
2021-06-18,0.951710485012581,743.790858659114,707.873558842389
2021-06-19,0.975235126310148,714.23170253865,696.543844639993
2021-06-20,0.991966143041165,699.108413360738,693.49187636908
2021-06-21,1.00303146660649,680.548013006029,682.611071581568
2021-06-22,0.998247425743907,666.799568298836,665.630952541462
2021-06-23,0.962122956154091,659.23792370988,634.267939968635
2021-06-24,0.92123791526905,651.676279120925,600.348896807652
2021-06-25,0.898643163082461,647.551745708767,581.917949023296
2021-06-26,0.895807342186939,630.366189824776,564.68666111144
2021-06-27,0.906124802504399,606.306411587189,549.389277456593
2021-06-28,0.913627912601849,608.368678293268,555.822605641424
2021-06-29,0.924319191766034,610.430944999347,564.233037710773
2021-06-30,0.933008406552175,610.430944999347,569.537203303979
2021-07-01,0.939868213411982,606.306411587189,569.848123838681
2021-07-02,0.945506516105376,584.308900055681,552.467872421011
2021-07-03,0.95682558215081,578.809522172804,553.819758007426
2021-07-04,0.958889074214302,562.998810759533,539.853408432961
2021-07-05,0.95126754805016,556.812010641296,529.677196087626
2021-07-06,0.93660429719059,560.936544053454,525.375577611704
2021-07-07,0.92504604550076,543.750988169463,502.994701343292
2021-07-08,0.917396831969193,534.127076874429,490.006488193567
2021-07-09,0.890541015100979,519.003787696517,462.194159936509
2021-07-10,0.849812871991884,516.254098755078,438.719378340635
2021-07-11,0.802738042059911,517.628943225798,415.520444398618
2021-07-12,0.770627113397258,503.193076283245,387.774227857644
2021-07-13,0.758561454069271,479.820720281018,363.973503268934
2021-07-14,0.771259561047039,457.135786514151,352.570346045797
2021-07-15,0.807692451960414,443.387341806958,358.120609272272
2021-07-16,0.851174667163893,437.200541688722,372.134025555771
2021-07-17,0.899133850837363,424.826941452248,381.976283807419
2021-07-18,0.925505953076317,413.140763451135,382.364236032519
2021-07-19,0.952642000014344,401.454585450021,382.442499198037
2021-07-20,0.952690383521374,378.769651683153,360.850204728281
2021-07-21,0.94050609758495,371.895429329557,349.769918948421
2021-07-22,0.897503305984027,356.084717916286,319.587211540256
2021-07-23,0.87284162259836,347.148228856611,303.005423357351
2021-07-24,0.8463978536014,334.774628620137,283.35252710429
2021-07-25,0.866347535890211,321.026183912945,278.120243389217
2021-07-26,0.888153287893982,311.40227261791,276.572952283255
2021-07-27,0.92914666222069,310.71485038255,288.699666135348
2021-07-28,0.960190891562698,306.590316970393,294.385229796291
2021-07-29,0.982903063112078,302.465783558235,297.294545145984
2021-07-30,0.977407948538148,304.528050264314,297.648136881165
2021-07-31,0.947179818006066,294.904138969279,279.327248678157
2021-08-01,0.899007060530983,289.404761086402,260.176923567958
2021-08-02,0.866196375281273,281.155694262087,243.536043259509
2021-08-03,0.849956882851305,272.219205202411,231.374587106101
2021-08-04,0.82724196302161,257.783338259859,213.24919477635
2021-08-05,0.826567129134567,258.470760495219,213.643434467761
2021-08-06,0.839287943266671,255.72107155378,214.623612194322
2021-08-07,0.857184332591632,248.846849200184,213.30762034919
2021-08-08,0.854590239841438,244.034893552667,208.549838210853
2021-08-09,0.832412262959629,239.222937905149,199.132107093476
2021-08-10,0.812264490932158,231.661293316194,188.170242484163
2021-08-11,0.8120700392858,224.787070962597,182.542845547536
2021-08-12,0.810453659975455,211.726048490764,171.594150911481
2021-08-13,0.796892339220738,199.352448254291,158.862438818743
2021-08-14,0.80514836890534,197.290181548212,158.847867874582
2021-08-15,0.810125821470642,188.353692488537,152.590189854305
2021-08-16,0.829400197887876,181.479470134941,150.519108442507
2021-08-17,0.814952313470951,174.605247781345,142.294950623576
2021-08-18,0.793071227435895,171.168136604547,135.748524194883
2021-08-19,0.72972652616016,161.544225309512,117.883106356344
2021-08-20,0.67912968364957,153.982580720556,104.574141332296
2021-08-21,0.63822059274048,145.73351389624,93.0101296210115
2021-08-22,0.628731289772916,138.171869307285,86.8729775999038
2021-08-23,0.632836380084903,126.485691306171,80.0447470187337
2021-08-24,0.674853186807592,116.861780011136,78.864544656523
2021-08-25,0.721364814714568,114.799513305057,82.8123296446253
2021-08-26,0.736474704824459,107.237868716101,78.9779777086949
2021-08-27,0.728311439518336,103.800757539303,75.5992791465438
2021-08-28,0.694025725232622,94.8642684796282,65.8382427302361
2021-08-29,0.662046266782575,85.2403571845935,56.4330602532734
2021-08-30,0.619250700280112,77.6787125956376,48.1025971717062
2021-08-31,0.586283667313079,72.1793347127606,42.3175650596155
2021-09-01,0.543426524455936,64.6176901238047,35.1149667623499
2021-09-02,0.624775730805143,59.1183122409278,36.9356867342922
2021-09-03,0.746204302233714,50.8692454166123,37.9588497812587
2021-09-04,0.837632873662285,46.7447120044545,39.1549074448072
2021-09-05,0.82754884004884,43.995023063016,36.4080303037209
2021-09-06,0.808416186987616,46.0572897690949,37.2334585781154
2021-09-07,0.769954648526077,42.6201785922967,32.8156046281505
2021-09-08,0.755668934240363,33.6836895326216,25.4537177703994
2021-09-09,0.692176870748299,31.6214228265427,21.8876175006852
2021-09-10,0.656462585034014,27.496889414385,18.0506791053616
2021-09-11,0.656462585034014,25.4346227083061,16.6968781724595
2021-09-12,0.656462585034014,24.7472004729465,16.2456111948254
2021-09-13,0.714285714285714,22.6849337668676,16.2035241191912
2021-09-14,0.785714285714286,21.3100892961484,16.7436415898309
2021-09-15,0.914285714285714,20.6226670607887,18.8550098841497
2021-09-16,0.961904761904762,18.5604003547099,17.8533374840543
2021-09-17,1.03333333333333,18.5604003547099,19.1790803665335
2021-09-18,0.976190476190476,17.8729781193503,17.4474310212705
2021-09-19,1.06190476190476,17.8729781193503,18.9794005743576
2021-09-20,1.08571428571429,13.7484447071925,14.9268828249519
2021-09-21,1.22857142857143,13.0610224718329,16.0463990368232
2021-09-22,1.15714285714286,13.7484447071925,15.9089145897513
2021-09-23,1.25238095238095,15.1232891779117,18.9401193037657
2021-09-24,1.15714285714286,15.1232891779117,17.4998060487265
2021-09-25,1.19047619047619,14.4358669425521,17.1855558839906
2021-09-26,1.0952380952381,13.0610224718329,14.3049293739122
2021-09-27,1,14.4358669425521,14.4358669425521
2021-09-28,0.771428571428571,15.1232891779117,11.6665373658176
2021-09-29,0.657142857142857,14.4358669425521,9.48642684796282
2021-09-30,0.447619047619048,14.4358669425521,6.46176901238047
2021-10-01,0.328571428571429,12.3736002364732,4.06561150626978
2021-10-02,0.20952380952381,11.6861780011136,2.44853253356666
2021-10-03,0.161904761904762,10.998755765754,1.78075093350303
2021-10-04,0.114285714285714,10.998755765754,1.25700065894331
2021-10-05,0.0571428571428571,9.62391129503475,0.5499377882877
2021-10-06,0.0285714285714286,8.93648905967513,0.255328258847861
2021-10-07,0.142857142857143,6.87422235359625,0.982031764799464
2021-10-08,0.285714285714286,5.499377882877,1.57125082367914
2021-10-09,0.428571428571429,4.81195564751737,2.06226670607887
2021-10-10,0.571428571428571,4.81195564751737,2.7496889414385
2021-10-11,0.714285714285714,2.7496889414385,1.96406352959893
2021-10-12,0.857142857142857,2.06226670607887,1.76765717663904
2021-10-13,0.857142857142857,2.06226670607887,1.76765717663904
2021-10-14,0.714285714285714,2.06226670607887,1.4730476471992
2021-10-15,0.596938775510353,2.06226670607887,1.23104696230249
2021-10-16,0.529761904762078,1.37484447071925,0.728340225559841
2021-10-17,0.435714285714494,1.37484447071925,0.599039376527959
2021-10-18,0.294642857143117,1.37484447071925,0.405088102980136
