"fecha","rho7dpromedio","incidenciaAcum14d","riesgopor10"
2020-01-02,0,0,0
2020-01-03,0,0,0
2020-01-04,0,0,0
2020-01-05,0,0,0
2020-01-06,0,0,0
2020-01-07,0,0,0
2020-01-08,0,0,0
2020-01-09,0,0,0
2020-01-10,0,0,0
2020-01-11,0,0,0
2020-01-12,0,0,0
2020-01-13,0,0,0
2020-01-14,0,0,0
2020-01-15,0,0,0
2020-01-16,0,0,0
2020-01-17,0,0,0
2020-01-18,0,0,0
2020-01-19,0,0,0
2020-01-20,0,0,0
2020-01-21,0,0,0
2020-01-22,0,0,0
2020-01-23,0,0,0
2020-01-24,0,0,0
2020-01-25,0,0,0
2020-01-26,0,0,0
2020-01-27,0,0,0
2020-01-28,0,0,0
2020-01-29,0,0,0
2020-01-30,0,0,0
2020-01-31,0,0,0
2020-02-01,0,0,0
2020-02-02,0,0,0
2020-02-03,0,0,0
2020-02-04,0,0,0
2020-02-05,0,0,0
2020-02-06,0,0,0
2020-02-07,0,0,0
2020-02-08,0,0,0
2020-02-09,0,0,0
2020-02-10,0,0,0
2020-02-11,0,0,0
2020-02-12,0,0,0
2020-02-13,0,0,0
2020-02-14,0,0,0
2020-02-15,0,0,0
2020-02-16,0,0,0
2020-02-17,0,0,0
2020-02-18,0,0,0
2020-02-19,0,0,0
2020-02-20,0,0,0
2020-02-21,0.142857142857143,0,0
2020-02-22,0.285714285714286,0,0
2020-02-23,0.428571428571429,0,0
2020-02-24,0.428571428571429,0,0
2020-02-25,0.428571428571429,1.11985844989193,0.479939335667971
2020-02-26,0.428571428571429,1.11985844989193,0.479939335667971
2020-02-27,0.428571428571429,1.11985844989193,0.479939335667971
2020-02-28,0.285714285714286,1.11985844989193,0.319959557111981
2020-02-29,0.142857142857143,1.11985844989193,0.15997977855599
2020-03-01,0,1.11985844989193,0
2020-03-02,0,1.11985844989193,0
2020-03-03,0,1.11985844989193,0
2020-03-04,0,1.11985844989193,0
2020-03-05,0,1.11985844989193,0
2020-03-06,0,1.11985844989193,0
2020-03-07,0,1.11985844989193,0
2020-03-08,0,1.11985844989193,0
2020-03-09,0,1.11985844989193,0
2020-03-10,0,0,0
2020-03-11,0,0,0
2020-03-12,0,0,0
2020-03-13,0,0,0
2020-03-14,0,0,0
2020-03-15,0,0,0
2020-03-16,0.142857142857143,0,0
2020-03-17,0.428571428571429,0,0
2020-03-18,0.714285714285714,0,0
2020-03-19,1,0,0
2020-03-20,1.14285714285714,1.11985844989193,1.27983822844792
2020-03-21,1.28571428571429,2.23971689978387,2.87963601400783
2020-03-22,1.28571428571429,2.23971689978387,2.87963601400783
2020-03-23,1.14285714285714,3.3595753496758,3.83951468534377
2020-03-24,0.857142857142857,3.3595753496758,2.87963601400783
2020-03-25,0.571428571428571,3.3595753496758,1.91975734267189
2020-03-26,0.285714285714286,3.3595753496758,0.959878671335943
2020-03-27,0.142857142857143,3.3595753496758,0.479939335667972
2020-03-28,0.142857142857143,3.3595753496758,0.479939335667972
2020-03-29,0.285714285714286,3.3595753496758,0.959878671335943
2020-03-30,0.428571428571429,3.3595753496758,1.43981800700391
2020-03-31,0.428571428571429,3.3595753496758,1.43981800700391
2020-04-01,0.428571428571429,4.47943379956773,1.91975734267189
2020-04-02,0.428571428571429,4.47943379956773,1.91975734267189
2020-04-03,0.428571428571429,3.3595753496758,1.43981800700391
2020-04-04,0.285714285714286,2.23971689978387,0.639919114223962
2020-04-05,0.142857142857143,2.23971689978387,0.319959557111981
2020-04-06,0,1.11985844989193,0
2020-04-07,0,1.11985844989193,0
2020-04-08,0,1.11985844989193,0
2020-04-09,0,1.11985844989193,0
2020-04-10,0,1.11985844989193,0
2020-04-11,0,1.11985844989193,0
2020-04-12,0,1.11985844989193,0
2020-04-13,0,1.11985844989193,0
2020-04-14,0,1.11985844989193,0
2020-04-15,0,0,0
2020-04-16,0,0,0
2020-04-17,0,0,0
2020-04-18,0,0,0
2020-04-19,0,0,0
2020-04-20,0,0,0
2020-04-21,0,0,0
2020-04-22,0,0,0
2020-04-23,0,0,0
2020-04-24,0,0,0
2020-04-25,0.142857142857143,0,0
2020-04-26,0.285714285714286,0,0
2020-04-27,0.428571428571429,0,0
2020-04-28,0.428571428571429,0,0
2020-04-29,0.428571428571429,1.11985844989193,0.479939335667971
2020-04-30,0.428571428571429,1.11985844989193,0.479939335667971
2020-05-01,0.571428571428571,1.11985844989193,0.639919114223962
2020-05-02,0.571428571428571,1.11985844989193,0.639919114223962
2020-05-03,0.571428571428571,1.11985844989193,0.639919114223962
2020-05-04,0.428571428571429,1.11985844989193,0.479939335667971
2020-05-05,0.428571428571429,2.23971689978387,0.959878671335943
2020-05-06,0.428571428571429,2.23971689978387,0.959878671335943
2020-05-07,0.428571428571429,2.23971689978387,0.959878671335943
2020-05-08,0.285714285714286,2.23971689978387,0.639919114223962
2020-05-09,0.142857142857143,2.23971689978387,0.319959557111981
2020-05-10,0,2.23971689978387,0
2020-05-11,0,2.23971689978387,0
2020-05-12,0,2.23971689978387,0
2020-05-13,0,1.11985844989193,0
2020-05-14,0,1.11985844989193,0
2020-05-15,0,1.11985844989193,0
2020-05-16,0,1.11985844989193,0
2020-05-17,0,1.11985844989193,0
2020-05-18,0,1.11985844989193,0
2020-05-19,0,0,0
2020-05-20,0,0,0
2020-05-21,0,0,0
2020-05-22,0,0,0
2020-05-23,0,0,0
2020-05-24,0,0,0
2020-05-25,0,0,0
2020-05-26,0,0,0
2020-05-27,0,0,0
2020-05-28,0,0,0
2020-05-29,0,0,0
2020-05-30,0,0,0
2020-05-31,0.142857142857143,0,0
2020-06-01,0.285714285714286,0,0
2020-06-02,0.428571428571429,0,0
2020-06-03,0.428571428571429,0,0
2020-06-04,0.428571428571429,1.11985844989193,0.479939335667971
2020-06-05,0.428571428571429,1.11985844989193,0.479939335667971
2020-06-06,0.428571428571429,1.11985844989193,0.479939335667971
2020-06-07,0.285714285714286,1.11985844989193,0.319959557111981
2020-06-08,0.285714285714286,1.11985844989193,0.319959557111981
2020-06-09,0.428571428571429,1.11985844989193,0.479939335667971
2020-06-10,1,1.11985844989193,1.11985844989193
2020-06-11,1.42857142857143,1.11985844989193,1.59979778555991
2020-06-12,1.71428571428571,2.23971689978387,3.83951468534377
2020-06-13,1.85714285714286,3.3595753496758,6.23921136368363
2020-06-14,1.92857142857143,5.59929224945967,10.7986350525294
2020-06-15,1.82142857142857,5.59929224945967,10.1987108829444
2020-06-16,1.58333333333333,5.59929224945967,8.86554606164447
2020-06-17,1.08333333333333,6.7191506993516,7.27907992429757
2020-06-18,0.797619047619048,5.59929224945967,4.46610215135474
2020-06-19,0.511904761904762,5.59929224945967,2.86630436579483
2020-06-20,0.369047619047619,6.7191506993516,2.47968656761785
2020-06-21,0.297619047619048,6.7191506993516,1.99974723194988
2020-06-22,0.261904761904762,6.7191506993516,1.7597775641159
2020-06-23,0.214285714285714,6.7191506993516,1.43981800700391
2020-06-24,0.142857142857143,6.7191506993516,0.959878671335943
2020-06-25,0,6.7191506993516,0
2020-06-26,0,5.59929224945967,0
2020-06-27,0,4.47943379956773,0
2020-06-28,0,2.23971689978387,0
2020-06-29,0,2.23971689978387,0
2020-06-30,0,2.23971689978387,0
2020-07-01,0.142857142857143,1.11985844989193,0.15997977855599
2020-07-02,0.285714285714286,1.11985844989193,0.319959557111981
2020-07-03,0.428571428571429,1.11985844989193,0.479939335667971
2020-07-04,0.428571428571429,0,0
2020-07-05,0.428571428571429,1.11985844989193,0.479939335667971
2020-07-06,0.857142857142857,1.11985844989193,0.959878671335943
2020-07-07,1.42857142857143,1.11985844989193,1.59979778555991
2020-07-08,1.85714285714286,1.11985844989193,2.07973712122788
2020-07-09,2.14285714285714,1.11985844989193,2.39969667833986
2020-07-10,2.57142857142857,4.47943379956773,11.5185440560313
2020-07-11,2.85714285714286,5.59929224945967,15.9979778555991
2020-07-12,3.14285714285714,6.7191506993516,21.1173307693907
2020-07-13,3,7.83900914924354,23.5170274477306
2020-07-14,2.95238095238095,11.1985844989193,33.062487568238
2020-07-15,2.6952380952381,13.4383013987032,36.2194218650763
2020-07-16,2.71904761904762,16.797876748379,45.6742267777353
2020-07-17,2.46904761904762,22.3971689978387,55.2996767875207
2020-07-18,2.51190476190476,25.7567443475145,64.6984887776852
2020-07-19,2.45995670995671,27.9964612472983,68.8700827003345
2020-07-20,2.53787878787879,42.5546210958935,107.998470205487
2020-07-21,2.25467076782866,44.7943379956773,100.99648444309
2020-07-22,2.21816283132073,53.7532055948128,119.233362714755
2020-07-23,2.06391852490251,62.7120731939483,129.432609600032
2020-07-24,2.17899788998187,72.7907992429757,158.610997960538
2020-07-25,2.21267135936963,85.109242191787,188.31878261542
2020-07-26,2.26015512560339,96.3078266907063,217.670628130723
2020-07-27,2.17406978237519,123.184429488113,267.811545809233
2020-07-28,2.15370637385389,141.102164686384,303.892631449646
2020-07-29,2.11748703763455,169.098625933682,358.064148496386
2020-07-30,2.01049727295955,184.776644232169,371.492939335392
2020-07-31,1.77807096910467,206.053954780116,366.378555063731
2020-08-01,1.57548993669171,239.649708276874,377.565703721318
2020-08-02,1.42744456989634,276.605037123308,394.838358247641
2020-08-03,1.26356482444977,291.163196971903,367.903573868037
2020-08-04,1.14858988710642,320.279516669093,367.869813893451
2020-08-05,1.01655525507178,335.95753496758,341.519397652256
2020-08-06,0.934430930175034,348.275977916391,325.439846002033
2020-08-07,0.86285447350541,371.793005364122,320.803257896454
2020-08-08,0.826742731511315,378.512156063474,312.932173814153
2020-08-09,0.795578914633212,386.351165212717,307.37284068721
2020-08-10,0.76058258791178,382.991589863041,291.296734566479
2020-08-11,0.751378543317536,388.590882112501,291.978850948167
2020-08-12,0.735604733793727,378.512156063474,278.435333798761
2020-08-13,0.706939320259892,368.433430014446,260.460078575433
2020-08-14,0.64871985856217,354.995128615743,230.292389625864
2020-08-15,0.622912095912302,339.317110317256,211.364732366628
2020-08-16,0.638087396801888,311.320649069958,198.649782535723
2020-08-17,0.685262788697777,288.923480072119,197.988509674487
2020-08-18,0.751902088095697,267.646169524172,201.24371373604
2020-08-19,0.899910329853939,255.327726575361,229.772058643289
2020-08-20,1.13274000018361,247.488717426117,280.340369822701
2020-08-21,1.35756142875504,226.211406878171,307.095880722216
2020-08-22,1.63047343850915,222.851831528495,363.353992030327
2020-08-23,1.87911097982962,219.492256178819,412.450308573195
2020-08-24,2.24352037995331,225.091548428279,504.99747625409
2020-08-25,2.45676181687895,226.211406878171,555.747546960759
2020-08-26,2.54336178407594,255.327726575361,649.390782186763
2020-08-27,2.41023449469865,286.683763172335,690.975095067979
2020-08-28,2.29480082122926,352.755411715959,809.503408498848
2020-08-29,2.06321729825501,379.632014513366,783.263339315372
2020-08-30,1.85926840162318,412.107909560232,766.219214304324
2020-08-31,1.51928695449888,447.943379956773,680.554533522461
2020-09-01,1.32752656178155,501.696585551586,666.01554327484
2020-09-02,1.15366570732368,547.610781997156,631.759780150822
2020-09-03,1.17477236427217,602.48384604186,707.781372250389
2020-09-04,1.16756948311971,641.678891788078,749.204692013836
2020-09-05,1.22867300228063,676.394503734728,831.067665629863
2020-09-06,1.22702465063228,716.709407930838,879.420110871201
2020-09-07,1.25091465495281,809.657659271868,1012.81263147797
2020-09-08,1.18612788265615,836.534262069275,992.236613037557
2020-09-09,1.15067814720642,863.410864866681,993.508014262684
2020-09-10,1.07348931069006,888.047750764303,953.309767827833
2020-09-11,1.06844729388334,866.770440216357,926.098531267238
2020-09-12,1.03359998000981,889.167609214195,919.043623109162
2020-09-13,1.04757973820922,911.564778212034,954.936791720109
2020-09-14,1.04157470605937,951.879682408144,991.453800408153
2020-09-15,1.08316824334923,973.15699295609,1054.09275056326
2020-09-16,1.12874647464174,977.636426755658,1103.5036701818
2020-09-17,1.17328508046943,997.793878853713,1170.69667144278
2020-09-18,1.17314967085535,1022.43076475134,1199.46431514041
2020-09-19,1.18604530581927,1051.54708444853,1247.18248335811
2020-09-20,1.19198931754363,1105.30029004334,1317.50613840953
2020-09-21,1.19678945247363,1062.74566894744,1271.88280725834
2020-09-22,1.18630293662897,1099.70099779388,1304.57852309669
2020-09-23,1.15662909080605,1138.8960435401,1317.28029536239
2020-09-24,1.10317706513915,1180.3308061861,1302.11387466171
2020-09-25,1.0323941074063,1228.48471953145,1268.28038548295
2020-09-26,0.945344456040398,1231.84429488113,1164.51717487087
2020-09-27,0.868400883003075,1252.00174697918,1087.23942259811
2020-09-28,0.807810465432817,1239.68330403037,1001.42914681807
2020-09-29,0.781534361862027,1217.28613503253,951.350942746143
2020-09-30,0.777111726452855,1230.72443643124,956.410391582794
2020-10-01,0.794209757741776,1210.56698433318,961.444111357448
2020-10-02,0.818023877984468,1197.12868293448,979.2798476605
2020-10-03,0.844629996432138,1183.69038153577,999.780402733316
2020-10-04,0.862821960717852,1141.13576043988,984.596994267995
2020-10-05,0.876639454242458,1118.73859144204,980.730388241728
2020-10-06,0.884538064805055,1080.66340414572,955.887916208694
2020-10-07,0.896865838554148,1026.9101985509,921.000676343163
2020-10-08,0.907561025719924,976.516568305766,886.248378364081
2020-10-09,0.918624189724264,930.602371860197,854.873849805552
2020-10-10,0.919441417458393,919.403787361277,845.337921468068
2020-10-11,0.913191417458393,889.167609214195,811.980229416401
2020-10-12,0.902351429289212,872.369732465816,787.184074959177
2020-10-13,0.895574838361959,861.171147966897,771.243211642437
2020-10-14,0.875870404864422,827.575394470139,724.848795810395
2020-10-15,0.878034907028924,809.657659271868,710.907687584031
2020-10-16,0.909867795222962,796.219357873165,724.454351661899
2020-10-17,0.9561045773088,778.301622674894,744.137743966333
2020-10-18,0.978531047897036,748.065444527812,732.005263329361
2020-10-19,0.980894845590026,752.544878327379,738.1673922265
2020-10-20,0.973886110463814,767.103038175975,747.070994174174
2020-10-21,0.946286854273555,742.466152278352,702.585959644072
2020-10-22,0.902217590204291,727.907992429757,656.731394820418
2020-10-23,0.842957955230117,704.390964982026,593.771967523818
2020-10-24,0.81543208304405,687.593088233647,560.685464225054
2020-10-25,0.794944158144361,660.716485436241,525.232710287213
2020-10-26,0.783311909205181,649.517900937322,508.775107046155
2020-10-27,0.760662353747966,636.079599538618,483.841805356109
2020-10-28,0.763232998702717,623.761156589807,476.075098018313
2020-10-29,0.777720733190451,606.963279841428,472.047927017956
2020-10-30,0.815756851924498,574.487384794562,468.642020490349
2020-10-31,0.844161844989685,550.970357346831,465.108153392527
2020-11-01,0.906119174552649,543.131348197588,492.141728902465
2020-11-02,0.968104364668299,514.015028500398,497.620192596335
2020-11-03,1.06527417598905,486.018567253099,517.743028745926
2020-11-04,1.13458479368677,472.580265854396,536.182383434848
2020-11-05,1.20141068809887,466.980973604936,561.035932827786
2020-11-06,1.20148124354663,460.261822905585,552.995947341642
2020-11-07,1.1929098149752,469.22069050472,559.737967092523
2020-11-08,1.13420573866549,475.939841204072,539.813699153202
2020-11-09,1.07754087088352,465.861115155044,501.984391734933
2020-11-10,0.99922684256949,460.261822905585,459.905968057225
2020-11-11,0.958950682477661,463.621398255261,444.59005626813
2020-11-12,0.900061296002068,465.861115155044,419.303559063418
2020-11-13,0.857604555310977,471.460407404504,404.326593038872
2020-11-14,0.811386067916019,483.778850353315,392.531419129109
2020-11-15,0.811400930290432,480.41927500364,389.812646667408
2020-11-16,0.814637019153432,466.980973604936,380.419988338893
2020-11-17,0.805357062505055,453.542672206233,365.263794208705
2020-11-18,0.786423615000179,456.902247555909,359.318717224624
2020-11-19,0.779930108506672,451.302955306449,351.984762901541
2020-11-20,0.782986100134092,436.744795457854,341.965104149407
2020-11-21,0.797336455660918,398.669608161528,317.87381235124
2020-11-22,0.837665508630421,385.231306762825,322.694978519844
2020-11-23,0.894455632087211,372.912863814014,333.554011316216
2020-11-24,0.929404114404114,359.474562415311,334.097137332408
2020-11-25,0.953832067403496,350.515694816175,334.333109843885
2020-11-26,0.974793562049201,341.55682721704,332.947396245122
2020-11-27,1.0019137434551,331.478101168012,332.112465214631
2020-11-28,0.974258065799419,310.200790620066,302.215622278956
2020-11-29,0.915969656095915,309.080932170174,283.108755145719
2020-11-30,0.815969656095915,307.961073720282,251.286891414467
2020-12-01,0.758874899001158,302.361781470822,229.45476637548
2020-12-02,0.689175832934053,281.084470922875,193.7166243731
2020-12-03,0.669798120359935,266.52631107428,178.51882218402
2020-12-04,0.660071422663313,258.687301925037,170.752095406593
2020-12-05,0.765749078340968,254.207868125469,194.6594407241
2020-12-06,0.801716059473044,239.649708276874,192.1310197736
2020-12-07,0.906111663868648,236.290132927198,214.105245502407
2020-12-08,0.928036797558488,228.451123777954,212.011049309531
2020-12-09,0.955991893310194,217.252539279035,207.691666351812
2020-12-10,0.899301056131552,200.454662530656,180.269089720313
2020-12-11,0.858190214511372,197.09508718098,169.145075146983
2020-12-12,0.753107796928954,185.896502682061,140.000105591684
2020-12-13,0.763286368357526,165.739050584006,126.50635801529
2020-12-14,0.737122056478928,153.420607635195,113.089713806302
2020-12-15,0.801722896815063,139.982306236492,112.227020058773
2020-12-16,0.821924917017083,144.461740036059,118.736703691282
2020-12-17,0.883525478617645,139.982306236492,123.677934115598
2020-12-18,0.9159607852465,135.502872436924,124.115317440481
2020-12-19,0.95411013589585,129.903580187464,123.942322546019
2020-12-20,0.978471038151489,126.544004837789,123.819643785478
2020-12-21,1.02268872522632,118.704995688545,121.398260718714
2020-12-22,0.988384213948124,116.465278788761,115.112443027879
2020-12-23,0.972511198075108,108.626269639518,105.640263629557
2020-12-24,1.01239988082093,109.746128089409,111.106966998277
2020-12-25,1.04608358841768,101.907118940166,106.603364666237
2020-12-26,1.10520867385856,100.787260490274,111.390954508293
2020-12-27,1.12275253350768,101.907118940166,114.41647597254
2020-12-28,1.26560967636483,110.865986539301,140.313065343872
2020-12-29,1.32074752097635,107.506411189626,141.988826067763
2020-12-30,1.41598561621445,106.386552739734,150.641828438103
2020-12-31,1.46700602437771,108.626269639518,159.35539196685
2021-01-01,1.56198532044397,119.824854138437,187.164663188578
2021-01-02,1.54831478045764,120.944712588329,187.26048611871
2021-01-03,1.50962430426716,128.783721737572,194.415036329018
2021-01-04,1.3336038961039,142.222023136276,189.667844166316
2021-01-05,1.27499583749584,143.341881586167,182.760302361185
2021-01-06,1.22040814876181,152.300749185303,185.869075368272
2021-01-07,1.13197277461215,154.540466085087,174.93560018419
2021-01-08,1.0265806177494,162.37947523433,166.695621995883
2021-01-09,0.967778308947093,172.458201283358,166.901306402065
2021-01-10,0.931071959740744,182.536927332385,169.955014656418
2021-01-11,0.883910787579572,176.937635082926,156.397084378616
2021-01-12,0.867872771541556,182.536927332385,158.418829032637
2021-01-13,0.861854399669526,188.136219581845,162.146028583805
2021-01-14,0.88346949732149,182.536927332385,161.265807432952
2021-01-15,0.87781896124499,180.297210432601,158.268309977316
2021-01-16,0.874618756431882,185.896502682061,162.58856800082
2021-01-17,0.869063200876327,180.297210432601,156.689670807629
2021-01-18,0.869795801608927,172.458201283358,150.003419429292
2021-01-19,0.883429971493097,170.218484383574,150.376110806579
2021-01-20,0.928163016226142,162.37947523433,150.714623506714
2021-01-21,0.962016259756805,160.139758334547,154.057051351359
2021-01-22,1.03398027774781,156.780182984871,162.107617148049
2021-01-23,1.07487889525933,154.540466085087,166.1122854584
2021-01-24,1.10328612021828,153.420607635195,169.266826959365
2021-01-25,1.08423850117066,152.300749185303,165.130336023842
2021-01-26,1.06732832801049,154.540466085087,164.945417276557
2021-01-27,1.00960827029043,148.941173835627,150.372240891214
2021-01-28,1.01347477415693,151.180890735411,153.218019094915
2021-01-29,0.966669095363677,144.461740036059,139.64669955532
2021-01-30,1.00725351094809,144.461740036059,145.509594848991
2021-01-31,1.01217961932248,147.821315385735,149.621722734881
2021-02-01,1.05979866694152,147.821315385735,156.660832991345
2021-02-02,1.04112210540782,148.941173835627,155.06594848566
2021-02-03,1.03022977193484,153.420607635195,158.058477614112
2021-02-04,0.946427075228919,151.180890735411,143.081688249218
2021-02-05,0.898153919812906,152.300749185303,136.789514871222
2021-02-06,0.802675324334311,146.701456935843,117.753639526294
2021-02-07,0.765408243588969,139.982306236492,107.143611150006
2021-02-08,0.728141162843627,139.982306236492,101.926879240572
2021-02-09,0.731666209225816,132.143297087248,96.6847852544278
2021-02-10,0.725675425815678,132.143297087248,95.8931433824765
2021-02-11,0.73857865162213,127.66386328768,94.2898040078869
2021-02-12,0.796755768622776,126.544004837789,100.824665839137
2021-02-13,0.943036503138805,119.824854138437,112.999211435829
2021-02-14,1.10411310769367,113.105703439085,124.881489722007
2021-02-15,1.30464549456146,105.266694289842,137.335718432621
2021-02-16,1.45724289715886,107.506411189626,156.662954105122
2021-02-17,1.62152861144458,111.985844989193,181.588251726774
2021-02-18,1.68343337334934,107.506411189626,180.979880445633
2021-02-19,1.69393757503001,110.865986539301,187.800060391694
2021-02-20,1.59897959183673,117.585137238653,188.016234747928
2021-02-21,1.4547619047619,123.184429488113,179.204015279135
2021-02-22,1.24902555616841,127.66386328768,159.455427845503
2021-02-23,1.0839676411105,134.383013987032,145.666838676842
2021-02-24,0.929886008457437,137.742589336708,128.084906592903
2021-02-25,0.887894666466095,135.502872436924,120.31227772758
2021-02-26,0.911704190275619,144.461740036059,131.706373725383
2021-02-27,0.96335254192397,145.581598485951,140.246402958796
2021-02-28,1.04220226363084,150.061032285519,156.393947530748
2021-03-01,1.1058373272659,161.259616784438,178.326903620826
2021-03-02,1.14531920545745,161.259616784438,184.693736167927
2021-03-03,1.14015714063152,159.019899884655,181.307674355999
2021-03-04,1.08490537485344,164.619192134114,178.596246350332
2021-03-05,0.974690321090002,162.37947523433,158.269702854575
2021-03-06,0.853456715985429,157.900041434763,134.760850816876
2021-03-07,0.736814099342812,151.180890735411,111.392211845056
2021-03-08,0.669935792464505,144.461740036059,96.7800902918588
2021-03-09,0.667960808922701,141.102164686384,94.250716064661
2021-03-10,0.748633077830264,135.502872436924,101.441932447296
2021-03-11,0.895249619183648,135.502872436924,121.308894947447
2021-03-12,1.06201229199471,131.023438637356,139.148502372287
2021-03-13,1.20134544461059,131.023438637356,157.404411144203
2021-03-14,1.29129253455768,134.383013987032,173.527782732815
2021-03-15,1.35349033675548,129.903580187464,175.823240493674
2021-03-16,1.38818421430651,125.424146387897,174.111820108546
2021-03-17,1.42414480543951,122.064571038221,173.837624772284
2021-03-18,1.45254914963333,119.824854138437,174.051489983724
2021-03-19,1.60271148729567,123.184429488113,197.429100196561
2021-03-20,1.69109166695374,128.783721737572,217.785078669697
2021-03-21,1.78921576507783,142.222023136276,254.465885936689
2021-03-22,1.81717669303876,153.420607635195,278.792352426521
2021-03-23,1.81479574065781,176.937635082926,321.105666510559
2021-03-24,1.72237256449079,192.615653381413,331.755916875613
2021-03-25,1.58894002480825,206.053954780116,327.407376020155
2021-03-26,1.30910081639761,223.971689978387,293.201522200659
2021-03-27,1.12942310077601,230.690840677738,260.547564598875
2021-03-28,0.996805718158624,240.769566726766,240.000480871814
2021-03-29,0.949855008050019,250.848292775793,238.269507153884
2021-03-30,0.972341780536791,262.046877274712,254.7991272334
2021-03-31,1.07116025529512,273.245461773632,292.689678591675
2021-04-01,1.22613474509103,283.324187822659,347.39363081406
2021-04-02,1.45262534132953,292.283055421795,424.577773146922
2021-04-03,1.62060354956198,311.320649069958,504.527348934711
2021-04-04,1.71503523727724,334.837676517688,574.258413995875
2021-04-05,1.72068122036684,359.474562415311,618.541128747611
2021-04-06,1.66248016216578,382.991589863041,636.715920423638
2021-04-07,1.53564733205902,396.429891261745,608.776504864544
2021-04-08,1.35857650372768,412.107909560232,559.880122928864
2021-04-09,1.10673031070502,421.066777159367,466.007365113148
2021-04-10,0.922974550336356,438.984512357638,405.171532897915
2021-04-11,0.828115512193736,449.063238406665,371.876233680513
2021-04-12,0.834499604292114,452.422813756341,377.546659052391
2021-04-13,0.875730730889094,464.741256705152,406.988200408719
2021-04-14,0.919136242700118,473.700124304288,435.394952419622
2021-04-15,0.94340748966044,493.857576402343,465.908936403523
2021-04-16,0.9531477494007,509.53559470083,485.662705328643
2021-04-17,0.933034462150316,501.696585551586,468.100203862774
2021-04-18,0.872544469051627,482.658991903423,421.141433823366
2021-04-19,0.785419248593073,463.621398255261,364.137170249317
2021-04-20,0.6763132108376,437.864653907746,296.133649996642
2021-04-21,0.576568312878416,424.426352509043,244.710786007279
2021-04-22,0.479444044112356,397.549749711636,190.602859737602
2021-04-23,0.391017764509606,375.152580713798,146.691323460719
2021-04-24,0.314481406723248,350.515694816175,110.230668784368
2021-04-25,0.288151671930748,321.399375118985,92.611767298033
2021-04-26,0.260045263343074,296.762489221362,77.1716796599153
2021-04-27,0.240412524966912,271.005744873848,65.1531754056607
2021-04-28,0.221944227637212,240.769566726766,53.4374155257182
