"fecha","rho7dpromedio","incidenciaAcum14d","riesgopor10"
2020-02-03,0.5,0.032513494725986,0.016256747362993
2020-02-04,0.4,0.032513494725986,0.0130053978903944
2020-02-05,0.333333333333333,0.032513494725986,0.0108378315753287
2020-02-06,0.285714285714286,0.032513494725986,0.00928956992171029
2020-02-07,0.142857142857143,0.032513494725986,0.00464478496085515
2020-02-08,0,0.032513494725986,0
2020-02-09,0,0.032513494725986,0
2020-02-10,0,0.032513494725986,0
2020-02-11,0,0.032513494725986,0
2020-02-12,0,0.032513494725986,0
2020-02-13,0,0.032513494725986,0
2020-02-14,0,0.032513494725986,0
2020-02-15,0,0.032513494725986,0
2020-02-16,0.285714285714286,0.032513494725986,0.00928956992171029
2020-02-17,0.571428571428571,0,0
2020-02-18,1,0,0
2020-02-19,1.14285714285714,0,0
2020-02-20,1.28571428571429,0.0650269894519721,0.0836061292953926
2020-02-21,1.28571428571429,0.0650269894519721,0.0836061292953926
2020-02-22,1.28571428571429,0.0975404841779581,0.125409193943089
2020-02-23,1,0.0975404841779581,0.0975404841779581
2020-02-24,0.857142857142857,0.0975404841779581,0.0836061292953926
2020-02-25,0.571428571428571,0.0975404841779581,0.0557374195302617
2020-02-26,0.857142857142857,0.0975404841779581,0.0836061292953926
2020-02-27,1,0.0975404841779581,0.0975404841779581
2020-02-28,1.42857142857143,0.130053978903944,0.185791398434206
2020-02-29,2,0.130053978903944,0.260107957807888
2020-03-01,2.57142857142857,0.195080968355916,0.501636775772356
2020-03-02,3,0.195080968355916,0.585242905067748
2020-03-03,3.42857142857143,0.227594463081902,0.780323873423664
2020-03-04,3.52380952380952,0.422675431437818,1.48942771078088
2020-03-05,3.56462585034014,0.390161936711832,1.39078132542177
2020-03-06,3.47534013605442,0.585242905067748,2.03391815732303
2020-03-07,3.23358189429618,0.617756399793734,1.99756590945861
2020-03-08,3.23358189429618,0.715296883971692,2.31297105305734
2020-03-09,3.23358189429618,1.07294532595754,3.46945657958601
2020-03-10,3.09965332286761,1.23551279958747,3.82966135468676
2020-03-11,2.9292272577047,1.69070172575127,4.95244957971901
2020-03-12,2.83602997879314,2.24343113609304,6.36243795731779
2020-03-13,2.74674426450742,2.7961605464348,7.68033794356172
2020-03-14,2.61532466370007,3.2513494725986,8.50333446599533
2020-03-15,2.26838588818986,3.67402490403642,8.33410624517433
2020-03-16,1.93099986995278,4.32429479855614,8.35021269364939
2020-03-17,1.76463689619185,5.20215915615776,9.17992198681824
2020-03-18,1.60172962802142,5.65734808232157,9.06154203948463
2020-03-19,1.56797612662086,6.56772593464918,10.2980374717186
2020-03-20,1.4682544197563,7.28302281862087,10.6933304426261
2020-03-21,1.43697957215492,8.38848163930439,12.054076757077
2020-03-22,1.32923324781873,8.94121104964615,11.8849550029539
2020-03-23,1.21934035449119,9.85158890197376,12.0124399040342
2020-03-24,1.03993265156039,10.4043183123155,10.8197903302046
2020-03-25,0.944694556322297,10.8920207332053,10.2896326940087
2020-03-26,0.837178216453016,11.1521286910132,9.33631920719695
2020-03-27,0.803441276701039,11.1846421857392,8.9862031971546
2020-03-28,0.775408643971733,11.2821826699171,8.74830196512184
2020-03-29,0.838993041242011,11.3797231540951,9.54750853754638
2020-03-30,0.907965074499758,11.4772636382731,10.420954534378
2020-03-31,0.991112598482128,11.2496691751912,11.149688848288
2020-04-01,1.02260261384311,11.4772636382731,11.7366797962645
2020-04-02,1.03919103324843,11.4772636382731,11.9270694591216
2020-04-03,1.0042823329262,11.1196151962872,11.1672330905689
2020-04-04,0.955358653865533,10.7619667543014,10.281538071335
2020-04-05,0.867586117005025,10.5343722912195,9.13947515122443
2020-04-06,0.809529358948267,9.78656191252179,7.92250919135129
2020-04-07,0.801319178324293,9.55896744943989,7.65978394221384
2020-04-08,0.921344314478462,9.10377852327609,8.38771458269155
2020-04-09,1.04871724773015,8.81115707074221,9.24041239254679
2020-04-10,1.19068707914097,8.87618406019418,10.5687576725503
2020-04-11,1.29022794922979,9.16880551272806,11.8298491335739
2020-04-12,1.38134608662559,9.5264539547139,13.1593298897629
2020-04-13,1.3985367906584,9.46142696526193,13.2321537030463
2020-04-14,1.39728365782632,9.49394045998792,13.2657278531172
2020-04-15,1.31719707773974,9.46142696526193,12.462563949891
2020-04-16,1.33790101148715,9.59148094416588,12.8324520568593
2020-04-17,1.36473944412268,9.75404841779581,13.3117346156484
2020-04-18,1.48205731144055,10.0141563756037,14.8415536743725
2020-04-19,1.58247475114371,10.5343722912195,16.6703781700027
2020-04-20,1.75334836374664,12.0299930486148,21.0927686276723
2020-04-21,1.79069980687058,13.2004788587503,23.6380949429634
2020-04-22,1.7769506452341,14.6960996161457,26.1142436953346
2020-04-23,1.63434337743942,16.224233868267,26.5159691766306
2020-04-24,1.50226980727061,17.6873411309364,26.5711585519014
2020-04-25,1.31418849287351,18.3701245201821,24.1418062570768
2020-04-26,1.1762014798865,18.695259467442,21.9893918524673
2020-04-27,1.07205719059183,19.7356912986735,21.1577897680436
2020-04-28,1.13239601630545,20.7436096351791,23.4899809146722
2020-04-29,1.26519279698956,21.5889604980547,27.3141973166309
2020-04-30,1.39971504761831,22.9545272765461,32.1297972399466
2020-05-01,1.53531595464779,25.685660833529,39.4356048833889
2020-05-02,1.62804563292073,27.0512276120204,44.0406329788943
2020-05-03,1.71073637967397,29.6523071900993,50.7272806513709
2020-05-04,1.71933762416451,30.5951985371528,52.6034759637099
2020-05-05,1.70402602928457,32.8386296732459,55.9578797292476
2020-05-06,1.67232960071314,35.2121147882429,58.8862618640875
2020-05-07,1.66923449365546,38.2358697977596,63.8246327613392
2020-05-08,1.64627669264888,41.6823002387141,68.6205993789877
2020-05-09,1.6345026502188,44.9986767007646,73.5504563237386
2020-05-10,1.62253939400436,51.7939970984957,84.0378006652568
2020-05-11,1.60183242386402,56.4434268443117,90.4129112332155
2020-05-12,1.5600146800564,61.8406669688254,96.4723482958463
2020-05-13,1.49388736374526,67.6605825247769,101.077289257407
2020-05-14,1.45488448570617,74.1307679752481,107.851704240672
2020-05-15,1.41882273045563,81.0561423518831,115.004297211899
2020-05-16,1.41671226579315,87.1361658656425,123.446874976042
2020-05-17,1.38400786327743,93.053621905772,128.786944424033
2020-05-18,1.3671679450009,102.482535376308,140.110837288909
2020-05-19,1.33494692243571,108.855180342601,145.31588798954
2020-05-20,1.30899970144205,118.901850212931,155.642486429634
2020-05-21,1.24543638137718,124.98187372669,155.656972551909
2020-05-22,1.19127067562872,131.549599661339,156.711180467251
2020-05-23,1.13352998979965,140.328243237356,159.066272125442
2020-05-24,1.08760723102478,142.896809320709,155.415603107571
2020-05-25,1.04693015744305,149.36699477118,156.376811352587
2020-05-26,1.01916394527118,154.081451506448,157.034260010422
2020-05-27,1.0065234404818,158.828421736442,159.864529492457
2020-05-28,1.01205708092093,161.559555293425,163.507491925146
2020-05-29,1.03375946527439,165.363634176365,170.946222041989
2020-05-30,1.06111430072723,168.940118596223,179.264775809006
2020-05-31,1.09100613026362,170.110604406359,185.591712230187
2020-06-01,1.12628831582507,173.394467373683,195.292162631691
2020-06-02,1.16537426911051,177.458654214432,206.805749452477
2020-06-03,1.19241431120469,177.621221688062,211.798086714506
2020-06-04,1.20811619941213,182.1731109497,220.086286435635
2020-06-05,1.21701774521178,187.440297095309,228.11816773276
2020-06-06,1.22231961675456,190.4315386101,232.768205291878
2020-06-07,1.21986315103505,195.926319218792,239.003297132934
2020-06-08,1.21501688741205,201.583667301113,244.927559997304
2020-06-09,1.2038922182946,208.639095656652,251.178983693067
2020-06-10,1.19427388814359,216.604901864519,258.685578340699
2020-06-11,1.17597657410804,223.530276241154,262.866368463497
2020-06-12,1.1679815025318,233.707000090388,272.96545311777
2020-06-13,1.16086395327819,241.087563393186,279.869861926821
2020-06-14,1.17634548373995,249.085883095779,293.011053643097
2020-06-15,1.17733113485551,254.157988273033,299.228112766082
2020-06-16,1.19833131915112,266.415575784729,319.25412837252
2020-06-17,1.20150047659214,277.632731465195,333.57585917301
2020-06-18,1.21812824006551,288.654806177304,351.618571035209
2020-06-19,1.20634228465837,297.75858470058,359.198771344341
2020-06-20,1.1979798649856,308.195416507621,369.211903456981
2020-06-21,1.1611039738106,316.941546588912,368.002089210061
2020-06-22,1.12933442381198,329.719350016224,372.363412170234
2020-06-23,1.0699855697898,338.628047571144,362.327124427217
2020-06-24,1.02867437954748,346.236205337025,356.164313701938
2020-06-25,0.990491291910313,353.129066218934,349.771265010275
2020-06-26,0.974009695093866,357.323307038586,348.036365338585
2020-06-27,0.961661600084339,362.818087647278,348.908222706421
2020-06-28,0.964449248179782,366.232004593507,353.212181489582
2020-06-29,0.982019686398059,374.132783811921,367.405759030216
2020-06-30,1.00456337515433,373.547540906853,375.252178473987
2020-07-01,1.02876959288771,376.018566506028,386.836467582629
2020-07-02,1.04658912024973,376.311187958562,393.843195145681
2020-07-03,1.07100767907662,382.618805935403,409.787679315946
2020-07-04,1.0821025450057,379.464996946983,410.620038936911
2020-07-05,1.0891845752868,379.887672378421,413.767793096183
2020-07-06,1.07281786356623,381.936022546158,409.747787726952
2020-07-07,1.05454824759068,386.29283083944,407.364427818575
2020-07-08,1.01673088237161,389.088991385875,395.598793532842
2020-07-09,0.984346897654588,391.202368543064,385.078837830492
2020-07-10,0.942986326020393,390.714666122174,368.438587528833
2020-07-11,0.91337963654442,390.90974709053,357.049002719219
2020-07-12,0.876827247677054,388.698829449163,340.821724801202
2020-07-13,0.832210372178257,388.926423912245,323.668603993968
2020-07-14,0.783005469793103,388.958937406971,304.556975514571
2020-07-15,0.730048663571672,382.00104953561,278.879355696448
2020-07-16,0.69017809288288,374.132783811921,258.218251216275
2020-07-17,0.667328441936588,354.852281439411,236.803020090606
2020-07-18,0.624088514040453,345.130746516342,215.392134743056
