"fecha","rho7dpromedio","incidenciaAcum14d","riesgopor10"
2020-01-06,1.25,0.576594861386595,0.720743576733244
2020-01-07,1,0.576594861386595,0.576594861386595
2020-01-08,1,1.15318972277319,1.15318972277319
2020-01-09,0.928571428571429,1.15318972277319,1.07081902828939
2020-01-10,0.928571428571429,1.15318972277319,1.07081902828939
2020-01-11,0.642857142857143,1.15318972277319,0.741336250354194
2020-01-12,0.5,1.72978458415979,0.864892292079893
2020-01-13,0.357142857142857,1.72978458415979,0.617780208628495
2020-01-14,0.357142857142857,1.72978458415979,0.617780208628495
2020-01-15,0.214285714285714,1.72978458415979,0.370668125177097
2020-01-16,0.285714285714286,1.72978458415979,0.494224166902796
2020-01-17,0.285714285714286,1.72978458415979,0.494224166902796
2020-01-18,0.428571428571429,1.72978458415979,0.741336250354194
2020-01-19,0.428571428571429,1.72978458415979,0.741336250354194
2020-01-20,0.428571428571429,1.72978458415979,0.741336250354194
2020-01-21,0.428571428571429,1.72978458415979,0.741336250354194
2020-01-22,0.428571428571429,1.15318972277319,0.494224166902796
2020-01-23,0.285714285714286,1.15318972277319,0.329482777935197
2020-01-24,0.142857142857143,1.15318972277319,0.164741388967599
2020-01-25,0.285714285714286,1.15318972277319,0.329482777935197
2020-01-26,0.714285714285714,0.576594861386595,0.411853472418997
2020-01-27,1.14285714285714,0.576594861386595,0.658965555870395
2020-01-28,1.42857142857143,0.576594861386595,0.823706944837993
2020-01-29,1.57142857142857,1.72978458415979,2.71823291796538
2020-01-30,1.64285714285714,2.30637944554638,3.78905194625477
2020-01-31,1.64285714285714,2.30637944554638,3.78905194625477
2020-02-01,1.35714285714286,2.88297430693298,3.91260798798047
2020-02-02,0.928571428571429,2.88297430693298,2.67704757072348
2020-02-03,0.5,2.30637944554638,1.15318972277319
2020-02-04,0.214285714285714,2.30637944554638,0.494224166902796
2020-02-05,0.0714285714285714,2.30637944554638,0.164741388967599
2020-02-06,0,2.30637944554638,0
2020-02-07,0,2.30637944554638,0
2020-02-08,0,2.30637944554638,0
2020-02-09,0,2.30637944554638,0
2020-02-10,0,2.30637944554638,0
2020-02-11,0,2.30637944554638,0
2020-02-12,0,1.15318972277319,0
2020-02-13,0.142857142857143,0.576594861386595,0.0823706944837993
2020-02-14,0.428571428571429,0.576594861386595,0.247112083451398
2020-02-15,0.714285714285714,0,0
2020-02-16,0.857142857142857,0,0
2020-02-17,0.857142857142857,0.576594861386595,0.494224166902796
2020-02-18,0.857142857142857,1.15318972277319,0.988448333805592
2020-02-19,0.857142857142857,1.15318972277319,0.988448333805592
2020-02-20,0.714285714285714,1.15318972277319,0.823706944837993
2020-02-21,0.428571428571429,1.15318972277319,0.494224166902796
2020-02-22,0.142857142857143,1.15318972277319,0.164741388967599
2020-02-23,0,1.15318972277319,0
2020-02-24,0,1.15318972277319,0
2020-02-25,0,1.15318972277319,0
2020-02-26,0,1.15318972277319,0
2020-02-27,0,1.15318972277319,0
2020-02-28,0,1.15318972277319,0
2020-02-29,0.142857142857143,1.15318972277319,0.164741388967599
2020-03-01,0.285714285714286,1.15318972277319,0.329482777935197
2020-03-02,0.428571428571429,0.576594861386595,0.247112083451398
2020-03-03,0.428571428571429,0,0
2020-03-04,0.571428571428571,0.576594861386595,0.329482777935197
2020-03-05,0.857142857142857,0.576594861386595,0.494224166902796
2020-03-06,1.14285714285714,0.576594861386595,0.658965555870395
2020-03-07,1.14285714285714,0.576594861386595,0.658965555870395
2020-03-08,1,1.15318972277319,1.15318972277319
2020-03-09,1.28571428571429,1.72978458415979,2.22400875106258
2020-03-10,1.57142857142857,1.72978458415979,2.71823291796538
2020-03-11,2,1.72978458415979,3.45956916831957
2020-03-12,2.28571428571429,1.72978458415979,3.95379333522237
2020-03-13,2.57142857142857,3.45956916831957,8.89603500425033
2020-03-14,3,4.03616402970617,12.1084920891185
2020-03-15,3.57142857142857,8.07232805941233,28.8297430693298
2020-03-16,3.2987012987013,12.6850869505051,41.8443127977701
2020-03-17,3.12012987012987,18.4510355643711,57.5696271992227
2020-03-18,2.61155844155844,19.6042252871442,51.197580038855
2020-03-19,2.10815708101422,22.4871995940772,47.4065490564341
2020-03-20,1.65577612863327,24.7935790396236,41.052616317191
2020-03-21,1.28672850958565,26.5233636237834,34.1283681448291
2020-03-22,0.905776128633272,28.2531482079432,25.5910272054928
2020-03-23,0.879802102659246,29.4063379307164,25.8717579429526
2020-03-24,0.872659245516388,34.0190968218091,29.6870793656689
2020-03-25,0.895516388373531,37.4786659901287,33.5627596085379
2020-03-26,0.89471606824548,38.6318557129019,34.5645420524743
2020-03-27,0.873882734912147,38.0552608515153,33.2558354307173
2020-03-28,0.842930353959766,39.2084505742885,33.049993120799
2020-03-29,0.958576612463167,37.4786659901287,35.9261726844561
2020-03-30,1.05092870481526,33.4425019604225,35.1456852710486
2020-03-31,1.12950013338669,31.1361225148761,35.1682545336969
2020-04-01,1.14768195156851,32.2893122376493,37.0578608837102
2020-04-02,1.16378839414554,31.7127173762627,36.9068924293121
2020-04-03,1.17033601319316,32.2893122376493,37.7893449529595
2020-04-04,1.11115233972377,31.1361225148761,34.5969753823305
2020-04-05,0.976458462172748,29.982932792103,29.2770884456057
2020-04-06,0.914950525664811,30.5595276534896,27.9604558906286
2020-04-07,0.96086889301175,28.8297430693298,27.7016033088401
2020-04-08,0.986842918985776,26.5233636237834,26.1743935798156
2020-04-09,1.04636672850959,28.2531482079432,29.563154260442
2020-04-10,1.04874768089054,28.2531482079432,29.6304236609371
2020-04-11,1.03174087816945,28.8297430693298,29.7448244317499
2020-04-12,0.951221397649969,28.8297430693298,27.4234684962974
2020-04-13,0.876221397649969,29.982932792103,26.2716872767415
2020-04-14,0.72965367965368,27.6765533465566,20.1942989894464
2020-04-15,0.663275613275613,25.3701739010102,16.8274176531015
2020-04-16,0.639466089466089,25.3701739010102,16.2233658935536
2020-04-17,0.613955885384457,23.0637944554638,14.1601523452294
2020-04-18,0.685384456813028,23.0637944554638,15.8075662349054
2020-04-19,0.832570603999175,23.0637944554638,19.2022372802983
2020-04-20,1.24685631828489,21.9106047326906,27.3193759483981
2020-04-21,1.51179138321995,19.0276304257576,28.7658077207542
2020-04-22,1.80544217687075,20.7574150099174,37.4763125417149
2020-04-23,1.82925170068027,20.7574150099174,37.9705367086177
2020-04-24,1.83333333333333,21.9106047326906,40.1694420099328
2020-04-25,1.73809523809524,21.334009871304,37.0805409667903
2020-04-26,1.57142857142857,20.7574150099174,32.6187950155845
2020-04-27,1.12857142857143,19.6042252871442,22.1247685383485
2020-04-28,0.785714285714286,19.6042252871442,15.4033198684705
2020-04-29,0.428571428571429,21.334009871304,9.14314708770173
2020-04-30,0.285714285714286,19.0276304257576,5.43646583593076
2020-05-01,0.2,18.4510355643711,3.69020711287421
2020-05-02,0.2,17.8744407029845,3.57488814059689
2020-05-03,0.414285714285714,16.7212509802113,6.92737540608752
2020-05-04,0.928571428571429,15.5680612574381,14.4560568819068
2020-05-05,1.21428571428571,15.5680612574381,18.9040743840319
2020-05-06,1.64285714285714,13.8382766732783,22.7343116775286
2020-05-07,1.71428571428571,10.9553023663453,18.7805183423062
2020-05-08,1.78571428571429,9.80211264357212,17.5037725778074
2020-05-09,1.75,8.07232805941233,14.1265741039716
2020-05-10,1.53571428571429,6.91913833663914,10.6258195884101
2020-05-11,1.01190476190476,6.34254347525255,6.41804994519603
2020-05-12,0.869047619047619,5.18935375247936,4.50979552298801
2020-05-13,0.726190476190476,3.45956916831957,2.51230618175588
2020-05-14,1.08333333333333,3.45956916831957,3.74786659901287
2020-05-15,1.29761904761905,3.45956916831957,4.48920284936706
2020-05-16,1.4047619047619,4.03616402970617,5.66984947030152
2020-05-17,1.47619047619048,4.61275889109276,6.80931074399408
2020-05-18,1.57142857142857,5.18935375247936,8.15469875389613
2020-05-19,1.52380952380952,5.18935375247936,7.90758667044474
2020-05-20,1.38095238095238,4.03616402970617,5.57375032673709
2020-05-21,1.0952380952381,4.61275889109276,5.05206926167303
2020-05-22,0.952380952380952,4.03616402970617,3.8439657425773
2020-05-23,0.880952380952381,4.03616402970617,3.555668311884
2020-05-24,0.80952380952381,4.03616402970617,3.26737088119071
2020-05-25,0.738095238095238,4.03616402970617,2.97907345049741
2020-05-26,0.642857142857143,4.03616402970617,2.59467687623968
2020-05-27,0.5,4.03616402970617,2.01808201485308
2020-05-28,0.357142857142857,4.03616402970617,1.44148715346649
2020-05-29,0.214285714285714,4.03616402970617,0.864892292079893
2020-05-30,0.142857142857143,3.45956916831957,0.494224166902796
2020-05-31,0.0714285714285714,2.88297430693298,0.205926736209498
2020-06-01,0,2.30637944554638,0
2020-06-02,0,2.30637944554638,0
2020-06-03,0,2.30637944554638,0
2020-06-04,0,1.72978458415979,0
2020-06-05,0,1.15318972277319,0
2020-06-06,0,1.15318972277319,0
2020-06-07,0,0.576594861386595,0
2020-06-08,0,0.576594861386595,0
2020-06-09,0.142857142857143,0.576594861386595,0.0823706944837993
2020-06-10,0.285714285714286,0,0
2020-06-11,0.714285714285714,0,0
2020-06-12,1,0,0
2020-06-13,1.28571428571429,0.576594861386595,0.741336250354194
2020-06-14,1.28571428571429,0.576594861386595,0.741336250354194
2020-06-15,1.28571428571429,1.72978458415979,2.22400875106258
2020-06-16,1.14285714285714,1.72978458415979,1.97689666761118
2020-06-17,1,1.72978458415979,1.72978458415979
2020-06-18,0.571428571428571,1.72978458415979,0.988448333805592
2020-06-19,0.571428571428571,1.72978458415979,0.988448333805592
2020-06-20,0.714285714285714,1.72978458415979,1.23556041725699
2020-06-21,1.28571428571429,1.72978458415979,2.22400875106258
2020-06-22,1.85714285714286,1.72978458415979,3.21245708486817
2020-06-23,2.42857142857143,2.88297430693298,7.00150903112294
2020-06-24,3,3.45956916831957,10.3787075049587
2020-06-25,3.57142857142857,6.34254347525255,22.6519409830448
2020-06-26,3.46428571428571,8.07232805941233,27.9648507772499
2020-06-27,3.19444444444444,9.80211264357212,31.3123042780776
2020-06-28,2.78968253968254,12.6850869505051,35.3873655801789
2020-06-29,2.44444444444444,13.2616818118917,32.4174444290686
2020-06-30,2.07539682539683,14.4148715346649,29.9165786215466
2020-07-01,1.68968253968254,17.2978458415979,29.2278680926681
2020-07-02,1.31825396825397,21.334009871304,28.1236431716159
2020-07-03,1.31315192743764,25.3701739010102,33.3148927575397
2020-07-04,1.28976011457214,27.09995848517,34.9524455607332
2020-07-05,1.23233714538447,28.8297430693298,35.5279632762255
2020-07-06,1.17098183402916,33.4425019604225,39.1605622801393
2020-07-07,1.11145802450535,35.7488814059689,39.7333811057542
2020-07-08,1.05179415895913,37.4786659901287,39.4198419739976
2020-07-09,0.986714793879765,36.3254762673555,35.842884827728
2020-07-10,1.06599265887192,39.2084505742885,41.7959204779339
2020-07-11,1.22589240824535,38.6318557129019,47.3584986348762
2020-07-12,1.52481197607248,38.0552608515153,58.0271174989527
2020-07-13,1.82664347790398,42.0914248812215,76.8860267349686
2020-07-14,2.17118129303003,46.1275889109276,100.151358135986
2020-07-15,2.43643522068805,50.1637529406338,122.220734466454
2020-07-16,2.68861135996097,57.0828912772729,153.473709947493
2020-07-17,2.76443553578514,63.4254347525255,175.335525702503
2020-07-18,2.77823534142168,73.8041422574842,205.045276363056
2020-07-19,2.64839719926827,85.9126343466027,227.530780185301
2020-07-20,2.49012055527734,103.787075049587,258.442328953089
2020-07-21,2.26463035919891,117.048756861479,265.072168294996
2020-07-22,2.13264278155916,136.652982148623,291.431995957793
2020-07-23,2.00295840628744,161.446561188247,323.370746898198
2020-07-24,1.92217458833548,186.816735089257,359.094380864371
2020-07-25,1.81061567905748,217.376262742746,393.584869576936
2020-07-26,1.71225345015338,249.088980119009,426.503465603961
2020-07-27,1.57494982610896,287.144240970524,452.237772384715
2020-07-28,1.49479525118998,317.127173762627,474.040193363676
2020-07-29,1.41842308741764,339.614373356705,481.716867988024
2020-07-30,1.38061555171769,375.93984962406,519.028402901388
2020-07-31,1.34048626215861,404.192997832003,541.815160854504
2020-08-01,1.32586441341911,446.284422713225,591.712634338756
2020-08-02,1.27935243039919,484.33968356474,619.641151307325
2020-08-03,1.22608048822776,522.394944416255,640.498248497595
2020-08-04,1.14764221424246,555.837446376678,637.902517718607
2020-08-05,1.06297521674438,570.828912772729,606.776987278548
2020-08-06,0.965580174951062,588.126758614327,567.883538476223
2020-08-07,0.886933811096469,596.775681535126,529.300529593642
2020-08-08,0.832441057473281,602.541630148992,501.580391772901
2020-08-09,0.806987412136594,603.694819871765,487.174120408583
2020-08-10,0.8047841486075,612.920337653951,493.268572103056
2020-08-11,0.80910432954047,607.730983901472,491.71777027057
2020-08-12,0.813962609126305,602.541630148992,490.446357383291
2020-08-13,0.802351866038747,592.162922644033,475.123025982399
2020-08-14,0.79992218731397,582.937404861848,466.304563964219
2020-08-15,0.794396742575011,557.567230960838,442.929592041858
2020-08-16,0.81800120828474,532.773651921214,435.809491013827
2020-08-17,0.851038664002608,499.331149960792,424.950114757518
2020-08-18,0.902136728799303,475.690760643941,429.138106727377
2020-08-19,0.940837574991438,463.005673693436,435.61313524501
2020-08-20,0.981561247973176,456.086535356797,447.67686882858
2020-08-21,1.00253536046961,445.131232990452,446.259801122363
2020-08-22,1.04110643452749,434.752525485493,452.623651710022
2020-08-23,1.07825470292576,424.373817980534,457.58306503607
2020-08-24,1.13207265242716,401.31002352507,454.312102777632
2020-08-25,1.1701456905002,407.075972138936,476.338194504554
2020-08-26,1.20119339620668,417.454679643895,501.443804403823
2020-08-27,1.18780167936669,419.184464228055,497.90801057451
2020-08-28,1.1634501258798,430.1397665944,500.446165590162
2020-08-29,1.11008941842192,435.905715208266,483.894321882335
2020-08-30,1.04938872951692,443.401448406292,465.300482609039
2020-08-31,0.955192808058593,443.978043267678,424.084633865213
2020-09-01,0.898695733704376,449.167397020158,403.664823421115
2020-09-02,0.877432678054231,451.473776465704,396.13784475556
2020-09-03,0.912080742325068,442.248258683519,403.366120072032
2020-09-04,0.948990957567019,443.401448406292,420.78396510969
2020-09-05,1.02149720202758,454.356750772637,464.12414963659
2020-09-06,1.07448685197154,461.852483970663,496.254421576875
2020-09-07,1.13384623308328,464.735458277596,526.938548748284
2020-09-08,1.16020677730097,460.122699386503,533.837474218237
2020-09-09,1.18908154310678,466.465242861756,554.665210787735
2020-09-10,1.16642395141755,463.005673693436,540.060907438242
2020-09-11,1.16990336873113,463.582268554823,542.346457666306
2020-09-12,1.15965041697571,473.960976059781,549.629043517942
2020-09-13,1.19452982328369,475.114165782555,567.538040491814
2020-09-14,1.21579617712545,476.843950366714,579.74505194125
2020-09-15,1.27725217313642,502.790719129111,642.190538640481
2020-09-16,1.31271846389494,528.737487891508,694.083462908612
2020-09-17,1.39302127796399,556.990636099451,775.899807713234
2020-09-18,1.43627204601315,580.631025416301,833.944110853383
2020-09-19,1.49894435260727,609.460768485631,913.547777057225
2020-09-20,1.52082458010811,642.903270446054,977.743096326249
2020-09-21,1.56484742312127,701.715946307487,1098.07839034237
2020-09-22,1.54808007179894,753.60948383228,1166.64782383944
2020-09-23,1.5462320532319,800.313667604594,1237.47064548981
2020-09-24,1.53704383884888,862.585912634347,1325.83236249246
2020-09-25,1.56276388493183,939.273029198764,1467.86196812235
2020-09-26,1.54611550514981,1011.92398173347,1564.55135819106
2020-09-27,1.51128299101509,1101.2961852484,1664.3701928357
2020-09-28,1.44224945064241,1235.06619309009,1781.2735384912
2020-09-29,1.37638926915723,1325.59158632778,1824.53003470667
2020-09-30,1.29569624667392,1420.15314359518,1840.08709785845
2020-10-01,1.21607972662613,1495.11047557544,1818.17353841365
2020-10-02,1.13874351648622,1578.14013561511,1797.09684753839
2020-10-03,1.09097645987278,1657.71022648646,1808.5228343871
2020-10-04,1.06182588025557,1717.09949720928,1823.26068511064
2020-10-05,1.05918486186801,1807.04829558559,1913.99819934865
2020-10-06,1.0721576935154,1880.27584298169,2015.95221098397
2020-10-07,1.09760482198274,1942.54808801144,2132.15014833471
2020-10-08,1.10495254362191,1984.06291803127,2192.29536798457
2020-10-09,1.10775455766654,2037.68624014023,2257.25621960973
2020-10-10,1.09118219430146,2113.22016698187,2305.90821884938
2020-10-11,1.07384190184578,2138.59034088288,2296.50791892269
2020-10-12,1.03433772746418,2139.74353060565,2213.21746080283
2020-10-13,0.996674046796346,2169.14986853637,2161.93537758191
2020-10-14,0.959250817496051,2169.72646339776,2081.31188375712
2020-10-15,0.938533315649311,2194.52004243738,2059.63017168762
2020-10-16,0.910512505058701,2194.52004243738,1998.13794124119
2020-10-17,0.893873620443371,2185.87111951658,1953.89253142489
2020-10-18,0.886065717651728,2205.47534480373,1954.19609415671
2020-10-19,0.891440505068661,2179.52857604133,1942.92005463786
2020-10-20,0.893031568690537,2160.50094561557,1929.39554862046
2020-10-21,0.887528298244797,2133.4009871304,1893.45374758162
2020-10-22,0.886484634012491,2121.29249504128,1880.49320110012
2020-10-23,0.885705780833591,2072.85852668481,1835.94277993494
2020-10-24,0.894099262024393,2005.97352276397,1793.53944634373
2020-10-25,0.888788660820928,1961.5757184372,1743.42625588865
2020-10-26,0.886673351887437,1934.47575995203,1715.24810622166
2020-10-27,0.871253715015609,1863.55459200148,1623.62886141568
2020-10-28,0.869220841125419,1846.83334102126,1605.30603010097
2020-10-29,0.849247665895655,1778.21855251626,1510.14795517678
2020-10-30,0.841812739932936,1735.55053277365,1461.00854928626
2020-10-31,0.825820833942926,1694.03570275382,1398.96997677725
2020-11-01,0.841452224535973,1638.6825960607,1378.87311576366
2020-11-02,0.849864267038924,1577.56354075372,1340.71488226999
2020-11-03,0.869318597573542,1533.16573642696,1332.80948783849
2020-11-04,0.879814204382987,1500.87642418931,1320.4923970253
2020-11-05,0.895780644581793,1459.93818903086,1307.78437201964
2020-11-06,0.902769707564862,1421.30633331796,1283.11230288954
2020-11-07,0.909027491680692,1373.44895982287,1248.50286289924
2020-11-08,0.899969790874151,1345.77240647631,1211.15451122069
2020-11-09,0.902579621235177,1290.99589464459,1165.22658560448
2020-11-10,0.912810512532841,1266.20231560496,1155.80278467764
2020-11-11,0.930244909094316,1215.46196780294,1130.67730774645
2020-11-12,0.941679464126694,1192.39817334748,1122.8568729035
2020-11-13,0.954657751189455,1184.90244014945,1131.17629889197
2020-11-14,0.954533870089899,1167.60459430786,1114.51813213942
2020-11-15,0.94946853503222,1154.34291249596,1096.01227405237
2020-11-16,0.925203326556485,1134.16209234743,1049.33054069411
2020-11-17,0.895595744779323,1115.13446192168,998.709678953832
2020-11-18,0.868336094208789,1091.49407260482,947.783699857718
2020-11-19,0.849566628306185,1064.97070898104,904.763574473871
2020-11-20,0.836250700864809,1043.06010424835,872.259743221805
2020-11-21,0.824691155650753,1015.38355090179,837.377834021966
2020-11-22,0.825005264934307,1003.85165367406,828.182899494112
2020-11-23,0.824970212267676,977.904884911666,806.742400483174
2020-11-24,0.820565871235341,952.534711010655,781.617475022362
2020-11-25,0.800766583119857,920.821993634393,737.363481504228
2020-11-26,0.786632699003208,902.947552931408,710.288070620776
2020-11-27,0.774324363653317,863.73910235712,668.814230795164
2020-11-28,0.777292944678748,817.034918584806,635.075477772145
2020-11-29,0.798920885962069,781.286037178837,624.185733012711
2020-11-30,0.83557746609691,748.420130079801,625.362995868
2020-12-01,0.873631977062334,715.554222980765,625.131050517987
2020-12-02,0.892869195243214,689.607454218368,615.729252681676
2020-12-03,0.908161012904858,676.922367267863,614.754502715936
2020-12-04,0.918863195396997,650.975598505466,598.157518568205
2020-12-05,0.943736568306969,630.218183495549,594.759945776741
2020-12-06,0.961652490436189,595.045896950966,572.227368726733
2020-12-07,0.988904550680577,577.748051109369,571.337676888889
2020-12-08,1.01146633921509,564.486369297477,570.958961490134
2020-12-09,1.04607804988314,563.90977443609,589.893637152144
2020-12-10,1.07084854033058,556.990636099451,596.452609644896
2020-12-11,1.08370335883244,544.305549148946,589.86575184385
2020-12-12,1.07434380773483,554.107661792518,595.302135265215
2020-12-13,1.05319220423628,556.414041238064,586.010930559536
2020-12-14,1.00516250692046,558.720420683611,561.604818721995
2020-12-15,0.966897200798015,558.720420683611,540.225210787673
2020-12-16,0.948843359214762,551.801282346972,523.572982361114
2020-12-17,0.96605765106605,546.035333733106,527.501611905271
2020-12-18,0.983432848404264,540.845979980626,531.885702640343
2020-12-19,1.01653933002333,551.801282346972,560.927705863006
2020-12-20,1.04425070028572,564.486369297477,589.465286440635
2020-12-21,1.12103486968741,571.982102495503,641.211881734574
2020-12-22,1.19378908054205,565.062964158863,674.565996431577
2020-12-23,1.28493323050973,563.333179574704,723.845522284243
2020-12-24,1.33913622238609,577.171456247982,772.911203589004
2020-12-25,1.38510395212645,611.190553069791,846.562450559319
2020-12-26,1.36344004359629,630.794778356935,860.05086010329
2020-12-27,1.33591569451461,656.164952257946,876.581057911818
2020-12-28,1.26939019565069,674.615987822316,856.350920770851
2020-12-29,1.21492084364976,695.949997693621,845.524158335982
2020-12-30,1.13349223351386,714.977628119378,810.421588609475
2020-12-31,1.07168796635245,742.654181465935,795.89354943837
2021-01-01,1.02001432817844,780.70944231745,796.334817308001
2021-01-02,1.00285366970855,795.124313852115,797.393336021087
2021-01-03,0.979777522728265,815.305134000646,798.817644458789
2021-01-04,0.952109935036145,836.63914387195,796.572440920618
2021-01-05,0.919692736129839,862.585912634347,793.313998137736
2021-01-06,0.888024036335851,866.622076664053,769.581234496969
2021-01-07,0.857767437617363,864.315697218506,741.381860895582
2021-01-08,0.831590860447731,841.828497624429,700.056884688919
2021-01-09,0.826937166578222,829.720005535311,686.126310430636
2021-01-10,0.822008675212352,814.728539139259,669.713927115557
2021-01-11,0.832995470044169,802.043452188754,668.098562451819
2021-01-12,0.836413524382469,780.132847456063,652.513664427257
2021-01-13,0.849335156100627,770.330734812491,654.268974901078
2021-01-14,0.860729664528453,736.311637990682,633.765269156116
2021-01-15,0.882578693720411,714.977628119378,631.024021064919
2021-01-16,0.889758590010798,699.40956686194,622.305670051143
2021-01-17,0.900015560275972,668.850039208451,601.975442778799
2021-01-18,0.891904155572463,650.399003644079,580.093574130344
2021-01-19,0.893105757708645,626.182019465842,559.246766958571
2021-01-20,0.877858525961643,609.460768485631,535.020331854246
2021-01-21,0.857079305182422,595.045896950966,510.001523910385
2021-01-22,0.825396210658581,576.594861386595,475.919213673706
2021-01-23,0.810963738774041,563.333179574704,456.84278148337
2021-01-24,0.786521908382816,537.386410812307,422.666185371087
2021-01-25,0.779915299186174,518.358780386549,404.275943290956
2021-01-26,0.775055160464627,507.403478020204,393.265684077259
2021-01-27,0.799316796948102,487.222657871673,389.445254290527
2021-01-28,0.818704552050143,471.078001752848,385.673704405742
2021-01-29,0.850852222648316,449.167397020158,382.17507809576
2021-01-30,0.870527158490916,438.212094653812,381.475529575336
2021-01-31,0.907315912497821,428.986576871627,389.226347443597
2021-02-01,0.920938309670482,401.886618386457,370.11278301601
2021-02-02,0.931523253182254,389.778126297338,363.08738822778
2021-02-03,0.919075305864411,375.363254762674,344.987098181265
2021-02-04,0.905339042128147,364.984547257715,330.434760405875
2021-02-05,0.872818716924895,360.371788366622,314.539241938085
2021-02-06,0.845725120865782,340.190968218091,287.708047713693
2021-02-07,0.836193946191187,335.001614465612,280.126321980419
2021-02-08,0.856247184877967,321.163337792334,274.995203870697
2021-02-09,0.897237444618226,310.208035425988,278.330265005654
2021-02-10,0.93497136424191,306.171871396282,286.26193229188
2021-02-11,0.997086554016674,308.478250841828,307.57951612097
2021-02-12,1.05749294308764,302.135707366576,319.506378394945
2021-02-13,1.12342149060306,295.793163891323,332.300397088986
2021-02-14,1.17283873456487,291.180405000231,341.507657730556
2021-02-15,1.20466035210077,294.063379307164,354.24649405611
2021-02-16,1.18168315274645,294.063379307164,347.489741166965
2021-02-17,1.14104637017418,299.252733059643,341.46124482241
2021-02-18,1.06749477965004,301.559112505189,321.91277835519
2021-02-19,1.00345034999699,302.135707366576,303.17818130358
2021-02-20,0.930549464474748,300.982517643803,280.079120609702
2021-02-21,0.861622460087034,298.676138198256,257.346068963677
2021-02-22,0.801093359557933,302.712302227963,242.500815171315
2021-02-23,0.773797485765467,305.018681673509,236.022688990459
2021-02-24,0.754277444029966,301.559112505189,227.459236604359
2021-02-25,0.763937843003342,295.216569029937,225.527108963577
2021-02-26,0.797073824668735,290.603810138844,231.632690410675
2021-02-27,0.854949282544193,282.531482079432,241.550087899958
2021-02-28,0.909166346944324,273.882559158633,249.004805802017
2021-03-01,0.958703570284364,268.693205406153,257.597135334029
2021-03-02,0.991417119621625,262.350661930901,260.09893758236
2021-03-03,1.00648420221044,250.818764703169,252.445124291676
2021-03-04,0.997794479235,240.44005719821,239.909761659322
2021-03-05,0.979750741363676,233.520918861571,228.792293378551
2021-03-06,0.979155503268438,231.214539416025,226.394988704878
2021-03-07,0.981406501133471,222.565616495226,218.427342957193
2021-03-08,1.00677611009157,216.79966788136,218.268726298739
2021-03-09,1.04280552185627,214.493288435813,223.674785581977
2021-03-10,1.10459285170139,219.106047326906,242.022973641847
2021-03-11,1.15452448688648,220.259237049679,254.294682636789
2021-03-12,1.20437949859035,221.412426772453,266.66458753788
2021-03-13,1.24941918113004,224.871995940772,280.959385027396
2021-03-14,1.28961441512372,232.944324000185,300.408358151888
2021-03-15,1.29682739849379,234.097513722958,303.584069715207
2021-03-16,1.29402627804561,240.44005719821,311.135752309273
2021-03-17,1.29266680008514,257.161308178422,332.42388534871
2021-03-18,1.29710185084569,255.431523594262,331.32070201845
2021-03-19,1.30629392850036,266.963420821994,348.732695751456
2021-03-20,1.29246172895387,283.684671802205,366.65158139519
2021-03-21,1.27433318106887,295.793163891323,376.939043480056
2021-03-22,1.244196921413,314.244199455694,390.981665534668
2021-03-23,1.21108767771552,332.118640158679,402.224792635811
2021-03-24,1.172114817207,342.497347663638,401.446216050647
2021-03-25,1.14810775521705,356.335624336916,409.111693761322
2021-03-26,1.11317991504486,371.903685594354,413.995713134793
2021-03-27,1.08930621462129,380.552608515153,414.5383214459
2021-03-28,1.071567478016,388.624936574565,416.437843179335
2021-03-29,1.09990990474576,409.382351584483,450.283703335883
2021-03-30,1.12965612658779,415.148300198349,468.974820761571
2021-03-31,1.1816999678397,423.220628257761,500.119802801295
2021-04-01,1.23259883372874,442.248258683519,545.114687871873
2021-04-02,1.30856213994977,457.816319940957,599.081103325865
2021-04-03,1.34729978595156,467.618432584529,630.022214128141
2021-04-04,1.37746711604149,492.988606485539,679.07559401695
2021-04-05,1.35563074941016,517.782185525163,701.921452194709
2021-04-06,1.32060518748564,540.26938511924,713.482552628148
2021-04-07,1.25033899897033,563.90977443609,705.078382878004
2021-04-08,1.17680823113904,586.396974030167,690.076785753728
2021-04-09,1.0841550279886,604.271414733152,655.123892552732
2021-04-10,1.02227672111029,619.262881129203,633.058027626076
2021-04-11,0.972342231185292,632.524562941095,615.030344809646
2021-04-12,0.950895659366483,645.2096498916,613.527055463291
2021-04-13,0.941064955431365,672.30960837677,632.687011643164
2021-04-14,0.939018195700899,684.994695327275,643.222482870905
2021-04-15,0.933695010800249,691.337238802528,645.49813065034
2021-04-16,0.944328055916053,694.220213109461,655.571624223285
2021-04-17,0.948325210333375,691.913833663914,656.159331841904
2021-04-18,0.96861450884848,681.535126158956,660.144811487444
2021-04-19,0.96504085231163,672.886203238157,649.362675081687
2021-04-20,0.971004528104527,678.652151852023,658.974312456195
2021-04-21,0.952678948211783,658.471331703492,627.311775714895
2021-04-22,0.939132690118476,656.741547119332,616.767455858748
2021-04-23,0.916449679464335,645.786244752987,591.830597006351
2021-04-24,0.916446861435715,634.254347525255,581.260406141477
2021-04-25,0.896990858970004,624.452234881683,560.127946552259
2021-04-26,0.915594138432078,607.730983901472,556.434926603747
2021-04-27,0.939447040433088,606.577794178698,569.847713533609
2021-04-28,0.977650503636551,593.316112366807,580.055796071089
2021-04-29,1.00378096258718,582.937404861848,585.141469380296
2021-04-30,1.02416662912177,583.513999723235,597.615566141904
2021-05-01,1.03440990697068,579.477835693528,599.417614111312
2021-05-02,1.04394527451575,578.901240832142,604.34121477802
2021-05-03,1.03596831454699,571.405507634116,591.958000666585
2021-05-04,1.02227247076097,552.377877208358,564.680697327491
2021-05-05,1.02606982547999,562.17998985193,576.835924075712
2021-05-06,1.02964397825323,547.188523455879,563.40936814562
2021-05-07,1.04418817513687,556.990636099451,581.603035877012
2021-05-08,1.05486377404777,558.720420683611,589.373931599869
2021-05-09,1.07986377404777,566.216153881637,611.436312857434
2021-05-10,1.10048373947619,573.135292218276,630.726069606145
2021-05-11,1.10613971615257,568.522533327183,628.865353640871
2021-05-12,1.0989147763604,589.856543198487,648.202071253686
2021-05-13,1.07639537823409,597.352276396513,642.987229490819
2021-05-14,1.03613286297158,600.811845564832,622.520897652326
2021-05-15,0.968379171549519,601.388440426219,582.372039719399
2021-05-16,0.908675667506392,603.118225010379,548.038855696576
2021-05-17,0.852585078665906,600.235250703446,511.751618439047
2021-05-18,0.835222441303269,598.505466119286,499.885196545501
2021-05-19,0.817343973938295,581.784215139075,475.517822376343
2021-05-20,0.838708652805727,583.513999723235,489.398240601156
2021-05-21,0.845983730669041,574.288481941049,485.838712432749
2021-05-22,0.891791901295757,571.982102495503,510.089006691609
2021-05-23,0.899270580982912,559.297015544998,502.959352111159
2021-05-24,0.93688243094447,554.684256653905,519.673934780536
2021-05-25,0.939649543350136,528.737487891508,496.827939049354
2021-05-26,0.96317621467555,513.746021495456,494.827948288617
2021-05-27,0.947648603107362,503.367313990498,477.015331953
2021-05-28,0.939178229311911,486.646063010286,457.047387759613
2021-05-29,0.889339830419529,483.186493841967,429.716994494422
2021-05-30,0.858276245071997,468.195027445915,401.840670117661
2021-05-31,0.794595702251531,458.392914802343,364.237040044494
2021-06-01,0.747782225251555,440.518474099359,329.411884826438
2021-06-02,0.698629552910476,433.59933576272,302.925310086188
2021-06-03,0.695778316996263,416.301489921122,289.653550020355
2021-06-04,0.713322176645386,394.967480049818,281.739062573279
2021-06-05,0.767071190062908,381.12920337654,292.35323160177
2021-06-06,0.830794382375108,369.020711287421,306.580333917656
2021-06-07,0.916251928679894,355.182434614143,325.436590748429
2021-06-08,0.974980518265707,348.83989113889,340.112097854348
2021-06-09,1.01677902601992,321.73993265372,327.138415355363
2021-06-10,1.0317785303324,318.280363485401,328.394845670628
2021-06-11,1.04180359298904,303.865491950736,316.568161299659
2021-06-12,1.04693535443148,288.297430693298,301.828772784573
2021-06-13,1.05193197210567,284.837861524978,299.630053404332
2021-06-14,1.07005785245262,273.305964297246,292.453193218404
2021-06-15,1.11178588387137,270.422989990313,300.65246294552
2021-06-16,1.13730418500244,276.765533465566,314.766599474821
2021-06-17,1.13740408510234,277.342128326952,315.450069730053
2021-06-18,1.12205579702678,287.720835831911,322.838831770586
2021-06-19,1.11142953008983,295.216569029937,328.112412591675
2021-06-20,1.12231149386225,295.793163891323,331.972067641112
2021-06-21,1.12148495944109,288.874025554684,323.967874832779
2021-06-22,1.14168697964311,296.36975875271,338.361494727938
2021-06-23,1.16805547096487,311.937820010148,364.360677263709
2021-06-24,1.19624467306712,318.280363485401,380.741189361276
2021-06-25,1.20707216548264,327.505881267586,395.323233309966
2021-06-26,1.19191152993984,337.884588772545,402.728537146977
2021-06-27,1.14002086647162,341.920752802251,389.796792874252
2021-06-28,1.06708853564456,356.912219198303,380.856937337966
2021-06-29,0.975457944013965,364.407952396328,355.464632026861
2021-06-30,0.908931333369707,360.948383228009,328.077295245074
2021-07-01,0.888434438959769,363.831357534942,323.240308007527
2021-07-02,0.888658779195531,356.912219198303,317.173176992731
2021-07-03,0.909680220599138,358.642003782462,326.249537116947
2021-07-04,0.917638472393006,367.290926703261,337.040284903792
2021-07-05,0.945019424773958,377.66963420822,356.905140474043
2021-07-06,0.95718873694327,370.750495871581,354.87819886441
2021-07-07,0.988001061873242,362.101572950782,357.756738581344
2021-07-08,1.02222033097623,353.452650029983,361.306484898076
2021-07-09,1.06592565339558,353.452650029983,376.754246927609
2021-07-10,1.08051998295054,349.416486000277,377.551495495657
2021-07-11,1.09104225637604,349.993080861663,381.857240659311
2021-07-12,1.10485731728412,355.182434614143,392.425911854226
2021-07-13,1.11066662513425,346.533511693344,384.883205928366
2021-07-14,1.10680562127324,351.722865445823,389.28884460577
2021-07-15,1.07660129147931,352.876055168596,379.906816726635
2021-07-16,1.05048146102909,364.984547257715,383.409500456325
2021-07-17,1.01931757128041,363.831357534942,370.85969571817
2021-07-18,1.00646500403525,366.714331841875,369.085141477017
2021-07-19,1.00118168915891,369.020711287421,369.456779061364
2021-07-20,1.02310917242586,370.750495871581,379.318233007651
2021-07-21,1.04216774467592,377.093039346833,392.994202349079
2021-07-22,1.0427203466691,379.39941879238,395.607493489246
2021-07-23,1.02836521204323,390.354721158725,401.427215596468
2021-07-24,1.01431115155122,396.697264633978,402.374459308108
2021-07-25,0.999703530964604,394.967480049818,394.850384421995
2021-07-26,0.95811317687425,384.588772544859,368.479570653123
2021-07-27,0.922204292913552,388.048341713179,357.859846585878
2021-07-28,0.899487927532013,389.201531435952,350.08207890361
2021-07-29,0.89721808852748,387.471746851792,347.646660068768
2021-07-30,0.892953696203386,376.516444485447,336.211750784637
2021-07-31,0.890099167131899,375.93984962406,334.623747042067
2021-08-01,0.89121787249862,377.093039346833,336.072056260723
2021-08-02,0.870591673300992,370.173901010194,322.270315892821
2021-08-03,0.835878350740118,369.020711287421,308.456423539875
2021-08-04,0.786918742416985,356.912219198303,280.860914684783
2021-08-05,0.758090427874385,351.146270584437,266.20062651385
2021-08-06,0.745033365238484,325.776096683426,242.714061626311
2021-08-07,0.767181759479901,312.514414871535,239.755358663976
2021-08-08,0.8001085522937,306.171871396282,244.970732775932
2021-08-09,0.839965520722097,292.91018958439,246.034459919061
2021-08-10,0.906991147766808,286.567646109138,259.914318257359
2021-08-11,0.956976046588916,274.459154020019,262.650836164216
2021-08-12,1.00590925623641,266.386825960607,267.960973973213
2021-08-13,1.01130979629042,255.431523594262,258.320402092264
2021-08-14,1.02703515620182,256.584713317035,263.521521120561
2021-08-15,1.01140540493989,242.16984178237,244.931886892127
2021-08-16,1.00839650907385,233.520918861571,235.481679375726
2021-08-17,0.959030149626844,228.331565109092,218.976855051104
2021-08-18,0.929809370406065,226.601780524932,210.69645888278
2021-08-19,0.894801730986661,224.295401079386,200.699913138182
2021-08-20,0.887620676746783,224.295401079386,199.089235697275
2021-08-21,0.870381375963179,219.682642188293,191.207680383073
2021-08-22,0.865383874713803,213.916693574427,185.120057151403
2021-08-23,0.869125371312443,217.952857604133,189.4283582938
2021-08-24,0.879076616887812,211.033719267494,185.514807982921
2021-08-25,0.863910276379006,209.303934683334,180.819820059493
2021-08-26,0.835443889824384,204.691175792241,171.007992116597
2021-08-27,0.783084484523802,201.231606623922,157.58134894299
2021-08-28,0.712310649018408,191.42949398035,136.357267098408
2021-08-29,0.638959569456149,183.357165920937,117.157815793542
2021-08-30,0.573812659628388,175.861432722912,100.911516436793
2021-08-31,0.524926024228886,163.752940633793,85.9581800826858
2021-09-01,0.52223522188055,151.644448544675,79.1940722326817
2021-09-02,0.501401888547216,140.689146178329,70.5418035919097
2021-09-03,0.496548408693736,132.04022325753,65.5643627420924
2021-09-04,0.482251454279807,125.121084920891,60.3398251641671
2021-09-05,0.491198125231204,117.625351722865,57.7773522459325
2021-09-06,0.487310090702977,100.327505881268,48.8906059910039
2021-09-07,0.491790674603211,89.3722035149223,43.9524162573791
