"fecha","rho7dpromedio","incidenciaAcum14d","riesgopor10"
2020-03-24,0.5,0.128005406948389,0.0640027034741947
2020-03-25,0.4,0.128005406948389,0.0512021627793558
2020-03-26,0.333333333333333,0.128005406948389,0.0426684689827965
2020-03-27,0.285714285714286,0.128005406948389,0.0365729734138256
2020-03-28,0.142857142857143,0.128005406948389,0.0182864867069128
2020-03-29,0,0.128005406948389,0
2020-03-30,0,0.128005406948389,0
2020-03-31,0.142857142857143,0.128005406948389,0.0182864867069128
2020-04-01,0.428571428571429,0.128005406948389,0.0548594601207383
2020-04-02,0.714285714285714,0.128005406948389,0.0914324335345639
2020-04-03,0.857142857142857,0.128005406948389,0.109718920241477
2020-04-04,0.857142857142857,0.256010813896779,0.219437840482953
2020-04-05,0.857142857142857,0.384016220845168,0.32915676072443
2020-04-06,0.857142857142857,0.384016220845168,0.32915676072443
2020-04-07,0.714285714285714,0.256010813896779,0.182864867069128
2020-04-08,0.428571428571429,0.256010813896779,0.109718920241477
2020-04-09,0.142857142857143,0.256010813896779,0.0365729734138256
2020-04-10,0,0.256010813896779,0
2020-04-11,0,0.256010813896779,0
2020-04-12,0,0.256010813896779,0
2020-04-13,0,0.256010813896779,0
2020-04-14,0,0.256010813896779,0
2020-04-15,0,0.256010813896779,0
2020-04-16,0,0.256010813896779,0
2020-04-17,0.142857142857143,0.256010813896779,0.0365729734138256
2020-04-18,0.285714285714286,0.128005406948389,0.0365729734138256
2020-04-19,0.428571428571429,0,0
2020-04-20,0.428571428571429,0,0
2020-04-21,0.571428571428571,0.128005406948389,0.0731459468276511
2020-04-22,0.714285714285714,0.128005406948389,0.0914324335345639
2020-04-23,0.857142857142857,0.128005406948389,0.109718920241477
2020-04-24,0.857142857142857,0.128005406948389,0.109718920241477
2020-04-25,0.857142857142857,0.256010813896779,0.219437840482953
2020-04-26,0.857142857142857,0.256010813896779,0.219437840482953
2020-04-27,0.857142857142857,0.256010813896779,0.219437840482953
2020-04-28,0.857142857142857,0.384016220845168,0.32915676072443
2020-04-29,0.857142857142857,0.384016220845168,0.32915676072443
2020-04-30,1,0.384016220845168,0.384016220845168
2020-05-01,1,0.384016220845168,0.384016220845168
2020-05-02,1,0.512021627793558,0.512021627793558
2020-05-03,0.857142857142857,0.512021627793558,0.438875680965907
2020-05-04,0.857142857142857,0.640027034741947,0.548594601207383
2020-05-05,0.714285714285714,0.512021627793558,0.365729734138256
2020-05-06,0.571428571428571,0.512021627793558,0.292583787310605
2020-05-07,0.285714285714286,0.512021627793558,0.146291893655302
2020-05-08,0.142857142857143,0.512021627793558,0.0731459468276511
2020-05-09,0,0.384016220845168,0
2020-05-10,0,0.384016220845168,0
2020-05-11,0.142857142857143,0.384016220845168,0.0548594601207383
2020-05-12,0.285714285714286,0.256010813896779,0.0731459468276511
2020-05-13,0.571428571428571,0.256010813896779,0.146291893655302
2020-05-14,0.857142857142857,0.256010813896779,0.219437840482953
2020-05-15,1.14285714285714,0.384016220845168,0.438875680965907
2020-05-16,1.28571428571429,0.256010813896779,0.32915676072443
2020-05-17,1.28571428571429,0.384016220845168,0.493735141086645
2020-05-18,1.14285714285714,0.384016220845168,0.438875680965907
2020-05-19,1,0.384016220845168,0.384016220845168
2020-05-20,0.714285714285714,0.384016220845168,0.274297300603692
2020-05-21,0.428571428571429,0.384016220845168,0.164578380362215
2020-05-22,0.142857142857143,0.384016220845168,0.0548594601207383
2020-05-23,0,0.384016220845168,0
2020-05-24,0,0.384016220845168,0
2020-05-25,0,0.384016220845168,0
2020-05-26,0,0.384016220845168,0
2020-05-27,0,0.384016220845168,0
2020-05-28,0,0.384016220845168,0
2020-05-29,0.142857142857143,0.256010813896779,0.0365729734138256
2020-05-30,0.285714285714286,0.256010813896779,0.0731459468276511
2020-05-31,0.428571428571429,0.128005406948389,0.0548594601207383
2020-06-01,0.428571428571429,0,0
2020-06-02,0.428571428571429,0.128005406948389,0.0548594601207383
2020-06-03,0.571428571428571,0.128005406948389,0.0731459468276511
2020-06-04,0.714285714285714,0.128005406948389,0.0914324335345639
2020-06-05,0.714285714285714,0.128005406948389,0.0914324335345639
2020-06-06,0.571428571428571,0.128005406948389,0.0731459468276511
2020-06-07,0.428571428571429,0.256010813896779,0.109718920241477
2020-06-08,0.428571428571429,0.256010813896779,0.109718920241477
2020-06-09,0.571428571428571,0.256010813896779,0.146291893655302
2020-06-10,0.571428571428571,0.256010813896779,0.146291893655302
2020-06-11,0.571428571428571,0.256010813896779,0.146291893655302
2020-06-12,0.428571428571429,0.256010813896779,0.109718920241477
2020-06-13,0.714285714285714,0.384016220845168,0.274297300603692
2020-06-14,1.14285714285714,0.384016220845168,0.438875680965907
2020-06-15,1.57142857142857,0.384016220845168,0.603454061328122
2020-06-16,1.57142857142857,0.256010813896779,0.402302707552081
2020-06-17,1.42857142857143,0.512021627793558,0.731459468276511
2020-06-18,1.28571428571429,0.640027034741947,0.822891901811075
2020-06-19,1.28571428571429,0.640027034741947,0.822891901811075
2020-06-20,1,0.640027034741947,0.640027034741947
2020-06-21,0.571428571428571,0.512021627793558,0.292583787310605
2020-06-22,0.142857142857143,0.512021627793558,0.0731459468276511
2020-06-23,0,0.512021627793558,0
2020-06-24,0,0.512021627793558,0
2020-06-25,0,0.512021627793558,0
2020-06-26,0,0.512021627793558,0
2020-06-27,0,0.384016220845168,0
2020-06-28,0,0.384016220845168,0
2020-06-29,0,0.384016220845168,0
2020-06-30,0,0.384016220845168,0
2020-07-01,0,0.128005406948389,0
2020-07-02,0.142857142857143,0,0
2020-07-03,0.285714285714286,0,0
2020-07-04,0.428571428571429,0,0
2020-07-05,0.571428571428571,0,0
2020-07-06,0.714285714285714,0.128005406948389,0.0914324335345639
2020-07-07,1.14285714285714,0.128005406948389,0.146291893655302
2020-07-08,1.71428571428571,0.128005406948389,0.219437840482953
2020-07-09,2.14285714285714,0.256010813896779,0.548594601207384
2020-07-10,2.42857142857143,0.256010813896779,0.621740548035035
2020-07-11,2.71428571428571,0.512021627793558,1.38977298972537
2020-07-12,2.71428571428571,0.768032441690337,2.08465948458806
2020-07-13,2.67857142857143,0.896037848638726,2.4001013802823
2020-07-14,2.30714285714286,0.896037848638726,2.06728732221649
2020-07-15,1.83095238095238,1.15204866253551,2.10934624164239
2020-07-16,1.40238095238095,1.28005406948389,1.79512344506194
2020-07-17,1.06904761904762,1.28005406948389,1.36843875523397
2020-07-18,0.688095238095238,1.40805947643228,0.968879020687929
2020-07-19,0.616666666666667,1.53606488338067,0.947240011418082
2020-07-20,0.652380952380952,1.53606488338067,1.00209947153882
2020-07-21,0.69047619047619,1.53606488338067,1.06061622900094
2020-07-22,0.666666666666667,1.53606488338067,1.02404325558712
2020-07-23,0.666666666666667,1.53606488338067,1.02404325558712
2020-07-24,0.714285714285714,1.66407029032906,1.18862163594933
2020-07-25,0.738095238095238,1.40805947643228,1.03928199450954
2020-07-26,0.666666666666667,1.15204866253551,0.768032441690337
2020-07-27,0.523809523809524,1.15204866253551,0.603454061328122
2020-07-28,0.428571428571429,1.15204866253551,0.493735141086645
2020-07-29,0.642857142857143,0.896037848638726,0.576024331267753
2020-07-30,0.785714285714286,0.768032441690337,0.603454061328122
2020-07-31,0.928571428571429,0.768032441690337,0.713172981569599
2020-08-01,0.857142857142857,0.640027034741947,0.548594601207383
2020-08-02,0.857142857142857,0.768032441690337,0.65831352144886
2020-08-03,0.857142857142857,0.640027034741947,0.548594601207383
2020-08-04,0.857142857142857,0.640027034741947,0.548594601207383
2020-08-05,0.642857142857143,0.640027034741947,0.411445950905538
2020-08-06,0.642857142857143,0.512021627793558,0.32915676072443
2020-08-07,0.642857142857143,0.384016220845168,0.246867570543323
2020-08-08,0.785714285714286,0.384016220845168,0.301727030664061
2020-08-09,1.21428571428571,0.512021627793558,0.621740548035035
2020-08-10,1.78571428571429,0.512021627793558,0.914324335345639
2020-08-11,2.35714285714286,0.512021627793558,1.20690812265624
2020-08-12,2.85714285714286,0.512021627793558,1.46291893655302
2020-08-13,3.14285714285714,0.896037848638726,2.81611895286457
2020-08-14,3.42857142857143,1.40805947643228,4.82763249062497
2020-08-15,3.85714285714286,2.04808651117423,7.89976225738632
2020-08-16,4,2.56010813896779,10.2404325558712
2020-08-17,4,3.96816761540007,15.8726704616003
2020-08-18,3.88961038961039,6.65628116131625,25.8903403612236
2020-08-19,3.55126452494874,9.60040552112921,34.0935795523081
2020-08-20,3.15905673274094,13.1845569156841,41.6507632926981
2020-08-21,2.70865990734412,15.8726704616003,42.993666101822
2020-08-22,2.26223133591555,18.6887894144649,42.2783650437292
2020-08-23,1.81756332786726,20.9928867395359,38.1559010838512
2020-08-24,1.42124996381196,24.4490327271424,34.7481868786885
2020-08-25,1.1113497191291,26.2411084244198,29.1630484771154
2020-08-26,1.02112415521933,28.929221970336,29.5403273456118
2020-08-27,0.962084781894242,32.1293571440458,30.9111655603315
2020-08-28,0.972572310238913,35.0734815038587,34.1114969343297
2020-08-29,0.960354265126131,36.7375517941878,35.2810645558404
2020-08-30,0.94318274284174,38.0176058636717,35.8575497747741
2020-08-31,0.86877011158088,39.0416491192588,33.91821786164
2020-09-01,0.811971017866282,39.2976599331556,31.9085609356873
2020-09-02,0.72822717550175,38.6576328984136,28.1515388171953
2020-09-03,0.662807674367963,36.9935626080846,24.5196171988502
2020-09-04,0.579757787746648,35.5855031316523,20.6309725714581
2020-09-05,0.546710052128533,34.0494382482716,18.6151701596598
2020-09-06,0.555488357971418,32.1293571440458,17.8474838426232
2020-09-07,0.60954768662091,29.6972544120264,18.1018927258433
2020-09-08,0.670487567084991,28.6732111564392,19.2250315887952
2020-09-09,0.761750206442004,27.1371462730586,20.6717267757492
2020-09-10,0.849845444537242,25.3450705757811,21.5393927703025
2020-09-11,0.959011524762436,22.2729408090198,21.3600069262015
2020-09-12,1.07707950329553,20.9928867395359,22.6110080221586
2020-09-13,1.21014072778533,20.0968488908972,24.320015343022
2020-09-14,1.41966453730914,18.5607840075165,26.3500868401257
2020-09-15,1.58581360563212,17.6647461588778,28.012994798786
2020-09-16,1.69436623721106,17.0247191241358,28.8461092819372
2020-09-17,1.77373131657614,17.0247191241358,30.1972774663925
2020-09-18,1.80440753690754,18.6887894144649,33.7221924751382
2020-09-19,1.79988265002971,19.4568218561552,35.0199960836126
2020-09-20,1.76273979288685,21.376902960381,37.6819174969444
2020-09-21,1.68170531012823,22.9129678437617,38.5328596936515
2020-09-22,1.68935837135272,24.4490327271424,41.3031781090746
2020-09-23,1.80974014475174,27.1371462730586,49.111183024354
2020-09-24,1.88358417511751,29.569249005078,55.6961694960739
2020-09-25,1.96864109350776,35.8415139455491,70.5590772067392
2020-09-26,1.97536378258339,40.4497085956911,79.9028893759801
2020-09-27,1.94048006165315,46.7219735361622,90.663058088009
2020-09-28,1.79173717892012,51.0741573724074,91.5114666461597
2020-09-29,1.58553266914419,56.194373650343,89.098015244714
2020-09-30,1.31313476671291,62.7226494047109,82.3632915936708
2020-10-01,1.11910933045145,66.1787953923174,74.0613074015799
2020-10-02,0.951560829569618,68.2268819034916,64.9220283430348
2020-10-03,0.866831765530209,71.5550224841497,62.0261664724893
2020-10-04,0.809380991686922,73.603108995324,59.5729573498759
2020-10-05,0.779552445848524,75.7792009134466,59.073861416524
2020-10-06,0.768476565207426,79.4913577149499,61.0872455404595
2020-10-07,0.763945075192065,79.7473685288467,60.9226094471391
2020-10-08,0.776678373639649,78.8513306802079,61.2421232720261
2020-10-09,0.781062349452196,75.6511955064982,59.0883005011729
2020-10-10,0.835539312651269,74.7551576578595,62.4608730465852
2020-10-11,0.875492855043836,70.1469630077174,61.4131649162809
2020-10-12,1.00835458032737,69.3789305660271,69.9585624144682
2020-10-13,1.1214773502494,65.2827575436786,73.213133947059
2020-10-14,1.32068369945575,62.4666385908141,82.4986713466818
2020-10-15,1.4689930358839,61.6986061491237,90.6348227568064
2020-10-16,1.67111388422324,65.0267467297819,108.667099306006
2020-10-17,1.79307427677186,65.6667737645238,117.745402875765
2020-10-18,1.9815556152532,68.7389035312852,136.209960278766
2020-10-19,2.24192553229387,74.1151306231175,166.160603673262
2020-10-20,2.58843009156438,78.8513306802079,204.101157092544
2020-10-21,2.85827136140565,91.1398497472533,260.502422415388
2020-10-22,3.12209593368676,107.140525615802,334.502999358157
2020-10-23,3.24424562000757,144.262093630835,468.021665394958
2020-10-24,3.17449322475181,177.543499437416,563.610636062805
2020-10-25,2.99124064444041,226.185554077804,676.575422542802
2020-10-26,2.6240941035475,270.091408661102,708.745272886434
2020-10-27,2.17708521642719,308.493030745619,671.615616607104
2020-10-28,1.71603449178951,331.790014810226,569.363109445698
2020-10-29,1.29680928225245,371.599696371175,481.893935536333
2020-10-30,0.971353021905386,409.233286014001,397.509989033971
2020-10-31,0.844174391197853,432.914286299453,365.455154077694
2020-11-01,0.76156721897573,458.899383909976,349.482727593997
2020-11-02,0.714372905779534,474.772054371577,339.164292064342
2020-11-03,0.679392435552318,491.796773495712,334.123007742024
2020-11-04,0.652051610305038,500.501141168203,326.352575058236
2020-11-05,0.63559361691904,499.349092505667,317.383095810917
2020-11-06,0.631851966250015,479.380249021719,302.897352925795
2020-11-07,0.653879739153733,458.515367689131,299.813909022547
2020-11-08,0.687365813661408,420.113745604614,288.771826577857
2020-11-09,0.722542973460217,391.952556075969,283.202565322463
2020-11-10,0.751305354738125,369.55160986,277.646103339913
2020-11-11,0.780737770847327,353.806944805349,276.230445397631
2020-11-12,0.805409308830429,323.597668765529,260.628574739583
2020-11-13,0.842989746410867,292.748365690967,246.783870556024
2020-11-14,0.888955270532704,275.467635752934,244.878406663754
2020-11-15,0.929575626437135,255.626797675934,237.624440583725
2020-11-16,0.961670821321572,245.770381340908,236.350204480627
2020-11-17,0.983305220783506,234.249894715553,230.33914444179
2020-11-18,0.998259605845375,224.777494601372,224.386293163677
2020-11-19,1.02332069411047,221.065337799869,226.220734921127
2020-11-20,1.03989527974583,213.897035010759,222.430517059316
2020-11-21,1.05779698588283,210.312883616204,222.468334381547
2020-11-22,1.08346755858817,211.464932278739,229.115393903058
2020-11-23,1.11053055770085,210.952910650946,234.269653513813
2020-11-24,1.11393676542136,209.672856581462,233.56230365701
2020-11-25,1.10921449857655,214.281051231604,237.68364879632
2020-11-26,1.07988495874478,218.249218847004,235.684048690678
2020-11-27,1.03801987413472,218.761240474798,227.078515303204
2020-11-28,0.978473362263134,220.16929995123,215.4297951904
2020-11-29,0.914753728651027,221.449354020714,202.571622297809
2020-11-30,0.858296939695625,219.40126750954,188.311436468779
2020-12-01,0.817945893616816,217.993208033107,178.306649347036
2020-12-02,0.792420417481163,216.841159370572,171.829362035528
2020-12-03,0.77659082983215,213.257007976017,165.613436791616
2020-12-04,0.784592884766823,212.23296472043,166.516474032617
2020-12-05,0.819883592621882,206.344716000804,169.178647073281
2020-12-06,0.900008257790536,201.992532164559,181.794946960123
2020-12-07,0.983687306887453,193.92819152681,190.764700452562
2020-12-08,1.0781645714775,189.96002391141,204.808167778301
2020-12-09,1.14713756006626,188.295953621081,216.001360807237
2020-12-10,1.2008306162361,183.943769784836,220.885310423515
2020-12-11,1.21181653926773,181.639672459765,220.113959273916
2020-12-12,1.18337626485288,180.999645425023,214.190684342759
2020-12-13,1.09377899343743,180.615629204178,197.553581110013
2020-12-14,0.993679715768055,181.895683273661,180.746050854808
2020-12-15,0.886336653971552,178.567542693003,158.270958298439
2020-12-16,0.824363409824395,175.62341833319,144.777519982165
2020-12-17,0.805389357535181,173.063310194223,139.383348210237
2020-12-18,0.833849312945917,171.015223683048,142.600926771402
2020-12-19,0.885655204794181,171.911261531687,152.254103538272
2020-12-20,0.944228869001648,173.447326415068,163.773972852259
2020-12-21,0.995920857757401,177.031477809623,176.30934123022
2020-12-22,1.03992147252725,172.807299380326,179.706021235045
2020-12-23,1.08819390680675,170.11918583441,185.122661455929
2020-12-24,1.11111573703755,165.895007405113,184.328553423781
2020-12-25,1.11154441217785,163.078888452248,181.269427203271
2020-12-26,1.08011397820504,162.822877638351,175.867266108752
2020-12-27,1.05494747531171,163.462904673093,172.444778591999
2020-12-28,1.02594652125417,160.646785720229,164.815010960333
2020-12-29,1.01193846034956,158.726704616003,160.621657085478
2020-12-30,0.990158168739676,159.494737057693,157.925016768662
2020-12-31,1.0150258936074,162.694872231403,165.139508072022
2021-01-01,1.02801723343532,163.078888452248,167.647907738388
2021-01-02,1.06908357450166,166.535034439855,178.039869898718
2021-01-03,1.09034355367556,166.663039846803,181.719971132935
2021-01-04,1.13213318640124,171.015223683048,193.612010111411
2021-01-05,1.12826618468302,172.039266938635,194.106087324518
2021-01-06,1.10145448427053,174.471369670655,192.172272500564
2021-01-07,1.02649956127091,178.439537286055,183.16810673752
2021-01-08,0.96198320514795,179.463580541642,172.640950416776
2021-01-09,0.889366653286115,176.519456181829,156.990517984318
2021-01-10,0.837769840685925,170.11918583441,142.520723214113
2021-01-11,0.79122588775618,171.783256124739,135.919359328944
2021-01-12,0.772703216838426,170.759212869152,131.946193088791
2021-01-13,0.76562114395386,168.839131764926,129.266809206039
2021-01-14,0.761170287547696,166.407029032906,126.664086138935
2021-01-15,0.763364249746944,162.310856010558,123.902304824284
2021-01-16,0.767711271574543,157.190639732622,120.677025908747
2021-01-17,0.776209412882285,153.606488338067,119.230802127801
2021-01-18,0.787597512425899,142.214007119661,112.007398239564
2021-01-19,0.815366097337342,138.245839504261,112.720970629713
2021-01-20,0.846200250498425,129.925488052615,109.942980536253
2021-01-21,0.886853239128292,121.861147414867,108.072953308765
2021-01-22,0.922056830297997,117.764974392518,108.58599900849
2021-01-23,0.960040378147517,115.076860846602,110.478433003201
2021-01-24,0.982930418093982,111.876725672892,109.967036740642
2021-01-25,0.994129237244284,106.244487767163,105.62075158538
2021-01-26,0.996374001027509,103.940390442092,103.563502693149
2021-01-27,0.973468404983522,101.124271489228,98.4412832717392
2021-01-28,0.940245486283725,98.8201741641567,92.9152227116199
2021-01-29,0.915815233633466,98.5641633502599,90.2665622865054
2021-01-30,0.911004214054514,97.7961309085696,89.0926873759338
2021-01-31,0.929105360121122,92.4199038167372,85.8678280180091
2021-02-01,0.99299589874783,92.2918984097888,91.6454766085717
2021-02-02,1.02565965307923,93.3159416653759,95.7103963552711
2021-02-03,1.04083702229387,92.675914630634,96.4605230225096
2021-02-04,1.03573034325862,94.980011955705,98.3736803855897
2021-02-05,1.03353514499836,95.2360227696018,98.4297766022476
2021-02-06,1.03032893851662,91.2678551542017,94.0359123217177
2021-02-07,1.02700802642426,89.9878010847178,92.4181939942747
2021-02-08,0.986612546198268,89.4757794569243,88.2779265930708
2021-02-09,0.943818723424145,89.9878010847178,84.9321715435243
2021-02-10,0.910031318775813,90.8838389333565,82.7071397999311
2021-02-11,0.895457882844064,89.9878010847178,80.5802858411142
2021-02-12,0.877261050774399,87.42769294575,76.6969097803702
2021-02-13,0.890130173022338,84.6115739928855,75.3153149979795
2021-02-14,0.96927611711426,86.5316550971113,83.8730666599984
2021-02-15,1.07652363150463,84.8675848067822,91.3619605932245
2021-02-16,1.1507753025305,82.0514658539177,94.4228004411128
2021-02-17,1.20289396941253,84.9955902137306,102.240682894755
2021-02-18,1.24858296813381,84.6115739928855,105.644570194511
2021-02-19,1.27492154184081,82.4354820747628,105.098771909147
2021-02-20,1.24648958647223,85.2516010276274,106.265232911023
2021-02-21,1.14026320330151,84.4835685859371,96.3335045421437
2021-02-22,1.02003049483351,85.8916280623694,87.6120798745145
2021-02-23,0.947472601083565,86.2756442832145,81.7438090991776
2021-02-24,0.913484040173697,82.4354820747628,75.3034972193207
2021-02-25,0.882940394773874,82.5634874817112,72.8986382310099
2021-02-26,0.900159702034832,84.7395793998338,76.2791545431114
2021-02-27,0.934937424312555,85.5076118415242,79.9442663742323
2021-02-28,0.976271183767119,85.763622655421,83.7285534139644
2021-03-01,0.990159497713388,85.763622655421,84.9196655305721
2021-03-02,1.0234151840939,88.4517362013371,90.5228498879165
2021-03-03,1.02682445682341,84.7395793998338,87.0126725886787
2021-03-04,1.04023542290967,83.5875307372983,86.9507103864887
2021-03-05,1.01727123396398,83.5875307372983,85.0311905371337
2021-03-06,1.02499539386205,81.9234604469693,83.9711696073837
2021-03-07,1.04949233174482,82.4354820747628,86.5154063011511
2021-03-08,1.1146065278935,80.2593901566402,89.4576401933424
2021-03-09,1.16671697207117,79.1073414941047,92.2958779366018
2021-03-10,1.21966881974355,83.0755091095048,101.324608145184
2021-03-11,1.25811593152149,85.123595620679,107.095351798769
2021-03-12,1.28357110588708,85.6356172484726,109.919403934944
2021-03-13,1.2641597381692,89.8597956777694,113.597135775947
2021-03-14,1.2103110223313,89.9878010847178,108.913227528191
2021-03-15,1.1468601874519,94.0839741070663,107.901164180649
2021-03-16,1.09672891332062,95.3640281765502,104.588486991945
2021-03-17,1.07824625667321,95.8760498043437,103.377991806148
2021-03-18,1.09303526842508,97.6681255016212,106.754705774239
2021-03-19,1.1704771969566,101.380282303124,118.66330865683
2021-03-20,1.25121697382897,105.220444511576,131.653606166714
2021-03-21,1.34167986289521,107.652547243596,144.435254826108
2021-03-22,1.39574965328719,115.716887881344,161.511806139859
2021-03-23,1.43178568932323,125.189287995525,179.244231008557
2021-03-24,1.43059127906007,125.317293402473,179.277827056991
2021-03-25,1.40776990207403,135.301715144448,190.473682279348
2021-03-26,1.32194144481701,140.037915201538,185.121923950683
2021-03-27,1.25956738244294,142.854034154403,179.934281871276
2021-03-28,1.19790372964005,152.58244508248,182.779080041901
2021-03-29,1.16599146536012,156.806623511777,182.83518472667
2021-03-30,1.15137422605934,161.286812754971,185.701479209332
2021-03-31,1.18421252510924,173.959348042861,206.004838812194
2021-04-01,1.26180469100786,182.7917211223,230.647451189519
2021-04-02,1.35660988581305,187.783931993287,254.74953853894
2021-04-03,1.41575331230342,198.152369956107,280.534874106131
2021-04-04,1.40879779507326,210.568894430101,296.64899418414
2021-04-05,1.33107555149173,231.049759541843,307.544686104191
2021-04-06,1.22105510963309,243.082267794992,296.816845152275
2021-04-07,1.10431969631383,253.834721978656,280.314683089375
2021-04-08,0.933354087848221,247.050435410392,230.585533794972
2021-04-09,0.746826329891892,247.17844081734,184.599367784014
2021-04-10,0.549754187965213,247.306446224289,135.957754522596
2021-04-11,0.429636353762536,242.954262388043,104.381983423465
2021-04-12,0.365851466220901,237.066013668417,86.7309486917347
2021-04-13,0.346847846421603,226.057548670856,78.4075739238331
2021-04-14,0.333792727281662,207.368759256391,69.2181837052052
