"fecha","rho7dpromedio","incidenciaAcum14d","riesgopor10"
2020-01-01,1.25,0.050242722592846,0.0628034032410575
2020-01-02,1,0.100485445185692,0.100485445185692
2020-01-03,0.833333333333333,0.100485445185692,0.0837378709880767
2020-01-04,0.714285714285714,0.100485445185692,0.0717753179897801
2020-01-05,0.571428571428571,0.100485445185692,0.057420254391824
2020-01-06,0.428571428571429,0.100485445185692,0.043065190793868
2020-01-07,0.428571428571429,0.100485445185692,0.043065190793868
2020-01-08,0.428571428571429,0.100485445185692,0.043065190793868
2020-01-09,0.428571428571429,0.150728167778538,0.064597786190802
2020-01-10,0.428571428571429,0.150728167778538,0.064597786190802
2020-01-11,0.428571428571429,0.150728167778538,0.064597786190802
2020-01-12,0.285714285714286,0.150728167778538,0.043065190793868
2020-01-13,0.142857142857143,0.150728167778538,0.021532595396934
2020-01-14,0,0.150728167778538,0
2020-01-15,0,0.100485445185692,0
2020-01-16,0.142857142857143,0.050242722592846,0.00717753179897801
2020-01-17,0.285714285714286,0.050242722592846,0.014355063597956
2020-01-18,0.428571428571429,0.050242722592846,0.021532595396934
2020-01-19,0.428571428571429,0.050242722592846,0.021532595396934
2020-01-20,0.428571428571429,0.100485445185692,0.043065190793868
2020-01-21,0.571428571428571,0.100485445185692,0.057420254391824
2020-01-22,0.714285714285714,0.100485445185692,0.0717753179897801
2020-01-23,0.714285714285714,0.050242722592846,0.03588765899489
2020-01-24,0.571428571428571,0.050242722592846,0.028710127195912
2020-01-25,0.428571428571429,0.100485445185692,0.043065190793868
2020-01-26,0.428571428571429,0.100485445185692,0.043065190793868
2020-01-27,0.428571428571429,0.100485445185692,0.043065190793868
2020-01-28,0.285714285714286,0.100485445185692,0.028710127195912
2020-01-29,0.142857142857143,0.100485445185692,0.014355063597956
2020-01-30,0,0.100485445185692,0
2020-01-31,0,0.100485445185692,0
2020-02-01,0,0.100485445185692,0
2020-02-02,0,0.100485445185692,0
2020-02-03,0,0.050242722592846,0
2020-02-04,0,0.050242722592846,0
2020-02-05,0,0.050242722592846,0
2020-02-06,0,0.050242722592846,0
2020-02-07,0.142857142857143,0.050242722592846,0.00717753179897801
2020-02-08,0.285714285714286,0,0
2020-02-09,0.428571428571429,0,0
2020-02-10,0.428571428571429,0,0
2020-02-11,0.428571428571429,0.050242722592846,0.021532595396934
2020-02-12,0.428571428571429,0.050242722592846,0.021532595396934
2020-02-13,0.428571428571429,0.050242722592846,0.021532595396934
2020-02-14,0.285714285714286,0.050242722592846,0.014355063597956
2020-02-15,0.142857142857143,0.050242722592846,0.00717753179897801
2020-02-16,0,0.050242722592846,0
2020-02-17,0,0.050242722592846,0
2020-02-18,0,0.050242722592846,0
2020-02-19,0,0.050242722592846,0
2020-02-20,0,0.050242722592846,0
2020-02-21,0,0.050242722592846,0
2020-02-22,0,0.050242722592846,0
2020-02-23,0,0.050242722592846,0
2020-02-24,0,0.050242722592846,0
2020-02-25,0,0,0
2020-02-26,0,0,0
2020-02-27,0,0,0
2020-02-28,0,0,0
2020-02-29,0.142857142857143,0,0
2020-03-01,0.285714285714286,0,0
2020-03-02,0.428571428571429,0,0
2020-03-03,0.571428571428571,0,0
2020-03-04,0.714285714285714,0.050242722592846,0.03588765899489
2020-03-05,0.857142857142857,0.050242722592846,0.043065190793868
2020-03-06,1,0.050242722592846,0.050242722592846
2020-03-07,1,0.100485445185692,0.100485445185692
2020-03-08,1,0.100485445185692,0.100485445185692
2020-03-09,0.857142857142857,0.100485445185692,0.0861303815877361
2020-03-10,1,0.150728167778538,0.150728167778538
2020-03-11,1.42857142857143,0.150728167778538,0.21532595396934
2020-03-12,1.85714285714286,0.150728167778538,0.279923740160142
2020-03-13,2.28571428571429,0.150728167778538,0.344521526350944
2020-03-14,2.71428571428571,0.25121361296423,0.681865520902911
2020-03-15,2.71428571428571,0.351699058149922,0.954611729264075
2020-03-16,2.82142857142857,0.602912671114152,1.70107503635779
2020-03-17,2.63095238095238,0.653155393706998,1.71842073820532
2020-03-18,2.20238095238095,0.653155393706998,1.43849699804518
2020-03-19,1.83503401360544,0.653155393706998,1.1985623636222
2020-03-20,1.83503401360544,0.753640838892691,1.38295657341023
2020-03-21,1.73979591836735,0.904369006671229,1.57341750650454
2020-03-22,1.90646258503401,1.00485445185692,1.91571741587008
2020-03-23,2.03146258503401,1.2058253422283,2.44958906682264
2020-03-24,2.09336734693878,1.306310787414,2.73458834732634
2020-03-25,2.04574829931973,1.45703895519254,2.98073496462772
2020-03-26,1.91309523809524,1.80873801334246,3.4602880802873
2020-03-27,1.39661172161172,1.959466181121,2.73661343665534
2020-03-28,1.00833333333333,1.90922345852815,1.92513365401588
2020-03-29,0.841666666666667,1.90922345852815,1.60692974426119
2020-03-30,0.871428571428571,1.75849529074961,1.5324030390818
2020-03-31,1,1.75849529074961,1.75849529074961
2020-04-01,1.21904761904762,1.959466181121,2.38868258269988
2020-04-02,1.39761904761905,2.21067979408523,3.08968818840006
2020-04-03,1.56345321345321,2.16043707149238,3.37774228188821
2020-04-04,1.72229437229437,2.16043707149238,3.72090860992746
2020-04-05,1.8508658008658,2.36140796186376,4.37064923850585
2020-04-06,1.77077922077922,2.36140796186376,4.18153215065096
2020-04-07,1.59730983302412,2.56237885223515,4.09291293660826
2020-04-08,1.35865437083924,2.81359246519938,3.8226997006035
2020-04-09,1.19887993474902,2.66286429742084,3.19245457513739
2020-04-10,1.05328868389461,2.61262157482799,2.75184474006524
2020-04-11,0.898372171835241,2.81359246519938,2.52765317362044
2020-04-12,0.704865678328748,2.81359246519938,1.98320476152341
2020-04-13,0.634158607621677,2.96432063297792,1.87984944515348
2020-04-14,0.62905656680535,3.06480607816361,1.92793638945377
2020-04-15,0.65342631470451,2.86383518779222,1.87130527268017
2020-04-16,0.626692814286799,2.71310702001369,1.70028467383365
2020-04-17,0.575314368171511,2.86383518779222,1.64760553161202
2020-04-18,0.544702123273552,2.81359246519938,1.53256978982057
2020-04-19,0.514399092970522,2.5121361296423,1.29224054650648
2020-04-20,0.484920634920635,2.36140796186376,1.14509544817362
2020-04-21,0.449206349206349,2.00970890371384,0.902773999604789
2020-04-22,0.920634920634921,1.70825256815677,1.5726769675094
2020-04-23,1.0952380952381,1.55752440037823,1.70586005755711
2020-04-24,1.30952380952381,1.50728167778538,1.97382124471895
2020-04-25,1.39115646258503,1.25606806482115,1.74738720582262
2020-04-26,1.5578231292517,1.306310787414,2.03500115862453
2020-04-27,1.6547619047619,1.15558261963546,1.91221409677772
2020-04-28,1.7547619047619,1.00485445185692,1.76328031194893
2020-04-29,1.32619047619048,1.05509717444977,1.39925982421076
2020-04-30,1.33809523809524,1.00485445185692,1.34459095700855
2020-05-01,1.38571428571429,0.904369006671229,1.25319705210156
2020-05-02,1.41428571428571,0.904369006671229,1.27903616657788
2020-05-03,1.2952380952381,0.904369006671229,1.17137318959321
2020-05-04,1.20238095238095,1.05509717444977,1.26862874546936
2020-05-05,1.13299319727891,1.15558261963546,1.30926724694072
2020-05-06,1.13299319727891,1.05509717444977,1.19541792111979
2020-05-07,1.00204081632653,1.10533989704261,1.10759569275086
2020-05-08,0.823469387755102,1.10533989704261,0.910213568278968
2020-05-09,0.747278911564626,1.2058253422283,0.90108784927741
2020-05-10,0.737755102040816,1.2058253422283,0.889603798399045
2020-05-11,0.747278911564626,1.10533989704261,0.825997195170959
2020-05-12,0.702380952380952,1.10533989704261,0.776369689589454
2020-05-13,0.702380952380952,1.10533989704261,0.776369689589454
2020-05-14,0.726190476190476,1.10533989704261,0.802687306185707
2020-05-15,0.761904761904762,1.05509717444977,0.803883561485537
2020-05-16,0.773809523809524,0.904369006671229,0.699809350400356
2020-05-17,0.973809523809524,1.00485445185692,0.978536835260668
2020-05-18,1.02142857142857,0.803883561485537,0.821109637803084
2020-05-19,1.17857142857143,0.753640838892691,0.888219560123528
2020-05-20,1.17857142857143,0.854126284078383,1.00664883480667
2020-05-21,1.27380952380952,0.803883561485537,1.0239945366542
2020-05-22,1.30952380952381,0.753640838892691,0.986910622359476
2020-05-23,1.48809523809524,0.753640838892691,1.12148934359031
2020-05-24,1.58333333333333,0.653155393706998,1.03416270670275
2020-05-25,1.91666666666667,0.753640838892691,1.44447827454432
2020-05-26,2.01666666666667,0.854126284078383,1.72248800622474
2020-05-27,2.13095238095238,0.854126284078383,1.82010243869084
2020-05-28,2.03571428571429,1.00485445185692,2.04559656270873
2020-05-29,1.94642857142857,1.15558261963546,2.24925902750473
2020-05-30,1.71785714285714,1.306310787414,2.24405531695047
2020-05-31,1.41482683982684,1.306310787414,1.84820356318866
2020-06-01,1.03387445887446,1.35655351000684,1.40250602609257
2020-06-02,0.862445887445887,1.40679623259969,1.21328562527997
2020-06-03,0.776731601731602,1.35655351000684,1.05367798066224
2020-06-04,0.95530303030303,1.45703895519254,1.39191372916499
2020-06-05,1.10411255411255,1.55752440037823,1.71968224379423
2020-06-06,1.30887445887446,1.50728167778538,1.97284249038273
2020-06-07,1.4452380952381,1.60776712297107,2.32360629438915
2020-06-08,1.56428571428571,1.75849529074961,2.75078906195832
2020-06-09,1.51666666666667,1.75849529074961,2.66705119097024
2020-06-10,1.4452380952381,1.8589807359353,2.68666977788745
2020-06-11,1.29264069264069,1.80873801334246,2.33804835837254
2020-06-12,1.32438672438672,1.70825256815677,2.26238702316635
2020-06-13,1.36406926406926,1.60776712297107,2.19310571622591
2020-06-14,1.64978354978355,1.70825256815677,2.81824698582053
2020-06-15,1.86406926406926,2.05995162630669,3.83989251206779
2020-06-16,2.06553446553447,2.21067979408523,4.56623530694367
2020-06-17,2.17561849914791,2.46189340704946,5.35614083930707
2020-06-18,2.20979484911373,2.81359246519938,6.2174621371028
2020-06-19,2.06920527995274,2.96432063297792,6.13378790523074
2020-06-20,1.92408056339945,3.51699058149922,6.76697321952158
2020-06-21,1.55635569567458,3.76820419446345,5.86466606051804
2020-06-22,1.2706414099603,3.86868963964915,4.91571725842258
2020-06-23,1.0797582190771,3.96917508483484,4.28574942080648
2020-06-24,1.02005012531328,4.3711168655776,4.45875830649144
2020-06-25,0.997166830118775,4.67257320113468,4.65933500747341
2020-06-26,1.03362941515279,4.77305864632037,4.93357381708609
2020-06-27,1.1057382586902,5.07451498187745,5.61108535975852
2020-06-28,1.22346312641507,5.32572859484168,6.51583255708315
2020-06-29,1.4020345549865,5.57694220780591,7.81906568650659
2020-06-30,1.5129632176393,5.6774276529916,8.58973920978452
2020-07-01,1.64337545512958,6.38082576929145,10.4860924527119
2020-07-02,1.70253694581281,6.28034032410575,10.692511434068
2020-07-03,1.81845531315975,6.88325299521991,12.5168879809804
2020-07-04,1.84067753538197,7.23495205336983,13.3172137142035
2020-07-05,1.86989831460275,7.88810744707683,14.7499588206943
2020-07-06,1.77152738728445,8.89296189893375,15.7541255580383
2020-07-07,1.73175090026144,9.74708818301213,16.8795287358589
2020-07-08,1.62280537302506,10.7016999122762,17.3667761181436
2020-07-09,1.57158475819685,11.9577679770974,18.7926458948606
2020-07-10,1.51918798553429,12.9626224289543,19.6926602550847
2020-07-11,1.53163671034257,13.8669914356255,21.23919314481
2020-07-12,1.54157255762781,15.1230595004467,23.3132935132612
2020-07-13,1.62660441437812,16.7308266234177,27.2144364418463
2020-07-14,1.68040136369746,19.3434481982457,32.5047567309433
2020-07-15,1.68350695375957,21.3531571019596,35.9481884658695
2020-07-16,1.6513651992498,23.4131087282663,38.6635929601107
2020-07-17,1.5981497270144,26.0759730256871,41.6733091726366
2020-07-18,1.52006297790888,27.5832547034725,41.9282842849795
2020-07-19,1.42818526296748,29.040293658665,41.4749194355534
2020-07-20,1.31451672575863,31.7031579560858,41.6743313926426
2020-07-21,1.29204757479786,34.5167504212852,44.5972836717246
2020-07-22,1.32413867210635,36.7274302153705,48.6322106752592
2020-07-23,1.37942222371034,39.0385954546414,53.8507061525696
2020-07-24,1.4133771850052,41.6009743068765,58.7978679593268
2020-07-25,1.42635820447152,45.670634836897,65.1426847030311
2020-07-26,1.39437759613624,49.941266257289,69.6369827918383
2020-07-27,1.36614710867498,53.6089850065667,73.2377598657214
2020-07-28,1.30861754115307,55.8699075232448,73.1123410075178
2020-07-29,1.25909810313433,57.7288882591801,72.6863337031873
2020-07-30,1.21179626703939,60.3415098340081,73.1216163643716
2020-07-31,1.18488617667303,64.4111703640286,76.3199053876691
2020-08-01,1.1627626293595,67.4759764421922,78.4585437865231
2020-08-02,1.17623307119725,70.7417534107272,83.2087898761782
2020-08-03,1.20229183512835,73.8065594888908,88.7370238524086
2020-08-04,1.25526839544134,76.5196665089045,96.0527189983389
2020-08-05,1.29191608550238,80.6898124841107,104.244466684394
2020-08-06,1.30242962969676,84.9102011819098,110.589561882832
2020-08-07,1.29785693969361,90.38665794453,117.308951269021
2020-08-08,1.28926337802916,93.8031630808435,120.936982903428
2020-08-09,1.28044537187833,96.265056487893,123.262146053528
2020-08-10,1.2617431170908,99.530833456428,125.582344051959
2020-08-11,1.23268992204229,105.107775664234,129.565295789583
2020-08-12,1.21469598219775,110.031562478333,133.654896857372
2020-08-13,1.22143854353069,115.558261963546,141.147315185691
2020-08-14,1.24929516079128,119.678165216159,149.513352656927
2020-08-15,1.29336679304417,124.09952480433,160.506204414482
2020-08-16,1.34704756280615,131.736418638442,177.455221659725
2020-08-17,1.37775763846268,139.071856136998,191.607312087932
2020-08-18,1.39493306182351,149.723313326681,208.853999885149
2020-08-19,1.3842316211021,157.661663496351,218.240260047208
2020-08-20,1.37552590664322,166.805839008249,229.445752935205
2020-08-21,1.34472751763588,174.442732842361,234.577943104727
2020-08-22,1.32647997851561,182.18011212166,241.65827121311
2020-08-23,1.30058538638617,192.580355698379,250.467196326361
2020-08-24,1.29789576661653,205.442492682147,266.642941535308
2020-08-25,1.28591137938994,215.792493536274,277.490023025225
2020-08-26,1.29198341566793,230.614096701163,297.949588357143
2020-08-27,1.290533255148,244.481088136789,315.510974495296
2020-08-28,1.30842204540884,257.343225120557,336.713548984347
2020-08-29,1.31065687952845,270.607303885069,354.673324487612
2020-08-30,1.31985419703489,283.921625372173,374.73514887643
2020-08-31,1.312680359513,300.752937440776,394.792474044349
2020-09-01,1.31481454059436,320.649055587543,421.59404071435
2020-09-02,1.29563615454634,337.17891132059,436.86118805753
2020-09-03,1.27624744237597,354.914592395864,452.958840807133
2020-09-04,1.23046574575332,371.896632632246,457.606067414984
2020-09-05,1.1835785316933,389.883527320485,461.457772797386
2020-09-06,1.11235511426195,404.152460536854,449.56105641972
2020-09-07,1.05289393821448,421.486199831385,443.780264843523
2020-09-08,1.00011056779866,436.006346660718,436.054554922671
2020-09-09,0.975274401405696,441.784259758895,430.860879486815
2020-09-10,0.952154385559951,449.521639038193,428.014000014313
2020-09-11,0.94457827417091,458.163387324163,432.771181686956
2020-09-12,0.935847687714061,466.302708384204,436.388311416161
2020-09-13,0.936318446524091,471.578194256453,441.547362260838
2020-09-14,0.933317043103208,471.829407869417,440.366427801822
2020-09-15,0.937480229164028,467.558776449025,438.327108893085
2020-09-16,0.947593914895847,464.594455816047,440.246879225634
2020-09-17,0.966468994725552,459.419455388984,444.014659207152
2020-09-18,0.986206678483446,455.349794858964,449.069008735977
2020-09-19,1.00441442522609,449.722609928565,451.707876762578
2020-09-20,1.02705304264527,450.827949825608,463.024217577921
2020-09-21,1.04223086195198,445.150522172616,463.949612422337
2020-09-22,1.04746123502945,444.748580391873,465.856897294866
2020-09-23,1.03626103358625,444.045182275573,460.146719543879
2020-09-24,1.01814455515491,445.351493062987,453.43219779219
2020-09-25,0.991779882301642,444.547609501502,440.893375828876
2020-09-26,0.967785490305948,441.181347087781,426.968906305187
2020-09-27,0.950675914283858,440.126249913331,418.417425036682
2020-09-28,0.953967825107594,438.970667293696,418.763892764196
2020-09-29,0.97941925550225,436.810230222203,427.820350479997
2020-09-30,1.00784851347336,436.056589383311,439.478985400235
2020-10-01,1.03832779157502,439.875036300367,456.734475010741
2020-10-02,1.05990457300419,443.793968662609,470.379256857176
2020-10-03,1.08204790040962,450.024066264122,486.947596034895
2020-10-04,1.08613416185958,446.758289295587,485.239440097881
2020-10-05,1.08470785873988,447.361201966701,485.256211468599
2020-10-06,1.07235473624321,447.913871915222,480.322561977322
2020-10-07,1.0687887482281,453.239600510064,484.417385276555
2020-10-08,1.06938465861583,453.541056845621,485.009848243119
2020-10-09,1.07833358928894,456.304406588228,492.048368564643
2020-10-10,1.09527014265728,465.900766603461,510.287199101907
2020-10-11,1.11273857049877,469.267029017182,522.171523050784
2020-10-12,1.12639735650341,485.043243911336,546.351427731568
2020-10-13,1.11941220870935,494.036691255455,553.030703741728
2020-10-14,1.10893147715793,505.59251745181,560.667457217831
2020-10-15,1.08399940475699,513.681595789258,556.830544070177
2020-10-16,1.05957569498323,519.760965222992,550.726085951306
2020-10-17,1.01449858292881,522.624800410785,530.202119420191
2020-10-18,0.971881536110079,532.371888593797,517.402408868363
2020-10-19,0.925134110125273,538.903442530867,498.557956749239
2020-10-20,0.893872382620204,540.511209653838,483.148042806204
2020-10-21,0.863869543587409,536.49179184641,463.458919360749
2020-10-22,0.846763545541621,535.235723781589,453.218099169834
2020-10-23,0.831016256527006,532.572859484168,442.576704016416
2020-10-24,0.825847419131368,524.83548020487,433.434026795764
2020-10-25,0.820755387612567,520.464363339292,427.173930271068
2020-10-26,0.819886296158417,505.039847503288,414.075249981883
2020-10-27,0.811267958114412,492.227953242113,399.328766553565
2020-10-28,0.805824776598469,477.054651019073,384.422457582705
2020-10-29,0.79495759186691,460.022368060098,365.698273917969
2020-10-30,0.792221366486705,444.648094946687,352.259721384375
2020-10-31,0.786091162276901,423.897850515842,333.222353998678
2020-11-01,0.786160609875599,406.162169440567,319.308698835793
2020-11-02,0.780871516527604,387.32114846825,302.448052587616
2020-11-03,0.781448565669247,369.987409173718,289.126130214483
2020-11-04,0.781088175756618,357.627699415878,279.338767336785
2020-11-05,0.789224935555306,340.092989230975,268.409867508627
2020-11-06,0.792851236591941,323.512890775336,256.497595504658
2020-11-07,0.801417245534036,308.59080216526,247.309990668422
2020-11-08,0.805021737573357,295.628179736306,237.98711092697
2020-11-09,0.812641049889723,282.163130081423,229.297342269538
2020-11-10,0.814709656592538,267.994682310241,218.337855593602
2020-11-11,0.817368540621871,256.489098836479,209.646120401392
2020-11-12,0.809691869531656,243.677204575303,197.303451334825
2020-11-13,0.80160269376274,232.975504663027,186.753792118616
2020-11-14,0.782031683119814,227.046863397071,177.557840729486
2020-11-15,0.762374497063336,214.48618274886,163.518795700197
2020-11-16,0.742024311534579,203.683997391398,151.138477934963
2020-11-17,0.732375604863302,193.233511092086,141.519509565926
2020-11-18,0.726672611037447,182.833267515367,132.8599278899
2020-11-19,0.724634944985613,175.698800907183,127.317490929414
2020-11-20,0.735844070160755,167.659965292327,123.371591263717
2020-11-21,0.7570886604109,159.470401509693,120.733232654162
2020-11-22,0.793357515779134,150.175497830017,119.142859889317
2020-11-23,0.822165138336756,140.076710588855,115.166188139044
2020-11-24,0.855507942321762,135.605108278091,116.01124715131
2020-11-25,0.871179805922508,128.018457166572,111.527094668873
2020-11-26,0.891718840189064,123.195155797658,109.855441444799
2020-11-27,0.886971055233718,115.960203744289,102.853344280189
2020-11-28,0.879062234073819,110.835446039818,97.4312548103309
2020-11-29,0.842567750493585,106.816028232391,89.9997406244247
2020-11-30,0.809733896231159,101.992726863477,82.586968110404
2020-12-01,0.775416263509271,98.0235517786426,76.0090562561026
2020-12-02,0.755861847737513,94.1046194164006,71.130091512716
2020-12-03,0.748230770766847,89.9847161637873,67.3293335324665
2020-12-04,0.765930643972015,86.3672401371023,66.1513158562964
2020-12-05,0.82510319952658,84.4077739559814,69.6451243559966
2020-12-06,0.894943521442149,80.3381134259608,71.8980741354481
2020-12-07,0.972607920535119,78.4288899674327,76.2805595811024
2020-12-08,1.01120049111128,74.9118993859335,75.7509494491348
2020-12-09,1.05437768932935,74.409472160005,78.4556873202827
2020-12-10,1.05149005718771,72.1987923659198,75.9163123137244
2020-12-11,1.03607319773836,70.3900543525773,72.929248702052
2020-12-12,0.976444241220986,67.5262191647851,65.9355878348806
2020-12-13,0.949001980269913,66.6218501581138,63.2242677292955
2020-12-14,0.920154111534404,64.0092285832859,58.898354857056
2020-12-15,0.940156101571516,62.4014614603148,58.6671147388948
2020-12-16,0.948751489412187,62.8034032410576,59.5848223651075
2020-12-17,0.985455072474076,63.0546168540218,62.1374920217051
2020-12-18,0.997915420851838,63.3560731895789,63.2240024404984
2020-12-19,1.01457328189007,63.6072868025431,64.5342537233788
2020-12-20,1.01515786249963,64.3609276414358,65.3365017329733
2020-12-21,1.01931120114493,63.1551022992075,64.3747031830358
2020-12-22,1.02381074023225,62.4014614603148,63.8872864492594
2020-12-23,1.05687234039003,61.5473351762364,65.0476761724789
2020-12-24,1.10464240299675,61.5473351762364,67.9877962271242
2020-12-25,1.14354685366591,61.5473351762364,70.3822614923061
2020-12-26,1.17624492890982,63.6575295251359,74.8768462908685
2020-12-27,1.18776108802746,63.958985860693,75.9679946350296
2020-12-28,1.21052818047595,66.7223356032995,80.7692675149678
2020-12-29,1.2141047771003,67.1242773840423,81.4959058313713
2020-12-30,1.20440292644621,68.1793745584921,82.1154382415198
2020-12-31,1.18327443783436,70.0885980170202,82.9340464171878
2021-01-01,1.18357349465515,72.5002487014768,85.8093727189747
2021-01-02,1.16879125281703,74.8114139407478,87.4389262248198
2021-01-03,1.1556753364753,76.4694237863117,88.3738270643184
2021-01-04,1.12806132790892,80.1371425355894,90.399611423523
2021-01-05,1.09918052792131,82.4985504974532,90.6808002885337
2021-01-06,1.06881269216426,83.9053467300529,89.6790995255232
2021-01-07,1.03317290835915,86.5179683048809,89.3880209388784
2021-01-08,1.00512872606023,88.3267063182233,88.7797097987319
2021-01-09,0.982617205322903,88.7286480989661,87.1862962270854
2021-01-10,0.965575937077061,90.7383570026799,87.6147740916956
2021-01-11,0.947289480194113,90.7885997252728,86.0030854413051
2021-01-12,0.937659616904842,92.7480659063938,86.9661159464543
2021-01-13,0.924202059969024,92.346124125651,85.3464781470819
2021-01-14,0.9305117451891,91.7934541771297,85.4148872432967
2021-01-15,0.938596608901698,91.2910269512012,85.685448319551
2021-01-16,0.950322972916692,89.733502550823,85.2758089143257
2021-01-17,0.952804129828229,90.2861724993443,86.0250380237591
2021-01-18,0.94047330276056,89.5325316604516,84.2029557552193
2021-01-19,0.921827580756047,88.5779199311876,81.6535696385695
2021-01-20,0.897291216719221,87.4223373115521,78.4432954147207
2021-01-21,0.868544486505709,85.161414794874,73.9664772831135
2021-01-22,0.854803143901887,83.0512204459745,70.9924443421077
2021-01-23,0.867042297128273,81.9458805489319,71.050544511345
2021-01-24,0.901711331797307,78.981559915954,71.2185675792437
2021-01-25,0.954278619581987,77.4742782381686,73.9320472902303
2021-01-26,1.00551527803847,76.7708801218688,77.1942928709991
2021-01-27,1.04075311265374,76.368938341126,79.4812102885887
2021-01-28,1.06611375417262,76.4694237863117,81.5251044722415
2021-01-29,1.06432195751005,75.3640838892691,80.2116492909786
2021-01-30,1.05385984162922,74.8114139407478,78.8407448476542
2021-01-31,1.01310996650434,72.9524332048125,73.9088371605378
2021-02-01,0.956858057330123,72.2490350885126,69.1320713587701
2021-02-02,0.886622766812117,71.9475787529555,63.7903613393781
2021-02-03,0.813695915417586,71.7466078625841,58.379921762852
2021-02-04,0.720208983329524,70.1890834622059,50.5508084411465
2021-02-05,0.611077921821359,68.8325299521991,42.0620393568962
2021-02-06,0.487536926475852,67.2750055518209,32.7990494353806
2021-02-07,0.371073456570123,63.8585004155073,23.696194480567
2021-02-08,0.265234268435853,60.1907816662296,15.9646579418246
2021-02-09,0.179044744726591,54.7143249036093,9.79631233525448
2021-02-10,0.116554380370766,49.7402953669176,5.79744930594994
2021-02-11,0.0678735015012075,44.2638386042974,3.00434171595798
2021-02-12,0.0926212444645638,38.9381100094557,3.60649620617387
2021-02-13,0.214801695592383,33.7128668597997,7.24158096476524
2021-02-14,0.354033022640969,29.040293658665,10.2812229423585
2021-02-15,0.353080641688588,22.8101960571521,8.05383866090177
2021-02-16,0.351869987935562,17.7859237978675,6.25833279217846
2021-02-17,0.347186147186147,13.1133505967328,4.55277367038083
2021-02-18,0.485714285714286,9.34514640226936,4.53907110967369
2021-02-19,0.714285714285714,6.3305830466986,4.52184503335614
2021-02-20,1,3.21553424594215,3.21553424594215
2021-02-21,1.14285714285714,1.80873801334246,2.06712915810567
2021-02-22,1.28571428571429,0.452184503335614,0.581380075717219
2021-02-23,1.42857142857143,0.25121361296423,0.3588765899489
2021-02-24,1.57142857142857,0.301456335557076,0.473717098732548
2021-02-25,1.52380952380952,0.301456335557076,0.459362035134592
2021-02-26,1.30952380952381,0.25121361296423,0.328970207453159
2021-02-27,1.16666666666667,0.301456335557076,0.351699058149922
2021-02-28,1.16666666666667,0.301456335557076,0.351699058149922
2021-03-01,1.16666666666667,0.301456335557076,0.351699058149922
2021-03-02,1.02380952380952,0.25121361296423,0.257194889463378
2021-03-03,0.880952380952381,0.351699058149922,0.309830122655884
2021-03-04,0.785714285714286,0.351699058149922,0.276334974260653
2021-03-05,0.714285714285714,0.351699058149922,0.25121361296423
2021-03-06,0.428571428571429,0.351699058149922,0.150728167778538
2021-03-07,0.142857142857143,0.351699058149922,0.050242722592846
2021-03-08,0,0.301456335557076,0
2021-03-09,0.142857142857143,0.25121361296423,0.03588765899489
2021-03-10,0.428571428571429,0.200970890371384,0.0861303815877361
2021-03-11,1,0.200970890371384,0.200970890371384
2021-03-12,1.42857142857143,0.200970890371384,0.28710127195912
2021-03-13,1.71428571428571,0.200970890371384,0.344521526350944
2021-03-14,1.71428571428571,0.200970890371384,0.344521526350944
2021-03-15,1.71428571428571,0.301456335557076,0.516782289526416
2021-03-16,1.60714285714286,0.301456335557076,0.484483396431015
2021-03-17,1.36904761904762,0.200970890371384,0.275138718960824
2021-03-18,0.94047619047619,0.200970890371384,0.189008337373087
2021-03-19,0.797619047619048,0.200970890371384,0.160298210177175
2021-03-20,0.797619047619048,0.25121361296423,0.200372762721469
2021-03-21,0.94047619047619,0.25121361296423,0.236260421716359
2021-03-22,0.94047619047619,0.301456335557076,0.283512506059631
2021-03-23,0.976190476190476,0.351699058149922,0.343325271051115
2021-03-24,1,0.351699058149922,0.351699058149922
2021-03-25,1.07142857142857,0.351699058149922,0.376820419446345
2021-03-26,1.07142857142857,0.351699058149922,0.376820419446345
2021-03-27,1.07142857142857,0.351699058149922,0.376820419446345
2021-03-28,1.21428571428571,0.301456335557076,0.366054121747878
2021-03-29,1.64285714285714,0.301456335557076,0.495249694129482
2021-03-30,1.80952380952381,0.301456335557076,0.545492416722328
2021-03-31,2.02380952380952,0.301456335557076,0.61009020291313
2021-04-01,2.02380952380952,0.401941780742768,0.813453603884174
2021-04-02,1.88095238095238,0.452184503335614,0.850537518178894
2021-04-03,1.64285714285714,0.50242722592846,0.82541615688247
2021-04-04,1.41428571428571,0.552669948521306,0.781633212908705
2021-04-05,1.2,0.50242722592846,0.602912671114152
2021-04-06,1.39047619047619,0.50242722592846,0.698613095100526
2021-04-07,1.67619047619048,0.50242722592846,0.842163731080086
2021-04-08,2.03333333333333,0.552669948521306,1.12376222865999
2021-04-09,2.1047619047619,0.803883561485537,1.69198349607908
2021-04-10,2.12857142857143,0.904369006671229,1.9250140284859
2021-04-11,2.11904761904762,0.904369006671229,1.91640099032713
2021-04-12,1.94047619047619,0.904369006671229,1.75490652485012
2021-04-13,1.59761904761905,0.954611729264075,1.52510588175284
2021-04-14,1.12142857142857,0.954611729264075,1.07052886781757
2021-04-15,0.692857142857143,0.954611729264075,0.661409555275823
2021-04-16,0.621428571428571,0.904369006671229,0.562000739859978
2021-04-17,0.692857142857143,0.854126284078383,0.591787496825737
2021-04-18,0.692857142857143,0.854126284078383,0.591787496825737
2021-04-19,0.8,0.904369006671229,0.723495205336983
2021-04-20,0.80952380952381,0.904369006671229,0.732108243495757
2021-04-21,0.80952380952381,0.904369006671229,0.732108243495757
2021-04-22,0.666666666666667,0.854126284078383,0.569417522718922
2021-04-23,0.666666666666667,0.703398116299845,0.46893207753323
2021-04-24,0.666666666666667,0.552669948521306,0.368446632347538
2021-04-25,0.833333333333333,0.552669948521306,0.460558290434422
2021-04-26,0.904761904761905,0.452184503335614,0.409119312541746
2021-04-27,1.0952380952381,0.452184503335614,0.495249694129482
2021-04-28,1.28571428571429,0.50242722592846,0.645977861908021
2021-04-29,1.42857142857143,0.452184503335614,0.645977861908021
2021-04-30,1.38095238095238,0.50242722592846,0.693828073901207
2021-05-01,1.33333333333333,0.452184503335614,0.602912671114152
2021-05-02,1.23894557823085,0.452184503335614,0.560231990952171
2021-05-03,1.19543650793599,0.452184503335614,0.540557863610296
2021-05-04,1.03452380952319,0.401941780742768,0.415818342220542
2021-05-05,0.793154761903982,0.452184503335614,0.35865229207983
