"fecha","rho7dpromedio","incidenciaAcum14d","riesgopor10"
2020-01-01,3.25,0.0721521024040359,0.234494332813117
2020-01-02,2.6,0.36076051202018,0.937977331252467
2020-01-03,2.16666666666667,0.432912614424215,0.937977331252467
2020-01-04,1.85714285714286,0.432912614424215,0.803980569644971
2020-01-05,1.31428571428571,0.432912614424215,0.568970864671826
2020-01-06,1.02857142857143,0.432912614424215,0.445281546264907
2020-01-07,0.742857142857143,0.432912614424215,0.321592227857989
2020-01-08,0.885714285714286,0.432912614424215,0.383436887061448
2020-01-09,1.02857142857143,0.505064716828251,0.519495137309058
2020-01-10,1.17142857142857,0.577216819232287,0.676168273957822
2020-01-11,1.24285714285714,0.577216819232287,0.717398046760128
2020-01-12,1.35714285714286,0.649368921636323,0.881286393649296
2020-01-13,1.21428571428571,0.649368921636323,0.788519404844107
2020-01-14,1.07142857142857,0.649368921636323,0.695752416038918
2020-01-15,0.785714285714286,0.649368921636323,0.51021843842854
2020-01-16,0.642857142857143,0.432912614424215,0.278300966415567
2020-01-17,0.571428571428571,0.36076051202018,0.206148864011531
2020-01-18,0.571428571428571,0.36076051202018,0.206148864011531
2020-01-19,0.571428571428571,0.36076051202018,0.206148864011531
2020-01-20,0.571428571428571,0.36076051202018,0.206148864011531
2020-01-21,0.571428571428571,0.432912614424215,0.247378636813837
2020-01-22,0.714285714285714,0.432912614424215,0.309223296017297
2020-01-23,0.714285714285714,0.36076051202018,0.257686080014414
2020-01-24,0.642857142857143,0.36076051202018,0.231917472012973
2020-01-25,1.14285714285714,0.36076051202018,0.412297728023062
2020-01-26,1.57142857142857,0.288608409616144,0.453527500825368
2020-01-27,2,0.288608409616144,0.577216819232287
2020-01-28,2.28571428571429,0.288608409616144,0.6596763648369
2020-01-29,2.57142857142857,0.505064716828251,1.29873784327265
2020-01-30,2.57142857142857,0.432912614424215,1.11320386566227
2020-01-31,2.57142857142857,0.649368921636323,1.6698057984934
2020-02-01,2,0.649368921636323,1.29873784327265
2020-02-02,1.47619047619048,0.649368921636323,0.95859221765362
2020-02-03,0.952380952380952,0.649368921636323,0.618446592034593
2020-02-04,0.666666666666667,0.577216819232287,0.384811212821525
2020-02-05,0.238095238095238,0.577216819232287,0.137432576007687
2020-02-06,0.238095238095238,0.649368921636323,0.154611648008648
2020-02-07,0.238095238095238,0.577216819232287,0.137432576007687
2020-02-08,0.238095238095238,0.577216819232287,0.137432576007687
2020-02-09,0.333333333333333,0.577216819232287,0.192405606410762
2020-02-10,0.428571428571429,0.577216819232287,0.247378636813837
2020-02-11,0.428571428571429,0.577216819232287,0.247378636813837
2020-02-12,0.428571428571429,0.288608409616144,0.123689318406919
2020-02-13,0.428571428571429,0.36076051202018,0.154611648008648
2020-02-14,0.428571428571429,0.144304204808072,0.0618446592034593
2020-02-15,0.428571428571429,0.144304204808072,0.0618446592034593
2020-02-16,0.285714285714286,0.144304204808072,0.0412297728023062
2020-02-17,0.285714285714286,0.144304204808072,0.0412297728023062
2020-02-18,0.285714285714286,0.144304204808072,0.0412297728023062
2020-02-19,0.428571428571429,0.144304204808072,0.0618446592034593
2020-02-20,0.428571428571429,0.0721521024040359,0.0309223296017297
2020-02-21,0.428571428571429,0.144304204808072,0.0618446592034593
2020-02-22,0.428571428571429,0.144304204808072,0.0618446592034593
2020-02-23,0.428571428571429,0.144304204808072,0.0618446592034593
2020-02-24,0.285714285714286,0.144304204808072,0.0412297728023062
2020-02-25,0.142857142857143,0.144304204808072,0.0206148864011531
2020-02-26,0,0.144304204808072,0
2020-02-27,0,0.0721521024040359,0
2020-02-28,0,0.0721521024040359,0
2020-02-29,0,0.0721521024040359,0
2020-03-01,0,0.0721521024040359,0
2020-03-02,0,0.0721521024040359,0
2020-03-03,0,0.0721521024040359,0
2020-03-04,0.142857142857143,0.0721521024040359,0.0103074432005766
2020-03-05,0.285714285714286,0.0721521024040359,0.0206148864011531
2020-03-06,0.571428571428571,0,0
2020-03-07,1,0,0
2020-03-08,1.42857142857143,0.0721521024040359,0.103074432005766
2020-03-09,1.71428571428571,0.0721521024040359,0.123689318406919
2020-03-10,1.71428571428571,0.144304204808072,0.247378636813837
2020-03-11,1.57142857142857,0.288608409616144,0.453527500825368
2020-03-12,1.47619047619048,0.288608409616144,0.426040985623831
2020-03-13,1.23809523809524,0.288608409616144,0.357324697619987
2020-03-14,0.952380952380952,0.288608409616144,0.274865152015375
2020-03-15,0.952380952380952,0.288608409616144,0.274865152015375
2020-03-16,1.23809523809524,0.36076051202018,0.446655872024984
2020-03-17,1.80952380952381,0.36076051202018,0.652804736036515
2020-03-18,2.23809523809524,0.432912614424215,0.968899660854196
2020-03-19,2.4047619047619,0.577216819232287,1.38806901767764
2020-03-20,2.45238095238095,0.721521024040359,1.76944441609898
2020-03-21,2.3952380952381,0.793673126444395,1.90103610762634
2020-03-22,1.9952380952381,0.721521024040359,1.43960623368053
2020-03-23,1.66190476190476,0.865825228848431,1.43891907080049
2020-03-24,1.32857142857143,0.793673126444395,1.05445143941898
2020-03-25,1.25714285714286,0.721521024040359,0.907055001650737
2020-03-26,1.09047619047619,0.721521024040359,0.786801497644011
2020-03-27,0.995238095238095,1.0101294336565,1.00531929349623
2020-03-28,0.90952380952381,1.08228153606054,0.984360825655061
2020-03-29,0.880952380952381,1.08228153606054,0.953438496053331
2020-03-30,0.671428571428571,1.0101294336565,0.678229762597937
2020-03-31,0.576190476190476,1.0101294336565,0.582026959392556
2020-04-01,0.361904761904762,0.937977331252467,0.339458462738988
2020-04-02,0.457142857142857,0.793673126444395,0.362822000660295
2020-04-03,0.6,0.721521024040359,0.432912614424215
2020-04-04,0.742857142857143,0.649368921636323,0.482388341786983
2020-04-05,0.742857142857143,0.649368921636323,0.482388341786983
2020-04-06,0.714285714285714,0.577216819232287,0.412297728023062
2020-04-07,0.571428571428571,0.577216819232287,0.32983818241845
2020-04-08,0.428571428571429,0.505064716828251,0.216456307212108
2020-04-09,0.285714285714286,0.505064716828251,0.144304204808072
2020-04-10,0.142857142857143,0.216456307212108,0.0309223296017297
2020-04-11,0,0.144304204808072,0
2020-04-12,0,0.144304204808072,0
2020-04-13,0,0.144304204808072,0
2020-04-14,0.142857142857143,0.144304204808072,0.0206148864011531
2020-04-15,0.285714285714286,0.144304204808072,0.0412297728023062
2020-04-16,0.714285714285714,0.144304204808072,0.103074432005766
2020-04-17,1,0.0721521024040359,0.0721521024040359
2020-04-18,1.28571428571429,0.144304204808072,0.185533977610378
2020-04-19,1.28571428571429,0.144304204808072,0.185533977610378
2020-04-20,1.28571428571429,0.216456307212108,0.278300966415567
2020-04-21,1.23809523809524,0.216456307212108,0.26799352321499
2020-04-22,1.30952380952381,0.216456307212108,0.283454688015855
2020-04-23,1.0952380952381,0.216456307212108,0.237071193613261
2020-04-24,0.952380952380952,0.216456307212108,0.206148864011531
2020-04-25,0.80952380952381,0.36076051202018,0.292044224016336
2020-04-26,0.952380952380952,0.432912614424215,0.412297728023062
2020-04-27,1.04761904761905,0.432912614424215,0.453527500825368
2020-04-28,1,0.432912614424215,0.432912614424215
2020-04-29,0.928571428571429,0.505064716828251,0.468988665626233
2020-04-30,0.857142857142857,0.577216819232287,0.494757273627675
2020-05-01,0.857142857142857,0.577216819232287,0.494757273627675
2020-05-02,0.785714285714286,0.505064716828251,0.396836563222197
2020-05-03,0.928571428571429,0.577216819232287,0.535987046429981
2020-05-04,0.976190476190476,0.432912614424215,0.422605171223639
2020-05-05,1.07142857142857,0.505064716828251,0.541140768030269
2020-05-06,0.928571428571429,0.505064716828251,0.468988665626233
2020-05-07,0.928571428571429,0.577216819232287,0.535987046429981
2020-05-08,0.857142857142857,0.577216819232287,0.494757273627675
2020-05-09,0.928571428571429,0.432912614424215,0.401990284822486
2020-05-10,0.785714285714286,0.36076051202018,0.283454688015855
2020-05-11,0.785714285714286,0.432912614424215,0.340145625619026
2020-05-12,0.785714285714286,0.432912614424215,0.340145625619026
2020-05-13,0.785714285714286,0.36076051202018,0.283454688015855
2020-05-14,0.642857142857143,0.36076051202018,0.231917472012973
2020-05-15,0.571428571428571,0.36076051202018,0.206148864011531
2020-05-16,0.428571428571429,0.36076051202018,0.154611648008648
2020-05-17,0.285714285714286,0.288608409616144,0.0824595456046125
2020-05-18,0.142857142857143,0.288608409616144,0.0412297728023062
2020-05-19,0.142857142857143,0.216456307212108,0.0309223296017297
2020-05-20,0.714285714285714,0.216456307212108,0.154611648008648
2020-05-21,1.28571428571429,0.144304204808072,0.185533977610378
2020-05-22,1.85714285714286,0.144304204808072,0.26799352321499
2020-05-23,2.28571428571429,0.216456307212108,0.494757273627675
2020-05-24,2.57142857142857,0.432912614424215,1.11320386566227
2020-05-25,2.64285714285714,0.505064716828251,1.33481389447466
2020-05-26,2.61904761904762,0.505064716828251,1.32278854407399
2020-05-27,2.19047619047619,0.577216819232287,1.26437969927072
2020-05-28,2,0.577216819232287,1.15443363846457
2020-05-29,2,0.577216819232287,1.15443363846457
2020-05-30,2.14285714285714,0.865825228848431,1.85533977610378
2020-05-31,2.4,0.937977331252467,2.25114559500592
2020-06-01,2.84285714285714,1.15443363846457,3.28188991506358
2020-06-02,2.95595238095238,1.44304204808072,4.2655635778386
2020-06-03,3.0452380952381,2.02025886731301,6.15216926498413
2020-06-04,3.0547619047619,2.52532358414126,7.7142622820315
2020-06-05,2.81416040100251,2.74177989135336,7.71580839851159
2020-06-06,2.59193817878028,2.88608409616144,7.48055155601141
2020-06-07,2.25787224471435,3.17469250577758,7.16805009429785
2020-06-08,2.01831180515391,5.26710347549462,10.630657123558
2020-06-09,1.88372992362081,5.70001608991884,10.7372908737002
2020-06-10,1.74898966388055,6.13292870434305,10.7264289132123
2020-06-11,1.4461758110667,6.49368921636323,9.39101626928916
2020-06-12,1.34091265317196,7.35951444521166,9.86846604078613
2020-06-13,1.18027773253704,7.79242705963588,9.1972281409073
2020-06-14,1.17556815639889,8.29749177646413,9.7542671103929
2020-06-15,1.10084288167362,8.73040439088834,9.61080352784152
2020-06-16,1.27312317590513,9.37977331252467,11.9416067889116
2020-06-17,1.41857772135968,9.59622961973677,13.6129975476104
2020-06-18,1.52572057850253,10.2455985413731,15.6319205336485
2020-06-19,1.46087095444238,11.1114237702215,16.2323562484173
2020-06-20,1.39134714491857,12.3380095110901,17.1664543072335
2020-06-21,1.28530472795179,12.9873784327265,16.6927389032824
2020-06-22,1.16933834139716,11.4000321798377,13.3304947210457
2020-06-23,0.99473516679399,12.4101616134942,12.3448241825395
2020-06-24,0.83441770647653,12.3380095110901,10.2950535987294
2020-06-25,0.713081899426437,12.5544658183022,8.95236233199924
2020-06-26,0.621755368814192,12.7709221255144,7.94038939624651
2020-06-27,0.621755368814192,12.4823137158982,7.76094556808274
2020-06-28,0.671335200746966,12.2658574086861,8.23450184579394
2020-06-29,0.845543345543346,12.121553203878,10.2492986491887
2020-06-30,1.18681318681319,11.5443363846457,13.7009706543048
2020-07-01,1.5916684622567,11.6886405894538,18.6044405928872
2020-07-02,1.85534193164445,11.4721842822417,21.2848245463955
2020-07-03,2.0901016419802,11.9050968966659,24.8828625716548
2020-07-04,2.22637317186875,11.97724899907,26.6658258443212
2020-07-05,2.30992295541853,11.97724899907,27.6665224057154
2020-07-06,2.29798661589599,12.9152263303224,29.6790172483484
2020-07-07,2.09634550747522,13.4924431495547,28.2848225814338
2020-07-08,1.80375574429722,15.5127020168677,27.9811253724962
2020-07-09,1.59926594837885,16.8114398601404,26.8859633115414
2020-07-10,1.39463694201009,18.5430903178372,25.8608787762853
2020-07-11,1.22788922164534,20.3468928779381,24.9837304587926
2020-07-12,1.07183084703027,21.4291744139987,22.9684501633155
2020-07-13,0.903303206088834,22.8722164620794,20.6605464605541
2020-07-14,0.738033447598737,23.5937374861197,17.4129674186205
2020-07-15,0.626177561549302,24.098802202948,15.0901291997009
2020-07-16,0.571865514149698,24.3152585101601,13.9050578095955
2020-07-17,0.567585150318772,23.7380416909278,13.4733599614185
2020-07-18,0.572308182388743,22.8722164620794,13.0899566306145
2020-07-19,0.662611259669574,22.7279122572713,15.0597705704501
2020-07-20,0.77927792633624,21.9342391308269,17.092868385634
2020-07-21,0.953378335730767,20.5633491851502,19.6046516231892
2020-07-22,1.08891642193299,18.9760029322614,20.6632812155881
2020-07-23,1.23378969382239,18.6873945226453,23.0563147664328
2020-07-24,1.31062952066222,16.8835919625444,22.128134040926
2020-07-25,1.39226217372344,16.162070938504,22.5018400167141
2020-07-26,1.4312821374258,15.9456146312919,22.8226733920437
2020-07-27,1.51980472594839,14.8633330952314,22.5893638814778
2020-07-28,1.70467867552822,15.5127020168677,26.444172327978
2020-07-29,1.90937187356215,15.8013104264839,30.1705776937527
2020-07-30,2.12663377832406,17.1722003721605,36.5189813595856
2020-07-31,2.26092418671085,19.4089155466857,43.8820865973299
2020-08-01,2.34258514513028,23.8823458957359,55.946428726214
2020-08-02,2.29624688568857,25.9026047630489,59.478775518373
2020-08-03,2.17615519394083,30.3038830096951,65.9459524081232
2020-08-04,1.90511272289836,34.2722486419171,65.2924969300522
2020-08-05,1.66090484258702,36.9418764308664,61.3569414582774
2020-08-06,1.39957923126141,39.1064395029875,54.7325605369621
2020-08-07,1.29372725191546,43.6520219544417,56.473810403673
2020-08-08,1.22468906008071,47.4760833818556,58.1434399332384
2020-08-09,1.23606160910032,51.4444490140776,63.5885084276202
2020-08-10,1.23205878549794,56.7837045919763,69.9608621156643
2020-08-11,1.24140174915125,60.4634618145821,75.0594472563621
2020-08-12,1.24943087583303,64.0710669347839,80.0523692758837
2020-08-13,1.27392771309582,68.255888874218,86.9530684188552
2020-08-14,1.29419058275628,70.9255166631673,91.791135742595
2020-08-15,1.32726282228464,72.8014713256722,96.6266862981861
2020-08-16,1.3849958786068,78.9344000300153,109.323818721872
2020-08-17,1.43268073803907,81.7483320237727,117.119260657282
2020-08-18,1.47732267613186,86.9432833968633,128.443284099544
2020-08-19,1.47710464120037,93.2205163060144,137.696457290708
2020-08-20,1.48046953362698,100.868639160842,149.33294717604
2020-08-21,1.45160280870457,105.847134226721,153.647997336837
2020-08-22,1.42275263576289,114.288930207993,162.604876691942
2020-08-23,1.35367391214155,120.061098400316,162.523576767567
2020-08-24,1.28792868817446,129.152263303224,166.338905050884
2020-08-25,1.19481894730353,139.253557639789,166.382789147444
2020-08-26,1.1121555475112,145.819398958557,162.173853486508
2020-08-27,1.00866640469438,151.302958741263,152.614211413173
2020-08-28,0.92604352632391,156.137149602334,144.589796607909
2020-08-29,0.865569741868417,159.456146312919,138.020415403406
2020-08-30,0.838814081680078,159.744754722535,133.996149735793
2020-08-31,0.834765638821412,162.919447228313,135.999556441974
2020-09-01,0.834909638965412,162.775143023505,135.902535894298
2020-09-02,0.851537533646601,164.073880866778,139.715067849122
2020-09-03,0.867975670428981,162.342230409081,140.909106278258
2020-09-04,0.891411483540413,160.105515234556,142.719894858238
2020-09-05,0.897666362140307,153.972586530213,138.21601161991
2020-09-06,0.925208409736091,152.67384868694,141.255128751932
2020-09-07,0.95021532325512,146.901680494617,139.588227817913
2020-09-08,0.98681313404648,140.552295483062,138.698851203067
2020-09-09,1.00455992742032,138.026971898921,138.656364872826
2020-09-10,1.025252315397,135.8624088268,139.29324922509
2020-09-11,1.02492226719461,134.780127290739,138.139153635602
2020-09-12,1.01921002219612,133.986454164295,136.56033692277
2020-09-13,0.98300307084288,132.904172628234,130.645209821386
2020-09-14,0.953590902293526,131.461130580153,125.360138126455
2020-09-15,0.9301122612793,130.162392736881,121.065637442024
2020-09-16,0.936809850563157,127.709221255144,119.639256479568
2020-09-17,0.94478919790184,125.977570797447,119.022248067342
2020-09-18,0.981599249841575,126.482635514275,124.155260138798
2020-09-19,1.03308504224741,127.492764947931,131.710868462473
2020-09-20,1.08966313024642,127.276308640719,138.688300879656
2020-09-21,1.14075929014332,127.492764947931,145.438556040412
2020-09-22,1.19154944075219,128.791502791204,153.461443124494
2020-09-23,1.23370469064825,131.894043194578,162.718299757713
2020-09-24,1.25725708299092,130.883913760921,164.55472762549
2020-09-25,1.25251472508276,134.347214676315,168.271864655939
2020-09-26,1.2197995294396,138.315580308537,168.717279774519
2020-09-27,1.18830313680225,142.283945940759,169.076459278006
2020-09-28,1.1492959110576,146.108007368173,167.921335441014
2020-09-29,1.1175449085442,148.633330952314,166.104422245723
2020-09-30,1.08509893745503,151.9523276629,164.883309290831
2020-10-01,1.09594038110744,157.868800060031,173.014792902764
2020-10-02,1.12223360720149,162.486534613889,182.347849861414
2020-10-03,1.17057372162729,168.042246499,196.705837874945
2020-10-04,1.20954642277672,170.856178492757,206.658479505214
2020-10-05,1.27512228323762,181.318233341342,231.202919690824
2020-10-06,1.32688879890345,187.523314148089,248.822585076353
2020-10-07,1.36917584588083,192.934721828392,264.161560959172
2020-10-08,1.37549585676391,203.685385086593,280.16840326997
2020-10-09,1.38071754703364,211.622116351037,292.190369386272
2020-10-10,1.36995792174407,223.527213247703,306.222876514068
2020-10-11,1.34428625040378,232.618378150612,312.705687339095
2020-10-12,1.28867029543036,244.812083456894,315.482059913316
2020-10-13,1.23004852198623,261.262762805014,321.365875238347
2020-10-14,1.17682300475144,273.456468111296,321.809862471451
2020-10-15,1.13233406292965,282.619785116609,320.020009545394
2020-10-16,1.09565421879876,295.246403037315,323.487967072992
2020-10-17,1.07112937849974,304.98693686186,326.680468131382
2020-10-18,1.05346633564833,317.830011089778,334.823217141816
2020-10-19,1.02654634697716,326.921175992687,335.59973896477
2020-10-20,0.99727028014741,339.042729196565,338.117237527801
2020-10-21,0.970516552970778,347.051612563413,336.819334727993
2020-10-22,0.945810794378682,345.969331027352,327.221527809641
2020-10-23,0.923329614394207,347.412373075433,320.776132467516
2020-10-24,0.896214933223433,343.732615852827,308.058303363257
2020-10-25,0.877773193148005,346.402243641776,304.062603515075
2020-10-26,0.86520585074352,345.464266310524,298.897704434683
2020-10-27,0.860947388573332,339.475641810989,292.270667301427
2020-10-28,0.861660769840255,333.198408901838,287.103997523906
2020-10-29,0.869243462989959,325.838894456626,283.233328994297
2020-10-30,0.891406621798647,321.07685569796,286.21003527545
2020-10-31,0.911039731595541,314.655318584001,286.663496987877
2020-11-01,0.937042848750044,308.73884618687,289.301527950746
2020-11-02,0.957161975255842,300.008441795981,287.156672742869
2020-11-03,0.984304843425512,292.64892735077,288.055756614643
2020-11-04,0.994919434657379,284.78434818873,283.337482699201
2020-11-05,1.00592082065876,284.279283471901,285.962450126341
2020-11-06,1.00213468566531,280.455222044488,281.053905786748
2020-11-07,1.00515974173519,277.064073231498,278.493652293471
2020-11-08,0.9998390561602,271.075448731963,271.031820808368
2020-11-09,0.990431870035031,268.117212533397,265.551832198033
2020-11-10,0.971430626621737,269.41595037667,261.718905496299
2020-11-11,0.956948190311851,268.117212533397,256.574281325292
2020-11-12,0.943528168774946,269.343798274266,254.133460756607
2020-11-13,0.928257154461483,262.922261160307,244.059469989245
2020-11-14,0.920419845092681,261.91213172665,241.069123711737
2020-11-15,0.911431689386544,261.334914907418,238.188922989757
2020-11-16,0.911134767726582,259.242503937701,236.204858610135
2020-11-17,0.908615735781088,255.779203022307,232.405008751614
2020-11-18,0.913639260432144,252.60451051653,230.789398170146
2020-11-19,0.924348736536984,247.842471757863,229.092875629584
2020-11-20,0.944666453701933,244.812083456894,231.265762702606
2020-11-21,0.962231206679758,240.98802202948,231.886195232795
2020-11-22,0.980023199098616,238.679154752551,233.911108798748
2020-11-23,0.991480669450965,235.360158041965,233.355047057533
2020-11-24,0.992654742042959,230.237358771279,228.546205979756
2020-11-25,0.983649432655037,229.443685644834,225.692151210822
2020-11-26,0.966042152658011,226.196841036653,218.51568323949
2020-11-27,0.946467539699785,225.763928422228,213.678229886745
2020-11-28,0.920621289221372,221.14619386837,203.591894105498
2020-11-29,0.904379461039246,216.167698802492,195.497626937091
2020-11-30,0.891620014913544,215.157569368835,191.838795209403
2020-12-01,0.892675443875846,212.415789477482,189.618359158049
2020-12-02,0.891191159158098,208.880336459684,186.152309174839
2020-12-03,0.899470613122588,207.653750718815,186.778446476258
2020-12-04,0.909376491366541,203.252472472169,184.833020278316
2020-12-05,0.965274970910341,200.94360519524,193.965832659454
2020-12-06,1.02699307847023,196.975239563018,202.292207661236
2020-12-07,1.11022002492734,193.43978654522,214.760724640174
2020-12-08,1.16950044912669,189.904333527422,222.093203351426
2020-12-09,1.23102732202043,193.43978654522,238.129662402966
2020-12-10,1.25422281994066,196.181566436574,246.055397476456
2020-12-11,1.24671504150745,197.047391665422,245.661947079092
2020-12-12,1.18069497972468,201.881582526492,238.360570987903
2020-12-13,1.10150123326058,204.839818725058,225.631312946525
2020-12-14,1.0127236878989,204.767666622654,207.373066504547
2020-12-15,0.95008858187436,205.41703554429,195.16437999311
2020-12-16,0.910425238871257,208.375271742856,189.710106551353
2020-12-17,0.895151402115302,207.004381797179,185.300262609756
2020-12-18,0.904250197787888,211.044899531805,190.83739214376
2020-12-19,0.931004057513762,213.570223115946,198.834744285065
2020-12-20,0.974604683604906,217.322132440956,211.803168127962
2020-12-21,1.02207201544728,216.817067724128,221.602657392169
2020-12-22,1.10003458082404,216.384155109704,238.030053363066
2020-12-23,1.19201393419005,214.075287832775,255.180726062413
2020-12-24,1.29830866646839,213.930983627966,277.748450070297
2020-12-25,1.38109074354624,218.187957669805,301.337368691027
2020-12-26,1.43341118239544,226.052536831844,324.026234103624
2020-12-27,1.45453787921437,233.267747072248,339.296774115582
2020-12-28,1.46526390541982,243.513345613621,356.811315815661
2020-12-29,1.45817445595763,253.32603154057,369.393548221576
2020-12-30,1.451698509929,264.220999003579,383.569230545448
2020-12-31,1.45185565278614,281.03243886372,408.018534980567
2021-01-01,1.45220471548815,297.050205597416,431.37770930529
2021-01-02,1.44972496394844,322.303441438828,467.251345020365
2021-01-03,1.4221221258688,352.102259731695,500.732414132847
2021-01-04,1.37743009410875,384.715010018319,529.918032454584
2021-01-05,1.30511048526163,407.947986992419,532.417195265182
2021-01-06,1.20689985366334,430.31513873767,519.347277971615
2021-01-07,1.09088066951221,447.054426495406,487.683032083706
2021-01-08,0.988724879851563,462.783584819486,457.565644297922
2021-01-09,0.907664644943759,474.977290125768,431.120093398354
2021-01-10,0.868332894228253,485.655801281566,421.710907525563
2021-01-11,0.845934226394548,494.67481408207,418.462356167383
2021-01-12,0.834839384417354,499.653309147949,417.130261031167
2021-01-13,0.82411014919917,504.054587394595,415.396501222286
2021-01-14,0.815747618639102,503.405218472958,410.651608179813
2021-01-15,0.807505899420266,497.344441871019,401.608570854728
2021-01-16,0.800045454624424,482.481108775788,386.006818018222
2021-01-17,0.787013291404526,463.072193229102,364.443970951149
2021-01-18,0.780144808472607,444.024038194437,346.403048234432
2021-01-19,0.771504064531042,429.449313508822,331.321890882122
2021-01-20,0.761392751195367,409.03026852848,311.432681477079
2021-01-21,0.749911370668473,391.858068156319,293.858820998605
2021-01-22,0.752701234720113,376.561822446663,283.438548704059
2021-01-23,0.759852718902767,355.782016954301,270.341932919436
2021-01-24,0.778722946641521,337.022470329252,262.4471311792
2021-01-25,0.796149818190939,319.633813649879,254.476402625028
2021-01-26,0.81728849559932,304.98693686186,249.262314805274
2021-01-27,0.829092338505573,289.329930640184,239.881228794125
2021-01-28,0.841395525909567,277.569137948326,233.545430800297
2021-01-29,0.842873818037863,266.746322587721,224.833491367072
2021-01-30,0.834318225075357,253.037423130954,211.11373374426
2021-01-31,0.810542748852233,240.122196800631,194.629305455221
2021-02-01,0.784929299291419,228.072795699157,179.021019715575
2021-02-02,0.749099305727837,217.610740850572,163.012054890084
2021-02-03,0.698946760365851,207.292990206795,144.88676395159
2021-02-04,0.620473429161763,199.861323659179,124.00864084762
2021-02-05,0.518094378499965,188.461291479342,97.6407356802903
2021-02-06,0.413703278888339,177.782780323544,73.5493191497355
2021-02-07,0.319090440568094,164.867553993222,52.6076604390813
2021-02-08,0.225791962351016,147.406745211445,33.2832582650685
2021-02-09,0.146851295175055,132.182651604194,19.4111935877489
2021-02-10,0.0882950104703602,118.401600045023,10.4542705156827
2021-02-11,0.0492568209371211,103.177506437771,5.08219595934397
2021-02-12,0.0224711066514069,88.8192380593682,1.99586657112876
2021-02-13,0.00722231050373431,77.4192058795305,0.559145543814502
2021-02-14,0.144088669950739,64.3596753444,9.27350001883596
2021-02-15,0.285714285714286,48.3419086107041,13.8119738887726
2021-02-16,0.428571428571429,36.5811159188462,15.6776211080769
2021-02-17,0.428571428571429,27.9228636303619,11.9669415558694
2021-02-18,0.428571428571429,19.5532197514937,8.37995132206874
2021-02-19,0.428571428571429,10.9671195654135,4.70019409946291
2021-02-20,0.428571428571429,5.6278639875148,2.41194170893491
2021-02-21,0.285714285714286,2.8139319937574,0.803980569644971
2021-02-22,0.142857142857143,1.0101294336565,0.144304204808072
2021-02-23,0,0.216456307212108,0
2021-02-24,0,0.0721521024040359,0
2021-02-25,0,0.0721521024040359,0
2021-02-26,0,0.0721521024040359,0
2021-02-27,0,0.0721521024040359,0
2021-02-28,0,0.0721521024040359,0
2021-03-01,0,0.0721521024040359,0
2021-03-02,0,0.0721521024040359,0
2021-03-03,0,0.0721521024040359,0
2021-03-04,0,0,0
2021-03-05,0,0,0
2021-03-06,0.142857142857143,0,0
2021-03-07,0.285714285714286,0,0
2021-03-08,0.428571428571429,0,0
2021-03-09,0.428571428571429,0,0
2021-03-10,0.428571428571429,0.0721521024040359,0.0309223296017297
2021-03-11,0.428571428571429,0.0721521024040359,0.0309223296017297
2021-03-12,0.428571428571429,0.0721521024040359,0.0309223296017297
2021-03-13,0.285714285714286,0.0721521024040359,0.0206148864011531
2021-03-14,0.142857142857143,0.0721521024040359,0.0103074432005766
2021-03-15,0,0.0721521024040359,0
2021-03-16,0,0.0721521024040359,0
2021-03-17,0,0.0721521024040359,0
2021-03-18,0,0.0721521024040359,0
2021-03-19,0,0.0721521024040359,0
2021-03-20,0,0.0721521024040359,0
2021-03-21,0,0.0721521024040359,0
2021-03-22,0,0.0721521024040359,0
2021-03-23,0,0.0721521024040359,0
2021-03-24,0,0,0
2021-03-25,0,0,0
2021-03-26,0,0,0
2021-03-27,0,0,0
2021-03-28,0,0,0
2021-03-29,0,0,0
2021-03-30,0.142857142857143,0,0
2021-03-31,0.285714285714286,0,0
2021-04-01,0.428571428571429,0,0
2021-04-02,0.428571428571429,0,0
2021-04-03,0.428571428571429,0.0721521024040359,0.0309223296017297
2021-04-04,0.428571428571429,0.0721521024040359,0.0309223296017297
2021-04-05,0.428571428571429,0.0721521024040359,0.0309223296017297
2021-04-06,0.285714285714286,0.0721521024040359,0.0206148864011531
2021-04-07,0.142857142857143,0.0721521024040359,0.0103074432005766
2021-04-08,0,0.0721521024040359,0
2021-04-09,0,0.0721521024040359,0
2021-04-10,0,0.0721521024040359,0
2021-04-11,0,0.0721521024040359,0
2021-04-12,0,0.0721521024040359,0
2021-04-13,0,0.0721521024040359,0
2021-04-14,0,0.0721521024040359,0
2021-04-15,0.142857142857143,0.0721521024040359,0.0103074432005766
2021-04-16,0.285714285714286,0.0721521024040359,0.0206148864011531
2021-04-17,0.428571428571429,0,0
2021-04-18,0.571428571428571,0,0
2021-04-19,0.857142857142857,0.0721521024040359,0.0618446592034593
2021-04-20,1.14285714285714,0.0721521024040359,0.0824595456046125
2021-04-21,1.28571428571429,0.0721521024040359,0.092766988805189
2021-04-22,1.14285714285714,0.144304204808072,0.164919091209225
2021-04-23,1.14285714285714,0.216456307212108,0.247378636813837
2021-04-24,1.10034013605452,0.216456307212108,0.23817556252763
2021-04-25,1.11706349206361,0.216456307212108,0.24179543841355
2021-04-26,0.940476190476329,0.216456307212108,0.203572003211417
2021-04-27,0.675595238095411,0.288608409616144,0.194982467210957
