"fecha","rho7dpromedio","incidenciaAcum14d","riesgopor10"
2020-03-18,1.75,0.557992121151249,0.976486212014686
2020-03-19,1.4,0.557992121151249,0.781188969611749
2020-03-20,1.16666666666667,0.836988181726874,0.976486212014686
2020-03-21,1,0.836988181726874,0.836988181726874
2020-03-22,0.714285714285714,0.836988181726874,0.597848701233481
2020-03-23,0.428571428571429,0.836988181726874,0.358709220740089
2020-03-24,0.571428571428571,0.836988181726874,0.478278960986785
2020-03-25,0.714285714285714,0.836988181726874,0.597848701233481
2020-03-26,0.857142857142857,0.836988181726874,0.717418441480178
2020-03-27,0.857142857142857,1.1159842423025,0.95655792197357
2020-03-28,0.857142857142857,1.39498030287812,1.19569740246696
2020-03-29,0.857142857142857,1.39498030287812,1.19569740246696
2020-03-30,0.785714285714286,1.39498030287812,1.09605595226138
2020-03-31,0.642857142857143,1.39498030287812,0.896773051850222
2020-04-01,0.5,0.836988181726874,0.418494090863437
2020-04-02,0.357142857142857,0.836988181726874,0.298924350616741
2020-04-03,0.357142857142857,0.836988181726874,0.298924350616741
2020-04-04,0.357142857142857,0.836988181726874,0.298924350616741
2020-04-05,0.357142857142857,0.836988181726874,0.298924350616741
2020-04-06,0.285714285714286,0.836988181726874,0.239139480493393
2020-04-07,0.142857142857143,0.836988181726874,0.119569740246696
2020-04-08,0,0.836988181726874,0
2020-04-09,0,0.836988181726874,0
2020-04-10,0,0.557992121151249,0
2020-04-11,0,0.278996060575625,0
2020-04-12,0,0.278996060575625,0
2020-04-13,0,0.278996060575625,0
2020-04-14,0,0.278996060575625,0
2020-04-15,0.285714285714286,0.278996060575625,0.0797131601644642
2020-04-16,0.571428571428571,0.278996060575625,0.159426320328928
2020-04-17,0.857142857142857,0,0
2020-04-18,0.857142857142857,0,0
2020-04-19,0.857142857142857,0.557992121151249,0.478278960986785
2020-04-20,0.928571428571429,0.557992121151249,0.518135541069017
2020-04-21,1,0.557992121151249,0.557992121151249
2020-04-22,0.857142857142857,0.557992121151249,0.478278960986785
2020-04-23,0.714285714285714,0.557992121151249,0.398565800822321
2020-04-24,0.571428571428571,0.836988181726874,0.478278960986785
2020-04-25,0.571428571428571,0.836988181726874,0.478278960986785
2020-04-26,0.714285714285714,1.1159842423025,0.797131601644642
2020-04-27,0.714285714285714,1.1159842423025,0.797131601644642
2020-04-28,0.785714285714286,1.1159842423025,0.876844761809106
2020-04-29,0.642857142857143,1.1159842423025,0.717418441480178
2020-04-30,0.5,1.39498030287812,0.697490151439062
2020-05-01,0.357142857142857,1.39498030287812,0.498207251027901
2020-05-02,0.357142857142857,1.39498030287812,0.498207251027901
2020-05-03,0.214285714285714,0.836988181726874,0.179354610370044
2020-05-04,0.142857142857143,0.836988181726874,0.119569740246696
2020-05-05,0.142857142857143,0.836988181726874,0.119569740246696
2020-05-06,0.285714285714286,0.836988181726874,0.239139480493393
2020-05-07,0.428571428571429,0.836988181726874,0.358709220740089
2020-05-08,0.571428571428571,0.557992121151249,0.318852640657857
2020-05-09,0.714285714285714,0.836988181726874,0.597848701233481
2020-05-10,0.857142857142857,0.557992121151249,0.478278960986785
2020-05-11,0.857142857142857,0.557992121151249,0.478278960986785
2020-05-12,0.714285714285714,0.836988181726874,0.597848701233481
2020-05-13,0.571428571428571,0.836988181726874,0.478278960986785
2020-05-14,0.428571428571429,0.557992121151249,0.239139480493393
2020-05-15,0.285714285714286,0.557992121151249,0.159426320328928
2020-05-16,0.142857142857143,0.557992121151249,0.0797131601644642
2020-05-17,0,0.557992121151249,0
2020-05-18,0.142857142857143,0.557992121151249,0.0797131601644642
2020-05-19,0.285714285714286,0.557992121151249,0.159426320328928
2020-05-20,0.428571428571429,0.557992121151249,0.239139480493393
2020-05-21,0.428571428571429,0.557992121151249,0.239139480493393
2020-05-22,0.428571428571429,0.836988181726874,0.358709220740089
2020-05-23,0.428571428571429,0.557992121151249,0.239139480493393
2020-05-24,0.571428571428571,0.557992121151249,0.318852640657857
2020-05-25,0.714285714285714,0.557992121151249,0.398565800822321
2020-05-26,0.857142857142857,0.278996060575625,0.239139480493393
2020-05-27,0.857142857142857,0.278996060575625,0.239139480493393
2020-05-28,1,0.557992121151249,0.557992121151249
2020-05-29,1.14285714285714,0.836988181726874,0.95655792197357
2020-05-30,1.28571428571429,0.836988181726874,1.07612766222027
2020-05-31,1.21428571428571,0.836988181726874,1.01634279209692
2020-06-01,1.07142857142857,1.1159842423025,1.19569740246696
2020-06-02,0.785714285714286,1.1159842423025,0.876844761809106
2020-06-03,0.642857142857143,1.39498030287812,0.896773051850222
2020-06-04,0.5,1.39498030287812,0.697490151439062
2020-06-05,0.357142857142857,1.1159842423025,0.398565800822321
2020-06-06,0.214285714285714,1.1159842423025,0.239139480493393
2020-06-07,0.142857142857143,1.1159842423025,0.159426320328928
2020-06-08,0,1.1159842423025,0
2020-06-09,0.285714285714286,1.1159842423025,0.318852640657857
2020-06-10,0.571428571428571,1.1159842423025,0.637705281315714
2020-06-11,0.857142857142857,0.836988181726874,0.717418441480178
2020-06-12,0.857142857142857,0.557992121151249,0.478278960986785
2020-06-13,0.857142857142857,1.1159842423025,0.95655792197357
2020-06-14,0.857142857142857,1.1159842423025,0.95655792197357
2020-06-15,0.857142857142857,0.836988181726874,0.717418441480178
2020-06-16,0.642857142857143,0.836988181726874,0.538063831110133
2020-06-17,0.642857142857143,0.557992121151249,0.358709220740089
2020-06-18,0.642857142857143,0.557992121151249,0.358709220740089
2020-06-19,0.785714285714286,0.557992121151249,0.438422380904553
2020-06-20,0.785714285714286,0.836988181726874,0.65763357135683
2020-06-21,0.928571428571429,1.1159842423025,1.03627108213803
2020-06-22,1,1.1159842423025,1.1159842423025
2020-06-23,1.07142857142857,1.1159842423025,1.19569740246696
2020-06-24,0.928571428571429,1.1159842423025,1.03627108213803
2020-06-25,0.785714285714286,1.39498030287812,1.09605595226138
2020-06-26,0.642857142857143,1.39498030287812,0.896773051850222
2020-06-27,0.642857142857143,1.1159842423025,0.717418441480178
2020-06-28,0.5,1.1159842423025,0.557992121151249
2020-06-29,0.428571428571429,1.1159842423025,0.478278960986785
2020-06-30,0.285714285714286,1.1159842423025,0.318852640657857
2020-07-01,0.285714285714286,1.1159842423025,0.318852640657857
2020-07-02,0.428571428571429,1.1159842423025,0.478278960986785
2020-07-03,1,1.1159842423025,1.1159842423025
2020-07-04,1.57142857142857,0.836988181726874,1.31526714271366
2020-07-05,2.14285714285714,0.836988181726874,1.79354610370044
2020-07-06,2.71428571428571,1.1159842423025,3.02910008624964
2020-07-07,2.85714285714286,1.67397636345375,4.78278960986785
2020-07-08,2.75,2.231968484605,6.13791333266374
2020-07-09,2.52142857142857,2.231968484605,5.62774910761117
2020-07-10,2.00714285714286,2.51096454518062,5.03986455139825
2020-07-11,1.57857142857143,2.231968484605,3.52332167926932
2020-07-12,1.15,2.231968484605,2.56676375729575
2020-07-13,0.864285714285714,2.78996060575625,2.41132309497504
2020-07-14,0.935714285714286,2.78996060575625,2.6106059953862
2020-07-15,1.47142857142857,3.3479527269075,4.92627329816389
2020-07-16,1.98571428571429,3.3479527269075,6.64807755771631
2020-07-17,2.5,3.3479527269075,8.36988181726874
2020-07-18,2.92857142857143,4.18494090863437,12.2558983752864
2020-07-19,3.35714285714286,5.57992121151249,18.7325926386491
2020-07-20,3.64285714285714,7.25389757496624,26.4249125945199
2020-07-21,3.82142857142857,9.20686999899561,35.1833960675904
2020-07-22,3.52272727272727,10.0438581807225,35.381773136636
2020-07-23,3.15538033395176,13.39181090763,42.2562567739364
2020-07-24,2.77442795299938,18.6927360585669,51.8616494389274
2020-07-25,2.38345050939036,21.7616927248987,51.8679176103563
2020-07-26,2.00033362627348,24.8306493912306,49.6695829394856
2020-07-27,1.59217036096735,26.5046257546843,42.1998795551404
2020-07-28,1.32788464668164,31.24755878447,41.4931535561796
2020-07-29,1.11864943744643,37.1064760565581,41.5091385662881
2020-07-30,0.947305900031464,42.1284051469193,39.9084867545926
2020-07-31,0.783923305614387,44.0813775709487,34.556419221454
2020-08-01,0.6153769396996,43.8023815103731,26.9549754854077
2020-08-02,0.458811283133943,44.0813775709487,20.2250334056388
2020-08-03,0.349117405582923,42.6863972680706,14.9025642679108
2020-08-04,0.311455067920585,40.7334248440412,12.6866316014389
2020-08-05,0.286924043389561,39.3384445411631,11.2871455684065
2020-08-06,0.432757376722894,36.8274799959825,15.9373636343762
2020-08-07,0.500901875901876,31.8055509056212,15.9314601127183
2020-08-08,0.608044733044733,29.015590299865,17.6427768580167
2020-08-09,0.657931354359926,25.9466336335331,17.0711038075912
2020-08-10,0.794836116264688,24.8306493912306,19.7362969264559
2020-08-11,0.84678416821274,20.087716361445,17.0099601904196
2020-08-12,0.914965986394558,13.9498030287812,12.7635952882386
2020-08-13,0.879251700680272,9.76486212014686,8.5857716260475
2020-08-14,0.998299319727891,7.81188969611749,7.79860416942341
2020-08-15,1.12925170068027,7.81188969611749,8.82158972486737
2020-08-16,1.24761904761905,6.13791333266374,7.65777758646619
2020-08-17,1.34285714285714,6.13791333266374,8.2423407610056
2020-08-18,1.31428571428571,6.41690939323937,8.43365234540031
2020-08-19,1.35,6.97490151439062,9.41611704442733
2020-08-20,1.35,6.41690939323937,8.66282768087315
2020-08-21,1.31938775510204,6.41690939323937,8.46639167903929
2020-08-22,1.21224489795918,6.13791333266374,7.44065412163727
2020-08-23,1.40510204081633,7.25389757496624,10.1924662864577
2020-08-24,1.4765306122449,6.97490151439062,10.298655603391
2020-08-25,1.68877551020408,7.53289363554187,12.7213662926753
2020-08-26,1.76814058956916,7.53289363554187,13.3192149939088
2020-08-27,1.9109977324263,8.92787393841999,17.0611468517085
2020-08-28,1.94810348381777,10.6018503018737,20.6535015079947
2020-08-29,1.99572253143682,10.6018503018737,21.1583515223696
2020-08-30,1.85286538857967,11.9968306047519,22.2285122001981
2020-08-31,1.87327355184498,12.5548227259031,23.5186173605366
2020-09-01,2.08245722531437,13.6708069682056,28.4688707468178
2020-09-02,2.3392265997308,15.623779392235,36.547560342642
2020-09-03,2.62494088544509,18.4137399979912,48.3349789746827
2020-09-04,2.90416166466587,22.31968484605,64.819973097322
2020-09-05,3.14997891048311,27.0626178758356,85.2466755713454
2020-09-06,3.23966145016565,32.6425390873481,105.750775516807
2020-09-07,3.13278712148681,43.2443893892218,135.475466155115
2020-09-08,2.77651534448333,51.8932672670662,144.082452842384
2020-09-09,2.41851500148899,62.4951175689399,151.145379360299
2020-09-10,1.93937467279114,70.0280112044818,135.810551315906
2020-09-11,1.51681125490062,77.8399009005993,118.068437766378
2020-09-12,1.15723739532676,86.7677748390193,100.410913753005
2020-09-13,0.892450833452815,89.2787393841999,79.6768853730459
2020-09-14,0.706111491121082,94.8586605957124,66.9807902789871
2020-09-15,0.638214970668598,98.2066133226199,62.6769308411582
2020-09-16,0.689637510127731,99.8805896860736,68.8814011811934
2020-09-17,0.78207833143642,102.112558170679,79.8600191128287
2020-09-18,0.892472437157628,101.554566049527,90.634651066707
2020-09-19,0.987764522245632,103.228542412981,101.965491878671
2020-09-20,1.05823195295834,105.739506958162,111.896924953187
2020-09-21,1.1045068484587,99.601593625498,110.010642276763
2020-09-22,1.10915133639086,95.6956487774393,106.140956728287
2020-09-23,1.06752225153691,90.673719687078,96.7962133955764
2020-09-24,1.03775686788491,85.9307866572924,89.1752640163584
2020-09-25,1.01741386478329,83.4198221121118,84.8724836146181
2020-09-26,1.00165220297571,78.9558851429018,79.0863362912846
2020-09-27,1.03193282255745,80.9088575669311,83.492505758942
2020-09-28,1.06395794029685,80.9088575669311,86.0836214486836
2020-09-29,1.12857103553495,81.745845748658,92.2559937872432
2020-09-30,1.16375271384007,84.2568102938386,98.054091638963
2020-10-01,1.20266658447307,86.7677748390193,104.352703407972
2020-10-02,1.23898842355353,88.7207472630487,109.923978787936
2020-10-03,1.33177317258828,90.9527157476536,121.128386806773
2020-10-04,1.42773408275684,89.2787393841999,127.466299084388
2020-10-05,1.61048550854624,94.3006684745611,151.869860024504
2020-10-06,1.76351652358384,100.996573928376,178.109126948048
2020-10-07,1.91931248682895,108.808463624494,208.837442907164
2020-10-08,1.99232308641762,121.084290289821,241.239026946903
2020-10-09,2.06031319155058,136.42907362148,281.086620093362
2020-10-10,2.07006677460259,153.726829377169,318.22480185868
2020-10-11,2.06487110274026,170.187596951131,351.415450989196
2020-10-12,1.96014621472843,185.811376343366,364.217465992929
2020-10-13,1.85630570057999,216.500943006685,401.891934684252
2020-10-14,1.71543072279391,247.190509670003,424.038194671009
2020-10-15,1.61328245657789,280.391040878503,452.349947230903
2020-10-16,1.48364983936763,309.127635117792,458.637166186609
2020-10-17,1.3680705150219,332.84230026672,455.351737146966
2020-10-18,1.24415020295726,361.857890566585,450.205567990102
2020-10-19,1.14557332603096,393.942437532782,451.289948429173
2020-10-20,1.04948544776981,417.936098742286,438.617853727714
2020-10-21,0.993077964799151,439.418795406609,436.37712303689
2020-10-22,0.964526216594224,458.948519646903,442.667879266547
2020-10-23,0.955618710214523,467.597397524747,446.844821922266
2020-10-24,0.948298204215656,481.826196614104,456.914916993214
2020-10-25,0.93071375712848,491.870054794826,457.790226717084
2020-10-26,0.911985269254642,508.609818429364,463.844662205858
2020-10-27,0.886694686391003,500.797928733246,444.05486236339
2020-10-28,0.871039490660235,493.265035097704,429.653324932008
2020-10-29,0.854509474130219,484.337161159284,413.870692883943
2020-10-30,0.852311567729197,474.014306917986,404.007877055338
2020-10-31,0.850985277968604,467.318401464171,397.681079769832
2020-11-01,0.856831376038032,457.553539344024,392.046228727212
2020-11-02,0.875291022241411,444.719720557546,389.259178817729
2020-11-03,0.892525751184534,436.070842679701,389.204456432373
2020-11-04,0.913701057872306,425.468992377828,388.751468427485
2020-11-05,0.926136871677983,412.077181470198,381.639871736689
2020-11-06,0.947985325636529,409.287220864441,387.998279350047
2020-11-07,0.956803542749677,393.384445411631,376.391631032465
2020-11-08,0.958430212657219,388.083520260694,371.950970852219
2020-11-09,0.922839137066143,376.365685716518,347.324984627938
2020-11-10,0.89804699798829,373.296729050186,335.238006882367
2020-11-11,0.859495342031789,366.600823596371,315.091700266098
2020-11-12,0.838975965398024,352.093028446438,295.397588450765
2020-11-13,0.812851626773685,343.444150568594,279.169136495588
2020-11-14,0.840477531246881,337.585233296506,283.732803466449
2020-11-15,0.88237101143505,326.983382994632,288.520658375428
2020-11-16,0.973827302891342,321.124465722544,312.719772347008
2020-11-17,1.0276422660521,313.312576026427,321.973245610418
2020-11-18,1.08709935460417,313.312576026427,340.601899187699
2020-11-19,1.10133314580471,310.801611481246,342.296116493814
2020-11-20,1.12844074850244,308.569642996641,348.202558908261
2020-11-21,1.10084959350596,305.779682390885,336.617439062388
2020-11-22,1.08483006961047,297.409800573616,322.639094659111
2020-11-23,1.02936889414929,292.945863604406,301.549359664077
2020-11-24,1.01935554301445,295.177832089011,300.891159314921
2020-11-25,0.986264566878747,292.66686754383,288.646961357875
2020-11-26,0.992751938692535,297.688796634192,295.531129985641
2020-11-27,0.975045392137105,301.036749361099,293.524495328472
2020-11-28,0.99106898907588,299.920765118797,297.24216948915
2020-11-29,0.982258178878609,303.826709966855,298.436270826723
2020-11-30,0.989104279637753,307.732654814914,304.379685861719
2020-12-01,0.978098007970208,308.848639057216,302.084238626173
2020-12-02,1.00605614626252,305.779682390885,307.631528871551
2020-12-03,1.0446175692753,306.05867845146,319.714272739576
2020-12-04,1.12491915630481,297.688796634192,334.875829951129
2020-12-05,1.22870789402212,303.268717845704,372.628667626983
2020-12-06,1.36434114341619,313.033579965851,427.084592418273
2020-12-07,1.47927282043482,321.40346178312,475.443405409432
2020-12-08,1.58383303917115,329.215351479237,521.422150675158
2020-12-09,1.6511003115286,352.372024507014,581.801559437493
2020-12-10,1.68842694469443,373.854721171337,631.226384626907
2020-12-11,1.66487598691588,395.616413896236,658.652267525616
2020-12-12,1.60171031660735,431.04891358934,690.415491858436
2020-12-13,1.49986023592067,459.227515707478,688.777090050283
2020-12-14,1.41213425429995,491.033066613099,693.404613358309
2020-12-15,1.32938551877761,530.371511154262,705.068206500672
2020-12-16,1.28178420645761,569.988951756001,730.602836216169
2020-12-17,1.23743350616879,606.258439630832,750.204506596803
2020-12-18,1.22820146363268,646.712868414298,794.293691536528
2020-12-19,1.21003986896465,684.098340531432,827.786266335589
2020-12-20,1.20267523010284,730.690682647561,878.783584887157
2020-12-21,1.17952108036067,770.3081232493,908.594669745613
2020-12-22,1.1759546310093,817.737453547156,961.622145448526
2020-12-23,1.15701841956283,844.521075362416,977.126439903323
2020-12-24,1.1597929297911,863.213811420983,1001.14927538408
2020-12-25,1.14153009927328,896.972334750633,1023.92091833328
2020-12-26,1.12201973995377,925.708928989923,1038.66369177816
2020-12-27,1.08196549040585,955.561507471515,1033.88457504437
2020-12-28,1.05376099075994,997.410916557858,1051.03271562679
2020-12-29,1.02461074374825,1009.40774716261,1034.25002256552
2020-12-30,1.01430627578164,1011.63971564721,1026.11251241093
2020-12-31,1.01531998361976,1028.37947928175,1044.13423605924
2021-01-01,1.03800756922602,1038.70233352305,1078.18088436966
2021-01-02,1.05893165629148,1061.0220183691,1123.54980327332
2021-01-03,1.06139289144662,1073.85583715558,1139.78295199539
2021-01-04,1.04740384874845,1109.28833684868,1161.87287338708
2021-01-05,1.00787260590811,1107.33536442465,1116.05297935688
2021-01-06,0.952564518195851,1113.19428169674,1060.38937460283
2021-01-07,0.874700352167224,1110.68331715156,971.515088658731
2021-01-08,0.788741376589808,1085.29467563918,856.016816469236
2021-01-09,0.716157749704064,1054.88410503644,755.46342686148
2021-01-10,0.689276125682689,1031.44843594808,710.952781771765
2021-01-11,0.684982452450882,989.041034740589,677.475753551167
2021-01-12,0.695923110120985,959.746448380149,667.909733284283
2021-01-13,0.70584964898729,939.100739897553,662.863927620392
2021-01-14,0.716672792008415,905.900208689053,649.23403184219
2021-01-15,0.723930857498954,870.467708995949,630.158434998587
2021-01-16,0.733501260267495,823.038378698093,603.699688023567
2021-01-17,0.736620764300139,765.565190219514,563.931215541079
2021-01-18,0.745156650564757,694.42119477273,517.452571578024
2021-01-19,0.756371905897659,643.922907808542,487.04519703031
2021-01-20,0.767655208844198,599.562534177017,460.257302388815
2021-01-21,0.770159353635577,563.851038423337,434.255151298866
2021-01-22,0.773201806819941,537.904404789804,415.908657679882
2021-01-23,0.776345554691362,512.515763277422,397.889334529677
2021-01-24,0.778145508476332,476.804267523743,371.023099195948
2021-01-25,0.77760830555602,442.766748133516,344.299100772653
2021-01-26,0.787895824561199,425.468992377828,335.225242574751
2021-01-27,0.816556563747642,401.7543272289,328.055132912776
2021-01-28,0.849416848624056,377.48166995882,320.639290509767
2021-01-29,0.894805597731005,364.368855111766,326.039291192846
2021-01-30,0.950829870413481,349.582063901258,332.39306851811
2021-01-31,1.00234856862796,341.491178144565,342.29319361228
2021-02-01,1.0356089880437,328.657359358086,340.360515337943
2021-02-02,1.04505113404664,320.287477540817,334.716791624968
2021-02-03,1.04120930139249,313.033579965851,325.933475108633
2021-02-04,1.04469317236023,308.290646936065,322.069133956626
2021-02-05,1.04326724254078,305.779682390885,319.009926072933
2021-02-06,1.01638205673332,295.735824210162,300.580585260448
2021-02-07,1.000388435421,299.08377693707,299.199951669878
2021-02-08,0.990702659666172,302.989721785128,300.17272322404
2021-02-09,0.983666975150632,300.478757239948,295.571030231241
2021-02-10,0.960252482267872,299.920765118797,287.999659189004
2021-02-11,0.938069215335601,303.268717845704,284.487048185353
2021-02-12,0.928387987472555,302.989721785128,281.292018032965
2021-02-13,0.947507697549712,298.804780876494,283.119829945133
2021-02-14,0.972482244693867,293.503855725557,285.427288442295
2021-02-15,1.00912745510361,294.61983996786,297.3089693298
2021-02-16,1.04897420711016,294.340843907284,308.755953357779
2021-02-17,1.0826383055764,293.503855725557,317.758517042856
2021-02-18,1.11967871536581,296.851808452465,332.378651542073
2021-02-19,1.13578261146971,294.340843907284,334.307212355212
2021-02-20,1.15070545458404,299.362772997645,344.478375787794
2021-02-21,1.13931559379345,297.409800573616,338.84362354052
2021-02-22,1.13299633221785,301.59474148225,341.70573591558
2021-02-23,1.10980323620922,304.942694209158,338.426388891682
2021-02-24,1.11198346554362,313.033579965851,348.088165081952
2021-02-25,1.10055489411505,313.870568147578,345.431789893487
2021-02-26,1.1092345477947,318.334505116788,353.10763083067
2021-02-27,1.09169322940564,327.820371176359,357.879279674476
2021-02-28,1.07810042386237,337.864229357081,364.251568877804
2021-03-01,1.03598165015191,346.513107234926,358.981220632506
2021-03-02,1.0178595261666,353.209012688741,359.517158293134
2021-03-03,0.993878437798991,352.65102056759,350.492245409936
2021-03-04,0.975490884757973,352.372024507014,343.735697950305
2021-03-05,0.938376861020333,356.277969355073,334.323002534111
2021-03-06,0.910407022170159,359.067929960829,326.897964872441
2021-03-07,0.883230573901608,363.252870869463,320.836041609443
2021-03-08,0.882933490140046,354.603992991619,313.091741149687
2021-03-09,0.881935845005593,350.69804814356,309.293179431303
2021-03-10,0.888697413986498,345.397122992623,306.953530001921
2021-03-11,0.898266624875841,342.049170265716,307.251353716166
2021-03-12,0.909962573537871,342.328166326291,311.505819224773
2021-03-13,0.911704733816617,333.958284509023,304.471348884153
2021-03-14,0.916566461804532,325.309406631178,298.167691827671
2021-03-15,0.919546065343195,320.287477540817,294.519089751355
2021-03-16,0.942216377487191,308.01165087549,290.213621911753
2021-03-17,0.969959974926167,303.826709966855,294.699747981351
2021-03-18,0.992684764612609,298.804780876494,296.618953569505
2021-03-19,1.02992392238559,294.340843907284,303.148676475274
2021-03-20,1.07560920157341,295.456828149586,317.796083025388
2021-03-21,1.12515943144249,292.945863604406,329.610801336563
2021-03-22,1.15290266225033,289.876906938074,334.199857733798
2021-03-23,1.15440844283082,293.782851786133,339.145404460827
2021-03-24,1.14681941324308,297.688796634192,341.395291085062
2021-03-25,1.16368219647754,306.05867845146,356.15503519141
2021-03-26,1.16340838119387,302.710725724553,352.176195385222
2021-03-27,1.21019264796397,305.779682390885,370.052323526205
2021-03-28,1.29509878515769,314.428560268729,407.216046422911
2021-03-29,1.42973453376049,327.262379055208,467.898324935846
2021-03-30,1.53207222261308,342.328166326291,524.471474646582
2021-03-31,1.6284205939657,369.948776323278,602.432206077235
2021-04-01,1.68403791781831,398.406374501992,670.931441361878
2021-04-02,1.72208016630817,428.53794904416,737.976702559327
2021-04-03,1.67901773497476,457.8325354046,768.708946592781
2021-04-04,1.57123872877121,498.286964188066,782.927776174119
2021-04-05,1.41033502115314,549.622239333981,775.151492537327
2021-04-06,1.27966679187323,582.264778421329,745.104901023201
2021-04-07,1.15141526834357,615.744305690404,708.97739496754
2021-04-08,1.04992487482933,635.832022051849,667.575856165269
2021-04-09,0.991645953905324,661.499659624806,655.973460976688
2021-04-10,0.992845059628735,696.653163257335,691.668651414776
2021-04-11,1.02722722278775,716.461883558204,735.969150880771
2021-04-12,1.07516119754961,743.245505373464,799.108727630699
2021-04-13,1.12161940061039,783.978930217505,879.325977801731
2021-04-14,1.15922886821167,802.671666276072,930.480167242786
2021-04-15,1.17569510492422,816.342473244278,959.769849735027
2021-04-16,1.17700282693009,830.013280212483,976.927977199608
2021-04-17,1.1685511733269,841.173122635508,982.953839426776
2021-04-18,1.15793477228566,843.963083241265,977.254200610478
2021-04-19,1.14210532557818,846.474047786445,966.76251794062
2021-04-20,1.13688290993316,875.210642025735,995.012021510685
2021-04-21,1.14049310517478,896.414342629482,1022.35437714871
2021-04-22,1.16181688193952,919.850011717834,1068.69727246605
2021-04-23,1.17854684329533,943.843672927338,1112.36398129278
2021-04-24,1.19277371237366,968.953318379144,1155.74204667987
2021-04-25,1.20324072262177,1011.91871170779,1217.58180190977
2021-04-26,1.21505857455002,1054.88410503644,1281.74597698105
2021-04-27,1.21453840620463,1082.50471503342,1314.74355130569
2021-04-28,1.2121743565456,1113.75227381789,1350.06194586641
2021-04-29,1.20794652071021,1151.4167419956,1390.84984738107
2021-04-30,1.20208509767704,1190.75518653677,1431.38906471749
2021-05-01,1.18752208894153,1225.35069804814,1455.13102063209
2021-05-02,1.17853717941628,1271.6640441037,1498.70335570307
2021-05-03,1.1932055369379,1330.25321682458,1587.26550384455
2021-05-04,1.21351530821892,1358.71081500329,1648.8163734491
2021-05-05,1.23813491596145,1411.16207439151,1747.20903638472
2021-05-06,1.25859967018908,1473.93618802103,1855.09560012302
2021-05-07,1.28079009459058,1553.72906134565,1990.00079144903
2021-05-08,1.28902450639245,1608.41228921848,2073.2828571854
2021-05-09,1.29521232230094,1671.74439496914,2165.26394010156
2021-05-10,1.29296144296796,1758.79116586874,2274.04916370094
2021-05-11,1.29332555382313,1833.84110616358,2371.75356425263
2021-05-12,1.28516310869839,1925.35181403239,2474.39112265994
2021-05-13,1.26438173456017,2013.51456917428,2545.85104353475
2021-05-14,1.23468034866916,2113.67415492093,2609.71194257078
2021-05-15,1.20104707469591,2214.39173278873,2659.58871289672
2021-05-16,1.16292024102405,2309.52938944502,2685.79847422554
2021-05-17,1.11062482070833,2398.80812882922,2664.17584799464
2021-05-18,1.05689955098396,2497.57273427299,2639.6835014029
2021-05-19,0.994174968078811,2568.99572578035,2554.03124367228
2021-05-20,0.934338102281576,2634.28080395505,2461.30892724414
2021-05-21,0.86872758583929,2656.87948486167,2308.10450074982
2021-05-22,0.820099219035018,2677.80418940485,2196.06512445961
2021-05-23,0.780886672510352,2659.11145334628,2076.46469463774
2021-05-24,0.761672403296083,2625.07393395605,1999.44637210621
2021-05-25,0.751084112438238,2591.87340274755,1946.71493425492
2021-05-26,0.758138328063882,2543.60708426797,1928.40602211837
2021-05-27,0.76622530151439,2482.50694700191,1902.15963397811
2021-05-28,0.782603750337076,2391.83322731483,1871.85765387742
2021-05-29,0.790277236240048,2300.6015155066,1818.11300736422
2021-05-30,0.794721424461476,2211.60177218298,1757.60731073078
2021-05-31,0.782252825842836,2100.56134007388,1643.170044129
2021-06-01,0.768456050151064,1993.14785675226,1531.6465293669
2021-06-02,0.754696382928767,1880.99144040086,1419.5774363905
2021-06-03,0.75137200962969,1762.13911859565,1324.0220107863
2021-06-04,0.756709477346223,1662.81652103072,1258.26902055182
2021-06-05,0.776341230075387,1579.67569497919,1226.36737216033
2021-06-06,0.80712001993408,1524.71347104579,1230.62676714424
2021-06-07,0.839322638286739,1439.06168044907,1207.83704629186
2021-06-08,0.876185363799909,1380.47250772819,1209.5498063996
2021-06-09,0.909505896018611,1315.46642561407,1196.42447011052
2021-06-10,0.942714678438213,1262.17817804413,1189.8738952466
2021-06-11,0.959356328245692,1220.04977289721,1170.46247040365
2021-06-12,0.96481647777253,1182.3853047195,1140.78482506947
2021-06-13,0.948672662416116,1141.65187987546,1083.05392843381
2021-06-14,0.935176451736807,1109.28833684868,1037.38033080718
2021-06-15,0.919481295782554,1071.3448726104,985.081571697804
2021-06-16,0.918998284149716,1046.51422321917,961.744775476688
2021-06-17,0.926972649165337,1024.19453837312,949.400324496399
2021-06-18,0.959590755696487,1013.03469595009,972.098729433511
2021-06-19,1.00328766029565,1006.89678261743,1010.20711719146
2021-06-20,1.05677741868663,1001.31686140592,1058.16904808394
2021-06-21,1.09868260039786,1004.66481413282,1103.80775051968
2021-06-22,1.12221615276169,999.642885042463,1121.81539258795
2021-06-23,1.12468106420864,1008.84975504146,1134.63421612665
2021-06-24,1.10566910553535,1013.03469595009,1120.08116614742
2021-06-25,1.06913211087479,1018.61461716161,1089.0335958139
2021-06-26,1.02163961557243,1013.31369201067,1035.24141076006
2021-06-27,0.992298188254465,1009.68674322319,1001.91032600492
2021-06-28,0.978484715563165,1007.17577867801,985.506105321857
2021-06-29,0.985739298336185,1014.98766837412,1000.51323204299
2021-06-30,0.991428759749493,1022.52056200966,1013.7562926116
2021-07-01,1.00863212023644,1047.90920352205,1056.95488176372
2021-07-02,1.01651546496189,1054.32611291529,1071.73879889154
2021-07-03,1.02950278559414,1060.18503018737,1091.4634418231
2021-07-04,1.02080971439446,1062.41699867198,1084.52559298216
2021-07-05,1.01138520336768,1064.64896715658,1076.77021216286
2021-07-06,0.990382838639097,1062.69599473255,1052.47587587363
2021-07-07,0.981259284003973,1059.62703806622,1039.76886868411
2021-07-08,0.964050399199269,1053.21012867298,1015.3476449879
2021-07-09,0.957593840111131,1043.72426261341,999.463924653136
2021-07-10,0.95489561667558,1047.35121140089,1000.11108088657
2021-07-11,0.973180008555583,1049.86217594608,1021.70488136938
2021-07-12,0.992715365631042,1041.21329806823,1033.62843989171
2021-07-13,1.01672541376577,1038.70233352305,1056.07505983069
2021-07-14,1.03654675069852,1046.79321927974,1085.05011009766
2021-07-15,1.05732494847848,1041.77129018938,1101.49077572585
2021-07-16,1.07213146686495,1050.14117200665,1125.88939515877
2021-07-17,1.07283984939151,1048.74619170377,1125.1367063574
2021-07-18,1.05877134985526,1049.86217594608,1111.56399318841
2021-07-19,1.03141976665835,1052.65213655183,1085.72622105471
2021-07-20,1.00657321154215,1062.97499079313,1069.96215027163
2021-07-21,0.980089002942151,1058.7900498845,1037.70848431637
2021-07-22,0.968798532189749,1061.30101442968,1028.18686499096
2021-07-23,0.963308061580864,1058.51105382392,1019.67223142104
2021-07-24,0.970517377119781,1059.62703806622,1028.38645370923
2021-07-25,0.965507553701997,1062.41699867198,1025.7716373992
2021-07-26,0.964611424973487,1083.06270715457,1044.73466128402
2021-07-27,0.956346417595073,1083.34170321515,1036.04995690115
2021-07-28,0.954910782659149,1069.39190018637,1021.17385637632
2021-07-29,0.958646463461625,1056.55808139989,1012.8656681758
2021-07-30,0.961726208025995,1042.60827837111,1002.70370601436
2021-07-31,0.954094875317187,1039.53932170478,991.819139529233
2021-08-01,0.937894265243835,1033.68040443269,969.482923412348
2021-08-02,0.928246950644616,1037.58634928075,963.136364750334
2021-08-03,0.910810734794537,1007.73377079916,917.854736258849
2021-08-04,0.897051901754499,990.157018982892,888.222236914169
2021-08-05,0.869519974077439,977.323200196413,849.802043700065
2021-08-06,0.85449167910298,971.464282924325,830.108146304579
2021-08-07,0.827008700835408,944.401665048489,781.028394078548
2021-08-08,0.817613485047247,927.103909292801,758.012658277813
2021-08-09,0.801887833621084,895.29835838718,717.928861051608
2021-08-10,0.801840873006567,867.677748390193,695.739483257565
2021-08-11,0.792085472767086,844.24207930184,668.711886513666
2021-08-12,0.793442324870207,820.527414152912,651.041179105226
2021-08-13,0.79093876868244,792.62780809535,626.920062558397
2021-08-14,0.813069415813087,761.938241432031,619.508680846792
2021-08-15,0.827348163961561,728.737710223532,602.919806562991
2021-08-16,0.84159644554357,683.261352349705,575.030325514804
2021-08-17,0.835225493793572,667.079580836319,557.161872303623
2021-08-18,0.825522565003008,645.31788811142,532.724478236064
2021-08-19,0.793228068795202,613.512337205799,486.655206423786
2021-08-20,0.758221819663137,587.565703572266,445.505136934215
2021-08-21,0.715361165076819,563.851038423337,403.357135776293
2021-08-22,0.686369319228159,526.186570245628,361.158318006492
2021-08-23,0.655985523918991,494.660015400583,324.489809364327
2021-08-24,0.645739408850041,470.108362069928,303.567495818496
2021-08-25,0.643314243159569,444.161728436394,285.735566169505
2021-08-26,0.660824337880125,419.052082984588,276.919815275578
2021-08-27,0.687148587896754,396.732398138538,272.614107153789
2021-08-28,0.715345487434702,371.343756626156,265.639080589571
2021-08-29,0.736026866239401,349.582063901258,257.301790986745
2021-08-30,0.746781914527373,323.635430267725,241.685086224221
2021-08-31,0.750659371021782,297.688796634192,223.462884841653
2021-09-01,0.741329390747491,270.34718269778,200.416312239646
2021-09-02,0.72910135903894,253.607419063243,184.905513901368
2021-09-03,0.711178564921293,233.240706641222,165.875791030333
2021-09-04,0.70666242578977,220.685883915319,155.950422065159
2021-09-05,0.705709478730224,204.783108462509,144.517380725832
2021-09-06,0.750798482073497,188.880333009698,141.811067317218
2021-09-07,0.789055890299946,174.930529980917,138.029965074734
2021-09-08,0.83579986889049,163.770687557892,136.879519188991
2021-09-09,0.858951904824481,156.795786043501,134.680039090517
2021-09-10,0.879730897601367,154.28482149832,135.729124502984
2021-09-11,0.848806364045254,145.914939681052,123.853529410556
2021-09-12,0.794213512751034,136.708069682056,108.575396243599
2021-09-13,0.695903220892355,127.50119968306,88.7284955270812
2021-09-14,0.62321474294072,118.57332574464,73.8966447235723
2021-09-15,0.555659779582958,111.319428169674,61.8557289200621
2021-09-16,0.523746663459316,102.949546352406,53.9194814067225
2021-09-17,0.50765517068243,95.9746448380149,48.722024706428
2021-09-18,0.555775471434309,90.1157275659268,50.0841109715987
2021-09-19,0.598039766710653,85.3727945361412,51.0563261278304
2021-09-20,0.626611195282081,79.2348812034774,49.6494636189447
2021-09-21,0.639793765607509,72.2599796890868,46.2314845080029
2021-09-22,0.640843756857582,66.4010624169987,42.5527062986442
2021-09-23,0.640843756857582,60.2631490843349,38.6192628592737
2021-09-24,0.632170287469827,50.2192909036124,31.7471435670675
2021-09-25,0.641098858898398,47.7083263584318,30.585753588343
2021-09-26,0.67284489064443,41.0124209046168,27.5949978586302
2021-09-27,0.76332108112062,33.7585233296506,25.7685925250246
2021-09-28,0.850395911052593,29.8525784815918,25.3865106751223
2021-09-29,0.976048752834467,28.1786021181381,27.5036894540274
2021-09-30,1.05634753901561,27.0626178758356,28.5875297924587
2021-10-01,1.12394957983193,26.2256296941087,29.4762854755214
2021-10-02,1.12522509003601,25.1096454518062,28.2540030642811
2021-10-03,1.15201080432173,23.9936612095037,27.6409569485834
2021-10-04,1.19587045344454,21.7616927248987,26.0241653466453
2021-10-05,1.26153461384554,21.7616927248987,27.4531286283304
2021-10-06,1.33622133063752,20.6457084825962,27.587236060569
2021-10-07,1.42417651271035,21.2037006037475,30.1978123823994
2021-10-08,1.54024794128178,25.1096454518062,38.6750797134598
2021-10-09,1.57596222699606,24.2726572700793,38.2527910064664
2021-10-10,1.59351148807981,27.3416139364112,43.5691759103142
2021-10-11,1.52164063447521,28.1786021181381,42.877706005668
2021-10-12,1.50139771949545,30.6895666633187,46.0772454006103
2021-10-13,1.39989396009695,32.9215351479237,46.0866582106979
2021-10-14,1.29513205533505,34.3165154508018,44.4444191877339
2021-10-15,1.1146809275155,35.9904918142556,40.1179147972534
2021-10-16,1.02114351254951,38.5014563594362,39.3155123851464
2021-10-17,0.936181175124077,40.4544287834656,37.8726746774781
2021-10-18,0.930446665095737,41.0124209046168,38.1598702582034
2021-10-19,0.839612921191807,41.0124209046168,34.4345585208733
2021-10-20,0.779779309384496,42.4074012074949,33.0684140263716
