"fecha","rho7dpromedio","incidenciaAcum14d","riesgopor10"
2020-01-02,1.75,1.04287248798089,1.82502685396657
2020-01-03,1.8,2.08574497596179,3.75434095673122
2020-01-04,1.66666666666667,2.08574497596179,3.47624162660298
2020-01-05,1.42857142857143,2.08574497596179,2.97963567994541
2020-01-06,1.14285714285714,4.17148995192358,4.76741708791266
2020-01-07,0.857142857142857,4.17148995192358,3.5755628159345
2020-01-08,0.785714285714286,4.17148995192358,3.27759924793995
2020-01-09,0.571428571428571,4.17148995192358,2.38370854395633
2020-01-10,0.428571428571429,4.17148995192358,1.78778140796725
2020-01-11,0.285714285714286,4.17148995192358,1.19185427197817
2020-01-12,0.285714285714286,5.21436243990447,1.48981783997271
2020-01-13,0.285714285714286,5.21436243990447,1.48981783997271
2020-01-14,0.285714285714286,5.21436243990447,1.48981783997271
2020-01-15,0.214285714285714,5.21436243990447,1.11736337997953
2020-01-16,0.142857142857143,4.17148995192358,0.595927135989083
2020-01-17,0,3.12861746394268,0
2020-01-18,0,3.12861746394268,0
2020-01-19,0,3.12861746394268,0
2020-01-20,0,1.04287248798089,0
2020-01-21,0.142857142857143,1.04287248798089,0.148981783997271
2020-01-22,0.285714285714286,1.04287248798089,0.297963567994541
2020-01-23,0.428571428571429,1.04287248798089,0.446945351991812
2020-01-24,0.428571428571429,1.04287248798089,0.446945351991812
2020-01-25,0.714285714285714,2.08574497596179,1.48981783997271
2020-01-26,1.14285714285714,1.04287248798089,1.19185427197817
2020-01-27,1.57142857142857,1.04287248798089,1.63879962396998
2020-01-28,1.57142857142857,1.04287248798089,1.63879962396998
2020-01-29,1.42857142857143,3.12861746394268,4.46945351991812
2020-01-30,1.28571428571429,4.17148995192358,5.36334422390174
2020-01-31,1.28571428571429,4.17148995192358,5.36334422390174
2020-02-01,1,4.17148995192358,4.17148995192358
2020-02-02,0.571428571428571,4.17148995192358,2.38370854395633
2020-02-03,0.142857142857143,4.17148995192358,0.595927135989083
2020-02-04,0,4.17148995192358,0
2020-02-05,0,4.17148995192358,0
2020-02-06,0,4.17148995192358,0
2020-02-07,0,4.17148995192358,0
2020-02-08,0,3.12861746394268,0
2020-02-09,0,3.12861746394268,0
2020-02-10,0,3.12861746394268,0
2020-02-11,0,3.12861746394268,0
2020-02-12,0,1.04287248798089,0
2020-02-13,0,0,0
2020-02-14,0,0,0
2020-02-15,0,0,0
2020-02-16,0,0,0
2020-02-17,0,0,0
2020-02-18,0,0,0
2020-02-19,0,0,0
2020-02-20,0,0,0
2020-02-21,0,0,0
2020-02-22,0,0,0
2020-02-23,0,0,0
2020-02-24,0,0,0
2020-02-25,0,0,0
2020-02-26,0,0,0
2020-02-27,0,0,0
2020-02-28,0,0,0
2020-02-29,0,0,0
2020-03-01,0,0,0
2020-03-02,0,0,0
2020-03-03,0,0,0
2020-03-04,0,0,0
2020-03-05,0,0,0
2020-03-06,0,0,0
2020-03-07,0,0,0
2020-03-08,0,0,0
2020-03-09,0,0,0
2020-03-10,0,0,0
2020-03-11,0,0,0
2020-03-12,0,0,0
2020-03-13,0,0,0
2020-03-14,0,0,0
2020-03-15,0,0,0
2020-03-16,0,0,0
2020-03-17,0.142857142857143,0,0
2020-03-18,0.285714285714286,0,0
2020-03-19,0.571428571428571,0,0
2020-03-20,0.714285714285714,0,0
2020-03-21,1.28571428571429,1.04287248798089,1.34083605597544
2020-03-22,1.71428571428571,1.04287248798089,1.78778140796725
2020-03-23,2.14285714285714,2.08574497596179,4.46945351991812
2020-03-24,2.14285714285714,2.08574497596179,4.46945351991812
2020-03-25,2.42857142857143,5.21436243990447,12.663451639768
2020-03-26,2.28571428571429,5.21436243990447,11.9185427197817
2020-03-27,2.33333333333333,5.21436243990447,12.1668456931104
2020-03-28,1.95238095238095,7.30010741586626,14.2525906690722
2020-03-29,1.73809523809524,8.34297990384716,14.500893642401
2020-03-30,1.4047619047619,9.38585239182805,13.1848878837585
2020-03-31,1.29761904761905,11.4715973677898,14.8857632510606
2020-04-01,0.904761904761905,12.5144698557707,11.3226155837926
2020-04-02,0.761904761904762,12.5144698557707,9.53483417582532
2020-04-03,0.571428571428571,13.5573423437516,7.74705276785807
2020-04-04,0.380952380952381,12.5144698557707,4.76741708791266
2020-04-05,0.166666666666667,12.5144698557707,2.08574497596179
2020-04-06,0.214285714285714,11.4715973677898,2.45819943595497
2020-04-07,0.321428571428571,11.4715973677898,3.68729915393245
2020-04-08,0.428571428571429,8.34297990384716,3.5755628159345
2020-04-09,0.428571428571429,8.34297990384716,3.5755628159345
2020-04-10,0.428571428571429,9.38585239182805,4.02250816792631
2020-04-11,0.428571428571429,7.30010741586626,3.12861746394268
2020-04-12,0.571428571428571,6.25723492788537,3.5755628159345
2020-04-13,0.571428571428571,5.21436243990447,2.97963567994541
2020-04-14,0.571428571428571,3.12861746394268,1.78778140796725
2020-04-15,0.428571428571429,2.08574497596179,0.893890703983624
2020-04-16,0.428571428571429,3.12861746394268,1.34083605597544
2020-04-17,0.428571428571429,2.08574497596179,0.893890703983624
2020-04-18,0.571428571428571,2.08574497596179,1.19185427197817
2020-04-19,0.571428571428571,2.08574497596179,1.19185427197817
2020-04-20,0.571428571428571,2.08574497596179,1.19185427197817
2020-04-21,0.428571428571429,2.08574497596179,0.893890703983624
2020-04-22,0.428571428571429,3.12861746394268,1.34083605597544
2020-04-23,0.428571428571429,3.12861746394268,1.34083605597544
2020-04-24,0.428571428571429,2.08574497596179,0.893890703983624
2020-04-25,0.285714285714286,2.08574497596179,0.595927135989083
2020-04-26,0.142857142857143,2.08574497596179,0.297963567994541
2020-04-27,0,2.08574497596179,0
2020-04-28,0,2.08574497596179,0
2020-04-29,0,2.08574497596179,0
2020-04-30,0,1.04287248798089,0
2020-05-01,0,1.04287248798089,0
2020-05-02,0,1.04287248798089,0
2020-05-03,0,1.04287248798089,0
2020-05-04,0,1.04287248798089,0
2020-05-05,0,1.04287248798089,0
2020-05-06,0,0,0
2020-05-07,0,0,0
2020-05-08,0,0,0
2020-05-09,0,0,0
2020-05-10,0,0,0
2020-05-11,0,0,0
2020-05-12,0,0,0
2020-05-13,0,0,0
2020-05-14,0,0,0
2020-05-15,0.142857142857143,0,0
2020-05-16,0.285714285714286,0,0
2020-05-17,0.428571428571429,0,0
2020-05-18,0.428571428571429,0,0
2020-05-19,0.428571428571429,1.04287248798089,0.446945351991812
2020-05-20,0.428571428571429,1.04287248798089,0.446945351991812
2020-05-21,0.428571428571429,1.04287248798089,0.446945351991812
2020-05-22,0.285714285714286,1.04287248798089,0.297963567994541
2020-05-23,0.142857142857143,1.04287248798089,0.148981783997271
2020-05-24,0,1.04287248798089,0
2020-05-25,0,1.04287248798089,0
2020-05-26,0,1.04287248798089,0
2020-05-27,0,1.04287248798089,0
2020-05-28,0,1.04287248798089,0
2020-05-29,0,1.04287248798089,0
2020-05-30,0,1.04287248798089,0
2020-05-31,0,1.04287248798089,0
2020-06-01,0,1.04287248798089,0
2020-06-02,0,0,0
2020-06-03,0,0,0
2020-06-04,0,0,0
2020-06-05,0,0,0
2020-06-06,0,0,0
2020-06-07,0,0,0
2020-06-08,0,0,0
2020-06-09,0.142857142857143,0,0
2020-06-10,0.285714285714286,0,0
2020-06-11,0.428571428571429,0,0
2020-06-12,0.428571428571429,0,0
2020-06-13,0.428571428571429,1.04287248798089,0.446945351991812
2020-06-14,0.428571428571429,1.04287248798089,0.446945351991812
2020-06-15,0.428571428571429,1.04287248798089,0.446945351991812
2020-06-16,0.285714285714286,1.04287248798089,0.297963567994541
2020-06-17,0.142857142857143,1.04287248798089,0.148981783997271
2020-06-18,0,1.04287248798089,0
2020-06-19,0,1.04287248798089,0
2020-06-20,0,1.04287248798089,0
2020-06-21,0,1.04287248798089,0
2020-06-22,0,1.04287248798089,0
2020-06-23,0,1.04287248798089,0
2020-06-24,0.142857142857143,1.04287248798089,0.148981783997271
2020-06-25,0.428571428571429,1.04287248798089,0.446945351991812
2020-06-26,0.714285714285714,1.04287248798089,0.744908919986353
2020-06-27,0.857142857142857,0,0
2020-06-28,1,1.04287248798089,1.04287248798089
2020-06-29,1.28571428571429,2.08574497596179,2.68167211195087
2020-06-30,1.42857142857143,2.08574497596179,2.97963567994541
2020-07-01,1.42857142857143,2.08574497596179,2.97963567994541
2020-07-02,1.71428571428571,3.12861746394268,5.36334422390174
2020-07-03,2,4.17148995192358,8.34297990384716
2020-07-04,2.14285714285714,4.17148995192358,8.93890703983624
2020-07-05,2,5.21436243990447,10.4287248798089
2020-07-06,2,9.38585239182805,18.7717047836561
2020-07-07,2.08571428571429,9.38585239182805,19.5762064172414
2020-07-08,2.28571428571429,9.38585239182805,21.453376895607
2020-07-09,2.25,9.38585239182805,21.1181678816131
2020-07-10,2.25,13.5573423437516,30.5040202734412
2020-07-11,2.53571428571429,17.7288322956752,44.9552533211764
2020-07-12,3.10714285714286,20.8574497596179,64.8070760388127
2020-07-13,3.3452380952381,27.1146846875033,90.705076157005
2020-07-14,3.63095238095238,35.4576645913504,128.745091670975
2020-07-15,3.71666666666667,45.8863894711594,170.544414201142
2020-07-16,3.59809523809524,65.7009667427964,236.398335575509
2020-07-17,3.32365914786967,79.258309086548,263.427604040187
2020-07-18,3.05742538163591,100.115758846166,306.096462198007
2020-07-19,2.77964760385813,123.058953581746,342.060525456788
2020-07-20,2.60170274170274,150.173638269249,390.70716641658
2020-07-21,2.39857162624286,177.288322956752,425.238741108246
2020-07-22,2.27741430255389,216.917477500026,494.010965732471
2020-07-23,2.15358451531985,265.932484435128,572.708080600028
2020-07-24,2.10755728508209,317.033236346192,668.165706874569
2020-07-25,1.99180347367611,374.391223185141,745.71373885401
2020-07-26,1.86077622000734,430.706337536109,801.448110693648
2020-07-27,1.67205441549606,502.664539206791,840.48246229401
2020-07-28,1.53336465752886,557.936781069779,855.520541227813
2020-07-29,1.40470513140098,595.480190637091,836.474079435552
2020-07-30,1.32841001621503,651.795304988059,865.85141166807
2020-07-31,1.29054658056154,707.067546851046,912.503604814656
2020-08-01,1.29132712993544,782.154365985671,1010.01715259475
2020-08-02,1.2660426457474,846.812460240486,1072.10068761473
2020-08-03,1.22248292677785,920.85640688713,1125.73123543351
2020-08-04,1.14970976115047,981.343011190022,1128.25963900196
2020-08-05,1.06513507657578,1008.45769587752,1074.14366512195
2020-08-06,0.968025326098465,1038.70099802897,1005.4888723358
2020-08-07,0.878648000582623,1039.74387051695,913.568872947757
2020-08-08,0.812874174651126,1044.95823295686,849.419561159703
2020-08-09,0.782309787487473,1047.04397793282,819.112751866661
2020-08-10,0.78028363165767,1056.42983032465,824.314904597211
2020-08-11,0.781753952325265,1043.91536046888,816.084958939597
2020-08-12,0.78256669437512,1032.44376310109,807.956102818226
2020-08-13,0.774239217094909,1018.88642075733,788.861824715792
2020-08-14,0.781549210057611,993.857481045792,776.748529221186
2020-08-15,0.794819889537591,943.79960162271,750.150695107385
2020-08-16,0.828006610868642,898.956084639531,744.341580962123
2020-08-17,0.879240326199562,841.598097800582,739.966986039114
2020-08-18,0.940415992638386,800.926070769327,753.203685872499
2020-08-19,0.990428726977917,779.025748521728,771.569480391394
2020-08-20,1.02703563327483,759.211171250091,779.736926054166
2020-08-21,1.04378440174774,751.911063834225,784.833039931714
2020-08-22,1.06738767656229,733.139359050569,782.543917053354
2020-08-23,1.09790247707709,714.367654266913,784.306017163395
2020-08-24,1.13299537728627,678.909989675562,769.201879895882
2020-08-25,1.16901331618191,687.25296957941,803.407873023889
2020-08-26,1.19638889799358,711.23903680297,850.918487450721
2020-08-27,1.18503431120292,714.367654266913,846.550181119837
2020-08-28,1.15696374951649,737.310849002493,853.041924421107
2020-08-29,1.10183000770807,758.16829876211,835.372582469073
2020-08-30,1.0357209526871,768.597023641919,796.052041558879
2020-08-31,0.94517752844202,765.468406177977,723.503536251752
2020-09-01,0.89057754266245,775.897131057786,690.996560336287
2020-09-02,0.872482304567211,773.811386081824,675.136741429018
2020-09-03,0.903172382453267,761.296916226053,687.58234958221
2020-09-04,0.937461719250628,764.425533689996,716.619675052102
2020-09-05,1.01404689877698,784.240110961633,795.256252417161
2020-09-06,1.07307262046462,789.454473401537,847.141980510506
2020-09-07,1.13504461613828,789.454473401537,896.066049720692
2020-09-08,1.15518032408507,786.325855937594,908.348157098463
2020-09-09,1.17758633912267,797.797453305384,939.475382399274
2020-09-10,1.14881526731017,793.625963353461,911.729623234194
2020-09-11,1.13845102394976,791.540218377499,901.12977210928
2020-09-12,1.10969577184892,791.540218377499,878.368833581881
2020-09-13,1.13728839980919,800.926070769327,910.883929390713
2020-09-14,1.15034705116572,801.968943257308,922.542609002531
2020-09-15,1.1901750853307,826.997882968849,984.272275930761
2020-09-16,1.20059515724963,871.841399952028,1046.72856267214
2020-09-17,1.27026270442842,915.642044447225,1163.1059396679
2020-09-18,1.30091063573209,935.456621718862,1216.94546846008
2020-09-19,1.33915468335114,956.31407147848,1280.652467575
2020-09-20,1.3283707394454,998.028970997716,1325.75248219217
2020-09-21,1.36117478540385,1080.41589754821,1470.63487749209
2020-09-22,1.34335892831138,1115.87356213956,1499.0187125668
2020-09-23,1.35718389521903,1153.41697170687,1565.39893847286
2020-09-24,1.34469529947562,1206.6034685939,1622.51401254919
2020-09-25,1.39597349496434,1294.20475758429,1806.67553864442
2020-09-26,1.40599415612137,1368.24870423093,1923.74968226932
2020-09-27,1.40827171343361,1457.93573819729,2053.16966010719
2020-09-28,1.35959701330662,1579.95181929106,2148.09777467649
2020-09-29,1.33654420615832,1676.93896067328,2241.30305196903
2020-09-30,1.29007172372272,1778.09759200743,2293.87342546824
2020-10-01,1.25673104770216,1842.75568626224,2315.84828425546
2020-10-02,1.19821323923678,1948.08580754831,2334.22220577365
2020-10-03,1.1650735304607,2053.41592883438,2392.38054571132
2020-10-04,1.13337236688742,2132.67423792093,2417.11404883227
2020-10-05,1.12018901844396,2243.2187216469,2512.82897795675
2020-10-06,1.11338228116318,2347.50597044499,2613.67155241823
2020-10-07,1.11077976230214,2413.20693718779,2680.54142807534
2020-10-08,1.09128788994062,2482.03652139453,2708.61639818819
2020-10-09,1.08184028769348,2549.82323311329,2758.50150007881
2020-10-10,1.06504418612898,2669.75356923109,2843.40551730667
2020-10-11,1.04348601421521,2685.3966565508,2802.17385373105
2020-10-12,1.00028824377756,2706.25410631042,2707.03416721705
2020-10-13,0.956747299056172,2782.38379793303,2662.03818361008
2020-10-14,0.911542480696606,2768.82645558928,2523.90293594624
2020-10-15,0.876188132842258,2785.51241539697,2440.6329222556
2020-10-16,0.827339015886128,2762.56922066139,2285.5813003393
2020-10-17,0.801217386532901,2729.197301046,2186.68032887672
2020-10-18,0.788852930943787,2702.0826163585,2131.54579156666
2020-10-19,0.793930759341661,2619.69568980801,2079.85698825335
2020-10-20,0.788570605161945,2575.89504531281,2031.27511471598
2020-10-21,0.788407163161769,2527.92291086569,1993.03253084726
2020-10-22,0.789570618442871,2462.22194412289,1944.09810316472
2020-10-23,0.797874340301186,2364.19193025269,1886.32807669575
2020-10-24,0.795539448135785,2211.93254700748,1759.67959775991
2020-10-25,0.794755569273748,2153.53168768055,1711.53130239161
2020-10-26,0.788008170608743,2083.65923098583,1641.94049878116
2020-10-27,0.783158082425321,1925.14261281273,1507.69099704569
2020-10-28,0.772054808702239,1854.22728363003,1431.56509075346
2020-10-29,0.757144453680752,1765.58312215165,1336.80146844947
2020-10-30,0.730096582579029,1683.19619560116,1228.89579021843
2020-10-31,0.708902848806165,1609.15224895452,1140.73261344671
2020-11-01,0.70736343993917,1525.72244991605,1079.24028056503
2020-11-02,0.734252308451915,1426.64956355786,1047.52073539428
2020-11-03,0.745113712052593,1329.66242217564,990.749703164134
2020-11-04,0.763510854697451,1269.17581787275,969.029513465358
2020-11-05,0.760495290747998,1222.24655591361,929.512749905259
2020-11-06,0.768800349744301,1166.97431405062,897.170260784733
2020-11-07,0.753405436759027,1085.63025998811,817.919740185159
2020-11-08,0.747801988483165,1023.05791070926,765.044739961815
2020-11-09,0.749064268270224,947.971091574633,710.091272051678
2020-11-10,0.801323629544697,892.698849711646,715.340682341312
2020-11-11,0.829277325557986,829.083627944811,687.540253645985
2020-11-12,0.894139837347872,790.497345889518,706.815168277578
2020-11-13,0.96913165321753,769.6398961299,745.882384918538
2020-11-14,1.0399543843456,724.796379146722,753.755172251453
2020-11-15,1.07929421118543,704.981801875085,760.882777754854
2020-11-16,1.07767671264282,696.638821971238,750.751435561332
2020-11-17,1.04213330867837,699.76743943518,729.250956963972
2020-11-18,0.999813086670644,669.524137283734,669.39899429815
2020-11-19,0.934609324915158,645.538070060174,603.325899865973
2020-11-20,0.844727446592452,618.423385372671,522.399207238916
2020-11-21,0.768745985305647,627.809237764499,482.625831069257
2020-11-22,0.694287110846772,610.080405468823,423.570962097177
2020-11-23,0.649456549618382,595.480190637091,386.738509977262
2020-11-24,0.61896530173583,577.751358341416,357.60804384408
2020-11-25,0.623115880886409,555.851036093817,346.359607997222
2020-11-26,0.631854368785317,532.907841358237,336.720147722155
2020-11-27,0.670553955047889,508.921774134677,341.259508455996
2020-11-28,0.711488020981955,484.935706911116,345.025946413675
2020-11-29,0.760446354315288,460.949639687555,350.527473023347
2020-11-30,0.793446497794173,421.320485144281,334.295263386672
2020-12-01,0.839900949139928,385.862820552931,324.086549220217
2020-12-02,0.884577499005158,368.133988257256,325.643042631397
2020-12-03,0.933157800691049,335.804941129848,313.359000325916
2020-12-04,0.990258764243626,312.861746394268,309.814086363491
2020-12-05,1.05289612688099,294.090041610612,309.646265766082
2020-12-06,1.13712535428624,285.747061706765,324.930228779556
2020-12-07,1.17760900856299,277.404081802918,326.673545743262
2020-12-08,1.21404168508188,282.618444242822,343.110572283775
2020-12-09,1.22107320975081,281.575571754842,343.824387190104
2020-12-10,1.26212501508833,286.789934194746,361.964750022725
2020-12-11,1.27405111715528,280.532699266861,357.412998899529
2020-12-12,1.28108059561333,292.00429663465,374.081038254368
2020-12-13,1.24010667708839,304.518766490421,377.635755623491
2020-12-14,1.21170840869012,320.161853810135,387.942810403557
2020-12-15,1.15402711644588,335.804941129848,387.528007900356
2020-12-16,1.10100325243803,334.762068641867,368.574126367579
2020-12-17,1.03972335586402,352.490900937542,366.493022434312
2020-12-18,0.981466840024794,357.705263377447,351.0758545073
2020-12-19,0.961761305228716,361.87675332937,348.039058613986
2020-12-20,0.982404805872217,366.048243281294,359.607553380626
2020-12-21,1.07615830727278,376.476968161103,405.14881678344
2020-12-22,1.16773900319864,373.34835069716,435.973430888958
2020-12-23,1.28155479267232,387.948565528893,497.177343463905
2020-12-24,1.36810941452106,404.634525336587,553.584303553246
2020-12-25,1.43346977793553,421.320485144281,603.950182279463
2020-12-26,1.42032669928011,430.706337536109,611.743710751688
2020-12-27,1.38397059161966,452.606659783708,626.394306711855
2020-12-28,1.30255868801524,466.16400212746,607.205971011078
2020-12-29,1.22039105964198,473.464109543326,577.811366348027
2020-12-30,1.13142047140669,491.192941839001,555.74574980712
2020-12-31,1.04476941754252,502.664539206791,525.168537846357
2021-01-01,0.995279019258057,529.779223894294,527.278146380808
2021-01-02,0.971383868537218,539.165076286122,523.736257582978
2021-01-03,0.959207902211054,557.936781069779,535.17736933633
2021-01-04,0.933233876237028,564.194015997664,526.524968499236
2021-01-05,0.915880914143294,587.137210733244,537.747765293907
2021-01-06,0.893088463829835,592.351573173148,529.022356532393
2021-01-07,0.877098461271435,584.008593269301,512.233038525799
2021-01-08,0.857764260119052,580.879975805358,498.258082664656
2021-01-09,0.85907355276815,565.236888485645,485.580061946978
2021-01-10,0.868611512255037,553.765291117855,481.006906952231
2021-01-11,0.8852046029588,543.336566238046,480.964029389747
2021-01-12,0.900664234577058,533.950713846218,480.910310988178
2021-01-13,0.91360651840883,529.779223894294,484.009752267398
2021-01-14,0.92750298608681,513.0932640866,475.89553458135
2021-01-15,0.931617229331488,496.407304278906,462.461597432227
2021-01-16,0.924323988046756,493.278686814963,455.949323015273
2021-01-17,0.887947116942944,477.63559949525,424.115153521122
2021-01-18,0.84334441829227,473.464109543326,399.293314045084
2021-01-19,0.80483602272047,451.563787295727,363.434802571686
2021-01-20,0.780608604679976,438.006444951976,341.911599834799
2021-01-21,0.760887584958957,421.320485144281,320.577526435168
2021-01-22,0.748882393524823,403.591652848606,302.242682991904
2021-01-23,0.781773610330883,404.634525336587,316.332593736907
2021-01-24,0.808322540796582,383.777075576969,310.215660829858
2021-01-25,0.855032604132261,369.176860745237,315.658252628373
2021-01-26,0.861436545018961,353.533773425523,304.546912327199
2021-01-27,0.883701509756386,348.319410985619,307.810389365446
2021-01-28,0.86799129404617,330.590578689944,286.949744196556
2021-01-29,0.876326242679626,318.076108834173,278.738441340807
2021-01-30,0.84328910437933,302.433021514459,255.038471847663
2021-01-31,0.875512520061392,287.832806682727,252.001225935138
2021-02-01,0.865641180221108,270.103974387052,233.813123170819
2021-02-02,0.898045361405777,264.889611947147,237.882887293712
2021-02-03,0.885614283711542,255.503759555319,226.27777900419
2021-02-04,0.906932965030223,252.375142091377,228.887335916856
2021-02-05,0.89420569230295,249.246524627434,222.877661108579
2021-02-06,0.903791344745746,235.689182283682,213.013842998194
2021-02-07,0.865302264903282,231.517692331759,200.332783539852
2021-02-08,0.861851609278714,227.346202379835,195.938690384465
2021-02-09,0.879630578277195,219.003222475988,192.641931231122
2021-02-10,0.930083539949669,206.488752620217,192.051789996803
2021-02-11,1.00680827862563,206.488752620217,207.894585581114
2021-02-12,1.11415521740114,195.017155252427,217.279381007219
2021-02-13,1.22023514937393,205.445880132236,250.692284231417
2021-02-14,1.31165271768495,204.403007644255,268.105760479565
2021-02-15,1.39570755173978,208.574497596179,291.109001395318
2021-02-16,1.42277307880531,210.660242572141,299.721721906238
2021-02-17,1.41751492232764,209.61737008416,297.135750073372
2021-02-18,1.36442654728805,223.174712427911,304.505502320018
2021-02-19,1.24484746565539,234.646309795701,292.098864074569
2021-02-20,1.09381724587517,239.860672235606,262.363739898518
2021-02-21,0.949711988191466,245.07503467551,232.750698437771
2021-02-22,0.83140485672644,248.203652139453,206.357721845981
2021-02-23,0.739321014642597,246.117907163491,181.960140845825
2021-02-24,0.676375449569373,247.160779651472,167.173483452681
2021-02-25,0.640978288590817,250.289397115415,160.430069415466
2021-02-26,0.655758693996222,251.332269603396,164.813320874229
2021-02-27,0.665500303737832,236.732054771663,157.545254355023
2021-02-28,0.724857893668363,233.60343730772,169.329295520564
2021-03-01,0.810697492665857,226.303329891854,183.46354212526
2021-03-02,0.920770752739117,211.703115060122,194.930036611124
2021-03-03,0.996954692341039,204.403007644255,203.780537599562
2021-03-04,1.09834511931286,190.845665300504,209.614405024824
2021-03-05,1.16913019009793,180.416940420695,210.930891850934
2021-03-06,1.24447492258552,177.288322956752,220.630871986921
2021-03-07,1.24559889695891,167.902470564924,209.139132132345
2021-03-08,1.20580297859156,165.816725588962,199.94230161547
2021-03-09,1.12710623673692,169.988215540886,191.594777907913
2021-03-10,1.08724448558485,168.945343052905,183.684892599511
2021-03-11,1.00956290790327,168.945343052905,170.560951809206
2021-03-12,0.965515288855652,166.859598076943,161.105493035598
2021-03-13,0.962394040356252,168.945343052905,162.591991300058
2021-03-14,1.030394489946,175.20257798079,180.527770975741
2021-03-15,1.12271141671671,175.20257798079,196.701934537233
2021-03-16,1.22421517611521,179.374067932714,219.592456164748
2021-03-17,1.30487719702113,190.845665300504,249.030156800954
2021-03-18,1.39578628793022,190.845665300504,266.379762737363
2021-03-19,1.45253231967625,200.231517692332,290.842750865939
2021-03-20,1.44229549767472,208.574497596179,300.826058812736
2021-03-21,1.36300104351931,214.831732524064,292.815875611362
2021-03-22,1.25752437009132,226.303329891854,284.581952371822
2021-03-23,1.15966066320506,233.60343730772,270.900717035252
2021-03-24,1.07364149944199,235.689182283682,253.04568706931
2021-03-25,0.988820070870563,238.817799747625,236.147833671598
2021-03-26,0.950480632531125,251.332269603396,238.886454588119
2021-03-27,0.983126418118087,258.632377019262,254.268322428314
2021-03-28,1.03564059229784,257.589504531281,266.770147042484
2021-03-29,1.14079405952028,272.189719363014,310.512414911817
2021-03-30,1.23736142209749,278.446954290899,344.539519340102
2021-03-31,1.3546233268594,287.832806682727,389.905034167833
2021-04-01,1.42033006730205,295.132914098593,419.186151744706
2021-04-02,1.49216867645409,308.690256442345,460.617931389848
2021-04-03,1.47696259402112,319.118981322154,471.326798454946
2021-04-04,1.46033064106841,336.847813617829,491.909183603017
2021-04-05,1.37679173099889,344.147921033695,473.820011919651
2021-04-06,1.31615489183379,368.133988257256,484.52134949507
2021-04-07,1.2218176974966,382.734203088988,467.631422771382
2021-04-08,1.16818106287405,395.248672944759,461.722014860165
2021-04-09,1.10265297488401,420.277612656301,463.420359872619
2021-04-10,1.09861175443543,438.006444951976,481.199028942718
2021-04-11,1.08155098501617,453.649532271689,490.645098480572
2021-04-12,1.06791854791435,471.378364567364,503.393698607021
2021-04-13,1.04798819404046,501.62166671881,525.693584596209
2021-04-14,1.02233325929461,512.050391598619,523.486145766099
2021-04-15,0.982036213092054,515.179009062562,505.924443124315
2021-04-16,0.956368901931056,519.350499014486,496.690666459829
2021-04-17,0.932323640262032,526.650606430352,491.008810533352
2021-04-18,0.94928891693874,513.0932640866,487.073748953332
2021-04-19,0.942179128578952,512.050391598619,482.443191744898
2021-04-20,0.942505489652976,526.650606430352,496.371087689676
2021-04-21,0.903810360048756,515.179009062562,465.624125670395
2021-04-22,0.85062496276887,528.736351406314,449.756339229544
2021-04-23,0.758870641656751,509.964646622657,386.997198604794
2021-04-24,0.657065166991638,494.321559302944,324.801477910956
2021-04-25,0.567436292185897,476.592727007269,270.43600989577
2021-04-26,0.514439563105768,436.963572463995,224.791349311513
2021-04-27,0.426216364615811,414.020377728415,176.46226027227
2021-04-28,0.402139825139133,377.519840649084,151.815762705176
