"fecha","rho7dpromedio","incidenciaAcum14d","riesgopor10"
2020-01-01,0.75,0,0
2020-01-02,0.8,0,0
2020-01-03,0.833333333333333,0.154246720714718,0.128538933928931
2020-01-04,1,0.154246720714718,0.154246720714718
2020-01-05,1.14285714285714,0.154246720714718,0.176281966531106
2020-01-06,1.14285714285714,0.308493441429435,0.352563933062212
2020-01-07,1,0.308493441429435,0.308493441429435
2020-01-08,0.857142857142857,0.462740162144153,0.396634424694988
2020-01-09,0.714285714285714,0.462740162144153,0.330528687245823
2020-01-10,0.571428571428571,0.462740162144153,0.264422949796659
2020-01-11,0.285714285714286,0.462740162144153,0.132211474898329
2020-01-12,0.142857142857143,0.462740162144153,0.0661057374491647
2020-01-13,0,0.462740162144153,0
2020-01-14,0,0.462740162144153,0
2020-01-15,0,0.462740162144153,0
2020-01-16,0,0.462740162144153,0
2020-01-17,0,0.308493441429435,0
2020-01-18,0,0.308493441429435,0
2020-01-19,0,0.308493441429435,0
2020-01-20,0,0.154246720714718,0
2020-01-21,0,0.154246720714718,0
2020-01-22,0,0,0
2020-01-23,0,0,0
2020-01-24,0,0,0
2020-01-25,0,0,0
2020-01-26,0,0,0
2020-01-27,0,0,0
2020-01-28,0,0,0
2020-01-29,0,0,0
2020-01-30,0,0,0
2020-01-31,0,0,0
2020-02-01,0,0,0
2020-02-02,0,0,0
2020-02-03,0,0,0
2020-02-04,0,0,0
2020-02-05,0,0,0
2020-02-06,0,0,0
2020-02-07,0,0,0
2020-02-08,0,0,0
2020-02-09,0,0,0
2020-02-10,0,0,0
2020-02-11,0,0,0
2020-02-12,0,0,0
2020-02-13,0,0,0
2020-02-14,0,0,0
2020-02-15,0,0,0
2020-02-16,0,0,0
2020-02-17,0,0,0
2020-02-18,0,0,0
2020-02-19,0,0,0
2020-02-20,0,0,0
2020-02-21,0.142857142857143,0,0
2020-02-22,0.285714285714286,0,0
2020-02-23,0.428571428571429,0,0
2020-02-24,0.428571428571429,0,0
2020-02-25,0.571428571428571,0.154246720714718,0.0881409832655529
2020-02-26,0.857142857142857,0.154246720714718,0.132211474898329
2020-02-27,1.28571428571429,0.154246720714718,0.198317212347494
2020-02-28,1.42857142857143,0.154246720714718,0.220352458163882
2020-02-29,1.42857142857143,0.308493441429435,0.440704916327765
2020-03-01,1.28571428571429,0.462740162144153,0.594951637042482
2020-03-02,1.28571428571429,0.61698688285887,0.793268849389976
2020-03-03,1.14285714285714,0.61698688285887,0.705127866124423
2020-03-04,0.857142857142857,0.61698688285887,0.528845899593317
2020-03-05,0.428571428571429,0.61698688285887,0.264422949796659
2020-03-06,0.142857142857143,0.61698688285887,0.0881409832655529
2020-03-07,0.142857142857143,0.61698688285887,0.0881409832655529
2020-03-08,0.285714285714286,0.61698688285887,0.176281966531106
2020-03-09,0.428571428571429,0.61698688285887,0.264422949796659
2020-03-10,0.428571428571429,0.462740162144153,0.198317212347494
2020-03-11,0.428571428571429,0.61698688285887,0.264422949796659
2020-03-12,0.428571428571429,0.61698688285887,0.264422949796659
2020-03-13,0.714285714285714,0.61698688285887,0.440704916327765
2020-03-14,1.14285714285714,0.462740162144153,0.528845899593318
2020-03-15,1.57142857142857,0.308493441429435,0.484775407960541
2020-03-16,2,0.154246720714718,0.308493441429435
2020-03-17,2.57142857142857,0.462740162144153,1.18990327408496
2020-03-18,3.07142857142857,0.771233603573588,2.36878892526173
2020-03-19,3.17857142857143,0.771233603573588,2.45142109707319
2020-03-20,2.96428571428571,1.38822048643246,4.1150821562105
2020-03-21,2.41666666666667,1.69671392786189,4.10039199233291
2020-03-22,1.94047619047619,1.85096064857661,3.59174506807128
2020-03-23,1.43027210884354,1.85096064857661,2.64737739022607
2020-03-24,1.00170068027211,2.00520736929133,2.00861758590577
2020-03-25,0.715986394557823,1.85096064857661,1.32526264124278
2020-03-26,1.18027210884354,2.31370081072076,2.7307965351024
2020-03-27,1.39455782312925,2.31370081072076,3.22658956597113
2020-03-28,1.75170068027211,2.31370081072076,4.05291128408569
2020-03-29,2.08503401360544,2.77644097286492,5.78897386519114
2020-03-30,2.45238095238095,3.23918113500907,7.94370611680796
2020-03-31,2.5,3.23918113500907,8.09795283752267
2020-04-01,2.35714285714286,3.39342785572379,7.99879423134893
2020-04-02,1.83928571428571,4.01041473858266,7.37629853703596
2020-04-03,1.60119047619048,3.70192129715322,5.92748112460843
2020-04-04,1.29960317460317,3.70192129715322,4.81102866991143
2020-04-05,0.96031746031746,3.54767457643851,3.40689383927825
2020-04-06,0.638888888888889,3.70192129715322,2.36511638429234
2020-04-07,0.496031746031746,3.85616801786794,1.91278175489481
2020-04-08,0.51984126984127,4.16466145929738,2.16496290146014
2020-04-09,0.580555555555556,3.85616801786794,2.23871976592889
2020-04-10,0.704365079365079,3.85616801786794,2.71615009195063
2020-04-11,0.910714285714286,3.85616801786794,3.51186730198687
2020-04-12,1.39285714285714,3.70192129715322,5.15624752103485
2020-04-13,1.64285714285714,3.54767457643851,5.82832251843469
2020-04-14,1.8452380952381,3.54767457643851,6.546304277952
2020-04-15,1.98809523809524,3.39342785572379,6.7464577607842
2020-04-16,2.08809523809524,2.77644097286492,5.79747317429174
2020-04-17,2.23809523809524,2.93068769357963,6.5591581713449
2020-04-18,2.2952380952381,3.23918113500907,7.43469193844939
2020-04-19,1.9891156462585,3.70192129715322,7.36354957338505
2020-04-20,1.7891156462585,3.85616801786794,6.89913053536917
2020-04-21,1.61848072562358,4.16466145929738,6.74042430062019
2020-04-22,1.45975056689342,4.78164834215625,6.98001387814758
2020-04-23,1.29308390022676,5.09014178358568,6.58198039022616
2020-04-24,1.04857840572126,5.39863522501512,5.660892317317
2020-04-25,0.796630353773211,5.39863522501512,4.30071668919631
2020-04-26,0.75989565989566,5.55288194572983,4.21961089047307
2020-04-27,0.831324231324231,5.39863522501512,4.48801627863561
2020-04-28,1.00195915195915,5.55288194572983,5.56376088527275
2020-04-29,1.08585937871652,5.70712866644455,6.19713918800073
2020-04-30,1.16068931068931,6.01562210787399,6.98226827775564
2020-05-01,1.20876623376623,6.01562210787399,7.27148087909573
2020-05-02,1.24285714285714,5.70712866644455,7.09314562829537
2020-05-03,1.23877551020408,5.70712866644455,7.06985122557519
2020-05-04,1.22448979591837,5.55288194572983,6.79944728048551
2020-05-05,1.3078231292517,5.39863522501512,7.06046001366773
2020-05-06,1.59353741496599,4.93589506287096,7.86553345903077
2020-05-07,2.04251700680272,5.2443885043004,10.7117527103143
2020-05-08,2.3980364873222,5.55288194572983,13.3160135156528
2020-05-09,2.64208410636982,6.32411554930342,16.7088451796608
2020-05-10,2.7339208410637,7.8665827564506,21.5066145458126
2020-05-11,2.7404143475572,9.87179012574193,27.0527952966567
2020-05-12,2.61243815708101,10.9515171707449,28.610161334782
2020-05-13,2.34878675057247,11.5685040536038,27.1719490450485
2020-05-14,1.98933974596417,13.4194647021804,26.6958745016108
2020-05-15,1.67932717788709,14.9619319093276,25.1259788890299
2020-05-16,1.45733838236888,17.5841261614778,25.6260219755383
2020-05-17,1.27455222442744,19.5893335307691,24.9676286266929
2020-05-18,1.20258252745774,21.1318007379163,25.4127343411368
2020-05-19,1.1276601672093,22.2115277829193,25.0470551336608
2020-05-20,1.10063314018227,23.9082417107812,26.3142031503739
2020-05-21,1.10497810397424,26.0676958007873,28.8042330809311
2020-05-22,1.15706255365809,28.0729031700786,32.4821050305674
2020-05-23,1.19571801584296,28.2271498907933,33.7517116603213
2020-05-24,1.26625927582522,28.9983834943669,36.7194720836789
2020-05-25,1.34393058825263,31.3120843050877,42.0812678795523
2020-05-26,1.42643381103477,32.8545515122348,46.8648431234352
2020-05-27,1.42804736488713,34.2427719986673,48.9003003191275
2020-05-28,1.41391863647268,35.7852392058145,50.597416623734
2020-05-29,1.44132727434644,37.6361998543911,54.2460813528873
2020-05-30,1.51055804357721,39.332913782253,59.414649291111
2020-05-31,1.51262469302179,39.9499006651119,60.429206229816
2020-06-01,1.50709623773724,44.7315490072681,67.4147492170128
2020-06-02,1.49602158638367,49.8216907908538,74.5343248932499
2020-06-03,1.51569871096485,52.443885043004,79.4891289576698
2020-06-04,1.47975706640251,55.6830661780131,82.3974106558737
2020-06-05,1.41271445988622,60.0019743580251,84.7656567973045
2020-06-06,1.36836053794609,66.0175964658991,90.3358738139859
2020-06-07,1.36111335474954,69.7195177630524,94.8961667139886
2020-06-08,1.35011768375387,72.650205456632,98.086327115351
2020-06-09,1.34825432971661,78.2030874023618,105.437651187441
2020-06-10,1.366314156387,86.0696701588124,117.598208773545
2020-06-11,1.3838508141233,91.3140586631128,126.365034421851
2020-06-12,1.40768110809026,98.1009143745604,138.094803851449
2020-06-13,1.39812090292038,103.036809437431,144.057917044697
2020-06-14,1.42219788414022,110.903392193882,157.726569722112
2020-06-15,1.41874753910572,117.844494626044,167.191586747857
2020-06-16,1.4557605261187,127.253544589642,185.250687022287
2020-06-17,1.45331060753368,135.120127346093,196.371514363378
2020-06-18,1.46679670372654,145.763151075408,213.804909522203
2020-06-19,1.41787826567055,154.400967435432,218.921775925205
2020-06-20,1.38318784664176,171.368106714051,237.034282508883
2020-06-21,1.28114910115878,180.622909956934,231.404878740011
2020-06-22,1.19275925658774,191.728673848394,228.686150485963
2020-06-23,1.069425693599,199.1325164427,212.957429514849
2020-06-24,1.00568757717508,206.690605757722,207.866174529332
2020-06-25,0.939501102585243,211.472254099878,198.678415893022
2020-06-26,0.925413637749053,214.865681955602,198.839632365964
2020-06-27,0.930405175274837,223.811991757055,208.235835419333
2020-06-28,0.981846793017825,226.58843272992,222.475126010807
2020-06-29,1.02944455838095,229.056380261356,235.800844222491
2020-06-30,1.0686955372871,231.370081072076,247.264173103484
2020-07-01,1.09203209263005,239.236663828527,261.254114634498
2020-07-02,1.09293160736552,239.390910549242,261.637892655279
2020-07-03,1.07858944395937,240.007897432101,258.869984637146
2020-07-04,1.04477792307888,234.455015486371,244.953424135277
2020-07-05,1.02551929747295,236.151729414233,242.178155645906
2020-07-06,1.02682493545515,232.449808117079,238.685259216381
2020-07-07,1.04723948025993,234.7635089278,245.853615073548
2020-07-08,1.07275288537102,235.380495810659,252.505106040945
2020-07-09,1.11346882278656,240.007897432101,267.241311013198
2020-07-10,1.15282409389281,249.879687557843,288.067324391088
2020-07-11,1.18607949302428,250.496674440701,297.108968624895
2020-07-12,1.1998631246125,257.592023593578,309.075170304248
2020-07-13,1.21089703114376,264.224632584311,319.948823151394
2020-07-14,1.21709352961669,267.77230716075,325.90394245588
2020-07-15,1.22050165640312,275.484643196486,336.229463334933
2020-07-16,1.2200715956061,280.112044817927,341.756749469497
2020-07-17,1.22946410734138,293.685756240822,361.076096135501
2020-07-18,1.22563170435303,302.477819321561,370.726405224074
2020-07-19,1.2178613059112,312.041116005874,380.022801036903
2020-07-20,1.19054276980111,330.704969212355,393.718410033067
2020-07-21,1.15662506604772,341.34799294167,394.811644881417
2020-07-22,1.12512009917959,353.379237157418,397.594082358561
2020-07-23,1.10422819835613,362.942533841731,400.771380250864
2020-07-24,1.09358929524411,369.112402670319,403.657372302095
2020-07-25,1.08244467857725,381.297893606782,412.733875887376
2020-07-26,1.07677568663018,394.408864867533,424.689876280767
2020-07-27,1.06427432686297,405.206135317563,431.250486905845
2020-07-28,1.06642612654998,418.625600019744,446.433277103717
2020-07-29,1.05964439389322,418.317106578314,443.267376855341
2020-07-30,1.07667471467634,429.422870469774,462.348746538538
2020-07-31,1.08367834976143,431.27383111835,467.362113601624
2020-08-01,1.10107581368215,441.762608126951,486.414123197731
2020-08-02,1.10602722712125,449.937684324831,497.64332937115
2020-08-03,1.1144487053051,457.495773639852,509.85557261549
2020-08-04,1.10333595836274,469.5270178556,518.04604222291
2020-08-05,1.07237462646156,468.755784252027,502.681809038964
2020-08-06,1.0215938461534,483.100729278496,493.532732103133
2020-08-07,0.948386477288407,488.190871062081,462.993620450926
2020-08-08,0.877759481512835,488.345117782796,428.649557384351
2020-08-09,0.816265822236179,481.712508792063,393.205457070606
2020-08-10,0.792293965882982,481.712508792063,381.657914006304
2020-08-11,0.789634520767353,465.979343279162,367.953375417727
2020-08-12,0.829006990402981,462.123175261294,383.103342718835
2020-08-13,0.886865367255208,459.655227729858,407.652302351417
2020-08-14,0.968341954164611,454.410839225558,440.025080049258
2020-08-15,1.02884278049071,446.544256469107,459.423834437834
2020-08-16,1.0877858052927,441.608361406236,480.375307036273
2020-08-17,1.12352061645855,435.129999136218,488.877524869131
2020-08-18,1.1358700978826,423.869988524044,481.461245354303
2020-08-19,1.12674545417395,421.864781154753,475.334224442204
2020-08-20,1.12114871391189,416.311899209023,466.747550384414
2020-08-21,1.11578819693587,412.455731191155,460.213236621643
2020-08-22,1.12571086618184,409.833536939005,461.354065857973
2020-08-23,1.12953414708656,418.162859857599,472.329229252529
2020-08-24,1.1309961570113,429.885610631918,486.198973579155
2020-08-25,1.11703769170068,446.698503189822,498.979064889306
2020-08-26,1.08392920621968,457.187280198423,495.558645719211
2020-08-27,1.02231477642125,464.2826293513,474.642992421542
2020-08-28,0.965122559654561,473.228939152754,456.723925057718
2020-08-29,0.913198550207874,472.303458828465,431.306833860319
2020-08-30,0.875956901956217,469.372771134886,411.150318465919
2020-08-31,0.843997507580223,466.596330162021,393.806139702824
2020-09-01,0.841427702786549,468.910030972742,394.553890174963
2020-09-02,0.853575857728789,468.138797369168,399.591975500511
2020-09-03,0.874325441021268,459.346734288429,401.61853603841
2020-09-04,0.892354693093074,455.027826108417,406.046216115785
2020-09-05,0.913873942584522,451.171658090549,412.314021961606
2020-09-06,0.92821481406825,442.533841730525,410.766467620808
2020-09-07,0.929758116886848,427.571909821197,397.53845370907
2020-09-08,0.924262234323296,418.317106578314,386.634703581729
2020-09-09,0.911176093971021,408.291069731857,372.025062121524
2020-09-10,0.898585884424025,395.797085353965,355.657673995244
2020-09-11,0.881255754019084,382.686114093214,337.244340027849
2020-09-12,0.874135625624846,378.212959192488,330.60942170315
2020-09-13,0.864775580164832,369.575142832463,319.599558557444
2020-09-14,0.866348106338422,361.400066634583,313.098263359451
2020-09-15,0.870326305805343,351.836769950271,306.212796237304
2020-09-16,0.900807729143909,346.59238144597,312.213096068924
2020-09-17,0.929820226080935,338.108811806661,314.380411834026
2020-09-18,0.961394857026807,329.779488888066,317.048304569916
2020-09-19,0.986088879676748,326.540307753057,321.997766241513
2020-09-20,1.00887998716871,323.146879897333,326.01642004443
2020-09-21,1.01966761590045,316.82276434803,323.053912785747
2020-09-22,1.02178165596092,310.344402078012,317.104217073473
2020-09-23,1.01765143244294,308.493441429435,313.938792569918
2020-09-24,1.01341199372075,303.249052925135,307.316227318789
2020-09-25,1.00757830431278,302.323572600846,304.614672634943
2020-09-26,0.984032112740365,300.16411851084,295.371131707072
2020-09-27,0.962696983775362,303.249052925135,291.936948583762
2020-09-28,0.932996825492789,302.015079159417,281.779110106689
2020-09-29,0.913871588188565,300.009871790126,274.17049800509
2020-09-30,0.885607708480528,296.153703772258,262.27600295577
2020-10-01,0.872383899790239,295.228223447969,257.552348899684
2020-10-02,0.865822332073721,291.372055430102,252.276432533604
2020-10-03,0.888845074917496,287.978627574378,255.968384800985
2020-10-04,0.907933704421043,280.420538259357,254.603258097561
2020-10-05,0.942249189213417,276.718616962203,260.737892472894
2020-10-06,0.96450267852666,275.793136637915,266.003219006538
2020-10-07,0.98123361040679,270.548748133615,265.471524922184
2020-10-08,0.973380933851061,267.309566998606,260.194035952425
2020-10-09,0.961270046994971,262.682165377164,252.508497456847
2020-10-10,0.937935555687671,258.363257197152,242.328085208487
2020-10-11,0.923294475374949,251.11366132356,231.851856191219
2020-10-12,0.906683998452176,244.481052332827,221.667058074924
2020-10-13,0.902713582654564,241.704611359962,218.190035664881
2020-10-14,0.914105913831586,238.465430224953,217.982660013023
2020-10-15,0.930872054250017,235.07200236923,218.82195774211
2020-10-16,0.941054749282445,235.07200236923,221.215624252898
2020-10-17,0.929812475794528,230.444600747788,214.270264754782
2020-10-18,0.906019778503598,231.832821234221,210.045121344493
2020-10-19,0.878779174778253,226.742679450635,199.256744734639
2020-10-20,0.852401566878906,220.572810622046,188.016609385116
2020-10-21,0.828651131423427,213.631708189884,177.026156699467
2020-10-22,0.82500441582019,206.690605757722,170.52066245867
2020-10-23,0.841492535994946,203.142931181283,170.943260329185
2020-10-24,0.871303910792254,196.047582028406,170.817024922715
2020-10-25,0.910572798559375,194.042374659115,176.689708132457
2020-10-26,0.936918736775407,191.420180406965,179.345153620214
2020-10-27,0.959020253534256,184.324831254088,176.771246401954
2020-10-28,0.964426100008216,181.702637001937,175.238765564987
2020-10-29,0.958015344347086,178.617702587643,171.118499850986
2020-10-30,0.937911474842295,172.602080479769,161.885471863629
2020-10-31,0.924554071857407,169.979886227619,157.155595945604
2020-11-01,0.911700379655889,162.730290354027,148.36126749728
2020-11-02,0.919029491222289,158.2571354533,145.442974677943
2020-11-03,0.913005607256986,156.714668246153,143.081370848156
2020-11-04,0.917779937703737,156.251928084009,143.404884823031
2020-11-05,0.916186540089748,155.172201039006,142.166681988038
2020-11-06,0.922265018858582,152.395760066141,140.549278531368
2020-11-07,0.922070302171362,149.465072372561,137.817304446632
2020-11-08,0.921496530364021,146.997124841126,135.457340514584
2020-11-09,0.908573933834867,144.52917730969,131.315443182182
2020-11-10,0.90666967173643,143.140956823258,129.781564334982
2020-11-11,0.894547238635588,139.593282246819,124.872785165971
2020-11-12,0.893516948093656,134.965880625378,120.59430175316
2020-11-13,0.897445285957405,134.657387183948,120.847637347576
2020-11-14,0.903502179927733,131.10971260751,118.457911150584
2020-11-15,0.89969906749549,128.17902491393,115.322549187544
2020-11-16,0.905970037505467,127.562038031071,115.567384379284
2020-11-17,0.898416948702379,123.860116733918,111.278028142007
2020-11-18,0.887656918354719,120.775182319624,107.206926151567
2020-11-19,0.861592825072701,118.769974950333,102.331358251271
2020-11-20,0.833309364449188,116.302027418897,96.9155685525932
2020-11-21,0.808976264305315,113.217093004603,91.5899409543709
2020-11-22,0.815608699050715,108.435444662446,88.4408919521237
2020-11-23,0.848558165660834,105.042016806723,89.1342610988271
2020-11-24,0.913481635048589,100.877355347425,92.1496115021436
2020-11-25,0.975956002786115,98.2551610952751,95.8927142756505
2020-11-26,1.04002409648923,98.2551610952751,102.187735143517
2020-11-27,1.08936383238359,96.8669406088427,105.523341652922
2020-11-28,1.10701163470292,95.9414602845544,106.20831278539
2020-11-29,1.09184509096241,95.0159799602661,103.742731282599
2020-11-30,1.03917362449784,92.85652587026,96.4940525468753
2020-12-01,0.965708044235882,91.776798825257,88.6295928997689
2020-12-02,0.906320444802516,89.9258381766804,81.501625655528
2020-12-03,0.855081852885958,89.4630980145362,76.4982716151877
2020-12-04,0.841957959260711,86.0696701588124,72.4670438411563
2020-12-05,0.898408175710928,85.6069299966683,76.9099658065198
2020-12-06,1.00543852530755,86.9951504831007,87.4682758106369
2020-12-07,1.10840555827458,84.3729562309505,93.5194536544434
2020-12-08,1.20514604255755,87.4578906452449,105.399530801548
2020-12-09,1.25582138515836,90.0800848973951,113.124496991029
2020-12-10,1.31253423752338,89.6173447352509,117.625833240953
2020-12-11,1.3486006414861,90.0800848973951,121.482060277749
2020-12-12,1.37581061272292,90.5428250595392,124.569779622828
2020-12-13,1.38757215944687,90.5428250595392,125.634703290285
2020-12-14,1.42156375608552,94.3989930774072,134.19418716981
2020-12-15,1.4307749946697,100.414615185281,143.670720506481
2020-12-16,1.45267616437851,106.58448401387,154.832739419531
2020-12-17,1.44187295792313,112.754352842459,162.577452251664
2020-12-18,1.41119064280299,121.237922481768,171.089821759145
2020-12-19,1.33395027642939,128.17902491393,170.984445716387
2020-12-20,1.22706794903035,135.737114228951,166.558662364217
2020-12-21,1.10930698922474,145.300410913264,161.18276136331
2020-12-22,1.04493309151751,149.156578931132,155.858645142683
2020-12-23,1.03077802279362,151.778773183282,156.450223723905
2020-12-24,1.08344253000358,155.943434642579,168.955749366605
2020-12-25,1.14752379028738,160.87932970545,184.612858202491
2020-12-26,1.20930021717019,169.825639506904,205.370182736765
2020-12-27,1.23387888380531,180.777156677649,223.057116298916
2020-12-28,1.26255926188328,190.648946803391,240.705593554915
2020-12-29,1.27020513713479,191.882920569109,243.730671435309
2020-12-30,1.29459942853871,195.430595145547,253.004336794405
2020-12-31,1.29953908683565,198.361282839127,257.778240364307
2021-01-01,1.3284024449673,206.227865595577,273.953600877553
2021-01-02,1.3120222668798,216.870889324893,284.539435832285
2021-01-03,1.30795137782379,229.364873702785,299.998102583938
2021-01-04,1.27304036291278,242.784338404966,309.074262272596
2021-01-05,1.24081380518585,254.198595737855,315.413126850387
2021-01-06,1.17352602050676,260.214217845729,305.368155547777
2021-01-07,1.09476980443604,271.319981737188,297.032923346012
2021-01-08,0.997987878385824,279.186564493639,278.624807172834
2021-01-09,0.95202770948181,283.659719394366,270.051912927271
2021-01-10,0.93208770413982,290.292328385099,270.577909893869
2021-01-11,0.928958452439139,289.212601340095,268.666490566793
2021-01-12,0.929729611105035,298.158911141549,277.207168503133
2021-01-13,0.925878868074338,300.781105393699,278.486869400066
2021-01-14,0.932629562926973,304.791520132282,284.257582204818
2021-01-15,0.940543354345919,301.860832438702,283.913199887549
2021-01-16,0.990423383877112,297.079184096546,294.234170792353
2021-01-17,1.0446971227125,289.983834943669,302.945277998787
2021-01-18,1.09930337199187,286.74465380866,315.219364832502
2021-01-19,1.13646065914916,287.207393970804,326.399904264572
2021-01-20,1.16866638053483,296.462197213687,346.465402983124
2021-01-21,1.16725526588809,295.690963610114,345.146834349429
2021-01-22,1.13735677506509,294.148496402966,334.551785259123
2021-01-23,1.07518746289578,300.16411851084,322.732697034018
2021-01-24,1.01208240563038,300.935352114414,304.571375107181
2021-01-25,0.958264313023364,303.09480620442,290.444936248428
2021-01-26,0.909351696119116,298.775898024408,271.692369628007
2021-01-27,0.877231490743096,302.323572600846,265.207758279419
2021-01-28,0.852964445652048,302.477819321561,258.002825479656
2021-01-29,0.846232014776472,303.557546366564,256.88011406238
2021-01-30,0.83207719415951,303.711793087279,252.711656625217
2021-01-31,0.833917968552987,301.398092276558,251.341284837013
2021-02-01,0.834439384701109,293.685756240822,245.062961733072
2021-02-02,0.856665167689609,287.824380853663,246.569121489161
2021-02-03,0.858381503937723,276.410123520774,237.265337531374
2021-02-04,0.87421542371253,271.782721899332,237.59664738297
2021-02-05,0.874009255719016,266.538333395032,232.956970391179
2021-02-06,0.893846508038818,256.049556386431,228.8690018609
2021-02-07,0.884441592999018,244.326805612113,216.092789167938
2021-02-08,0.885557338131804,238.928170387098,211.5845945727
2021-02-09,0.861629327954448,233.375288441368,201.082992940911
2021-02-10,0.854676031279958,226.125692567776,193.264209494259
2021-02-11,0.836606303388801,218.41335653204,182.72599081901
2021-02-12,0.861127413992825,210.701020496304,181.440424905632
2021-02-13,0.882807999059781,204.839645109145,180.83407722692
2021-02-14,0.941444691661688,198.515529559842,186.891391516522
2021-02-15,0.980497249262311,195.122101704118,191.316683991168
2021-02-16,1.04621207274111,193.425387776256,202.36397586615
2021-02-17,1.0768510517873,190.031959920532,204.636115913626
2021-02-18,1.10565990678997,187.718259109811,207.55255287013
2021-02-19,1.09051839491539,186.021545181949,202.8599168715
2021-02-20,1.08336766360178,186.330038623379,201.86393860224
2021-02-21,1.03866252800686,185.096064857661,192.25234664918
2021-02-22,1.02196862009408,181.239896839793,185.221487279357
2021-02-23,0.985525141752948,182.628117326226,179.984601216002
2021-02-24,0.993213593765137,181.702637001937,180.469529093296
2021-02-25,0.99751206063858,182.319623884796,181.866023716174
2021-02-26,1.02298875448737,186.638532064808,190.929119456329
2021-02-27,1.01955319668577,186.638532064808,190.287911991415
2021-02-28,1.0327399785117,190.186206641247,196.412898959903
2021-03-01,1.02471245322448,193.425387776256,198.205403624104
2021-03-02,1.02283805896203,190.648946803391,195.002998691535
2021-03-03,1.00694171632322,191.728673848394,193.059599913277
2021-03-04,1.01654863718391,190.95744024482,194.117525641
2021-03-05,1.03027166253484,192.345660731253,198.16828366295
2021-03-06,1.0526653587783,188.489492713385,198.416359473075
2021-03-07,1.06322833520405,192.345660731253,204.507356643013
2021-03-08,1.07599773303698,198.052789397697,213.104352413572
2021-03-09,1.0699428043591,197.127309073409,210.914945885766
2021-03-10,1.07079961767266,199.44100988413,213.561357132175
2021-03-11,1.06322731632779,201.600463974136,214.347120281659
2021-03-12,1.06640130882563,199.903750046274,213.177620688498
2021-03-13,1.07511448281118,202.217450856995,217.406910093513
2021-03-14,1.1149326990737,205.456631992004,229.070317249436
2021-03-15,1.1600424274,207.924579523439,241.201333946494
2021-03-16,1.23407146148317,211.318007379163,260.781522204116
2021-03-17,1.29901399021881,217.796369649181,282.920531193153
2021-03-18,1.35096938776244,225.508705684917,304.655358054252
2021-03-19,1.3709096623467,233.375288441368,319.936437877219
2021-03-20,1.39019537663241,249.262700674984,346.523854045271
2021-03-21,1.37897285136368,258.671750638581,356.70132154532
2021-03-22,1.37745174602714,264.070385863597,363.744214081871
2021-03-23,1.36895094509514,279.957798097212,383.248492291934
2021-03-24,1.38218147546642,297.54192425869,411.256935884995
2021-03-25,1.38642785486925,312.812349609447,433.691754845635
2021-03-26,1.40349519078283,337.337578203087,473.451668678358
2021-03-27,1.4027677587057,360.474586310295,505.662127508857
2021-03-28,1.42354959900793,384.84556818322,547.846754267204
2021-03-29,1.42443729911454,412.30148447044,587.297612959991
2021-03-30,1.42421033255916,444.693295820531,633.336786727389
2021-03-31,1.39327281196296,471.069485062748,656.328306083318
2021-04-01,1.37215549204419,505.929243944274,694.2135906639
2021-04-02,1.33257273862696,542.177223312232,722.490587290341
2021-04-03,1.29327802230984,568.861905995878,735.696600753757
2021-04-04,1.22733795020682,605.726872246696,743.431577768448
2021-04-05,1.17216668211357,647.219240118955,758.648829290301
2021-04-06,1.12134381945456,674.058169523316,755.850962347826
2021-04-07,1.08649878898654,698.583398116956,759.010016060174
2021-04-08,1.05422520033576,720.794925899875,759.880175157792
2021-04-09,1.03989713870408,742.543713520651,772.169083052827
2021-04-10,1.03555536634754,774.781278150027,802.328910333866
2021-04-11,1.03609662092265,791.594170707931,820.168045412558
2021-04-12,1.03254954417813,809.178296869409,835.516681591344
2021-04-13,1.02217749540437,822.443514850874,840.683252121837
2021-04-14,1.01551077313535,836.171472994484,849.141139014356
2021-04-15,1.00595032653584,836.325719715199,841.302130837826
2021-04-16,0.997812763262092,841.107368057355,839.267667121415
2021-04-17,0.98831347003691,843.575315588791,833.716847387039
2021-04-18,0.981001826884256,842.649835264502,826.641027818194
2021-04-19,0.974695741291166,844.346549192364,822.980985671689
2021-04-20,0.962941831551283,848.665457372376,817.215469896463
2021-04-21,0.938612133111497,846.50600328237,794.540805432554
2021-04-22,0.911625401464293,843.266822147361,768.743455281607
2021-04-23,0.890554340039007,842.341341823073,750.150737754818
2021-04-24,0.875013356316934,820.901047643727,718.299380902825
2021-04-25,0.8672298374464,807.327336220832,700.138354556827
2021-04-26,0.862275841748515,799.460753464381,689.355694138402
2021-04-27,0.87506399631228,786.041288762201,687.836431410706
2021-04-28,0.894420506044252,771.850590456447,690.35899570661
2021-04-29,0.913376596133843,757.814138871408,692.169698664466
2021-04-30,0.918331916348292,740.075765989215,679.635196423806
2021-05-01,0.919139622818258,733.597403719197,674.278440954916
2021-05-02,0.918408086493592,718.635471809869,660.000628551322
2021-05-03,0.923025362996527,696.115450585521,642.532216464191
2021-05-04,0.917368065702178,673.903922802601,618.217938130532
2021-05-05,0.92461430157378,657.553770406841,607.983620171927
2021-05-06,0.946183172953973,652.155135181826,617.058215064567
2021-05-07,0.964603928242053,638.272930317502,615.680575874828
2021-05-08,0.963186549844603,627.938400029615,604.821821039465
2021-05-09,0.937963571453263,628.40114019176,589.417377759565
2021-05-10,0.893799777255104,623.465245128889,557.253097222499
2021-05-11,0.832006335472358,607.423586174558,505.380272012572
2021-05-12,0.743655180711391,594.929601796666,442.422480534656
2021-05-13,0.624269034257987,574.569034662323,358.685656383193
2021-05-14,0.490924185659115,551.277779834401,270.635595137168
2021-05-15,0.394208903338721,517.806241439307,204.123830579734
2021-05-16,0.343550469028099,481.404015350634,165.38657526572
2021-05-17,0.294373407971774,439.603154036945,129.407478608996
2021-05-18,0.254878355831537,400.732980416836,102.138163176115
