"fecha","rho7dpromedio","incidenciaAcum14d","riesgopor10"
2020-01-01,4,0.15955537236235,0.638221489449401
2020-01-02,3.36666666666667,0.212740496483134,0.716226338159883
2020-01-03,2.88888888888889,0.239333058543525,0.691406613570184
2020-01-04,2.50793650793651,0.265925620603917,0.666924572308237
2020-01-05,1.97222222222222,0.345703306785092,0.681803743937265
2020-01-06,1.42936507936508,0.372295868845484,0.532146714119616
2020-01-07,0.915079365079365,0.372295868845484,0.340680267284796
2020-01-08,0.522222222222222,0.398888430905876,0.208308402806402
2020-01-09,0.76031746031746,0.398888430905876,0.303281838736372
2020-01-10,1.11746031746032,0.398888430905876,0.445741992631328
2020-01-11,1.08571428571429,0.452073555026659,0.490822716886087
2020-01-12,1.12142857142857,0.531851241207834,0.596433177640214
2020-01-13,1.15,0.531851241207834,0.611628927389009
2020-01-14,1.15,0.531851241207834,0.611628927389009
2020-01-15,1.01904761904762,0.372295868845484,0.379387218728255
2020-01-16,0.804761904761905,0.345703306785092,0.27820885165086
2020-01-17,0.519047619047619,0.345703306785092,0.179436478283691
2020-01-18,0.59047619047619,0.3191107447247,0.188427296885061
2020-01-19,0.519047619047619,0.239333058543525,0.124225254196401
2020-01-20,0.461904761904762,0.239333058543525,0.110549079422486
2020-01-21,0.69047619047619,0.239333058543525,0.165253778518148
2020-01-22,1.07142857142857,0.212740496483134,0.227936246231929
2020-01-23,1.5,0.212740496483134,0.3191107447247
2020-01-24,1.92857142857143,0.212740496483134,0.410285243217472
2020-01-25,2.42857142857143,0.212740496483134,0.516655491459039
2020-01-26,2.71428571428571,0.15955537236235,0.433078867840665
2020-01-27,2.9047619047619,0.212740496483134,0.617960489784341
2020-01-28,2.7047619047619,0.239333058543525,0.647338939298678
2020-01-29,2.31190476190476,0.265925620603917,0.614794708586675
2020-01-30,1.74047619047619,0.292518182664309,0.509120932208595
2020-01-31,1.2047619047619,0.292518182664309,0.352414762924143
2020-02-01,0.669047619047619,0.292518182664309,0.195708593639692
2020-02-02,0.430952380952381,0.292518182664309,0.126061407291047
2020-02-03,0.24047619047619,0.265925620603917,0.0639487801928467
2020-02-04,0.154761904761905,0.292518182664309,0.0452706711266192
2020-02-05,0.261904761904762,0.292518182664309,0.0766119049835094
2020-02-06,0.404761904761905,0.292518182664309,0.118400216792696
2020-02-07,0.654761904761905,0.292518182664309,0.191529762458774
2020-02-08,0.761904761904762,0.239333058543525,0.182348996985543
2020-02-09,0.857142857142857,0.239333058543525,0.205142621608736
2020-02-10,0.857142857142857,0.186147934422742,0.15955537236235
2020-02-11,1,0.186147934422742,0.186147934422742
2020-02-12,1,0.15955537236235,0.15955537236235
2020-02-13,1.28571428571429,0.106370248241567,0.136761747739157
2020-02-14,1.28571428571429,0.0797776861811751,0.102571310804368
2020-02-15,1.28571428571429,0.106370248241567,0.136761747739157
2020-02-16,1.14285714285714,0.132962810301959,0.151957497487953
2020-02-17,1.21428571428571,0.15955537236235,0.19374580929714
2020-02-18,1.11904761904762,0.132962810301959,0.148791716290287
2020-02-19,1.04761904761905,0.132962810301959,0.13929437269729
2020-02-20,0.619047619047619,0.132962810301959,0.0823103111393077
2020-02-21,0.619047619047619,0.15955537236235,0.0987723733671692
2020-02-22,0.761904761904762,0.15955537236235,0.121565997990362
2020-02-23,1.19047619047619,0.132962810301959,0.158289059883284
2020-02-24,1.4047619047619,0.132962810301959,0.186781090662275
2020-02-25,1.78571428571429,0.15955537236235,0.284920307789911
2020-02-26,1.85714285714286,0.15955537236235,0.296317120101508
2020-02-27,2,0.186147934422742,0.372295868845484
2020-02-28,1.85714285714286,0.212740496483134,0.395089493468677
2020-02-29,1.78571428571429,0.212740496483134,0.379893743719882
2020-03-01,1.45238095238095,0.186147934422742,0.270357714280649
2020-03-02,1.16666666666667,0.186147934422742,0.217172590159866
2020-03-03,0.80952380952381,0.239333058543525,0.19374580929714
2020-03-04,0.80952380952381,0.239333058543525,0.19374580929714
2020-03-05,0.857142857142857,0.239333058543525,0.205142621608736
2020-03-06,1,0.212740496483134,0.212740496483134
2020-03-07,1.35714285714286,0.239333058543525,0.324809150880499
2020-03-08,1.83333333333333,0.292518182664309,0.536283334884566
2020-03-09,2.21428571428571,0.3191107447247,0.70660236331898
2020-03-10,2.57142857142857,0.292518182664309,0.752189612565365
2020-03-11,2.92857142857143,0.345703306785092,1.01241682701348
2020-03-12,3.30952380952381,0.345703306785092,1.14411332483638
2020-03-13,3.5952380952381,0.452073555026659,1.62531206688156
2020-03-14,3.39880952380952,0.585036365328618,1.98842717025381
2020-03-15,3.18452380952381,0.664814051509793,2.11711617593892
2020-03-16,3.2219387755102,0.824369423872143,2.65606781211866
2020-03-17,3.2844387755102,0.983924796234493,3.23164075293855
2020-03-18,3.1812641723356,1.14348016859684,3.63771249213341
2020-03-19,2.87514172335601,1.56896116156311,4.51098569793521
2020-03-20,2.42276077097506,2.07421984071055,5.02533846045166
2020-03-21,2.12790014379736,2.579478519858,5.48887271332802
2020-03-22,1.82790014379736,2.81881157840152,5.15250608949779
2020-03-23,1.49238993971572,3.00495951282426,4.48457134619199
2020-03-24,1.09289360271939,3.13792232312622,3.429415232775
2020-03-25,0.821782491608276,3.32407025754896,2.73166273852955
2020-03-26,0.655855251146874,3.48362562991131,2.28475416240717
2020-03-27,0.653690748982371,3.69636612639445,2.41628034167585
2020-03-28,0.672073543647757,3.66977356433406,2.46635772376685
2020-03-29,0.712073543647757,3.69636612639445,2.63208452624123
2020-03-30,0.759086530660744,3.69636612639445,2.80586173893665
2020-03-31,0.899654296228509,3.66977356433406,3.30152755333894
2020-04-01,0.996162232736446,3.66977356433406,3.6556898274842
2020-04-02,1.11821192217744,3.35066281960936,3.74675111208386
2020-04-03,1.20300947756323,3.11132976106583,3.74295919038673
2020-04-04,1.3116301672184,2.8985892645827,3.80187712180207
2020-04-05,1.39580599139423,2.76562645428074,3.86027797484343
2020-04-06,1.45471137172818,2.8985892645827,4.21661076515767
2020-04-07,1.42994178647472,2.8719967025223,4.10678809555426
2020-04-08,1.41605289758583,2.92518182664309,4.14221220158337
2020-04-09,1.37196422763509,3.191107447247,4.37808526416284
2020-04-10,1.30448268956532,3.08473719900544,4.02398627796081
2020-04-11,1.20158693666957,3.45703306785092,4.15392577396439
2020-04-12,1.09645873154136,3.5368107540321,3.87796703306788
2020-04-13,0.985234241745445,3.61658844021327,3.56318676959886
2020-04-14,0.853257795252869,3.80273637463601,3.24471445494981
2020-04-15,0.718657180813545,3.72295868845484,2.67553099533025
2020-04-16,0.641846379864813,3.80273637463601,2.44077257564037
2020-04-17,0.620742483760917,3.77614381257562,2.34401288925661
2020-04-18,0.644314928385993,3.5368107540321,2.278819967699
2020-04-19,0.628274828135367,3.48362562991131,2.18867429392049
2020-04-20,0.640009522012918,3.45703306785092,2.21253408133812
2020-04-21,0.647319463533385,3.40384794373014,2.20337702488461
2020-04-22,0.663812308549151,3.16451488518661,2.10064393137388
2020-04-23,0.731350434910806,2.79221901634113,2.04209059196731
2020-04-24,1.11825519681557,2.68584876809956,3.00346434278803
2020-04-25,1.47614993365767,2.2603677751333,3.33664174130496
2020-04-26,1.84457098628925,2.18059008895212,4.02225321107098
2020-04-27,2.08861860533687,2.2603677751333,4.72104619004731
2020-04-28,2.17734040984815,2.18059008895212,4.74788691798982
2020-04-29,2.18915566226491,2.36673802337486,5.18115794496873
2020-04-30,2.11772709083633,2.49970083367682,5.29368417446357
2020-05-01,1.73893921204846,2.41992314749565,4.2080992513239
2020-05-02,1.38077594674233,2.49970083367682,3.45152678519271
2020-05-03,1.10696642293281,2.60607108191839,2.88483318345983
2020-05-04,0.93791880388519,2.52629339573721,2.3694580799929
2020-05-05,0.952825636183327,2.73903389222035,2.60982171088255
2020-05-06,1.01405012597925,2.81881157840152,2.85841623618982
2020-05-07,1.10598289908849,3.00495951282426,3.32343383363691
2020-05-08,1.14411143721703,3.08473719900544,3.52928311019094
2020-05-09,1.25879644165358,3.32407025754896,4.18432781200915
2020-05-10,1.29927263212977,3.5368107540321,4.59528141773618
2020-05-11,1.32248691784406,3.43044050579053,4.53671269135034
2020-05-12,1.27035064831649,3.35066281960936,4.25651668518069
2020-05-13,1.25486859342557,3.66977356433406,4.6050835908662
2020-05-14,1.17252427108124,3.64318100227366,4.27171814910796
2020-05-15,1.09332298456288,3.72295868845484,4.07039630466576
2020-05-16,0.925916891690952,3.8559214987568,3.57026284873321
2020-05-17,0.813628105208617,3.90910662287758,3.18055901463034
2020-05-18,0.697556676637188,3.88251406081719,2.70827360526079
2020-05-19,0.607692517807512,3.72295868845484,2.26241413908047
2020-05-20,0.515809887693997,3.82932893669641,1.97520572878075
2020-05-21,0.500491872375982,3.66977356433406,1.83669184240943
2020-05-22,0.531463610664794,3.51021819197171,1.86555323452653
2020-05-23,0.580443202501528,3.27088513342818,1.89856304186169
2020-05-24,0.656224052475927,3.05814463694505,2.0068280667136
2020-05-25,0.775271671523546,3.00495951282426,2.32965998436785
2020-05-26,0.914610165541843,2.8719967025223,2.62675737952955
2020-05-27,1.02197485054628,2.36673802337486,2.41874673772072
2020-05-28,1.08491191348334,2.18059008895212,2.36574816592786
2020-05-29,1.08808651665795,2.07421984071055,2.25693064126154
2020-05-30,1.04761032618175,2.02103471658977,2.11725683867126
2020-05-31,0.95237223094366,1.80829422010664,1.72216920060548
2020-06-01,0.877967469038898,1.67533140980468,1.47088647766758
2020-06-02,0.888171550671551,1.62214628568389,1.44074418197196
2020-06-03,1.02847767312053,1.40940578920076,1.4495423865598
2020-06-04,1.20116213151927,1.40940578920076,1.69292486193199
2020-06-05,1.3547335600907,1.56896116156311,2.12552434004844
2020-06-06,1.52414747950462,1.67533140980468,2.55345214558873
2020-06-07,1.64862534082459,1.62214628568389,2.67431147310295
2020-06-08,1.75104130721114,1.62214628568389,2.84044515257163
2020-06-09,1.81609232761931,1.70192397186507,3.09085106749553
2020-06-10,1.85537804190502,1.88807190628781,3.50308715646416
2020-06-11,1.77108345450484,2.02103471658977,3.57942114753203
2020-06-12,1.72608345450484,2.07421984071055,3.58027654805616
2020-06-13,1.70959993802133,2.18059008895212,3.72793668092247
2020-06-14,1.82704873242112,2.5528859577976,4.66424705320979
2020-06-15,1.86649784539964,2.73903389222035,5.11240085830588
2020-06-16,1.79804546444726,3.00495951282426,5.40305382288132
2020-06-17,1.58339344979525,3.51021819197171,5.55805649252012
2020-06-18,1.44414745817312,4.1750322434815,6.02936220221462
2020-06-19,1.29963132914086,4.38777273996463,5.70248691800828
2020-06-20,1.1336972632068,4.38777273996463,4.97440594687129
2020-06-21,0.913443379159808,4.65369836056855,4.25088995606819
2020-06-22,0.777955850815137,4.78666117087051,3.72381106374835
2020-06-23,0.725728508265214,4.89303141911207,3.55101239268703
2020-06-24,0.769792287623111,4.89303141911207,3.76661784953004
2020-06-25,0.894480825829091,4.94621654323286,4.42429585832044
2020-06-26,1.09263750785674,4.99940166735364,5.46253377859212
2020-06-27,1.28421259943183,4.91962398117247,6.31784310108867
2020-06-28,1.48952395474319,5.07917935353482,7.56555931752713
2020-06-29,1.57961852915832,5.31851241207834,8.40122075367746
2020-06-30,1.63464699215642,5.47806778444069,8.95470702666497
2020-07-01,1.65285427506959,5.39829009825952,8.92258686697406
2020-07-02,1.70050037896569,5.29191985001795,8.99891171041159
2020-07-03,1.73547809294922,5.37169753619913,9.32246339602289
2020-07-04,1.79207450200465,5.85036365328618,10.4842875305089
2020-07-05,1.75211590987214,6.48858514273558,11.368753261147
2020-07-06,1.73957235586517,7.3661396907285,12.8139329754325
2020-07-07,1.69454302337746,8.48302729726496,14.3748547237009
2020-07-08,1.64477574804628,9.25421159701631,15.221102802061
2020-07-09,1.51966115675521,9.75947027616376,14.8310878891931
2020-07-10,1.41597795471136,10.6636173862171,15.0994471363601
2020-07-11,1.36405841640423,11.3816165618477,15.5251898634741
2020-07-12,1.40315120767094,12.152800861599,17.052217205537
2020-07-13,1.46160267986287,13.1101330957731,19.1618056661408
2020-07-14,1.53912892720043,14.4663537608531,22.2655835444438
2020-07-15,1.61676416789958,16.2480554188993,26.2692737993231
2020-07-16,1.64905579268347,17.4181281495566,28.7234651227292
2020-07-17,1.62383885715263,19.146644683482,31.091065621133
2020-07-18,1.51880032275153,20.4230876623808,31.0185921332068
2020-07-19,1.40175630482256,22.4441223789706,31.4611900509311
2020-07-20,1.29306585228012,23.4280471752051,30.2940077878655
2020-07-21,1.22352490633468,24.4651570955604,29.9337290438088
2020-07-22,1.15856420913714,25.9543405709423,30.0697700572498
2020-07-23,1.14610514424288,27.4701166083846,31.4836419578215
2020-07-24,1.13255132671725,28.985892645827,32.8280111721152
2020-07-25,1.15236587790805,30.7941868659336,35.4861701822261
2020-07-26,1.16522024986656,32.1238149689532,37.4313197047907
2020-07-27,1.19939947298083,33.6661835684559,40.379202829282
2020-07-28,1.22767134317444,34.7032934888112,42.6042389299856
2020-07-29,1.27331486374056,36.0861067159516,45.9489760559492
2020-07-30,1.29840390377582,37.814623249877,49.0986544474521
2020-07-31,1.32274844979394,38.8783257322927,51.4262450929741
2020-08-01,1.3237693355216,41.0323232591844,54.317331295718
2020-08-02,1.32350809257516,42.6278769828079,56.4183401560446
2020-08-03,1.30813927838282,44.7818745096996,58.5809290057483
2020-08-04,1.27583979590352,47.0954274089537,60.0862204934283
2020-08-05,1.22050538143597,48.877129067,59.6547990554141
2020-08-06,1.17078693235393,51.7225332074619,60.5560659875385
2020-08-07,1.12161568815437,53.7169753619913,60.2498022862113
2020-08-08,1.07133292914753,54.9668257788297,58.8877704675757
2020-08-09,1.0251917997181,57.3069712401441,58.750636982077
2020-08-10,0.997539529507694,58.8493398396469,58.7045427754797
2020-08-11,0.999630736964603,60.7108191838743,60.688400922501
2020-08-12,1.00833679400578,60.8437819941762,61.3510240711945
2020-08-13,1.03836726003128,62.253187783377,64.6416720268378
2020-08-14,1.08972054517886,63.7689638208193,69.4903500203141
2020-08-15,1.17120882739306,64.5933332446915,75.6522820869241
2020-08-16,1.26107188211712,65.577258040926,82.6976362217506
2020-08-17,1.34673657468778,66.800515895704,89.9626979647569
2020-08-18,1.4239014386122,69.4065869776224,98.8281390465996
2020-08-19,1.47611376783447,72.438139052507,106.926934371714
2020-08-20,1.50134586944801,76.1610977409618,114.344149506019
2020-08-21,1.48960950139978,79.5383531226316,118.481086537163
2020-08-22,1.46587506708216,84.5643473520456,123.960768347439
2020-08-23,1.41947646021965,88.8723424058291,126.152198009655
2020-08-24,1.37656607867573,94.3504101902698,129.879574177066
2020-08-25,1.31749509212334,100.546477150341,132.469490175866
2020-08-26,1.27516484286909,108.045579651372,137.77592459884
2020-08-27,1.226186352942,114.05549867702,139.853295955756
2020-08-28,1.19610636427002,120.996157374782,144.724273888195
2020-08-29,1.16140988127851,127.64429788988,148.247348858164
2020-08-30,1.1413855339137,133.202143360502,152.034999517976
2020-08-31,1.1129244197383,139.18546982409,154.902908239979
2020-09-01,1.09415782099041,144.902870667074,158.546609224342
2020-09-02,1.07515974874353,149.875679772368,161.140298206824
2020-09-03,1.07198034475949,154.635748381178,165.766482861796
2020-09-04,1.07639453571509,158.066188886968,170.141581999242
2020-09-05,1.09506614842857,160.698852530947,175.975873497954
2020-09-06,1.12532031085439,164.022922788496,184.578326459596
2020-09-07,1.17214422672062,168.011807097555,196.934069710298
2020-09-08,1.21572827030467,173.569652568177,211.013533494091
2020-09-09,1.25145690047345,177.319203818692,221.907341205361
2020-09-10,1.28893698919886,184.472603012937,237.773561517172
2020-09-11,1.33463226407648,190.243188980042,253.904698033563
2020-09-12,1.39417833894079,195.987182385087,273.241084391326
2020-09-13,1.44372043797276,204.151098937627,294.73711397085
2020-09-14,1.49721242242242,215.293382440931,322.339926655904
2020-09-15,1.53752265115795,231.115956866864,355.346018726849
2020-09-16,1.57403048200076,249.996675929742,393.502388312281
2020-09-17,1.58285437229493,266.11176853834,421.216176350048
2020-09-18,1.57574839867702,290.497147947719,457.750415698858
2020-09-19,1.53488149467738,311.744605033972,478.491025332152
2020-09-20,1.4852487643884,337.167094363706,500.777010296123
2020-09-21,1.40200928005412,364.982914278876,511.709432880181
2020-09-22,1.32121631526563,392.266882952838,518.269405695684
2020-09-23,1.24354884002722,422.077145022537,524.873544094777
2020-09-24,1.18654550490073,448.217633527902,531.830618279775
2020-09-25,1.1289223663555,470.502200534511,531.16045760289
2020-09-26,1.08517024694908,492.919730351421,534.901825511523
2020-09-27,1.04878290283144,513.475780824103,538.524619946344
2020-09-28,1.03908204494937,537.063383371671,558.052918661266
2020-09-29,1.02874590875488,551.476552008403,567.329246652895
2020-09-30,1.02344669791317,564.932388410961,578.178187463399
2020-10-01,1.01832366467752,582.643034743182,593.319190338506
2020-10-02,1.02136738856643,590.541025675119,603.159345235139
2020-10-03,1.01924757728632,595.327686845989,606.786302509241
2020-10-04,1.01211582629038,595.832945525137,603.051953991206
2020-10-05,1.00570573294367,602.348123229933,605.784960760205
2020-10-06,1.01844610081568,606.363600101052,617.548644199476
2020-10-07,1.02999135912447,604.847824063609,622.988032370756
2020-10-08,1.04097024326248,604.050047201798,628.798124578367
2020-10-09,1.04466369177551,608.730338124427,635.91848232082
2020-10-10,1.05640169086922,619.899214189791,654.862578038598
2020-10-11,1.05732340416168,620.590620803361,656.164987778618
2020-10-12,1.05479178147406,623.143506761159,657.286649610596
2020-10-13,1.03938601734816,627.903575369969,652.634196482463
2020-10-14,1.04102088798535,631.892459679028,657.81324948631
2020-10-15,1.04004698583868,633.567791088832,658.940271446411
2020-10-16,1.04432281385968,638.221489449401,666.509261727512
2020-10-17,1.02953763330086,644.045260540627,663.06883327563
2020-10-18,1.01574692528266,653.671768006489,663.965088496671
2020-10-19,0.989509460422349,658.910502732386,651.998176025342
2020-10-20,0.963683184739374,662.553683734659,638.49184400222
2020-10-21,0.926525054567043,661.144277945459,612.566738200104
2020-10-22,0.896688160295164,658.883910170325,590.813401258713
2020-10-23,0.869262161310798,656.304431650467,570.50060873434
2020-10-24,0.851334503828282,642.23696632052,546.758489062661
2020-10-25,0.832686175182354,639.444747304179,532.456800873164
2020-10-26,0.819171767618313,632.131792737571,517.824518024569
2020-10-27,0.810847015919904,620.404472868939,503.05311548914
2020-10-28,0.819556157510394,603.890491829435,494.922171040794
2020-10-29,0.841465395580099,585.036365328618,492.287856579989
2020-10-30,0.877475139299535,567.086385937853,497.604205495688
2020-10-31,0.909443577479527,551.822255315188,501.851206006666
2020-11-01,0.93957944720822,539.74923213977,507.137285164947
2020-11-02,0.955850080715017,525.46902631334,502.269611214847
2020-11-03,0.963316766308643,508.263638660267,489.618884826473
2020-11-04,0.954050537522856,495.286468374796,472.528321380771
2020-11-05,0.941965023308722,482.974112140834,454.94472080025
2020-11-06,0.92759889857297,469.704423672699,435.697306053647
2020-11-07,0.921618952873446,460.31724926538,424.237101257545
2020-11-08,0.910496819279674,449.44089138268,409.214502058152
2020-11-09,0.903356639923908,441.622678136925,398.94277863597
2020-11-10,0.894938561444988,437.766756638168,391.7743514342
2020-11-11,0.888652847159274,431.251578933372,383.232943461074
2020-11-12,0.874091525346748,424.151364863248,370.747113491221
2020-11-13,0.85423465535275,416.333151617493,355.646206283893
2020-11-14,0.837415090191338,409.126567299126,342.60876125447
2020-11-15,0.830670414172569,395.511175524206,328.539431982572
2020-11-16,0.827448353525825,382.055339121648,316.131061311958
2020-11-17,0.821375521524057,370.248241566834,304.112842510323
2020-11-18,0.814381326583936,360.46217872861,293.553667296341
2020-11-19,0.803578507190518,350.809078700687,281.90263577118
2020-11-20,0.802523288414692,339.347684452659,272.334419642859
2020-11-21,0.808844713434458,325.333404246832,263.144204128686
2020-11-22,0.837390068873931,314.829342232977,263.634964576007
2020-11-23,0.866349686707971,297.278251273119,257.54691985556
2020-11-24,0.895573696182368,284.859524790916,255.112697509753
2020-11-25,0.902556937164166,277.945458655214,250.861601862539
2020-11-26,0.905247590279685,271.297318140116,245.591243495681
2020-11-27,0.884682408555155,262.335624725764,232.08371233221
2020-11-28,0.853377206804593,253.400523873473,216.246231265964
2020-11-29,0.802770229851853,242.470980866652,194.648485042726
2020-11-30,0.760820768063791,231.302104801287,175.979445029687
2020-12-01,0.728504335240449,222.393596511056,162.014699188019
2020-12-02,0.721735495845831,212.660718796952,153.484789327849
2020-12-03,0.721640828690459,202.449174965762,146.095590389992
2020-12-04,0.745706745078695,194.81710965443,145.276432726044
2020-12-05,0.788498877283366,189.551782366472,149.461367583024
2020-12-06,0.846851835491431,181.9463096172,154.081566260218
2020-12-07,0.905293806744794,175.191798853861,158.60005049488
2020-12-08,0.96833935923094,165.405736015636,160.168884426503
2020-12-09,1.01463955727282,156.949301280432,159.246969565456
2020-12-10,1.05757752453894,151.019159940964,159.714469328315
2020-12-11,1.07545696438177,147.110053318087,158.21053137151
2020-12-12,1.07374718836102,144.503982236169,155.160744633056
2020-12-13,1.05566469916918,141.685170657767,149.572033059166
2020-12-14,1.03610790546038,138.573840896701,143.577452043081
2020-12-15,1.01366710649381,136.233695435387,138.095615858947
2020-12-16,1.003106499736,136.419843369809,136.843631577222
2020-12-17,1.00181420650291,137.616508662527,137.866173427451
2020-12-18,1.01198998460322,136.898509486897,138.539920507848
2020-12-19,1.03416520343921,138.972729327607,143.720760897587
2020-12-20,1.04697804012863,140.009839247962,146.587227094557
2020-12-21,1.05822534696926,142.642502891941,150.947912115388
2020-12-22,1.06528941445624,144.211464053504,153.626946099434
2020-12-23,1.08773183749255,144.823092980893,157.528689039461
2020-12-24,1.12372582749629,144.530574798229,162.412739763654
2020-12-25,1.1633979899772,145.30175909798,169.043774474742
2020-12-26,1.19811210743889,147.907830179899,177.210162123551
2020-12-27,1.22613873712962,152.508343416346,186.99638759825
2020-12-28,1.25419127130344,158.544855004055,198.845573256156
2020-12-29,1.27255853470961,161.337074020396,205.310870509732
2020-12-30,1.29117431072646,166.283290563629,214.700713078822
2020-12-31,1.2989837360517,171.176321982741,222.35525825273
2021-01-01,1.31569442473477,179.393423659402,236.026927342759
2021-01-02,1.29995657373986,186.945711284554,243.021306316829
2021-01-03,1.27208151767589,196.386070815993,249.819091014013
2021-01-04,1.21427075140864,207.182651012512,251.575833323796
2021-01-05,1.15754031866834,217.872860960789,252.196620905735
2021-01-06,1.08151912663638,224.467816351766,242.766236698737
2021-01-07,1.00433746542267,230.504327939475,231.504132491689
2021-01-08,0.916939492939429,234.307064314111,214.845400744307
2021-01-09,0.870956479237843,237.019505644271,206.433674146629
2021-01-10,0.846948008098255,237.710912257841,201.328783639998
2021-01-11,0.853925426139161,238.721429616136,203.850298513509
2021-01-12,0.858618299261564,240.928612267149,206.865715308268
2021-01-13,0.879320795733243,240.822242018907,211.760005482329
2021-01-14,0.887982227804666,238.774614740257,212.027614340254
2021-01-15,0.904868142967932,234.86550811738,212.522316177393
2021-01-16,0.906119811377045,228.616256033188,207.153718794518
2021-01-17,0.922621506897511,224.547594037948,207.172439581502
2021-01-18,0.925210729088694,215.293382440931,199.191747336145
2021-01-19,0.940742552449904,207.129465888391,194.85550242743
2021-01-20,0.941507416490067,203.67243282054,191.759106035114
2021-01-21,0.952288097140512,199.550585701179,190.029647540651
2021-01-22,0.945862534738565,197.130662553684,186.45850815772
2021-01-23,0.944662383272252,194.471406347645,183.709822198672
2021-01-24,0.934416415880484,191.626002207183,179.058482171941
2021-01-25,0.939444869742145,187.025488970735,175.700136124573
2021-01-26,0.939009404860263,183.781196399367,172.572271855477
2021-01-27,0.948753550119729,181.414458375992,172.11761142727
2021-01-28,0.957554865794079,179.792312090308,172.161003274442
2021-01-29,0.982964728612994,178.223350928745,175.187267778172
2021-01-30,1.0104364543267,177.345796380752,179.196657684712
2021-01-31,1.04079981113786,173.888763312901,180.983392015063
2021-02-01,1.07288682456293,175.218391415921,187.989503571251
2021-02-02,1.10197818845421,175.058836043559,192.911019016183
2021-02-03,1.11696414673841,174.606762488532,195.029493477759
2021-02-04,1.12009386863547,175.590687284766,196.678052217155
2021-02-05,1.10913907892169,178.223350928745,197.674483291446
2021-02-06,1.08730266792385,179.366831097342,195.026033989187
2021-02-07,1.05504282481727,180.776236886543,190.726671624614
2021-02-08,1.02121858497891,182.424975734287,186.295775584181
2021-02-09,0.994117956645172,183.860974085548,182.779495864716
2021-02-10,0.979116874512774,185.642675743595,181.765876450257
2021-02-11,0.971072271995308,186.653193101889,181.253740300631
2021-02-12,0.979234930998303,188.514672446117,184.600152264941
2021-02-13,1.00989902791582,190.003855921499,191.88470939538
2021-02-14,1.06618432609133,190.642077410948,203.259594829043
2021-02-15,1.1247969153662,191.652594769243,215.570247418373
2021-02-16,1.17388449891384,193.939555106437,227.662637465693
2021-02-17,1.20298145312998,198.752808839368,239.095942791247
2021-02-18,1.21364959002453,203.353322075815,246.79967596744
2021-02-19,1.20118884815202,205.374356792405,246.693387075432
2021-02-20,1.16080947893537,208.43250142935,241.9504233774
2021-02-21,1.09874760192733,211.676794000718,232.579369791954
2021-02-22,1.02529415545694,214.229679958516,219.648438786878
2021-02-23,0.959484003380883,219.042933691446,210.168190930562
2021-02-24,0.914169417672056,220.239598984164,201.33630595168
2021-02-25,0.896297922945343,221.755375021606,198.758882033831
2021-02-26,0.901657960958442,222.127670890452,200.283182807533
2021-02-27,0.929424679038163,222.420189073116,206.722812840888
2021-02-28,0.963683787705454,225.132630403276,216.956666003121
2021-03-01,0.992743287725159,227.366405616349,225.716473029826
2021-03-02,1.01262361803203,228.297145288463,231.179081248387
2021-03-03,1.01962534163235,225.292185775639,229.713621888584
2021-03-04,1.02294453764931,222.553151883418,227.65953105578
2021-03-05,1.02045863124853,220.159821297983,224.663989897661
2021-03-06,1.01946613344829,217.208046909279,221.436247736459
2021-03-07,1.01727972150263,215.399752689173,219.121800427376
2021-03-08,1.03019902890915,215.133827068569,221.630659731549
2021-03-09,1.04478678033901,213.298940286402,222.851913071552
2021-03-10,1.06539623180374,215.665678309777,229.769401000635
2021-03-11,1.07355881281159,217.048491536917,233.014320896919
2021-03-12,1.07304553873254,219.28226674999,235.299858059235
2021-03-13,1.06029849024631,222.632929569599,236.057359101759
2021-03-14,1.05503818620538,223.563669241713,235.868208098196
2021-03-15,1.05081408475803,223.749817176136,235.119459350718
2021-03-16,1.06335472510625,223.590261803773,237.755761376785
2021-03-17,1.08601775297989,225.983592389209,245.422193216853
2021-03-18,1.12136775191941,229.573588267362,257.436418575443
2021-03-19,1.16116599065821,233.53588001436,271.173921471112
2021-03-20,1.19954372283189,239.67876185031,287.505154273659
2021-03-21,1.22814425577969,245.981199058623,302.100396653649
2021-03-22,1.24635572971772,251.937932960151,314.004286278122
2021-03-23,1.251401380938,260.447552819476,325.924427260215
2021-03-24,1.24194173647035,267.521174327541,332.245711786934
2021-03-25,1.23100078655288,277.227459479584,341.267220673425
2021-03-26,1.21637666118672,285.338190908003,347.078715965736
2021-03-27,1.21322530956376,294.486032256778,357.277907646933
2021-03-28,1.21982336145594,303.820021539975,370.606759952509
2021-03-29,1.24466754451202,318.499115797312,396.425512388689
2021-03-30,1.27494297581239,333.789838982037,425.563010607696
2021-03-31,1.31531891481121,349.186932415004,459.292177010358
2021-04-01,1.35321461282399,367.429429988432,497.210873841935
2021-04-02,1.38112052037606,386.549482109854,533.871421882657
2021-04-03,1.382969207487,407.105532582537,563.014415759244
2021-04-04,1.35861902078181,431.384541743674,586.087243684202
2021-04-05,1.31043209610328,459.519472403569,602.169065422081
2021-04-06,1.25228198871566,480.607374117459,601.855958251222
2021-04-07,1.1869776593549,502.227127072558,596.13237975712
2021-04-08,1.1196658937698,522.75658498318,585.312718949241
2021-04-09,1.06002752503837,541.77026685636,574.291395115127
2021-04-10,1.01292927469842,560.252097488333,567.495750757127
2021-04-11,0.982695961156884,575.649190921299,565.688134961589
2021-04-12,0.968531282217509,591.33880253693,572.730128646059
2021-04-13,0.964666415740905,605.645600925421,584.245971053973
2021-04-14,0.96888607144752,614.846627398317,595.716333362712
2021-04-15,0.971671636661539,621.095879482509,603.501249740507
2021-04-16,0.977237499370258,626.361206770466,612.103659406908
2021-04-17,0.979575251126058,625.24431916393,612.473860960148
2021-04-18,0.981017199562536,623.808320812669,611.966691947453
2021-04-19,0.973665349184871,618.43662327647,602.150310751196
2021-04-20,0.96806728294324,616.814476990786,597.117914820525
2021-04-21,0.962833737327112,611.70870507519,588.973778663074
2021-04-22,0.961063830941947,605.911526546025,582.319652914206
2021-04-23,0.959469835510645,601.018495126913,576.659116658275
2021-04-24,0.964035736684924,595.513834780412,574.096618418598
2021-04-25,0.97185346806005,597.481684372881,580.664647060144
2021-04-26,0.979390296622814,590.886728981904,578.708728768071
2021-04-27,0.989748277897442,586.711696738422,580.696891469139
2021-04-28,1.00461175039548,587.083992607268,589.791477442355
2021-04-29,1.02937429297011,582.190961188156,599.292409046644
2021-04-30,1.0556102497184,578.38822481352,610.552538429579
2021-05-01,1.08983441094464,581.659109946948,633.912113459614
2021-05-02,1.12473068920235,582.722812429363,655.40623043761
2021-05-03,1.16324395927947,589.184805010039,685.36566532718
2021-05-04,1.19045464663961,594.104428991211,707.25437808176
2021-05-05,1.21679417303307,606.576340597535,738.078556738804
2021-05-06,1.2397575888273,619.367362948583,767.86538848746
2021-05-07,1.26648024285395,635.003789440094,804.219753463272
2021-05-08,1.28887880680632,653.033546517039,841.681098239382
2021-05-09,1.31016789312849,672.898190376152,881.609604375098
2021-05-10,1.33893034631255,709.40977808507,949.850279848951
2021-05-11,1.36625711082606,741.480407929902,1013.05287987244
2021-05-12,1.38932916257068,780.092808041591,1083.80568772383
2021-05-13,1.39383984388319,822.82705527264,1146.88913426408
2021-05-14,1.38419538096509,876.570623196692,1213.34500771855
2021-05-15,1.35076743746159,927.681527476765,1253.08199965024
2021-05-16,1.30879341940306,984.456647475701,1288.4503819038
2021-05-17,1.24946381056492,1039.18414019599,1298.4229756879
2021-05-18,1.19735646166718,1091.46511720672,1306.87281077179
2021-05-19,1.14322357993257,1141.80483718704,1305.33821355329
2021-05-20,1.10173959293691,1193.92625882541,1315.39583039499
2021-05-21,1.06742276999989,1236.39458043585,1319.75572786168
2021-05-22,1.05657868636711,1278.43742105333,1350.76973093908
2021-05-23,1.05958360745139,1317.42211703387,1395.91887930299
2021-05-24,1.07582361540644,1352.81681713625,1455.39227919415
2021-05-25,1.08512347877291,1396.45521147735,1515.32633702886
2021-05-26,1.09004056214206,1435.57287026819,1564.83265850303
2021-05-27,1.08147079688076,1470.62186706378,1590.43460248374
2021-05-28,1.06697455847185,1489.71532662314,1589.48835287247
2021-05-29,1.04060105410564,1499.26205640282,1560.13367627338
2021-05-30,1.00986152342878,1512.42537462272,1527.34019288884
2021-05-31,0.973082293242773,1518.30233083806,1477.43311392775
2021-06-01,0.947027777664381,1532.76868459892,1451.57452104927
2021-06-02,0.928839642918849,1536.75756890798,1427.40135155732
2021-06-03,0.923066866357465,1528.35431929689,1410.77323219728
2021-06-04,0.918458795491345,1529.92328045846,1405.17149336404
2021-06-05,0.915700246321861,1526.22691433206,1397.56636139692
2021-06-06,0.906718214779043,1528.14157880041,1385.59380425954
2021-06-07,0.892997141801065,1520.21699530641,1357.54943172603
2021-06-08,0.87199750745294,1494.07650680105,1302.83098987451
2021-06-09,0.849073617587824,1463.25572737305,1242.41183389674
2021-06-10,0.825800870386163,1427.48873140183,1178.82143685807
2021-06-11,0.807201342718842,1389.3018122831,1121.44628831664
2021-06-12,0.791395771629565,1352.94977994655,1070.71873507685
2021-06-13,0.787118446399942,1308.99227486072,1030.3319657379
2021-06-14,0.798998217826339,1269.90120863195,1014.64880251244
2021-06-15,0.821510467261844,1220.22630270313,1002.42868009884
2021-06-16,0.85270498136916,1175.47102075549,1002.3299948533
2021-06-17,0.890214862830236,1142.31009586619,1016.90142530111
2021-06-18,0.932354833483459,1108.64391229773,1033.6495102428
2021-06-19,0.96984631521055,1073.59491550213,1041.22207282853
2021-06-20,0.994339683727823,1040.83287904373,1034.94143576186
2021-06-21,0.99986098098899,1009.24091531599,1009.10061164207
2021-06-22,0.991361426508691,985.573535082238,977.05958566834
2021-06-23,0.972999400602185,963.36874576181,937.357212185121
2021-06-24,0.946026887007584,943.105213471792,892.202889221342
2021-06-25,0.915970291667021,925.740270446356,847.950585528656
2021-06-26,0.889477239697503,911.353694371684,810.628368457847
2021-06-27,0.878473378693642,900.982595168131,791.489224521514
2021-06-28,0.874057891165404,884.362243880387,772.983797912396
2021-06-29,0.879839774873174,874.39003310774,769.323129880861
2021-06-30,0.885693771497344,864.683747955697,765.84500987934
2021-07-01,0.900080817453676,854.551981810687,769.165846344822
2021-07-02,0.912830946745159,837.532742092037,764.525805893943
2021-07-03,0.932441370750419,824.927867675411,769.196871705481
2021-07-04,0.943154346169277,805.382334561023,759.599849169188
2021-07-05,0.957089992758144,786.475022936085,752.727374006359
2021-07-06,0.964147406868834,772.168224547594,744.483991364075
2021-07-07,0.967105621569298,757.249797231714,732.340535835002
2021-07-08,0.957073152930272,744.432182318606,712.476055874431
2021-07-09,0.940737985708822,735.390711218072,691.809976380267
2021-07-10,0.918172683717383,729.008496323578,669.355687522194
2021-07-11,0.893765427937578,712.86681115292,637.135710532586
2021-07-12,0.869466299828448,701.432009466952,609.871493852464
2021-07-13,0.854646862873859,687.550692071428,587.613042045596
2021-07-14,0.855182291198886,676.009520137218,578.111370303206
2021-07-15,0.876075718062463,660.53264901807,578.676614792206
2021-07-16,0.923268911925031,648.805329149437,599.021790294962
2021-07-17,0.98698098988443,639.285191931817,630.962331551322
2021-07-18,1.05503958353826,629.499129093593,664.146498996602
2021-07-19,1.11622938628585,625.324096850111,698.005132856753
2021-07-20,1.15819687245369,625.590022470715,724.556407463814
2021-07-21,1.17896035733657,621.627730723717,732.874451544355
2021-07-22,1.18109255349862,620.51084311718,732.880736170851
2021-07-23,1.16444476670605,623.648765440306,726.204541179652
2021-07-24,1.13256518726477,624.872023295084,707.708300079714
2021-07-25,1.08850596279935,630.855349758672,686.689809876181
2021-07-26,1.0407333467203,641.944448137856,668.092993919028
2021-07-27,1.00073961405141,652.581472962013,653.064131389105
2021-07-28,0.975372682809961,661.357018441942,645.069569372914
2021-07-29,0.960841268278547,668.856120942972,642.664563542715
2021-07-30,0.953362431637051,675.078780465104,643.594747690786
2021-07-31,0.946330125400748,678.296480474411,641.892393426235
2021-08-01,0.945563274724789,687.258173888763,649.846089483638
2021-08-02,0.940874465142356,691.034317701339,650.17654406226
2021-08-03,0.93195203620362,685.290324296294,638.657713118571
2021-08-04,0.915257417792802,680.104774694518,622.47093991546
2021-08-05,0.892321065434067,674.068263106809,601.485310710759
2021-08-06,0.864161536155114,660.027390338922,570.370283539734
2021-08-07,0.835026010659059,647.768219229082,540.903311934583
2021-08-08,0.809757722493166,635.615418367483,514.694493558793
2021-08-09,0.795040160114908,614.234998470928,488.341491532507
2021-08-10,0.793870073141059,596.417981890465,473.478386906026
2021-08-11,0.801974846620503,577.03200414844,462.765153022066
2021-08-12,0.820953926390494,560.225504926272,459.91932793332
2021-08-13,0.843518580609351,545.732558603359,460.335553225415
2021-08-14,0.870654515936098,531.665093273411,462.896614424083
2021-08-15,0.887876231832402,511.507931231635,454.155734534331
2021-08-16,0.895549017077747,490.233881583321,439.028470790152
2021-08-17,0.888153671306861,472.257309630496,419.437063349827
2021-08-18,0.870407308223356,455.929476525416,396.844348402171
2021-08-19,0.838005726192375,438.458163251738,367.430451500748
2021-08-20,0.80078195613111,424.177957425308,339.674054494737
2021-08-21,0.763987139621607,408.302197875254,311.937628255931
2021-08-22,0.743187209893619,390.299033360369,290.065249627269
2021-08-23,0.736540960232302,374.556236620617,275.876010181547
2021-08-24,0.748435666246763,356.898775412517,267.115772758521
2021-08-25,0.767752563409215,343.708864630563,263.883361886586
2021-08-26,0.793592998673311,331.875174513689,263.373814927546
2021-08-27,0.809766140168848,318.844819104097,258.189738478759
2021-08-28,0.817557090116415,308.234386842,251.999208380363
2021-08-29,0.806919842684415,293.475514898483,236.811216313611
2021-08-30,0.791131111200528,275.65849831802,218.082014086205
2021-08-31,0.760849808188005,258.107407358162,196.380971380361
2021-09-01,0.732847091949995,243.321942852584,178.317778227139
2021-09-02,0.697063896973318,230.584105625656,160.731855247527
2021-09-03,0.665383938253776,218.245156829635,145.216821956115
2021-09-04,0.623327019095231,206.996503078089,129.026513226802
2021-09-05,0.581337535361392,196.013774947147,113.950164824657
2021-09-06,0.532162108058917,183.063197223737,97.4192969425889
2021-09-07,0.484027047900522,170.218989748567,82.3905951046083
2021-09-08,0.425265820350618,156.523820287466,66.5642308389618
2021-09-09,0.355271781545165,142.695688016062,50.6957513002793
2021-09-10,0.298510008793477,130.649257402704,39.0001109761426
2021-09-11,0.254731437825864,115.837200335066,29.5073765950741
2021-09-12,0.211792123813128,100.998550705368,21.3906975559377
2021-09-13,0.176839430878095,84.9898283450119,15.0295528749589
