"fecha","rho7dpromedio","incidenciaAcum14d","riesgopor10"
2020-01-01,0,0,0
2020-01-02,0,0,0
2020-01-03,0,0,0
2020-01-04,0,0,0
2020-01-05,0,0,0
2020-01-06,0,0,0
2020-01-07,0.142857142857143,0,0
2020-01-08,0.285714285714286,0,0
2020-01-09,0.428571428571429,0,0
2020-01-10,0.428571428571429,0,0
2020-01-11,0.428571428571429,1.6620959029336,0.712326815542971
2020-01-12,0.428571428571429,1.6620959029336,0.712326815542971
2020-01-13,0.428571428571429,1.6620959029336,0.712326815542971
2020-01-14,0.285714285714286,1.6620959029336,0.474884543695314
2020-01-15,0.142857142857143,1.6620959029336,0.237442271847657
2020-01-16,0,1.6620959029336,0
2020-01-17,0,1.6620959029336,0
2020-01-18,0,1.6620959029336,0
2020-01-19,0,1.6620959029336,0
2020-01-20,0,1.6620959029336,0
2020-01-21,0,1.6620959029336,0
2020-01-22,0,1.6620959029336,0
2020-01-23,0,1.6620959029336,0
2020-01-24,0,1.6620959029336,0
2020-01-25,0,0,0
2020-01-26,0,0,0
2020-01-27,0,0,0
2020-01-28,0,0,0
2020-01-29,0,0,0
2020-01-30,0,0,0
2020-01-31,0,0,0
2020-02-01,0,0,0
2020-02-02,0,0,0
2020-02-03,0,0,0
2020-02-04,0,0,0
2020-02-05,0,0,0
2020-02-06,0,0,0
2020-02-07,0,0,0
2020-02-08,0,0,0
2020-02-09,0,0,0
2020-02-10,0,0,0
2020-02-11,0,0,0
2020-02-12,0,0,0
2020-02-13,0,0,0
2020-02-14,0,0,0
2020-02-15,0,0,0
2020-02-16,0,0,0
2020-02-17,0,0,0
2020-02-18,0,0,0
2020-02-19,0,0,0
2020-02-20,0,0,0
2020-02-21,0,0,0
2020-02-22,0,0,0
2020-02-23,0,0,0
2020-02-24,0,0,0
2020-02-25,0,0,0
2020-02-26,0,0,0
2020-02-27,0,0,0
2020-02-28,0,0,0
2020-02-29,0,0,0
2020-03-01,0,0,0
2020-03-02,0,0,0
2020-03-03,0,0,0
2020-03-04,0,0,0
2020-03-05,0,0,0
2020-03-06,0,0,0
2020-03-07,0,0,0
2020-03-08,0,0,0
2020-03-09,0,0,0
2020-03-10,0,0,0
2020-03-11,0,0,0
2020-03-12,0,0,0
2020-03-13,0,0,0
2020-03-14,0,0,0
2020-03-15,0,0,0
2020-03-16,0,0,0
2020-03-17,0,0,0
2020-03-18,0,0,0
2020-03-19,0,0,0
2020-03-20,0,0,0
2020-03-21,0,0,0
2020-03-22,0,0,0
2020-03-23,0,0,0
2020-03-24,0,0,0
2020-03-25,0,0,0
2020-03-26,0,0,0
2020-03-27,0,0,0
2020-03-28,0,0,0
2020-03-29,0,0,0
2020-03-30,0,0,0
2020-03-31,0,0,0
2020-04-01,0,0,0
2020-04-02,0,0,0
2020-04-03,0,0,0
2020-04-04,0,0,0
2020-04-05,0,0,0
2020-04-06,0,0,0
2020-04-07,0,0,0
2020-04-08,0,0,0
2020-04-09,0,0,0
2020-04-10,0,0,0
2020-04-11,0,0,0
2020-04-12,0,0,0
2020-04-13,0,0,0
2020-04-14,0,0,0
2020-04-15,0,0,0
2020-04-16,0,0,0
2020-04-17,0,0,0
2020-04-18,0,0,0
2020-04-19,0.142857142857143,0,0
2020-04-20,0.285714285714286,0,0
2020-04-21,0.428571428571429,0,0
2020-04-22,0.428571428571429,0,0
2020-04-23,0.428571428571429,1.6620959029336,0.712326815542971
2020-04-24,0.428571428571429,1.6620959029336,0.712326815542971
2020-04-25,0.428571428571429,1.6620959029336,0.712326815542971
2020-04-26,0.285714285714286,1.6620959029336,0.474884543695314
2020-04-27,0.142857142857143,1.6620959029336,0.237442271847657
2020-04-28,0,1.6620959029336,0
2020-04-29,0,1.6620959029336,0
2020-04-30,0,1.6620959029336,0
2020-05-01,0,1.6620959029336,0
2020-05-02,0,1.6620959029336,0
2020-05-03,0,1.6620959029336,0
2020-05-04,0,1.6620959029336,0
2020-05-05,0,1.6620959029336,0
2020-05-06,0,1.6620959029336,0
2020-05-07,0,0,0
2020-05-08,0,0,0
2020-05-09,0,0,0
2020-05-10,0,0,0
2020-05-11,0,0,0
2020-05-12,0,0,0
2020-05-13,0,0,0
2020-05-14,0,0,0
2020-05-15,0,0,0
2020-05-16,0,0,0
2020-05-17,0,0,0
2020-05-18,0,0,0
2020-05-19,0,0,0
2020-05-20,0,0,0
2020-05-21,0,0,0
2020-05-22,0,0,0
2020-05-23,0,0,0
2020-05-24,0,0,0
2020-05-25,0,0,0
2020-05-26,0,0,0
2020-05-27,0,0,0
2020-05-28,0,0,0
2020-05-29,0,0,0
2020-05-30,0.142857142857143,0,0
2020-05-31,0.285714285714286,0,0
2020-06-01,0.428571428571429,0,0
2020-06-02,0.428571428571429,0,0
2020-06-03,0.428571428571429,1.6620959029336,0.712326815542971
2020-06-04,0.428571428571429,1.6620959029336,0.712326815542971
2020-06-05,0.428571428571429,1.6620959029336,0.712326815542971
2020-06-06,0.714285714285714,1.6620959029336,1.18721135923829
2020-06-07,1.14285714285714,1.6620959029336,1.89953817478126
2020-06-08,1.57142857142857,1.6620959029336,2.61186499032423
2020-06-09,2.14285714285714,1.6620959029336,3.56163407771486
2020-06-10,2.71428571428571,6.6483836117344,18.0456126604219
2020-06-11,3.14285714285714,11.6346713205352,36.5661098645392
2020-06-12,3.47619047619048,18.2830549322696,63.5553814312229
2020-06-13,3.29047619047619,18.2830549322696,60.1599569438014
2020-06-14,3.06598639455782,23.2693426410704,71.343487947826
2020-06-15,2.80068027210884,33.241918058672,93.0999841139813
2020-06-16,2.43560090702948,41.55239757334,101.205057218876
2020-06-17,1.96621315192744,49.862877088008,98.0410447233826
2020-06-18,1.63848205949046,59.8354525056096,98.0393154519349
2020-06-19,1.41439242363612,64.8217402144104,91.6833782461709
2020-06-20,1.2953448045885,71.4701238261448,92.5784535814935
2020-06-21,1.09126317193544,76.4564115349456,83.4340661664261
2020-06-22,0.913712151527278,84.7668910496136,77.4525383992207
2020-06-23,0.82641056422569,93.0773705642816,76.9201223246716
2020-06-24,0.812281835811248,93.0773705642816,75.6050574344384
2020-06-25,0.843309631544926,96.4015623701488,81.2963660427253
2020-06-26,0.90989010989011,91.415274661348,83.1778543072485
2020-06-27,1.08766788766789,98.0636582730824,106.660692050869
2020-06-28,1.2019536019536,98.0636582730824,117.867967282078
2020-06-29,1.35909645909646,96.4015623701488,131.019022068636
2020-06-30,1.43052503052503,101.38785007895,145.037857329057
2020-07-01,1.48547008547009,101.38785007895,150.608618322405
2020-07-02,1.50397789345158,98.0636582730824,147.485574193706
2020-07-03,1.47101086048454,103.049945981883,151.587589711696
2020-07-04,1.30335213032581,106.37413778775,138.642959097236
2020-07-05,1.10870927318296,108.036233690684,119.780774132622
2020-07-06,0.903352130325815,116.346713205352,105.102051230461
2020-07-07,0.777161654135338,114.684617302418,89.1284868866257
2020-07-08,0.689860066833751,111.360425496551,76.8231105756857
2020-07-09,0.558531746031746,106.37413778775,59.4133329112137
2020-07-10,0.476899092970522,114.684617302418,54.6929899691947
2020-07-11,0.422335600907029,109.698329593618,46.3295099474178
2020-07-12,0.439200680272109,104.712041884817,45.9896000284931
2020-07-13,0.44047619047619,98.0636582730824,43.1947066202863
2020-07-14,0.733333333333333,88.0910828554808,64.6001274273526
2020-07-15,0.963492063492064,81.4426992437464,78.4693943507207
2020-07-16,1.08730158730159,76.4564115349456,83.1311776213297
2020-07-17,1.08321995464853,68.1459320202776,73.8170333924866
2020-07-18,1.00385487528345,63.1596443114768,63.4031168632444
2020-07-19,0.953061224489796,59.8354525056096,57.0268496328973
2020-07-20,0.895238095238095,43.2144934762736,38.6872608263783
2020-07-21,0.566666666666667,36.5661098645392,20.7207955899055
2020-07-22,0.280952380952381,34.9040139616056,9.80636582730824
2020-07-23,0.280952380952381,33.241918058672,9.33939602600784
2020-07-24,0.509523809523809,23.2693426410704,11.856284107593
2020-07-25,0.795238095238095,21.6072467381368,17.1829057393754
2020-07-26,0.90952380952381,21.6072467381368,19.6523053665911
2020-07-27,0.885714285714286,21.6072467381368,19.1378471109212
2020-07-28,0.857142857142857,19.9451508352032,17.0958435730313
2020-07-29,1.07142857142857,16.620959029336,17.8081703885743
2020-07-30,1.21428571428571,14.9588631264024,18.1643337963458
2020-07-31,1.5,13.2967672234688,19.9451508352032
2020-08-01,1.35714285714286,8.310479514668,11.2785079127637
2020-08-02,1.21428571428571,9.9725754176016,12.1095558642305
2020-08-03,1.21428571428571,11.6346713205352,14.1278151749356
2020-08-04,1.21428571428571,11.6346713205352,14.1278151749356
2020-08-05,1,11.6346713205352,11.6346713205352
2020-08-06,0.714285714285714,9.9725754176016,7.12326815542971
2020-08-07,0.285714285714286,9.9725754176016,2.84930726217188
2020-08-08,0.285714285714286,9.9725754176016,2.84930726217188
2020-08-09,0.428571428571429,9.9725754176016,4.27396089325783
2020-08-10,0.428571428571429,8.310479514668,3.56163407771486
2020-08-11,0.428571428571429,8.310479514668,3.56163407771486
2020-08-12,0.428571428571429,8.310479514668,3.56163407771486
2020-08-13,0.428571428571429,8.310479514668,3.56163407771486
2020-08-14,0.285714285714286,8.310479514668,2.37442271847657
2020-08-15,0.285714285714286,8.310479514668,2.37442271847657
2020-08-16,0.285714285714286,3.3241918058672,0.949769087390628
2020-08-17,0.428571428571429,1.6620959029336,0.712326815542971
2020-08-18,0.428571428571429,1.6620959029336,0.712326815542971
2020-08-19,0.571428571428571,3.3241918058672,1.89953817478126
2020-08-20,0.714285714285714,3.3241918058672,2.37442271847657
2020-08-21,0.857142857142857,3.3241918058672,2.84930726217188
2020-08-22,0.714285714285714,3.3241918058672,2.37442271847657
2020-08-23,0.714285714285714,4.9862877088008,3.56163407771486
2020-08-24,0.857142857142857,4.9862877088008,4.27396089325783
2020-08-25,1.14285714285714,3.3241918058672,3.79907634956251
2020-08-26,1.14285714285714,3.3241918058672,3.79907634956251
2020-08-27,1,4.9862877088008,4.9862877088008
2020-08-28,0.857142857142857,6.6483836117344,5.69861452434377
2020-08-29,0.928571428571429,6.6483836117344,6.17349906803908
2020-08-30,0.857142857142857,6.6483836117344,5.69861452434377
2020-08-31,0.714285714285714,6.6483836117344,4.74884543695314
2020-09-01,0.571428571428571,6.6483836117344,3.79907634956251
2020-09-02,0.571428571428571,6.6483836117344,3.79907634956251
2020-09-03,0.857142857142857,6.6483836117344,5.69861452434377
2020-09-04,1,6.6483836117344,6.6483836117344
2020-09-05,1.07142857142857,8.310479514668,8.90408519428714
2020-09-06,1.42857142857143,6.6483836117344,9.49769087390628
2020-09-07,1.85714285714286,8.310479514668,15.4337476700977
2020-09-08,2.07142857142857,8.310479514668,17.2145647089551
2020-09-09,2.5,8.310479514668,20.77619878667
2020-09-10,2.78571428571429,11.6346713205352,32.4108701072052
2020-09-11,2.97619047619048,11.6346713205352,34.6269979777833
2020-09-12,3.22619047619048,13.2967672234688,42.8979037804767
2020-09-13,3.16904761904762,18.2830549322696,57.9398717020258
2020-09-14,3.02619047619048,21.6072467381368,65.3876442956473
2020-09-15,2.85952380952381,24.931438544004,71.292042122259
2020-09-16,2.45136054421769,34.9040139616056,85.5623226603032
2020-09-17,1.97084106369821,41.55239757334,81.8931714326521
2020-09-18,1.75838685124399,48.2007811850744,84.7556198555237
2020-09-19,1.48933923219637,46.5386852821408,69.3118898055323
2020-09-20,1.3679106607678,53.1870688938752,72.7551585549235
2020-09-21,1.15362494648209,56.5112606997424,65.1928001003757
2020-09-22,1.14682222539365,63.1596443114768,72.4328838443594
2020-09-23,1.10044003615432,73.1322197290784,80.4776225227128
2020-09-24,1.14139907711336,74.794315632012,85.370162835704
2020-09-25,1.17358118072404,76.4564115349456,89.7278057231044
2020-09-26,1.21643832358118,79.7806033408128,97.0481833821934
2020-09-27,1.14104149818436,81.4426992437464,92.9294995612622
2020-09-28,1.10135895850182,86.4289869525472,95.1893390544244
2020-09-29,1.0605426319712,93.0773705642816,98.7125195552022
2020-09-30,1.13413570556428,86.4289869525472,98.0222000986328
2020-10-01,1.28798185941043,83.10479514668,107.037468578944
2020-10-02,1.56349206349206,86.4289869525472,135.131035155967
2020-10-03,1.83838383838384,93.0773705642816,171.111933764639
2020-10-04,2.12806637806638,103.049945981883,219.297125305602
2020-10-05,2.2034632034632,121.333000914153,267.352802880103
2020-10-06,2.31060606060606,129.643480428821,299.555011596896
2020-10-07,2.28896103896104,137.953959943489,315.771239481038
2020-10-08,2.23854087089381,162.885398487493,364.625621786078
2020-10-09,2.05172768408063,167.871686196294,344.426985942231
2020-10-10,1.93669985476708,204.437796060833,395.934649939917
2020-10-11,1.68524212881956,212.748275575501,358.532356833547
2020-10-12,1.6770003705778,241.003905925372,404.163639547546
2020-10-13,1.58261261547576,289.204687110446,457.698986275712
2020-10-14,1.56096759383074,322.446605169118,503.328701409729
2020-10-15,1.42745919046939,344.053851907255,491.122832921407
2020-10-16,1.3070316727816,380.619961771794,497.482345328658
2020-10-17,1.11037119040683,403.889304412865,448.467047733501
2020-10-18,1.02869074305225,423.834455248068,435.99458070028
2020-10-19,0.875167795411654,428.820742956869,375.29010424035
2020-10-20,0.819806177080111,452.090085597939,370.626244769867
2020-10-21,0.767090075976913,467.048948724341,358.268613561892
2020-10-22,0.779590075976913,457.07637330674,356.332204593453
2020-10-23,0.770504249865647,463.724756918474,357.301895973598
2020-10-24,0.824307589383272,452.090085597939,372.661288643314
2020-10-25,0.85744576268538,460.400565112607,394.768513693759
2020-10-26,0.894646008637419,450.427989695005,402.973603159213
2020-10-27,0.847966810642432,415.5239757334,352.350540448114
2020-10-28,0.818431829494547,417.186071636333,341.438359848968
2020-10-29,0.783511194573912,405.551400315798,317.754062122554
2020-10-30,0.767539588540195,365.661098645392,280.65936919944
2020-10-31,0.694977230263551,345.715947810189,240.264711867063
2020-11-01,0.705294690581011,325.770796974985,229.764413452802
2020-11-02,0.744144864797039,320.784509266185,238.710145276869
2020-11-03,0.795335340987515,294.190974819247,233.980479273315
2020-11-04,0.831782764531713,272.58372808111,226.730446909667
2020-11-05,0.885070746391123,264.273248566442,233.900521359908
2020-11-06,0.970615636283839,262.611152663509,254.894491037724
2020-11-07,1.03962874877521,242.666001828305,252.282551851045
2020-11-08,1.04684375599022,232.693426410704,243.593660498015
2020-11-09,1.09035024949671,226.04504279897,246.468268813352
2020-11-10,1.12295098209745,216.072467381368,242.638789450125
2020-11-11,1.14911951402635,191.141028837364,219.643886168087
2020-11-12,1.10021029516639,196.127316546165,215.781292827448
2020-11-13,1.00512680722576,209.424083769634,210.497760675551
2020-11-14,0.878574012194702,202.775700157899,178.153460463315
2020-11-15,0.765327258947949,204.437796060833,156.461818084597
2020-11-16,0.631820765441455,187.816837031497,118.666577736033
2020-11-17,0.586895102868734,179.506357516829,105.351402160431
2020-11-18,0.568587779939562,177.844261613895,101.120073886035
2020-11-19,0.711034413765506,171.195878002161,121.726160754337
2020-11-20,0.862394957983193,162.885398487493,140.471546384697
2020-11-21,1.01761473820297,159.561206681626,162.371835564673
2020-11-22,1.15683551742375,156.237014875758,180.74052794454
2020-11-23,1.2473849679732,151.250727166958,188.667883463079
2020-11-24,1.29028633904795,146.264439458157,188.723008121365
2020-11-25,1.30247121299753,139.616055846422,181.84589361222
2020-11-26,1.26425066161908,131.305576331754,166.003161751695
2020-11-27,1.21365542352384,118.008809108286,143.222031197861
2020-11-28,1.25248326235168,127.981384525887,160.294542011268
2020-11-29,1.17961168948011,118.008809108286,139.204570685761
2020-11-30,1.1828437515357,131.305576331754,155.31398050581
2020-12-01,1.1046482628139,134.629768137622,148.718539496261
2020-12-02,1.03083873900437,141.278151749356,145.634991798175
2020-12-03,0.853857825181355,139.616055846422,119.212261805425
2020-12-04,0.68316454787043,146.264439458157,99.9226796519536
2020-12-05,0.464116928822811,139.616055846422,64.7981750537956
2020-12-06,0.386339151045033,129.643480428821,50.086352167394
2020-12-07,0.401945393542032,118.008809108286,47.4330972184564
2020-12-08,0.916231107827747,109.698329593618,100.509022050413
2020-12-09,1.44004063163727,104.712041884817,150.78959493584
2020-12-10,1.67905162064826,98.0636582730824,164.653944350116
2020-12-11,1.98367346938776,99.725754176016,197.823332773648
2020-12-12,2.09795918367347,89.7531787584144,188.298505640102
2020-12-13,2.13605442176871,84.7668910496136,181.066692446113
2020-12-14,1.98412698412698,69.8080279232112,138.507991911133
2020-12-15,1.49433106575964,69.8080279232112,104.316304765071
2020-12-16,1.01814058956916,56.5112606997424,57.5364082861323
2020-12-17,0.895124716553288,51.5249729909416,46.1212768439324
2020-12-18,0.692743764172336,39.8903016704064,27.6337577331273
2020-12-19,0.764172335600907,46.5386852821408,35.5635758278491
2020-12-20,0.84750566893424,49.862877088008,42.259071001458
2020-12-21,0.958616780045351,49.862877088008,47.7993906779033
2020-12-22,1.05555555555556,51.5249729909416,54.3874714904383
2020-12-23,1.16031746031746,48.2007811850744,55.9282080099831
2020-12-24,1.27142857142857,51.5249729909416,65.5103228027686
2020-12-25,1.23809523809524,46.5386852821408,57.6193246350314
2020-12-26,1.11904761904762,49.862877088008,55.7989338841994
2020-12-27,1.02619047619048,48.2007811850744,49.4631825970644
2020-12-28,0.985374149659864,43.2144934762736,42.5824447621648
2020-12-29,0.92108843537415,39.8903016704064,36.7424955521974
2020-12-30,0.91156462585034,39.8903016704064,36.3625879172412
2020-12-31,0.816326530612245,43.2144934762736,35.2771375316519
2021-01-01,0.992517006802721,44.8765893792072,44.5407781661655
2021-01-02,1.21156462585034,39.8903016704064,48.3296784183631
2021-01-03,1.48299319727891,39.8903016704064,59.1570460146163
2021-01-04,1.45238095238095,38.2282057674728,55.5219179003771
2021-01-05,1.37380952380952,49.862877088008,68.5020954280491
2021-01-06,1.19632034632035,53.1870688938752,63.6287726788849
2021-01-07,1.06645021645022,46.5386852821408,49.6311909924475
2021-01-08,0.820701917130513,43.2144934762736,35.4662176438018
2021-01-09,0.590818903318932,38.2282057674728,22.5859466073887
2021-01-10,0.208982683982719,36.5661098645392,7.64168378229836
2021-01-11,0.136228354978398,36.5661098645392,4.98134099480556
