"fecha","rho7dpromedio","incidenciaAcum14d","riesgopor10"
2020-01-05,2,0.273449677055931,0.546899354111863
2020-01-06,2,0.546899354111863,1.09379870822373
2020-01-07,1.75,0.546899354111863,0.95707386969576
2020-01-08,1.5,0.820349031167794,1.23052354675169
2020-01-09,1.21428571428571,1.09379870822373,1.32818414570024
2020-01-10,0.928571428571429,1.09379870822373,1.01567022906489
2020-01-11,0.642857142857143,1.09379870822373,0.703156312429538
2020-01-12,0.357142857142857,1.09379870822373,0.390642395794188
2020-01-13,0.0714285714285714,1.09379870822373,0.0781284791588375
2020-01-14,0.142857142857143,1.09379870822373,0.156256958317675
2020-01-15,0.285714285714286,1.09379870822373,0.31251391663535
2020-01-16,0.571428571428571,1.09379870822373,0.6250278332707
2020-01-17,0.714285714285714,1.09379870822373,0.781284791588375
2020-01-18,0.857142857142857,1.36724838527966,1.17192718738256
2020-01-19,0.857142857142857,1.09379870822373,0.93754174990605
2020-01-20,0.857142857142857,1.09379870822373,0.93754174990605
2020-01-21,0.714285714285714,1.09379870822373,0.781284791588375
2020-01-22,0.571428571428571,0.820349031167794,0.468770874953025
2020-01-23,0.285714285714286,0.546899354111863,0.156256958317675
2020-01-24,0.285714285714286,0.546899354111863,0.156256958317675
2020-01-25,0.285714285714286,0.546899354111863,0.156256958317675
2020-01-26,0.571428571428571,0.546899354111863,0.31251391663535
2020-01-27,0.714285714285714,0.546899354111863,0.390642395794188
2020-01-28,0.857142857142857,0.820349031167794,0.703156312429538
2020-01-29,0.857142857142857,0.820349031167794,0.703156312429538
2020-01-30,0.857142857142857,1.09379870822373,0.93754174990605
2020-01-31,0.714285714285714,1.09379870822373,0.781284791588375
2020-02-01,0.571428571428571,0.820349031167794,0.468770874953025
2020-02-02,0.285714285714286,0.820349031167794,0.234385437476513
2020-02-03,0.142857142857143,0.546899354111863,0.0781284791588375
2020-02-04,0,0.546899354111863,0
2020-02-05,0,0.546899354111863,0
2020-02-06,0.142857142857143,0.546899354111863,0.0781284791588375
2020-02-07,0.285714285714286,0.546899354111863,0.156256958317675
2020-02-08,0.428571428571429,0.546899354111863,0.234385437476513
2020-02-09,0.428571428571429,0.546899354111863,0.234385437476513
2020-02-10,0.428571428571429,0.820349031167794,0.351578156214769
2020-02-11,0.428571428571429,0.546899354111863,0.234385437476513
2020-02-12,0.428571428571429,0.546899354111863,0.234385437476513
2020-02-13,0.285714285714286,0.273449677055931,0.0781284791588375
2020-02-14,0.142857142857143,0.273449677055931,0.0390642395794188
2020-02-15,0,0.273449677055931,0
2020-02-16,0,0.273449677055931,0
2020-02-17,0,0.273449677055931,0
2020-02-18,0,0.273449677055931,0
2020-02-19,0,0.273449677055931,0
2020-02-20,0,0.273449677055931,0
2020-02-21,0,0.273449677055931,0
2020-02-22,0,0.273449677055931,0
2020-02-23,0,0.273449677055931,0
2020-02-24,0,0,0
2020-02-25,0.142857142857143,0,0
2020-02-26,0.285714285714286,0,0
2020-02-27,0.571428571428571,0,0
2020-02-28,0.857142857142857,0,0
2020-02-29,1.14285714285714,0.273449677055931,0.31251391663535
2020-03-01,1.28571428571429,0.273449677055931,0.351578156214769
2020-03-02,1.28571428571429,0.546899354111863,0.703156312429538
2020-03-03,1.14285714285714,0.820349031167794,0.937541749906051
2020-03-04,1,0.820349031167794,0.820349031167794
2020-03-05,0.714285714285714,0.820349031167794,0.585963593691282
2020-03-06,0.428571428571429,0.820349031167794,0.351578156214769
2020-03-07,0.142857142857143,0.820349031167794,0.117192718738256
2020-03-08,0.142857142857143,0.820349031167794,0.117192718738256
2020-03-09,0.285714285714286,0.820349031167794,0.234385437476513
2020-03-10,0.428571428571429,0.820349031167794,0.351578156214769
2020-03-11,0.571428571428571,0.820349031167794,0.468770874953025
2020-03-12,1,1.09379870822373,1.09379870822373
2020-03-13,1.57142857142857,1.09379870822373,1.71882654149443
2020-03-14,2.14285714285714,0.820349031167794,1.75789078107384
2020-03-15,2.57142857142857,1.09379870822373,2.81262524971815
2020-03-16,2.85714285714286,1.36724838527966,3.90642395794188
2020-03-17,2.95238095238095,2.18759741644745,6.45862094379724
2020-03-18,2.99319727891156,2.18759741644745,6.54791063426448
2020-03-19,2.75510204081633,2.46104709350338,6.78043586985626
2020-03-20,2.38367346938776,3.00794644761525,7.16996214451961
2020-03-21,2.00272108843537,3.55484580172711,7.11936465325484
2020-03-22,1.6312925170068,4.92209418700677,8.02937541526682
2020-03-23,1.31383219954649,5.1955438640627,6.82607282276174
2020-03-24,1.20073696145125,5.46899354111863,6.56682268675928
2020-03-25,1.09869614512472,6.01589289523049,6.60963833347291
2020-03-26,1.05107709750567,6.83624192639828,7.18541732184527
2020-03-27,0.912301587301587,7.10969160345422,6.48618293505605
2020-03-28,0.823866213151927,7.65659095756608,6.30800659786325
2020-03-29,0.705498866213152,7.65659095756608,5.40171623962074
2020-03-30,0.737244897959184,7.38314128051015,5.44318323996794
2020-03-31,0.755102040816326,6.56279224934235,4.95557782093198
2020-04-01,0.863945578231292,7.38314128051015,6.37863226275366
2020-04-02,0.835374149659864,7.10969160345422,5.93925257757944
2020-04-03,0.809863945578231,6.83624192639828,5.53642585944024
2020-04-04,0.814965986394558,7.10969160345422,5.79415683057017
2020-04-05,0.876190476190476,5.74244321817456,5.03147405782914
2020-04-06,0.911904761904762,5.74244321817456,5.23656131562109
2020-04-07,0.876190476190476,5.46899354111863,4.79188005507537
2020-04-08,0.828571428571429,5.46899354111863,4.53145179121258
2020-04-09,0.714285714285714,4.92209418700677,3.51578156214769
2020-04-10,0.678571428571429,4.92209418700677,3.33999248404031
2020-04-11,0.571428571428571,4.3751948328949,2.5001113330828
2020-04-12,0.428571428571429,4.10174515583897,1.75789078107384
2020-04-13,0.25,3.82829547878304,0.95707386969576
2020-04-14,0.142857142857143,3.55484580172711,0.507835114532444
2020-04-15,0.142857142857143,2.73449677055931,0.390642395794188
2020-04-16,0.571428571428571,2.73449677055931,1.56256958317675
2020-04-17,1,2.46104709350338,2.46104709350338
2020-04-18,1.42857142857143,1.64069806233559,2.34385437476513
2020-04-19,2,1.91414773939152,3.82829547878304
2020-04-20,2.57142857142857,2.18759741644745,5.6252504994363
2020-04-21,2.85714285714286,2.18759741644745,6.250278332707
2020-04-22,2.80952380952381,1.91414773939152,5.37784364876665
2020-04-23,2.47619047619048,2.73449677055931,6.77113486043259
2020-04-24,2.07142857142857,2.46104709350338,5.09788326511415
2020-04-25,1.64285714285714,2.73449677055931,4.49238755163316
2020-04-26,1.07142857142857,3.00794644761525,3.22279976530205
2020-04-27,0.571428571428571,3.00794644761525,1.71882654149443
2020-04-28,0.357142857142857,3.00794644761525,1.07426658843402
2020-04-29,0.404761904761905,3.00794644761525,1.21750213355855
2020-04-30,0.30952380952381,3.00794644761525,0.931031043309481
2020-05-01,0.285714285714286,3.28139612467118,0.937541749906051
2020-05-02,0.285714285714286,3.28139612467118,0.937541749906051
2020-05-03,0.285714285714286,3.00794644761525,0.859413270747213
2020-05-04,0.214285714285714,2.46104709350338,0.527367234322153
2020-05-05,0.142857142857143,2.46104709350338,0.351578156214769
2020-05-06,0,2.18759741644745,0
2020-05-07,0,0.820349031167794,0
2020-05-08,0.285714285714286,0.820349031167794,0.234385437476513
2020-05-09,0.571428571428571,0.546899354111863,0.31251391663535
2020-05-10,0.857142857142857,0.273449677055931,0.234385437476513
2020-05-11,0.857142857142857,0.273449677055931,0.234385437476513
2020-05-12,0.857142857142857,0.820349031167794,0.703156312429538
2020-05-13,0.928571428571429,0.820349031167794,0.761752671798666
2020-05-14,1,0.820349031167794,0.820349031167794
2020-05-15,0.785714285714286,0.546899354111863,0.429706635373606
2020-05-16,0.5,0.546899354111863,0.273449677055931
2020-05-17,0.214285714285714,0.820349031167794,0.175789078107384
2020-05-18,0.214285714285714,0.820349031167794,0.175789078107384
2020-05-19,0.357142857142857,0.820349031167794,0.292981796845641
2020-05-20,0.428571428571429,0.820349031167794,0.351578156214769
2020-05-21,0.642857142857143,0.820349031167794,0.527367234322153
2020-05-22,0.857142857142857,0.820349031167794,0.703156312429538
2020-05-23,1.14285714285714,1.09379870822373,1.2500556665414
2020-05-24,1.28571428571429,1.09379870822373,1.40631262485908
2020-05-25,1.57142857142857,1.36724838527966,2.14853317686803
2020-05-26,1.57142857142857,1.09379870822373,1.71882654149443
2020-05-27,1.57142857142857,1.09379870822373,1.71882654149443
2020-05-28,1.28571428571429,1.09379870822373,1.40631262485908
2020-05-29,1,1.64069806233559,1.64069806233559
2020-05-30,0.785714285714286,1.64069806233559,1.28911990612082
2020-05-31,0.857142857142857,1.36724838527966,1.17192718738256
2020-06-01,0.857142857142857,1.36724838527966,1.17192718738256
2020-06-02,1.14285714285714,1.36724838527966,1.56256958317675
2020-06-03,1.14285714285714,1.64069806233559,1.8750834998121
2020-06-04,1.14285714285714,2.18759741644745,2.5001113330828
2020-06-05,1.14285714285714,2.46104709350338,2.81262524971815
2020-06-06,1.07142857142857,2.18759741644745,2.34385437476513
2020-06-07,0.857142857142857,2.18759741644745,1.8750834998121
2020-06-08,0.571428571428571,1.91414773939152,1.09379870822373
2020-06-09,0.428571428571429,1.64069806233559,0.703156312429538
2020-06-10,0.571428571428571,1.64069806233559,0.937541749906051
2020-06-11,0.857142857142857,1.64069806233559,1.40631262485908
2020-06-12,0.857142857142857,1.09379870822373,0.93754174990605
2020-06-13,0.857142857142857,1.64069806233559,1.40631262485908
2020-06-14,0.857142857142857,1.64069806233559,1.40631262485908
2020-06-15,0.928571428571429,1.64069806233559,1.52350534359733
2020-06-16,0.714285714285714,1.64069806233559,1.17192718738256
2020-06-17,0.571428571428571,1.36724838527966,0.781284791588375
2020-06-18,0.428571428571429,0.820349031167794,0.351578156214769
2020-06-19,0.571428571428571,0.820349031167794,0.468770874953025
2020-06-20,0.714285714285714,0.820349031167794,0.585963593691282
2020-06-21,0.714285714285714,0.820349031167794,0.585963593691282
2020-06-22,0.642857142857143,1.09379870822373,0.703156312429538
2020-06-23,0.857142857142857,1.09379870822373,0.93754174990605
2020-06-24,1,1.09379870822373,1.09379870822373
2020-06-25,1.42857142857143,1.09379870822373,1.56256958317675
2020-06-26,1.57142857142857,1.09379870822373,1.71882654149443
2020-06-27,2,1.09379870822373,2.18759741644745
2020-06-28,2.14285714285714,1.09379870822373,2.34385437476513
2020-06-29,2.28571428571429,1.64069806233559,3.7501669996242
2020-06-30,2,1.64069806233559,3.28139612467118
2020-07-01,2,2.18759741644745,4.3751948328949
2020-07-02,1.71428571428571,2.18759741644745,3.7501669996242
2020-07-03,2,1.91414773939152,3.82829547878304
2020-07-04,2,1.91414773939152,3.82829547878304
2020-07-05,2.42857142857143,3.00794644761525,7.30501280135131
2020-07-06,2.78571428571429,3.82829547878304,10.6645374051813
2020-07-07,3.125,4.3751948328949,13.6724838527966
2020-07-08,3.21071428571429,5.46899354111863,17.5593756909487
2020-07-09,3.49642857142857,6.83624192639828,23.9024315926569
2020-07-10,3.49642857142857,8.20349031167794,28.6829179111882
2020-07-11,3.49642857142857,10.1176380510695,35.3755987571322
2020-07-12,3.49642857142857,13.3990341757406,46.8487659216074
2020-07-13,3.46895604395604,19.961826425083,69.2466984256931
2020-07-14,3.47617488894085,27.6184173826491,96.0064489778521
2020-07-15,3.34067705344301,32.8139612467118,109.620847369458
2020-07-16,2.97877229153825,41.2909012354456,122.996192492788
2020-07-17,2.56270086296682,50.5881902553473,129.642398823308
2020-07-18,2.13246830482729,63.9872244310879,136.450728013165
2020-07-19,1.65126529730849,70.0031173263184,115.593718344364
2020-07-20,1.2639278640995,78.4800573150523,99.1931312166201
2020-07-21,1.00054018794586,85.0428495643947,85.0887886866111
2020-07-22,0.886120125249937,90.5118431055133,80.2043657492601
2020-07-23,0.821134130852178,95.1604876154641,78.1395242895936
2020-07-24,0.852284924502972,98.9887830942472,84.3666475261215
2020-07-25,0.906693306818331,102.81707857303,93.2235569687809
2020-07-26,0.990574885765699,108.286072114149,107.265463514489
2020-07-27,1.05017249123486,109.653320499428,115.15490076106
2020-07-28,1.14479647190536,110.473669530596,126.469867117065
2020-07-29,1.20717637617814,112.114367592932,135.34181598834
2020-07-30,1.2793319799927,109.106421145317,139.583333793756
2020-07-31,1.29428924494997,107.465723082981,139.091729587074
2020-08-01,1.33487532553605,110.20021985354,147.103554351139
2020-08-02,1.31030089295928,112.387817269988,147.261857326609
2020-08-03,1.29184146540894,114.301965009379,147.660017976838
2020-08-04,1.21568790320887,116.489562425827,141.614951891172
2020-08-05,1.19153758544153,123.052354675169,146.621505572546
2020-08-06,1.15341559507235,125.239952091617,144.453713868584
2020-08-07,1.14582794462756,127.974448862176,146.636699704591
2020-08-08,1.08987778886432,131.802744340959,143.648883568573
2020-08-09,1.09957126906013,138.638986267357,152.443446071208
2020-08-10,1.09519427133502,146.842476579035,160.821039138006
2020-08-11,1.09314614025463,147.662825610203,161.417047874886
2020-08-12,1.05652618126625,151.21767141193,159.765428916821
2020-08-13,1.03562671036678,154.772517213657,160.286552857166
2020-08-14,1.06604822476693,155.866315921881,166.161009389483
2020-08-15,1.16199838053017,151.491121088986,176.032437370102
2020-08-16,1.30171398899578,157.507013984216,205.029083468209
2020-08-17,1.41204194069405,159.694611400664,225.495489000576
2020-08-18,1.47837045954476,167.35120235823,247.407073935705
2020-08-19,1.49130458056159,179.109538471635,267.106875145022
2020-08-20,1.46523008946247,190.86787458504,279.66535295375
2020-08-21,1.37241016437061,196.336868126159,269.454713457032
2020-08-22,1.23639406779113,200.165163604942,247.483020859591
2020-08-23,1.10260503515817,200.98551263611,221.60763822642
2020-08-24,1.04264729251913,205.087257791949,213.833674066947
2020-08-25,1.02192857183989,215.478345520074,220.203477899751
2020-08-26,1.04040711710414,221.220788738249,230.159683054666
2020-08-27,1.07764081936248,230.51807775815,248.415690193156
2020-08-28,1.16116167903378,239.541917100996,278.146894659963
2020-08-29,1.22157945338281,243.643662256835,297.63009175989
2020-08-30,1.27522367955518,256.222347401408,326.740804637488
2020-08-31,1.28639431447581,266.339985452477,342.618243003637
2020-09-01,1.33037200860831,280.012469305274,372.520751225028
2020-09-02,1.32581531115294,274.816925441211,364.356487513933
2020-09-03,1.32936158038186,284.114214461113,377.690521144976
2020-09-04,1.2744008538232,300.794644761525,383.332952109532
2020-09-05,1.24385318824676,316.928175707824,394.212121799406
2020-09-06,1.17140831459474,326.772364081838,382.783864265244
2020-09-07,1.13439003048785,339.077599549355,384.646248490538
2020-09-08,1.08899425452713,349.195237600424,380.271607455097
2020-09-09,1.08056049152271,363.688070484389,392.986960203556
2020-09-10,1.03484418303072,375.993305951906,389.094485522819
2020-09-11,0.994207894664011,385.017145294751,382.787085433042
2020-09-12,0.941447356897706,401.697575595163,378.177120816283
2020-09-13,0.917110001420673,402.791374303387,369.403997859614
2020-09-14,0.89359066697137,400.877226563995,358.220148258954
2020-09-15,0.887564698154004,395.955132376989,351.435797550711
2020-09-16,0.900103824233884,401.424125918107,361.323390878632
2020-09-17,0.947449139348914,398.142729793436,377.219986680818
2020-09-18,1.0003898248386,392.947185929373,393.100366502706
2020-09-19,1.06398973855842,392.400286575262,417.50987832346
2020-09-20,1.12321890134815,394.314434314653,442.901425696623
2020-09-21,1.18474884619469,392.126836898206,464.571817577121
2020-09-22,1.22517443962574,395.955132376989,485.114107426914
2020-09-23,1.2350203248825,396.502031731101,489.688068045116
2020-09-24,1.21523465942014,402.517924626331,489.153733043783
2020-09-25,1.19915295745024,414.00281106268,496.452695278526
2020-09-26,1.1739467487908,417.010757510295,489.548422989998
2020-09-27,1.14793620312982,420.565603312022,482.782481833003
2020-09-28,1.11695897456666,434.511536841875,485.331560628282
2020-09-29,1.08845252325319,452.012316173455,491.993946080514
2020-09-30,1.05897878685597,464.044101963916,491.412860145417
2020-10-01,1.0355143101562,477.716585816712,494.682360812169
2020-10-02,1.01332328201087,490.295270961285,496.827613124896
2020-10-03,1.0001610056907,492.482868377732,492.562160922111
2020-10-04,0.991015205970738,500.139459335299,495.645809307264
2020-10-05,0.989293759037208,508.069499969921,502.629985477398
2020-10-06,0.988769955956241,512.444694802815,506.689918310189
2020-10-07,0.999600501766798,517.913688343934,517.70678274049
2020-10-08,1.02848791284634,517.366788989822,532.105488984154
2020-10-09,1.06956614754644,517.366788989822,553.358003368317
2020-10-10,1.10877345726459,518.460587698046,574.855338277392
2020-10-11,1.14213696728478,525.5702793015,600.27324489643
2020-10-12,1.15775663997486,540.883461216632,626.211418676139
2020-10-13,1.14660855948423,543.344508310136,623.003463977154
2020-10-14,1.13301618750032,551.274548944758,624.602987711349
2020-10-15,1.11127503376765,560.298388287603,622.645610364267
2020-10-16,1.09775050847842,563.306334735219,618.369815384702
2020-10-17,1.07954251244905,565.493932151666,610.474740289703
2020-10-18,1.07755173912823,581.080563743854,626.144372035802
2020-10-19,1.0868544266866,593.932698565483,645.518382589812
2020-10-20,1.11799264075509,610.613128865895,682.660984420509
2020-10-21,1.12866265620069,620.730766916964,700.59563617399
2020-10-22,1.13310885078121,635.497049477985,720.087331408847
2020-10-23,1.11740804451953,654.6385268719,731.498356179072
2020-10-24,1.10227396909817,671.865856526423,740.580244374923
2020-10-25,1.06839351191249,678.15519909871,724.536614786781
2020-10-26,1.0350394746454,680.342796515157,704.181650683834
2020-10-27,0.996816430936903,691.55423327445,689.352622611944
2020-10-28,0.983301095128288,697.843575846737,686.190352358337
2020-10-29,0.9690644992489,703.859468741967,682.085223618032
2020-10-30,0.972948901096468,715.070905501261,695.727451713508
2020-10-31,0.994164718232641,715.070905501261,710.89826528402
2020-11-01,1.04356731409836,718.899200980044,750.219708274201
2020-11-02,1.08911757641519,723.000946135883,787.433038201402
2020-11-03,1.13291330225269,728.196489999945,824.983490174659
2020-11-04,1.14738095299075,752.533511257923,863.44261730459
2020-11-05,1.15628652122049,759.643202861377,878.36519640537
2020-11-06,1.14108969610036,758.82285383021,865.884939671124
2020-11-07,1.11225264879471,767.573243495999,853.735373222369
2020-11-08,1.06830017501767,773.862586068286,826.717536136377
2020-11-09,1.03501218894481,785.347472504635,812.844206599296
2020-11-10,1.01951415204589,789.996117014586,805.412221357674
2020-11-11,1.02933922314631,795.73856023276,819.084911417552
2020-11-12,1.05050757256642,807.22344666911,847.994343479068
2020-11-13,1.0712215960277,818.981782782515,877.310972469896
2020-11-14,1.09277134891949,855.624039508009,935.001435821106
2020-11-15,1.09050171003782,857.811636924457,935.445056956465
2020-11-16,1.08610988632269,877.226563995428,952.76444370032
2020-11-17,1.06211116461568,885.703503984162,940.715580120806
2020-11-18,1.02967151625579,882.695557536547,908.886473120905
2020-11-19,0.984519313380077,893.360094941728,879.530267273191
2020-11-20,0.950394477495831,902.110484607518,857.360822662072
2020-11-21,0.919182310350859,897.735289774623,825.182397738536
2020-11-22,0.91162131659487,891.719396879392,812.910410616375
2020-11-23,0.90808488753049,890.352148494113,808.515330627807
2020-11-24,0.916008382573726,893.633544618784,818.575817819878
2020-11-25,0.922044007750801,894.180443972896,824.47372021316
2020-11-26,0.936741226844624,892.813195587616,836.334928177813
2020-11-27,0.954018199755236,882.422107859491,841.846750764332
2020-11-28,0.972676455747481,862.186831757352,838.628831705891
2020-11-29,0.980515433547948,856.170938862121,839.488819309547
2020-11-30,0.985023233492835,845.50640145694,832.843449502006
2020-12-01,0.990194702474736,842.771904686381,834.508275414997
2020-12-02,1.00330446350722,828.00562212536,830.741736487449
2020-12-03,1.02055320550031,812.965889887284,829.674944886876
2020-12-04,1.04140760392415,805.035849252662,838.370454843258
2020-12-05,1.06388644248612,808.317245377333,859.957758584675
2020-12-06,1.08687301874084,820.895930521906,892.209638078414
2020-12-07,1.1047870481743,823.903876969521,910.238332216521
2020-12-08,1.12092652295936,826.911823417136,926.907395016957
2020-12-09,1.13688879373408,833.748065343535,947.878832286538
2020-12-10,1.13987516091535,841.951555655213,959.719664985411
2020-12-11,1.12549277269965,863.007180788519,971.308344765377
2020-12-12,1.10091466655264,880.507960120099,969.364127312566
2020-12-13,1.07538267444028,897.735289774623,965.408976857253
2020-12-14,1.04924309972928,902.65738396163,947.10703154142
2020-12-15,1.02599203371515,907.30602847158,930.888757353571
2020-12-16,1.01022966265176,932.463398760726,942.00218476516
2020-12-17,1.0044063181833,946.95623164469,951.128822106972
2020-12-18,1.00267325905758,954.612822602256,957.164749976758
2020-12-19,0.996769874767716,963.363212268046,960.251428448245
2020-12-20,0.988989712715207,973.480850319116,962.762546490858
2020-12-21,0.988259022483656,985.512636109577,973.941754406942
2020-12-22,1.00360610507933,988.247132880136,991.810855885651
2020-12-23,1.04244621556113,985.239186432521,1027.05886131911
2020-12-24,1.10512710609916,974.848098704395,1077.33105820746
2020-12-25,1.17800206698027,981.410890953738,1156.10405810045
2020-12-26,1.23384628538832,1008.75585865933,1244.64966907052
2020-12-27,1.25080326054299,1037.19462507315,1297.32641885916
2020-12-28,1.24469504104413,1077.39172760037,1341.02414060615
2020-12-29,1.2251030333868,1094.89250693195,1341.35613147481
2020-12-30,1.19889069680095,1101.72874885835,1320.85234740442
2020-12-31,1.1696047318007,1116.49503141937,1305.85787178006
2021-01-01,1.14799998894766,1144.66034815613,1314.07006703207
2021-01-02,1.13456662894923,1187.59194745391,1347.40219239003
2021-01-03,1.12861497061121,1226.96870094996,1384.77524436351
2021-01-04,1.11137930777505,1275.09584411181,1417.11513657582
2021-01-05,1.07827883270678,1318.84779244076,1422.08565815093
2021-01-06,1.03109884886291,1354.12280078097,1396.23446110428
2021-01-07,0.969962454267871,1379.55362074717,1338.11521577406
2021-01-08,0.90240179470704,1378.18637236189,1243.67785586016
2021-01-09,0.858581452737085,1368.61563366494,1175.06799899073
2021-01-10,0.847234042675119,1364.5138885091,1156.06261804791
2021-01-11,0.860499942018227,1346.73965950046,1158.86939891379
2021-01-12,0.882652610259012,1339.90341757406,1182.66924901672
2021-01-13,0.905613676507296,1340.72376660523,1214.17777945607
2021-01-14,0.916757975611221,1331.69992726239,1220.84652943867
2021-01-15,0.915216127280235,1318.30089308665,1206.53023796083
2021-01-16,0.886363363441356,1289.86212667283,1143.28653297335
2021-01-17,0.849435695275156,1255.95436671789,1066.85247072688
2021-01-18,0.799471176342618,1198.25648485909,957.971521510468
2021-01-19,0.751794454221831,1152.59038879075,866.511062282271
2021-01-20,0.702050280965113,1105.83049401419,776.34860902245
2021-01-21,0.671256780364512,1065.08649213285,714.946529518831
2021-01-22,0.654604004559826,1027.62388637619,672.686711203185
2021-01-23,0.673341011153635,977.856045152011,658.43057820535
2021-01-24,0.7061268444559,923.986458771992,652.451642452648
2021-01-25,0.755080942357205,881.601758828323,665.68068683986
2021-01-26,0.796109971567118,838.396709853486,667.455980843424
2021-01-27,0.831809694271449,791.363365399866,658.263719030888
2021-01-28,0.864212680096321,755.814907382594,653.184826765865
2021-01-29,0.890570710660598,706.047066158415,628.78483746853
2021-01-30,0.896690571253115,656.826124288347,588.969792602088
2021-01-31,0.896792576814064,617.996270146405,554.214467566075
2021-02-01,0.888579579608092,590.924752117868,525.083667816911
2021-02-02,0.882725869153898,554.282495392373,489.279497502024
2021-02-03,0.873673611887355,533.500319936122,466.105151461651
2021-02-04,0.859061069257571,521.195084468605,447.73840655539
2021-02-05,0.842883910128284,502.873956105858,423.864366424184
2021-02-06,0.844498439768366,498.225311595907,420.750498295852
2021-02-07,0.849362734651917,485.099727097222,412.025630786195
2021-02-08,0.866344607565993,459.668907131021,398.231678958713
2021-02-09,0.885164188128915,452.012316173455,400.105114869946
2021-02-10,0.915350682521894,442.988476830609,405.489804616232
2021-02-11,0.948430172553553,430.13634200898,407.954285073131
2021-02-12,0.990515567317519,423.573549759638,419.556194940863
2021-02-13,1.04303003104694,414.276260739736,432.102581101376
2021-02-14,1.09388685714766,404.978971719834,443.001174585503
2021-02-15,1.10918464313195,397.048931085212,440.400576931675
2021-02-16,1.0998751528098,401.971025272219,442.117942846396
2021-02-17,1.07016652562004,407.98691816745,436.613942713689
2021-02-18,1.03316001699731,399.783427855772,413.040253118711
2021-02-19,0.990552181966425,397.322380762268,393.56855120816
2021-02-20,0.938703811039107,392.673736252317,368.604332715016
2021-02-21,0.894034215928335,391.033038189982,349.596915700255
2021-02-22,0.882846208159645,396.775481408156,350.291729251909
2021-02-23,0.882398726012957,394.587883991709,348.183846134432
2021-02-24,0.895135144524024,386.931293034143,346.355798910985
2021-02-25,0.905163601127703,385.290594971807,348.751022425316
2021-02-26,0.938526712628147,388.025091742367,364.171913770198
2021-02-27,0.967903173443105,380.915400138912,368.689224607804
2021-02-28,1.0148087933986,377.360554337185,382.948808823145
2021-03-01,1.06197627920276,368.610164671396,391.455251154045
2021-03-02,1.13129485409034,363.141171130277,410.819738208022
2021-03-03,1.16346234177507,357.125278235046,415.501812522421
2021-03-04,1.19267996642614,361.773922744997,431.480510033356
2021-03-05,1.18547973413053,371.618111119011,440.545739567454
2021-03-06,1.17824304438503,372.711909827234,439.145215313401
2021-03-07,1.14036497161863,373.532258858402,425.963103771705
2021-03-08,1.10409664902855,379.821601430689,419.359757368281
2021-03-09,1.04017200224676,383.923346586528,399.346316128186
2021-03-10,1.00380258745688,395.955132376989,397.460786396852
2021-03-11,0.971514976100522,401.150676241051,389.723889641033
2021-03-12,0.958830331368399,402.244474949275,385.684203206721
2021-03-13,0.950329635531927,406.346220105114,386.162855252269
2021-03-14,0.957959008842997,407.713468490394,390.572790166998
2021-03-15,0.970528139059187,418.651455572631,406.313018091325
2021-03-16,0.986878346229066,415.643509125016,410.189578906141
2021-03-17,1.00478397703792,419.198354926743,421.203790231047
2021-03-18,1.01400925389203,415.643509125016,421.46636457292
2021-03-19,1.02280720440777,412.088663323289,421.487253701826
2021-03-20,1.02448884556202,413.455911708568,423.580969677102
2021-03-21,1.02075754985723,414.00281106268,422.596495054347
2021-03-22,1.00940223850192,408.260367844506,412.098929193861
2021-03-23,1.02039947488527,407.98691816745,416.309637058125
2021-03-24,1.05145322556519,405.799320751002,426.679004735804
2021-03-25,1.08350854032458,404.432072365722,438.205604389429
2021-03-26,1.09587340325652,406.893119459226,445.903347583443
2021-03-27,1.09084261623815,418.651455572631,456.68284908876
2021-03-28,1.0854222124661,430.13634200898,466.879540005463
2021-03-29,1.08476047638202,427.675294915477,463.925256649335
2021-03-30,1.09523022875622,428.7690936237,469.600872493084
2021-03-31,1.09533624884826,426.854945884309,467.549695227248
2021-04-01,1.12411280537933,436.152234904211,490.284312350636
2021-04-02,1.14515148791466,450.645067788175,516.056869899029
2021-04-03,1.14655356842121,463.497202609804,531.424371605521
2021-04-04,1.0939206809467,467.052048411531,510.917894835892
2021-04-05,1.00904108185264,487.834223867782,492.244773016288
2021-04-06,0.887095754548752,494.67046579418,438.820070106671
2021-04-07,0.751247058398213,487.834223867782,366.484025666646
2021-04-08,0.583177463745243,478.810384524936,279.231425662137
2021-04-09,0.446914405890489,461.0361555163,206.043699536602
2021-04-10,0.346027005877212,432.870838779539,149.785000274441
2021-04-11,0.277675845966682,401.424125918107,111.465783755746
2021-04-12,0.221792144020095,371.071211764899,82.3006796414718
