"fecha","rho7dpromedio","incidenciaAcum14d","riesgopor10"
2020-01-07,0,0,0
2020-01-08,0,0,0
2020-01-09,0,0,0
2020-01-10,0,0,0
2020-01-11,0,0,0
2020-01-12,0,0,0
2020-01-13,0,0,0
2020-01-14,0,0,0
2020-01-15,0,0,0
2020-01-16,0,0,0
2020-01-17,0,0,0
2020-01-18,0,0,0
2020-01-19,0,0,0
2020-01-20,0,0,0
2020-01-21,0,0,0
2020-01-22,0,0,0
2020-01-23,0.142857142857143,0,0
2020-01-24,0.571428571428571,0,0
2020-01-25,1,0,0
2020-01-26,1.28571428571429,0,0
2020-01-27,1.28571428571429,0.411678495562106,0.529300922865565
2020-01-28,1.28571428571429,1.23503548668632,1.58790276859669
2020-01-29,1.28571428571429,1.23503548668632,1.58790276859669
2020-01-30,1.14285714285714,1.23503548668632,1.41146912764151
2020-01-31,0.714285714285714,1.23503548668632,0.882168204775941
2020-02-01,0.285714285714286,1.23503548668632,0.352867281910376
2020-02-02,0,1.23503548668632,0
2020-02-03,0,1.23503548668632,0
2020-02-04,0,1.23503548668632,0
2020-02-05,0,1.23503548668632,0
2020-02-06,0,1.23503548668632,0
2020-02-07,0,1.23503548668632,0
2020-02-08,0,1.23503548668632,0
2020-02-09,0,1.23503548668632,0
2020-02-10,0,0.823356991124212,0
2020-02-11,0,0,0
2020-02-12,0,0,0
2020-02-13,0,0,0
2020-02-14,0,0,0
2020-02-15,0,0,0
2020-02-16,0,0,0
2020-02-17,0,0,0
2020-02-18,0,0,0
2020-02-19,0,0,0
2020-02-20,0,0,0
2020-02-21,0,0,0
2020-02-22,0,0,0
2020-02-23,0,0,0
2020-02-24,0,0,0
2020-02-25,0,0,0
2020-02-26,0,0,0
2020-02-27,0,0,0
2020-02-28,0,0,0
2020-02-29,0,0,0
2020-03-01,0.142857142857143,0,0
2020-03-02,0.428571428571429,0,0
2020-03-03,0.714285714285714,0,0
2020-03-04,0.857142857142857,0,0
2020-03-05,0.857142857142857,0.411678495562106,0.352867281910376
2020-03-06,0.857142857142857,0.823356991124212,0.705734563820753
2020-03-07,0.857142857142857,0.823356991124212,0.705734563820753
2020-03-08,0.785714285714286,0.823356991124212,0.646923350169023
2020-03-09,0.642857142857143,0.823356991124212,0.529300922865565
2020-03-10,0.5,0.823356991124212,0.411678495562106
2020-03-11,0.642857142857143,0.823356991124212,0.529300922865565
2020-03-12,0.928571428571429,1.23503548668632,1.14681866620872
2020-03-13,1.21428571428571,1.23503548668632,1.4996859481191
2020-03-14,1.21428571428571,1.23503548668632,1.4996859481191
2020-03-15,1.28571428571429,2.05839247781053,2.64650461432782
2020-03-16,1.28571428571429,2.05839247781053,2.64650461432782
2020-03-17,1.28571428571429,2.05839247781053,2.64650461432782
2020-03-18,1.14285714285714,2.05839247781053,2.35244854606918
2020-03-19,1,2.05839247781053,2.05839247781053
2020-03-20,0.857142857142857,2.05839247781053,1.76433640955188
2020-03-21,0.857142857142857,2.05839247781053,1.76433640955188
2020-03-22,0.714285714285714,2.47007097337264,1.76433640955188
2020-03-23,0.571428571428571,2.47007097337264,1.41146912764151
2020-03-24,0.428571428571429,2.47007097337264,1.05860184573113
2020-03-25,0.285714285714286,2.47007097337264,0.705734563820753
2020-03-26,0.142857142857143,2.05839247781053,0.294056068258647
2020-03-27,0,2.05839247781053,0
2020-03-28,0,2.05839247781053,0
2020-03-29,0,1.23503548668632,0
2020-03-30,0,1.23503548668632,0
2020-03-31,0,1.23503548668632,0
2020-04-01,0.142857142857143,1.23503548668632,0.176433640955188
2020-04-02,0.428571428571429,0.823356991124212,0.352867281910376
2020-04-03,0.714285714285714,0.411678495562106,0.294056068258647
2020-04-04,0.857142857142857,0.411678495562106,0.352867281910376
2020-04-05,0.857142857142857,0.411678495562106,0.352867281910376
2020-04-06,0.857142857142857,0.823356991124212,0.705734563820753
2020-04-07,0.857142857142857,0.823356991124212,0.705734563820753
2020-04-08,0.714285714285714,0.823356991124212,0.588112136517294
2020-04-09,0.428571428571429,0.823356991124212,0.352867281910376
2020-04-10,0.142857142857143,0.823356991124212,0.117622427303459
2020-04-11,0,0.823356991124212,0
2020-04-12,0,0.823356991124212,0
2020-04-13,0,0.823356991124212,0
2020-04-14,0,0.823356991124212,0
2020-04-15,0,0.823356991124212,0
2020-04-16,0,0.823356991124212,0
2020-04-17,0,0.823356991124212,0
2020-04-18,0,0.823356991124212,0
2020-04-19,0,0.411678495562106,0
2020-04-20,0,0,0
2020-04-21,0,0,0
2020-04-22,0,0,0
2020-04-23,0.142857142857143,0,0
2020-04-24,0.285714285714286,0,0
2020-04-25,0.428571428571429,0,0
2020-04-26,0.428571428571429,0,0
2020-04-27,0.428571428571429,0.411678495562106,0.176433640955188
2020-04-28,0.428571428571429,0.411678495562106,0.176433640955188
2020-04-29,0.428571428571429,0.411678495562106,0.176433640955188
2020-04-30,0.285714285714286,0.411678495562106,0.117622427303459
2020-05-01,0.142857142857143,0.411678495562106,0.0588112136517294
2020-05-02,0,0.411678495562106,0
2020-05-03,0,0.411678495562106,0
2020-05-04,0,0.411678495562106,0
2020-05-05,0,0.411678495562106,0
2020-05-06,0,0.411678495562106,0
2020-05-07,0,0.411678495562106,0
2020-05-08,0,0.411678495562106,0
2020-05-09,0,0.411678495562106,0
2020-05-10,0,0.411678495562106,0
2020-05-11,0.142857142857143,0,0
2020-05-12,0.285714285714286,0,0
2020-05-13,0.428571428571429,0,0
2020-05-14,0.428571428571429,0,0
2020-05-15,0.428571428571429,0.411678495562106,0.176433640955188
2020-05-16,0.428571428571429,0.411678495562106,0.176433640955188
2020-05-17,0.428571428571429,0.411678495562106,0.176433640955188
2020-05-18,0.285714285714286,0.411678495562106,0.117622427303459
2020-05-19,0.142857142857143,0.411678495562106,0.0588112136517294
2020-05-20,0,0.411678495562106,0
2020-05-21,0,0.411678495562106,0
2020-05-22,0.142857142857143,0.411678495562106,0.0588112136517294
2020-05-23,0.285714285714286,0.411678495562106,0.117622427303459
2020-05-24,0.428571428571429,0.411678495562106,0.176433640955188
2020-05-25,0.428571428571429,0.411678495562106,0.176433640955188
2020-05-26,0.428571428571429,0.823356991124212,0.352867281910376
2020-05-27,0.428571428571429,0.823356991124212,0.352867281910376
2020-05-28,0.428571428571429,0.823356991124212,0.352867281910376
2020-05-29,0.285714285714286,0.411678495562106,0.117622427303459
2020-05-30,0.142857142857143,0.411678495562106,0.0588112136517294
2020-05-31,0,0.411678495562106,0
2020-06-01,0,0.411678495562106,0
2020-06-02,0,0.411678495562106,0
2020-06-03,0,0.411678495562106,0
2020-06-04,0,0.411678495562106,0
2020-06-05,0,0.411678495562106,0
2020-06-06,0,0.411678495562106,0
2020-06-07,0,0.411678495562106,0
2020-06-08,0,0.411678495562106,0
2020-06-09,0,0,0
2020-06-10,0,0,0
2020-06-11,0,0,0
2020-06-12,0,0,0
2020-06-13,0,0,0
2020-06-14,0,0,0
2020-06-15,0,0,0
2020-06-16,0,0,0
2020-06-17,0,0,0
2020-06-18,0,0,0
2020-06-19,0,0,0
2020-06-20,0.142857142857143,0,0
2020-06-21,0.428571428571429,0,0
2020-06-22,0.714285714285714,0,0
2020-06-23,1,0,0
2020-06-24,1.14285714285714,0.411678495562106,0.470489709213835
2020-06-25,1.28571428571429,0.823356991124212,1.05860184573113
2020-06-26,1.28571428571429,0.823356991124212,1.05860184573113
2020-06-27,1.14285714285714,1.23503548668632,1.41146912764151
2020-06-28,0.857142857142857,1.23503548668632,1.05860184573113
2020-06-29,0.714285714285714,1.23503548668632,0.882168204775941
2020-06-30,0.714285714285714,1.23503548668632,0.882168204775941
2020-07-01,1,1.23503548668632,1.23503548668632
2020-07-02,1.28571428571429,1.23503548668632,1.58790276859669
2020-07-03,1.57142857142857,1.64671398224842,2.58769340067609
2020-07-04,1.71428571428571,2.05839247781053,3.52867281910376
2020-07-05,1.71428571428571,2.47007097337264,4.23440738292452
2020-07-06,1.57142857142857,2.88174946893474,4.52846345118316
2020-07-07,1.33333333333333,2.88174946893474,3.84233262524632
2020-07-08,0.976190476190476,2.47007097337264,2.41125975972091
2020-07-09,0.69047619047619,2.05839247781053,1.42127099658346
2020-07-10,0.404761904761905,2.05839247781053,0.833158860066167
2020-07-11,0.404761904761905,2.05839247781053,0.833158860066167
2020-07-12,0.833333333333333,2.05839247781053,1.71532706484211
2020-07-13,1.26190476190476,2.05839247781053,2.59749526961805
2020-07-14,1.5,2.05839247781053,3.08758871671579
2020-07-15,1.57142857142857,2.47007097337264,3.88154010101414
2020-07-16,1.71428571428571,3.29342796449685,5.64587651056602
2020-07-17,1.80952380952381,2.88174946893474,5.21459427712001
2020-07-18,1.80952380952381,2.47007097337264,4.46965223753144
2020-07-19,1.52380952380952,2.47007097337264,3.76391767371068
2020-07-20,1.52380952380952,2.47007097337264,3.76391767371068
2020-07-21,1.45238095238095,2.47007097337264,3.58748403275549
2020-07-22,1.52380952380952,3.29342796449685,5.01855689828091
2020-07-23,1.38095238095238,3.29342796449685,4.54806718906707
2020-07-24,1.35714285714286,3.70510646005895,5.02835876722286
2020-07-25,1.30952380952381,4.11678495562106,5.3910279180752
2020-07-26,1.26190476190476,4.11678495562106,5.1949905392361
2020-07-27,0.928571428571429,4.52846345118316,4.20500177609865
2020-07-28,0.80952380952381,4.52846345118316,3.66589898429113
2020-07-29,0.880952380952381,4.52846345118316,3.98936065937564
2020-07-30,0.880952380952381,4.11678495562106,3.62669150852331
2020-07-31,0.880952380952381,4.11678495562106,3.62669150852331
2020-08-01,0.785714285714286,4.52846345118316,3.55807842592963
2020-08-02,0.761904761904762,4.52846345118316,3.45025786756813
2020-08-03,0.738095238095238,4.11678495562106,3.03857937200602
2020-08-04,0.714285714285714,4.11678495562106,2.94056068258647
2020-08-05,0.428571428571429,3.29342796449685,1.41146912764151
2020-08-06,0.285714285714286,3.70510646005895,1.05860184573113
2020-08-07,0.214285714285714,3.29342796449685,0.705734563820753
2020-08-08,0.214285714285714,2.47007097337264,0.529300922865565
2020-08-09,0.142857142857143,2.47007097337264,0.352867281910376
2020-08-10,0.5,2.05839247781053,1.02919623890526
2020-08-11,1,2.05839247781053,2.05839247781053
2020-08-12,1.57142857142857,1.64671398224842,2.58769340067609
2020-08-13,2,1.23503548668632,2.47007097337264
2020-08-14,2.57142857142857,2.47007097337264,6.35161107438678
2020-08-15,2.80952380952381,2.47007097337264,6.93972321090407
2020-08-16,2.98809523809524,2.47007097337264,7.38080731329204
2020-08-17,2.75952380952381,2.88174946893474,7.95225627260801
2020-08-18,2.61666666666667,4.11678495562106,10.7722539672084
2020-08-19,2.33095238095238,4.52846345118316,10.5556326635912
2020-08-20,2.15952380952381,4.52846345118316,9.7793246433884
2020-08-21,2.15952380952381,6.58685592899369,14.2244722085649
2020-08-22,2.43163265306122,7.82189141568001,19.0199665750668
2020-08-23,2.71337868480726,8.64524840680422,23.4578327518865
2020-08-24,2.78480725623583,10.2919623890526,28.66113154194
2020-08-25,2.64195011337868,16.0554613269221,42.417727873009
2020-08-26,2.46337868480726,18.9372107958569,46.6495214242157
2020-08-27,2.30337868480726,22.2306387603537,51.2055794702488
2020-08-28,1.8206200641176,22.6423172559158,41.2230570942365
2020-08-29,1.5284610952669,24.7007097337264,37.7540738534812
2020-08-30,1.29830236510817,26.3474237159748,34.2069225249572
2020-08-31,1.31258807939389,28.4058161937853,37.2851357214164
2020-09-01,1.21174774325943,30.0525301760337,36.4160856200449
2020-09-02,1.35063663214832,36.2277076094653,48.9304689961024
2020-09-03,1.4308336764833,38.2861000872758,54.7810413460844
2020-09-04,1.53428195234537,39.5211355739622,60.6365650473246
2020-09-05,1.49718922051579,41.5795280517727,62.2524211932481
2020-09-06,1.56573178905836,46.9313484940801,73.4819042405574
2020-09-07,1.52886542961136,50.636454954139,77.4163254574558
2020-09-08,1.570181956222,49.4014194674527,77.5692174595485
2020-09-09,1.55125643729648,52.2831689363874,81.1046023748305
2020-09-10,1.65211202454045,57.6349893786948,95.219458986803
2020-09-11,1.70844100290841,63.8101668121264,109.015905384262
2020-09-12,1.73912883359624,68.3386302633096,118.849682339395
2020-09-13,1.63090372537114,76.9838786701138,125.553294516608
2020-09-14,1.56408344887344,87.2758410591664,136.506698487151
2020-09-15,1.53094316573316,93.8626969881601,143.698454471306
2020-09-16,1.49847979576979,97.9794819437812,146.820274092747
2020-09-17,1.43278430704798,106.624730350585,152.770240389541
2020-09-18,1.37794612463543,114.034943270703,157.134008152887
2020-09-19,1.36702924030082,130.090404597625,177.837386967519
2020-09-20,1.32941019268178,138.73565300443,184.436591192451
2020-09-21,1.29023968576933,148.204258402358,191.219015790735
2020-09-22,1.21723751192682,156.4378283136,190.421992907682
2020-09-23,1.19596497378535,168.788183180463,201.8647550727
2020-09-24,1.17780216812255,173.316646631647,204.132722174483
2020-09-25,1.19514107614025,179.080145569516,214.026037891305
2020-09-26,1.1818358353353,186.490358489634,220.400988607577
2020-09-27,1.22469297819245,199.252391852059,244.023005189267
2020-09-28,1.23726440676388,210.779389727798,260.789836589616
2020-09-29,1.25628923523831,218.601281143478,274.626436309855
2020-09-30,1.20407623992589,225.188137072472,271.143685362139
2020-10-01,1.16957920542886,235.891777957087,275.89411823025
2020-10-02,1.12338622793088,242.066955390518,271.934683922867
2020-10-03,1.11348914983359,244.537026363891,272.289325588762
2020-10-04,1.0820119875401,246.183740346139,266.373758191982
2020-10-05,1.12487765918189,258.945773708565,291.282315784333
2020-10-06,1.17776909721406,267.179343619807,314.675574329344
2020-10-07,1.25733510083069,270.061093088741,339.55729170918
2020-10-08,1.32319232053407,284.469840433415,376.408308285046
2020-10-09,1.40273153482904,298.878587778089,419.246420161493
2020-10-10,1.47943479677898,317.404120078384,469.578699884974
2020-10-11,1.54244019827512,324.402654502939,500.37169473249
2020-10-12,1.57065818171699,346.633293263293,544.442418119495
2020-10-13,1.57291540483095,371.334002997019,584.076973651555
2020-10-14,1.54569677352139,401.798211668615,621.058199382844
2020-10-15,1.49004686916129,431.027384853525,642.251005323771
2020-10-16,1.40698912618451,460.256558038434,647.575972415189
2020-10-17,1.3098265441429,490.72076671003,642.759085998953
2020-10-18,1.21757024512127,520.361618390502,633.576823255426
2020-10-19,1.12781015536118,556.589325999967,627.727094228399
2020-10-20,1.04888958924504,584.58346369819,613.16350911784
2020-10-21,0.994925973929975,610.107530423041,607.011828908156
2020-10-22,0.952600905538723,628.221384227773,598.444259494167
2020-10-23,0.941718500303087,646.335238032506,608.665851053011
2020-10-24,0.94154456709344,652.510415465938,614.367636653837
2020-10-25,0.967384935986982,669.800912279546,647.955312649571
2020-10-26,0.995161768717375,678.857839181912,675.573367947927
2020-10-27,1.03882036357752,682.151267146409,708.632627351898
2020-10-28,1.08192273362864,685.444695110906,741.598198285638
2020-10-29,1.12338344723909,685.444695110906,770.017224485439
2020-10-30,1.15020420860715,690.384837057651,794.083545142269
2020-10-31,1.16151921848206,694.501622013273,806.676981235382
2020-11-01,1.15579466450953,710.145404844632,820.782269945387
2020-11-02,1.13308008501657,708.087012366822,802.31929217173
2020-11-03,1.10226700053356,718.378974755875,791.845437750535
2020-11-04,1.0644626746406,731.1410081183,778.272313041027
2020-11-05,1.01400101542518,738.96289953398,749.309130488989
2020-11-06,0.952000534283267,748.019826436346,712.115274421879
2020-11-07,0.886388805720875,761.605216789896,675.078338541184
2020-11-08,0.824945657032828,765.722001745517,631.679039834448
2020-11-09,0.773337452610266,755.430039356464,584.202342261201
2020-11-10,0.745269492456657,751.724932896405,560.237659206718
2020-11-11,0.726407476562,734.434436082797,533.49866541514
2020-11-12,0.724214538046653,713.850511304692,516.980918278894
2020-11-13,0.726327620540649,699.441763960018,508.023872123834
2020-11-14,0.747934834854946,680.916231659723,509.280969276467
2020-11-15,0.748953813875125,647.570273519192,485.000226104357
2020-11-16,0.747319056879544,617.929421838721,461.790432746635
2020-11-17,0.720163456950483,584.995142193752,421.292123901492
2020-11-18,0.713035366286313,554.942612017719,395.693708627937
2020-11-19,0.69509839291022,515.421476443757,358.268639947468
2020-11-20,0.700380748985752,480.84048281654,336.771417497719
2020-11-21,0.695076507473479,443.78941821595,308.46759886723
2020-11-22,0.743255779182162,415.795280517727,309.042245201469
2020-11-23,0.769165759612691,391.506249279563,301.13320162023
2020-11-24,0.799255500230994,364.747147068026,291.526163487683
2020-11-25,0.802869536137888,348.280007245542,279.623407863328
2020-11-26,0.828308994594052,335.929652378678,278.253552616112
2020-11-27,0.839228717998012,312.052299636076,261.883251371916
2020-11-28,0.841213829660543,286.939911406788,241.377821756961
2020-11-29,0.806173398393697,275.824592026611,222.362448714648
2020-11-30,0.783724956424707,259.769130699689,203.587550638098
2020-12-01,0.761069465656971,247.007097337264,187.989559583951
2020-12-02,0.745072576883313,228.893243532531,170.542078789962
2020-12-03,0.72638067447048,223.129744594661,162.077134373096
2020-12-04,0.741105498826452,210.779389727798,156.209764766555
2020-12-05,0.792934267073131,204.604212294367,162.237691115709
2020-12-06,0.871058598566735,191.430500436379,166.747183433041
2020-12-07,0.932234741264616,180.315181056202,168.096076158011
2020-12-08,1.00451947707675,179.080145569516,179.889494182318
2020-12-09,1.05746811372862,171.669932649398,181.535479862678
2020-12-10,1.09322248281632,163.848041233718,179.122362442117
2020-12-11,1.07741237828671,161.377970260345,173.87062274128
2020-12-12,1.03018711464353,160.142934773659,164.977187905023
2020-12-13,0.944978672292232,154.37943583579,145.885274305328
2020-12-14,0.878189315647803,148.204258402358,130.151396262457
2020-12-15,0.809476008407099,144.499151942299,116.968596732463
2020-12-16,0.760286770251469,140.382366986678,106.730856396558
2020-12-17,0.724687801319166,137.912296013305,99.9433585727604
2020-12-18,0.722153750004627,137.088939022181,98.9992913990239
2020-12-19,0.777429142014713,133.795511057684,104.016529366996
2020-12-20,0.874264930339863,129.267047606501,113.013646370938
2020-12-21,0.996178510586777,126.796976633129,126.312423329296
2020-12-22,1.11463089153916,120.210120704135,133.98991401248
2020-12-23,1.24726247048653,121.445156190821,151.473985539186
2020-12-24,1.34914123688142,119.798442208573,161.625018497741
2020-12-25,1.41487550261569,118.563406721886,167.752459677457
2020-12-26,1.39330115859236,117.3283712352,163.473755577759
2020-12-27,1.32808571071108,118.563406721886,157.462366280564
2020-12-28,1.23696849459387,122.680191677508,151.751532015814
2020-12-29,1.14728595491133,122.680191677508,140.749260857434
2020-12-30,1.06086540916494,123.915227164194,131.457378167309
2020-12-31,1.02565330943671,125.973619642004,129.205259887543
2021-01-01,1.05000356235839,128.855369110939,135.298596595492
2021-01-02,1.09840917460329,133.795511057684,146.962216866496
2021-01-03,1.15317896984533,141.205723977802,162.835471312986
2021-01-04,1.21915612994014,147.792579906796,180.182229753038
2021-01-05,1.30250634946057,153.144400349103,199.471553839039
2021-01-06,1.44294751376366,153.967757340228,222.167392653848
2021-01-07,1.65327482086516,159.319577782535,263.399046418733
2021-01-08,1.98017117080298,169.199861676026,335.044688194718
2021-01-09,2.34401045651727,179.080145569516,419.76573376958
2021-01-10,2.72831629152733,204.604212294367,558.225005717837
2021-01-11,3.11655158564498,234.6567424704,731.319842828411
2021-01-12,3.4919315248547,288.998303884598,1009.16228796417
2021-01-13,3.78648233486943,374.627430961516,1418.5201494933
2021-01-14,3.96727578752413,540.122186177483,2142.81367152653
2021-01-15,3.75902283697505,739.786256525104,2780.87343275815
2021-01-16,3.41143254978165,981.44153342006,3348.12159281681
2021-01-17,2.99266232324443,1234.62380819076,3694.81215415304
2021-01-18,2.53055332614672,1498.0980453505,3791.01699155562
2021-01-19,2.03033195660717,1726.99128888303,3506.36560260143
2021-01-20,1.50143108808366,1943.94585604426,2918.70074181627
2021-01-21,0.964266210917709,2139.49314143626,2063.04094477717
2021-01-22,0.64254105389153,2240.35437284898,1439.51965982088
2021-01-23,0.428500494055846,2288.10907833418,980.455870519865
2021-01-24,0.28279995819484,2295.93096974986,649.289182263499
2021-01-25,0.181528673602409,2274.52368798063,412.891268156385
2021-01-26,0.124090834880343,2221.82884054869,275.70859578491
2021-01-27,0.107936758348908,2132.08292851615,230.130119835078
2021-01-28,0.152480225870917,1962.47138834456,299.238080559991
2021-01-29,0.275424964161609,1757.86717605019,484.160503964494
2021-01-30,0.475448668333544,1509.21336473068,717.553484492389
2021-01-31,0.99527657358891,1247.79752004874,1241.90364028685
2021-02-01,1.55865685527905,979.794819437812,1527.16391208365
2021-02-02,2.11631606354067,742.668005994039,1571.7202309629
2021-02-03,2.66137100859561,519.538261399378,1382.68406674447
2021-02-04,3.16213905775076,348.691685741104,1102.6115985949
2021-02-05,3.59375,360.630362112405,1296.01536384145
2021-02-06,3.74274032042724,425.263885915655,1591.65229263809
2021-02-07,3.42422323968189,529.418545292868,1812.84728631042
2021-02-08,2.9999077339364,659.097271394931,1977.23100187403
2021-02-09,2.536331574996,794.951174930426,2016.25976555621
2021-02-10,2.0341749941569,933.686827934856,1899.28239775876
2021-02-11,1.50274642272832,1081.47940784165,1625.18931138839
2021-02-12,0.969395337653101,1208.68806297034,1171.69657292041
2021-02-13,0.653151435465292,1249.03255553543,815.807406590847
2021-02-14,0.506286310696849,1284.84858464933,650.501249726178
2021-02-15,0.459442786792749,1313.66607933868,603.554404406467
2021-02-16,0.51058420439475,1347.83539447033,688.18346254072
2021-02-17,0.577176349669421,1392.7083504866,803.838321887979
2021-02-18,0.636113011712879,1406.29374084015,894.561746838801
2021-02-19,0.677169219653575,1324.78139871886,897.101185982019
2021-02-20,0.698733477297404,1227.6252737662,857.782876356835
2021-02-21,0.684664723322916,1103.71004660201,755.671333685485
2021-02-22,0.615382576501923,977.736426960001,601.68196156243
2021-02-23,0.472410108227502,855.879592273618,404.32617081569
2021-02-24,0.353087325746825,729.905972631614,257.720547923132
2021-02-25,0.269548439580185,581.701714229256,156.796789371614
2021-02-26,0.22001577488717,453.258023613878,99.7239152892347
2021-02-27,0.606246866558393,411.266817066544,249.329219166036
2021-02-28,1.13034068318952,372.569038483706,421.129941494936
2021-03-01,1.67078185966011,336.753009369803,562.640819241018
2021-03-02,2.22618906927293,302.99537273371,674.524986820062
2021-03-03,2.78107628731804,321.932583529567,895.319074169113
2021-03-04,3.10285209055029,331.401188927495,1028.28887187453
2021-03-05,3.25896534666354,340.458115829861,1109.54120147988
2021-03-06,2.93942597034634,362.688754590215,1066.09674439505
2021-03-07,2.45884664184074,396.446391226308,974.800877736687
2021-03-08,1.93725195745536,433.085777331335,838.996269881204
2021-03-09,1.37037919468282,461.079915029559,631.854322642631
2021-03-10,0.802613626917255,502.247764585769,403.110899945268
2021-03-11,0.470157028940267,501.012729099083,235.55465617448
2021-03-12,0.290653923350205,498.54265812571,144.903379541678
2021-03-13,0.25602057973198,498.130979630148,127.53178218737
2021-03-14,0.736599908237576,496.4842656479,365.710264517643
2021-03-15,1.25819459262296,496.895944143462,625.191790017583
2021-03-16,1.82506735539549,493.602516178965,900.857838819305
2021-03-17,2.39283292316106,461.491593525121,1104.27227874897
2021-03-18,2.95954451345756,456.551451578375,1351.18434362986
2021-03-19,3.40591954022989,462.726629011807,1576.00966753602
2021-03-20,3.61532552942969,472.195234409735,1707.13948583655
2021-03-21,3.30787211328062,501.836086090207,1660.00959461569
2021-03-22,2.933533488942,536.828758212986,1574.80514004494
2021-03-23,2.49988474673106,598.16885405174,1495.35319421354
2021-03-24,2.0363278954191,668.977555288422,1362.25765724309
2021-03-25,1.56231756839673,773.132214665635,1207.87804166559
2021-03-26,1.21931119343295,843.117558911193,1028.02267696028
2021-03-27,1.04717589774545,908.98611820113,951.86835436542
2021-03-28,0.965062431865325,997.08531625142,962.249580078802
2021-03-29,0.97981289661579,1070.36408846148,1048.75653794896
2021-03-30,1.05177562166368,1172.46035536088,1233.16521913571
2021-03-31,1.13386884457949,1242.03402111087,1408.3036804454
2021-04-01,1.2209744096971,1287.73033411827,1572.2857845491
2021-04-02,1.28977803641095,1351.54050093039,1743.18725341987
2021-04-03,1.3323279758906,1394.76674296441,1858.2867514933
2021-04-04,1.32357957512798,1422.34920216708,1882.59235268791
2021-04-05,1.27997116196939,1466.81047968778,1877.47511407485
2021-04-06,1.23215455717153,1482.86594101471,1827.12002689572
2021-04-07,1.19287454564595,1498.0980453505,1787.04302518057
2021-04-08,1.15289849605452,1531.44400349103,1765.59948841652
2021-04-09,1.11907454939542,1596.48920578985,1786.59043858392
2021-04-10,1.08829920347029,1671.82637047771,1819.44730733153
2021-04-11,1.06365079637006,1715.05261251173,1824.21707711466
2021-04-12,1.04869409382067,1785.86131374842,1872.82221211079
2021-04-13,1.03435934457579,1822.912378349,1885.54645288817
2021-04-14,1.02933542526577,1855.84665799397,1910.28870893429
2021-04-15,1.02902108124311,1908.95318392148,1964.35306936137
2021-04-16,1.02367646201157,1926.24368073509,1971.85031606704
2021-04-17,1.00573519197054,1950.1210334777,1961.30535197047
2021-04-18,0.973981900730512,1979.76188515817,1928.25224390017
2021-04-19,0.930289995220925,1987.58377657385,1849.02930201007
2021-04-20,0.882617006557579,1984.29034860935,1751.36840763068
2021-04-21,0.827487555822541,1956.29621091113,1618.81077003175
2021-04-22,0.778342959139575,1929.53710869959,1501.84162295486
2021-04-23,0.737280491325869,1892.07436560344,1394.98951789718
2021-04-24,0.710900140429,1838.55616118036,1307.02983316972
2021-04-25,0.689491609964896,1786.68467073954,1231.9040901278
2021-04-26,0.683446882513735,1731.93143082978,1183.68313712816
2021-04-27,0.687363611523936,1664.00447906203,1143.77612832008
2021-04-28,0.71039747623261,1591.13738534754,1130.33998289025
2021-04-29,0.740911295929991,1497.27468835938,1109.34772971552
2021-04-30,0.792335265962896,1416.99738172477,1122.73699731762
2021-05-01,0.842717085066027,1345.36532349696,1133.76234376627
2021-05-02,0.890579714835611,1264.26465987123,1125.92846026486
2021-05-03,0.907850474798924,1189.33917367892,1079.74213352137
2021-05-04,0.903294033507789,1131.29250580467,1021.88977064543
2021-05-05,0.86869066090875,1076.95094439047,935.537227648858
2021-05-06,0.817931505194636,1023.84441846296,837.434606278533
2021-05-07,0.747172844209616,967.856143066511,723.155827200754
2021-05-08,0.698376882787072,916.80800961681,640.277519870407
2021-05-09,0.692669664945895,871.111696609416,603.392647020894
2021-05-10,0.773273669372728,813.888385726283,629.358458490409
2021-05-11,0.903218418328883,777.248999621256,702.025612085617
2021-05-12,1.07872065047174,757.488431834275,817.118413913087
2021-05-13,1.23334456397651,748.843183427471,923.581669551133
2021-05-14,1.3871552287779,746.373112454098,1035.33536555994
2021-05-15,1.48336629215062,740.609613516228,1098.59533633267
2021-05-16,1.53717390028149,741.844649002915,1140.34423251077
2021-05-17,1.48989581106552,732.376043604986,1091.16399949181
2021-05-18,1.40167039363347,751.724932896405,1053.670582597
2021-05-19,1.25852336209358,763.663609267706,961.088493044111
2021-05-20,1.1374214737443,773.955571656759,880.313686926446
2021-05-21,1.01048207621699,789.599354488119,797.875995102746
2021-05-22,0.933722232356463,809.3599222751,755.71735340656
2021-05-23,0.865847047284257,830.355525548768,718.960879992568
2021-05-24,0.839262729346556,854.644556786932,717.271323350178
2021-05-25,0.818047728540559,876.051838556161,716.652216614648
2021-05-26,0.824980645247912,885.108765458528,730.197600442559
2021-05-27,0.838043708310975,880.168623511782,737.61977718678
2021-05-28,0.861762195232867,866.171554662671,746.433900394368
2021-05-29,0.872001451911148,856.702949264742,747.046215615418
2021-05-30,0.873256449442956,834.883988999951,729.067827930869
2021-05-31,0.865028302692927,823.356991124212,712.227100542532
2021-06-01,0.862492371455824,781.365784576877,673.922028514151
2021-06-02,0.861015876336514,749.254861923033,645.120331538054
2021-06-03,0.857331232450141,717.555617764751,615.182842129776
2021-06-04,0.845270683039537,697.795049977769,589.825698516317
2021-06-05,0.824301165820885,682.562945641971,562.637431838814
2021-06-06,0.805944888291648,664.449091837239,535.509349096251
2021-06-07,0.792660306238816,642.218453076885,509.061075688143
2021-06-08,0.783805015870921,614.635993874224,481.754774933425
2021-06-09,0.788431678900124,584.171785202628,460.579541373391
2021-06-10,0.790687751357926,570.174716353517,450.830164354705
2021-06-11,0.803091795544408,549.179113079849,441.041239998781
2021-06-12,0.817532212233959,528.183509806182,431.807033237345
2021-06-13,0.846858133949117,516.244833434881,437.186136303536
2021-06-14,0.8843414370282,480.017125825415,424.499034850594
2021-06-15,0.937703418961611,463.138307507369,434.286374401754
2021-06-16,0.985134249001136,451.61130963163,444.897768354376
2021-06-17,1.03355530163272,438.025919278081,452.724011122404
2021-06-18,1.05845064321996,433.085777331335,458.399919585768
2021-06-19,1.07233953210885,419.088708482224,449.40538956593
2021-06-20,1.08024869517112,414.560245031041,447.828163764601
2021-06-21,1.05882722258686,407.561710606485,431.537434074212
2021-06-22,1.01378281593531,406.738353615361,412.344353477071
2021-06-23,0.94552820059549,408.796746093171,386.528851742767
2021-06-24,0.882726646948339,406.326675119798,358.675383494167
2021-06-25,0.839708229375846,400.151497686367,336.010505604312
2021-06-26,0.840157964825581,394.799677244059,331.694093347165
2021-06-27,0.87227729332916,382.449322377196,333.601859758752
2021-06-28,0.964917844568437,386.566107332817,373.004535070793
2021-06-29,1.05974712243343,382.449322377196,405.299568865849
2021-06-30,1.14794607914616,384.919393350569,441.866708384104
2021-07-01,1.19903211952033,394.387998748497,472.883878052793
2021-07-02,1.22264230778168,390.682892288438,477.665433038359
2021-07-03,1.20673431746691,391.917927775125,472.940813076762
2021-07-04,1.16034199004414,389.447856801752,451.89270117977
2021-07-05,1.07816244926587,386.977785828379,417.22491738021
2021-07-06,1.00416551596661,387.801142819504,389.41653467179
2021-07-07,0.94617471401203,386.977785828379,366.148595835176
2021-07-08,0.920479627615102,384.507714855007,353.931518184871
2021-07-09,0.917162243245086,390.271213792876,357.942021916257
2021-07-10,0.928992563656943,396.85806972187,368.678195598866
2021-07-11,0.930865776710281,400.151497686367,372.487334695602
2021-07-12,0.928707574552079,403.444925650864,374.682358366557
2021-07-13,0.917305863942055,407.150032110923,373.481111959545
2021-07-14,0.907912717498628,400.151497686367,363.302633675575
2021-07-15,0.89789351818127,389.03617830619,349.313062839141
2021-07-16,0.891536717087627,383.272679368321,341.701666313411
2021-07-17,0.896063825192787,373.39239547483,334.583418187074
2021-07-18,0.908656639514255,365.158825563588,331.803991325582
2021-07-19,0.933305973919687,363.100433085777,338.883803331782
2021-07-20,0.944859787960043,354.455184678973,334.910450637112
2021-07-21,0.96033734505902,352.808470696725,338.815150063226
2021-07-22,0.967509356720828,345.809936272169,334.574348990357
2021-07-23,0.986513453789848,342.928186803234,338.303269965149
2021-07-24,0.981698044480056,333.459581405306,327.356618978727
2021-07-25,0.99690888785355,331.401188927495,330.376790687054
2021-07-26,0.996320908759474,330.166153440809,328.951442037767
2021-07-27,1.00876376480604,323.579297511815,326.415070371314
2021-07-28,1.01475178875814,320.285869547318,325.010659037098
2021-07-29,1.03620813461009,325.226011494064,337.001838696943
2021-07-30,1.03289213418718,321.520905034005,332.096413786367
2021-07-31,1.02029691619481,319.874191051756,326.366650700415
2021-08-01,0.974788258186149,327.284403971874,319.032994079235
2021-08-02,0.923451614061043,326.049368485188,301.09081559123
2021-08-03,0.856446684052766,323.579297511815,277.128416382118
2021-08-04,0.78745317755926,316.580763087259,249.292527847198
2021-08-05,0.725081888548838,311.228942644952,225.66646950406
2021-08-06,0.697243186381291,300.525301760337,209.539218987577
2021-08-07,0.708864797026876,293.115088840219,207.778967956237
2021-08-08,0.746623801776172,282.823126451167,211.162477901193
2021-08-09,0.813040901160304,273.354521053238,222.248406133368
2021-08-10,0.87590620373505,266.355986628682,233.302861090033
2021-08-11,0.932537072865919,260.592487690813,243.012155682039
2021-08-12,0.944667632705846,244.948704859453,231.395113153942
2021-08-13,0.925618679697932,239.596884417146,221.775351813936
2021-08-14,0.86635508354909,230.951636010341,200.086123911538
2021-08-15,0.795053277515057,214.484496187857,170.526601670322
2021-08-16,0.714230341053023,199.664070347621,142.606137060416
2021-08-17,0.671804909341877,188.137072471882,126.391408915819
2021-08-18,0.656389768926737,176.610074596143,115.925046054296
2021-08-19,0.702374295460462,167.141469198215,117.395871670323
2021-08-20,0.756361592567026,162.20132725147,122.682854196407
2021-08-21,0.804451449978917,158.084542295849,127.171339269149
2021-08-22,0.828022613705809,153.556078844665,127.147905755375
2021-08-23,0.835359922495024,148.61593689792,124.147797528572
2021-08-24,0.813069282100935,137.500617517743,111.797528373587
2021-08-25,0.780000499032152,127.208655128691,99.2228144815876
2021-08-26,0.713068463059868,121.033477695259,86.3051559189492
2021-08-27,0.683764433755839,109.094801323958,74.5951450529819
2021-08-28,0.673830864500236,102.507945394964,69.0730174636318
2021-08-29,0.695923714179292,94.6860539792843,65.8942703662445
2021-08-30,0.678205614703684,87.6875195547285,59.470168101456
2021-08-31,0.683659520403896,87.2758410591664,59.6669596413563
2021-09-01,0.683281591454538,83.9824130946696,57.3836368735183
2021-09-02,0.724665887108283,78.2189141568001,56.6825788160842
2021-09-03,0.72877097742027,69.985344245558,51.0032877309294
2021-09-04,0.808495174791526,67.1035947766233,54.2529325880658
2021-09-05,0.792197746729392,62.5751313254401,49.5718780373095
2021-09-06,0.778142447190222,56.8116323875706,44.2075426549355
2021-09-07,0.724374786279704,55.1649184053222,39.9600759799926
2021-09-08,0.699884990361337,51.0481334497011,35.7278223874083
2021-09-09,0.62975876315236,44.8729560162695,28.2591372797962
2021-09-10,0.594518141704843,42.814563538459,25.4540347527886
2021-09-11,0.512351941891584,39.9328140695243,20.4596548337163
2021-09-12,0.522155863460211,36.2277076094653,18.9165099480044
2021-09-13,0.543584434888783,34.5809936272169,18.7976898787433
2021-09-14,0.582045973350321,28.8174946893474,16.7731067459789
2021-09-15,0.614188830493178,26.3474237159748,16.1822933586228
2021-09-16,0.625723879295308,24.7007097337264,15.4558239159346
2021-09-17,0.652097505668934,24.2890312381642,15.8388166855217
2021-09-18,0.70765306122449,20.9956032736674,14.8576029288657
2021-09-19,0.838605442176871,18.5255323002948,15.5356122062506
2021-09-20,1.03860544217687,14.8204258402358,15.3925749330476
2021-09-21,1.34812925170068,12.3503548668632,16.6498746649021
2021-09-22,1.58027210884354,11.9386763713011,18.8663572860765
2021-09-23,1.62108843537415,12.3503548668632,20.0210174474387
2021-09-24,1.58843537414966,12.7620333624253,20.2716652389544
2021-09-25,1.46462585034014,12.7620333624253,18.6916039655113
2021-09-26,1.26819727891156,11.9386763713011,15.1405968878898
2021-09-27,1.03010204081633,11.526997875739,11.8739840362842
2021-09-28,0.76343537414966,11.1153193801769,8.48582800979829
2021-09-29,0.549149659863946,10.2919623890526,5.65182764528078
2021-09-30,0.589965986394558,10.7036408846148,6.31478405250486
2021-10-01,0.651190476190476,9.88028389349054,6.4339467734992
2021-10-02,0.798809523809524,10.2919623890526,8.22131757506467
2021-10-03,0.888095238095238,9.88028389349054,8.77463307683803
2021-10-04,0.935714285714286,9.88028389349054,9.24512278605186
2021-10-05,0.869047619047619,9.88028389349054,8.58643719315249
2021-10-06,0.761904761904762,8.64524840680422,6.58685592899369
2021-10-07,0.654761904761905,8.64524840680422,5.66057931397896
2021-10-08,0.547619047619048,6.58685592899369,3.6070877706394
2021-10-09,0.571428571428571,5.76349893786948,3.29342796449685
2021-10-10,0.714285714285714,4.94014194674527,3.52867281910376
2021-10-11,0.904761904761905,4.94014194674527,4.46965223753144
2021-10-12,0.933673469387161,4.52846345118316,4.22810618145914
2021-10-13,1.08928571428502,4.94014194674527,5.38122604912982
2021-10-14,1.25714285714203,4.52846345118316,5.69292548148364
2021-10-15,1.50892857142753,4.11678495562106,6.21193444195964
