"fecha","rho7dpromedio","incidenciaAcum14d","riesgopor10"
2020-01-20,0.5,0.2407098050732,0.1203549025366
2020-01-21,0.4,0.2407098050732,0.0962839220292799
2020-01-22,0.333333333333333,0.2407098050732,0.0802366016910666
2020-01-23,0.285714285714286,0.2407098050732,0.0687742300209142
2020-01-24,0.142857142857143,0.2407098050732,0.0343871150104571
2020-01-25,0.142857142857143,0.2407098050732,0.0343871150104571
2020-01-26,0.285714285714286,0.2407098050732,0.0687742300209142
2020-01-27,0.428571428571429,0.2407098050732,0.103161345031371
2020-01-28,0.428571428571429,0.2407098050732,0.103161345031371
2020-01-29,0.428571428571429,0.4814196101464,0.206322690062743
2020-01-30,0.428571428571429,0.4814196101464,0.206322690062743
2020-01-31,0.428571428571429,0.4814196101464,0.206322690062743
2020-02-01,0.285714285714286,0.4814196101464,0.137548460041828
2020-02-02,0.142857142857143,0.4814196101464,0.0687742300209142
2020-02-03,0,0.2407098050732,0
2020-02-04,0,0.2407098050732,0
2020-02-05,0,0.2407098050732,0
2020-02-06,0,0.2407098050732,0
2020-02-07,0,0.2407098050732,0
2020-02-08,0,0.2407098050732,0
2020-02-09,0,0.2407098050732,0
2020-02-10,0,0.2407098050732,0
2020-02-11,0,0.2407098050732,0
2020-02-12,0,0,0
2020-02-13,0,0,0
2020-02-14,0,0,0
2020-02-15,0,0,0
2020-02-16,0,0,0
2020-02-17,0,0,0
2020-02-18,0,0,0
2020-02-19,0,0,0
2020-02-20,0,0,0
2020-02-21,0,0,0
2020-02-22,0,0,0
2020-02-23,0,0,0
2020-02-24,0,0,0
2020-02-25,0,0,0
2020-02-26,0,0,0
2020-02-27,0,0,0
2020-02-28,0,0,0
2020-02-29,0,0,0
2020-03-01,0,0,0
2020-03-02,0,0,0
2020-03-03,0,0,0
2020-03-04,0,0,0
2020-03-05,0,0,0
2020-03-06,0,0,0
2020-03-07,0,0,0
2020-03-08,0,0,0
2020-03-09,0,0,0
2020-03-10,0,0,0
2020-03-11,0,0,0
2020-03-12,0,0,0
2020-03-13,0,0,0
2020-03-14,0,0,0
2020-03-15,0,0,0
2020-03-16,0,0,0
2020-03-17,0,0,0
2020-03-18,0,0,0
2020-03-19,0,0,0
2020-03-20,0,0,0
2020-03-21,0.428571428571429,0,0
2020-03-22,0.857142857142857,0,0
2020-03-23,1.28571428571429,0,0
2020-03-24,1.28571428571429,0,0
2020-03-25,1.28571428571429,0.7221294152196,0.928452105282342
2020-03-26,1.28571428571429,0.7221294152196,0.928452105282342
2020-03-27,1.28571428571429,0.7221294152196,0.928452105282342
2020-03-28,0.857142857142857,0.7221294152196,0.618968070188228
2020-03-29,0.428571428571429,0.7221294152196,0.309484035094114
2020-03-30,0,0.7221294152196,0
2020-03-31,0.142857142857143,0.7221294152196,0.103161345031371
2020-04-01,0.285714285714286,0.7221294152196,0.206322690062743
2020-04-02,0.428571428571429,0.7221294152196,0.309484035094114
2020-04-03,0.428571428571429,0.7221294152196,0.309484035094114
2020-04-04,0.428571428571429,0.962839220292799,0.412645380125485
2020-04-05,0.571428571428571,0.962839220292799,0.550193840167314
2020-04-06,0.857142857142857,0.962839220292799,0.825290760250971
2020-04-07,1,0.962839220292799,0.962839220292799
2020-04-08,1,0.2407098050732,0.2407098050732
2020-04-09,1,0.4814196101464,0.4814196101464
2020-04-10,1.14285714285714,0.7221294152196,0.825290760250971
2020-04-11,1.21428571428571,0.7221294152196,0.876871432766656
2020-04-12,1.14285714285714,0.7221294152196,0.825290760250971
2020-04-13,1,0.962839220292799,0.962839220292799
2020-04-14,0.857142857142857,0.962839220292799,0.825290760250971
2020-04-15,0.714285714285714,0.962839220292799,0.687742300209142
2020-04-16,0.571428571428571,1.203549025366,0.687742300209142
2020-04-17,0.428571428571429,1.203549025366,0.515806725156857
2020-04-18,0.357142857142857,0.962839220292799,0.343871150104571
2020-04-19,0.285714285714286,0.962839220292799,0.275096920083657
2020-04-20,0.142857142857143,0.962839220292799,0.137548460041828
2020-04-21,0.142857142857143,0.962839220292799,0.137548460041828
2020-04-22,0.285714285714286,0.962839220292799,0.275096920083657
2020-04-23,0.428571428571429,0.7221294152196,0.309484035094114
2020-04-24,0.428571428571429,0.4814196101464,0.206322690062743
2020-04-25,0.428571428571429,0.7221294152196,0.309484035094114
2020-04-26,0.428571428571429,0.7221294152196,0.309484035094114
2020-04-27,0.428571428571429,0.4814196101464,0.206322690062743
2020-04-28,0.285714285714286,0.4814196101464,0.137548460041828
2020-04-29,0.142857142857143,0.4814196101464,0.0687742300209142
2020-04-30,0,0.2407098050732,0
2020-05-01,0.142857142857143,0.2407098050732,0.0343871150104571
2020-05-02,0.285714285714286,0.2407098050732,0.0687742300209142
2020-05-03,0.428571428571429,0.2407098050732,0.103161345031371
2020-05-04,0.428571428571429,0.2407098050732,0.103161345031371
2020-05-05,0.428571428571429,0.4814196101464,0.206322690062743
2020-05-06,0.428571428571429,0.4814196101464,0.206322690062743
2020-05-07,0.428571428571429,0.4814196101464,0.206322690062743
2020-05-08,0.285714285714286,0.4814196101464,0.137548460041828
2020-05-09,0.428571428571429,0.2407098050732,0.103161345031371
2020-05-10,0.571428571428571,0.2407098050732,0.137548460041828
2020-05-11,0.857142857142857,0.2407098050732,0.206322690062743
2020-05-12,1,0.2407098050732,0.2407098050732
2020-05-13,1.14285714285714,0.7221294152196,0.825290760250971
2020-05-14,1.21428571428571,0.7221294152196,0.876871432766656
2020-05-15,1.35714285714286,0.7221294152196,0.980032777798028
2020-05-16,1.28571428571429,0.962839220292799,1.23793614037646
2020-05-17,1.57142857142857,0.962839220292799,1.51303306046011
2020-05-18,1.57142857142857,0.962839220292799,1.51303306046011
2020-05-19,1.85714285714286,1.203549025366,2.23516247567971
2020-05-20,1.92857142857143,1.4442588304392,2.78535631584703
2020-05-21,2.0952380952381,1.6849686355124,3.53041047440693
2020-05-22,2.13095238095238,1.6849686355124,3.59058792567523
2020-05-23,2.20238095238095,2.1663882456588,4.77121220770093
2020-05-24,1.72619047619048,2.407098050732,4.15510973043024
2020-05-25,1.44047619047619,2.8885176608784,4.16084091626531
2020-05-26,1.04047619047619,3.3699372710248,3.50633949389961
2020-05-27,0.854761904761905,2.8885176608784,2.46899485775082
2020-05-28,0.688095238095238,2.8885176608784,1.98757524760442
2020-05-29,0.723809523809524,2.8885176608784,2.09073659263579
2020-05-30,1.00952380952381,2.8885176608784,2.91602735288676
2020-05-31,1.48571428571429,2.8885176608784,4.29151195330505
2020-06-01,2.05714285714286,3.1292274659516,6.43726792995757
2020-06-02,2.31428571428571,3.1292274659516,7.24192642120227
2020-06-03,2.47619047619048,3.3699372710248,8.34460657587093
2020-06-04,2.51904761904762,3.8513568811712,9.70175138161697
2020-06-05,2.36598639455782,3.8513568811712,9.1122579814377
2020-06-06,1.79455782312925,3.610647076098,6.47951495697042
2020-06-07,1.25884353741497,4.0920666862444,5.15127170264983
2020-06-08,0.758843537414966,3.610647076098,2.73991619958321
2020-06-09,0.544557823129252,3.1292274659516,1.70404529693487
2020-06-10,0.401700680272109,3.1292274659516,1.25701280179892
2020-06-11,0.287414965986395,3.3699372710248,0.968570406127875
2020-06-12,0.511904761904762,3.610647076098,1.84830743181207
2020-06-13,0.654761904761905,3.3699372710248,2.20650654650433
2020-06-14,0.761904761904762,3.3699372710248,2.56757125411413
2020-06-15,0.69047619047619,3.1292274659516,2.16065705982372
2020-06-16,0.619047619047619,3.1292274659516,1.93714081225575
2020-06-17,0.571428571428571,2.6478078558052,1.51303306046011
2020-06-18,0.714285714285714,1.9256784405856,1.37548460041828
2020-06-19,0.785714285714286,1.9256784405856,1.51303306046011
2020-06-20,1.21428571428571,1.6849686355124,2.0460333431222
2020-06-21,1.64285714285714,0.962839220292799,1.58180729048103
2020-06-22,2.21428571428571,1.4442588304392,3.19800169597251
2020-06-23,2.64285714285714,2.1663882456588,5.72545464924111
2020-06-24,3.01428571428571,2.1663882456588,6.53011314048581
2020-06-25,3.27142857142857,2.1663882456588,7.08718440365521
2020-06-26,3.48571428571429,2.6478078558052,9.22950166880669
2020-06-27,3.48571428571429,3.1292274659516,10.907592881317
2020-06-28,3.48571428571429,5.0549059065372,17.6199577313582
2020-06-29,3.41978021978022,6.01774512683,20.579365752412
2020-06-30,3.50141287284144,6.4991647369764,22.7562590727663
2020-07-01,3.57641287284144,8.90626278770839,31.852472882869
2020-07-02,3.57323826966684,11.7947804485868,42.1455608812086
2020-07-03,3.29851299494157,17.5718157703436,57.9608626631975
2020-07-04,2.90720864711548,20.9417530413684,60.8820455276231
2020-07-05,2.46720864711548,23.8302707022468,58.7942499396859
2020-07-06,2.08457128447812,29.1258864138572,60.714986453298
2020-07-07,1.68008148855975,32.7365334899552,55.00004391609
2020-07-08,1.31301799649626,36.5878903711264,48.0405585111211
2020-07-09,0.975305900163471,39.2356982269316,38.2668079777598
2020-07-10,0.743819994764523,42.12421588781,31.3328340411304
2020-07-11,0.630140953886291,44.0498943283956,27.7576424306855
2020-07-12,0.548905432650769,43.327764913176,23.7828455454577
2020-07-13,0.473667337412674,44.531313938542,21.0930289047571
2020-07-14,0.433429242174579,45.2534433537616,19.6141656586111
2020-07-15,0.435696815870724,43.8091845233224,19.0875222027046
2020-07-16,0.476583515378113,41.4020864725904,19.7315519150957
2020-07-17,0.532245244952886,36.5878903711264,19.4737306728895
2020-07-18,0.608657205085776,34.4215021254676,20.9508952785412
2020-07-19,0.649373245801817,32.2551138798088,20.9456079938387
2020-07-20,0.732706579135151,27.9223373884912,20.4588803093789
2020-07-21,0.769271204985491,24.07098050732,18.5171121800483
2020-07-22,0.79153465582037,20.7010432362952,16.3855931331635
2020-07-23,0.734391798677513,18.5346549906364,13.6116986164406
2020-07-24,0.735961657390229,16.3682667449776,12.0464167222391
2020-07-25,0.69700061842919,14.2018784993188,9.89871809688141
2020-07-26,0.763234384662956,13.239039279026,10.1044899976561
2020-07-27,0.846567717996289,11.3133608384404,9.57752606786707
2020-07-28,1.31595547309833,10.5912314232208,13.9375889582384
2020-07-29,1.59301175015461,10.3505216181476,16.4885025579384
2020-07-30,1.80015460729746,10.831941228294,19.4991689080888
2020-07-31,1.82056277056277,11.0726510333672,20.1584562427817
2020-08-01,1.78809523809524,11.3133608384404,20.2293666420684
2020-08-02,1.68809523809524,11.7947804485868,19.9107127096382
2020-08-03,1.55416666666667,11.0726510333672,17.2087451476915
2020-08-04,1.11539115646258,11.3133608384404,12.6188226290665
2020-08-05,0.89028293135436,10.831941228294,9.64349238898372
2020-08-06,0.783140074211503,10.831941228294,8.48292725738079
2020-08-07,0.783140074211503,10.831941228294,8.48292725738079
2020-08-08,0.822822613894042,11.5540706435136,9.50695060801227
2020-08-09,0.864580855652284,11.7947804485868,10.19754137247
2020-08-10,0.879461808033237,11.5540706435136,10.1613638582882
2020-08-11,0.88966588966589,11.5540706435136,10.2792625383241
2020-08-12,0.876678876678877,11.5540706435136,10.1292096728239
2020-08-13,0.795046223617652,11.0726510333672,8.80326938951468
2020-08-14,0.747427175998605,10.5912314232208,7.9161741930056
2020-08-15,0.779173207744636,9.38768239785479,7.31463060722438
2020-08-16,0.894557823129252,8.66555298263519,7.75183821235733
2020-08-17,0.989795918367347,7.9434235674156,7.86236822489095
2020-08-18,1.22789115646258,8.18413337248879,10.0492249913893
2020-08-19,1.32312925170068,9.14697259278159,12.1026270020137
2020-08-20,1.47619047619048,8.66555298263519,12.7920067838901
2020-08-21,1.52380952380952,7.9434235674156,12.1042644836809
2020-08-22,1.5952380952381,7.9434235674156,12.6716518813534
2020-08-23,1.63095238095238,8.18413337248879,13.3479318098924
2020-08-24,1.7547619047619,9.38768239785479,16.4731474457595
2020-08-25,1.67142857142857,8.66555298263519,14.4838528424045
2020-08-26,1.98888888888889,9.38768239785479,18.6710572135112
2020-08-27,2.14365079365079,10.5912314232208,22.7039016461265
2020-08-28,2.3375283446712,12.03549025366,28.1332996099442
2020-08-29,2.27908678622964,13.9611686942456,31.8187150913781
2020-08-30,2.19480107194393,17.5718157703436,38.5666400887513
2020-08-31,1.97847454133168,18.7753647957096,37.1465812525266
2020-09-01,1.7822379821919,20.460333431222,36.4651833694345
2020-09-02,1.31759151754543,21.4231726515148,28.2269905645472
2020-09-03,1.07354389849782,23.5895608971736,25.3244291694034
2020-09-04,0.85996191397987,24.3116903123932,20.9071277331315
2020-09-05,0.930308234326191,24.7931099225396,23.065234315493
2020-09-06,1.07628226030022,26.2373687529788,28.2388145457863
2020-09-07,1.35927545757913,26.478078558052,35.9910023478122
2020-09-08,1.58442358134476,28.6444668037108,45.3849686788466
2020-09-09,1.73351449043567,32.495823684882,56.3319812363856
2020-09-10,1.74009343780409,34.6622119305408,60.3154875201088
2020-09-11,1.72705977606354,36.8286001761996,63.6051939730407
2020-09-12,1.60546113660775,38.0321492015656,61.0591374847811
2020-09-13,1.41282044396706,36.3471805660532,51.3520397842822
2020-09-14,1.1713238453276,37.7914393964924,44.2660141143646
2020-09-15,1.04071160042965,38.9949884218584,40.5825368092477
2020-09-16,1.04009383981188,40.4392472522976,42.0606119537444
2020-09-17,1.15241733146785,40.4392472522976,46.6028894050615
2020-09-18,1.31372685527738,43.0870551081028,56.6046214103309
2020-09-19,1.47742770146951,46.6977021842008,68.9924788019116
2020-09-20,1.59052293956475,50.3083492602988,80.0165835501406
2020-09-21,1.62848651209054,54.8818355566896,89.3743289628397
2020-09-22,1.58767018555992,58.973902242934,93.6311063172318
2020-09-23,1.4610699010649,59.6960316581536,87.2200750687457
2020-09-24,1.29508953996259,62.1031297088856,80.4291136849177
2020-09-25,1.07860602347907,64.0288081494712,69.0618581462056
2020-09-26,0.878958980626456,66.4359062002031,58.3944363907254
2020-09-27,0.740801085889614,66.4359062002031,49.215791455171
2020-09-28,0.694334112003285,65.7137767849836,45.6273168503836
2020-09-29,0.716102819486278,64.7509375646908,46.368328954455
2020-09-30,0.822368483646679,65.4730669799104,53.8429868119663
2020-10-01,0.895025556303752,68.1208748357156,60.9699238957346
2020-10-02,0.957223358501554,68.1208748357156,65.2068925943076
2020-10-03,0.997668627518252,66.4359062002031,66.281019356688
2020-10-04,1.02456278599136,64.2695179545444,65.8481563698295
2020-10-05,1.03336195783401,60.6588708784464,62.6825695709516
2020-10-06,1.03231538535886,58.0110630226412,59.8857128792951
2020-10-07,0.9909681147433,55.8446747769824,55.3402920821989
2020-10-08,1.0240624335519,52.4747375059576,53.7374073903483
2020-10-09,1.10821827770775,50.3083492602988,55.7526321715682
2020-10-10,1.24357181306128,49.1048002349328,61.0653454581675
2020-10-11,1.3607879302774,50.3083492602988,68.4589944655946
2020-10-12,1.433921531544,53.1968669211772,76.2801328889565
2020-10-13,1.45386455148702,56.8075139972752,82.5904308587408
2020-10-14,1.45819185282454,59.9367414632268,87.3992680865283
2020-10-15,1.45262599011582,60.4181610733732,87.7649910501861
2020-10-16,1.43882728881712,61.8624199038124,89.0093379098688
2020-10-17,1.40302946091403,65.2323571748372,91.5229189211634
2020-10-18,1.35605391393849,68.3615846407888,92.7019944151787
2020-10-19,1.37101686114268,75.5828787929848,103.625401238886
2020-10-20,1.3910234748993,80.6377846995219,112.16905148091
2020-10-21,1.4525332400957,84.9705611908395,123.42256455928
2020-10-22,1.48678084577188,88.8219180720107,132.058726474184
2020-10-23,1.55180609829713,100.135278910451,155.390536467922
2020-10-24,1.5778533593068,108.31941228294,170.912148548774
2020-10-25,1.61431987508366,119.63277312138,193.125563361218
2020-10-26,1.57960824628391,126.854067273576,200.379730739996
2020-10-27,1.5595054324311,135.519620256212,211.343583990562
2020-10-28,1.50209046644471,150.925047780896,226.703075419396
2020-10-29,1.43604305257121,163.20124783963,234.364018131051
2020-10-30,1.30101934611893,175.477447898363,228.299554523346
2020-10-31,1.18320858545102,187.512938152023,221.86691830462
2020-11-01,1.08141251761895,199.067008795536,215.273555156454
2020-11-02,1.01484246119297,203.399785286854,206.418738706632
2020-11-03,0.951920791667523,207.973271583245,197.974081331207
2020-11-04,0.93045999682327,220.008761836905,204.709351839858
2020-11-05,0.952261866451226,227.470765794174,216.61173599825
2020-11-06,0.989821339760879,226.267216768808,223.964119646067
2020-11-07,1.0108448706854,232.525671700711,235.047382541341
2020-11-08,1.00615697962673,237.099157997102,238.558972682404
2020-11-09,0.980699500312001,242.635483513785,237.95249743993
2020-11-10,0.941144533455228,242.394773708712,228.128516214072
2020-11-11,0.873705101542112,234.210640336223,204.631031297203
2020-11-12,0.80156612940314,227.230055989101,182.139916463242
2020-11-13,0.739747197274576,221.453020667344,163.819251366656
2020-11-14,0.7032230379462,216.398114760807,152.176139667925
2020-11-15,0.684564398962956,207.732561778171,142.206316298709
2020-11-16,0.694242634249242,201.955526456415,140.206136688294
2020-11-17,0.70900901650899,196.900620549877,139.604315326079
2020-11-18,0.745469625217305,186.55009893173,139.067432334888
2020-11-19,0.775472955220635,180.291643999827,139.811293974132
2020-11-20,0.818534930876139,175.718157703436,143.831450069464
2020-11-21,0.848731389765298,162.960538034556,138.30972392297
2020-11-22,0.89491692937189,152.128596806262,136.142456723515
2020-11-23,0.926986900217371,142.981624213481,132.5420926177
2020-11-24,0.960410547475913,136.001039866358,130.616833155342
2020-11-25,0.939365079182738,130.464714349674,122.553996725635
2020-11-26,0.90726860422912,127.576196688796,115.745877902704
2020-11-27,0.844473556576141,123.243420197478,104.075809378772
2020-11-28,0.815135505566263,116.984965265575,95.3585988054063
2020-11-29,0.807875404556162,111.930059359038,90.425541986678
2020-11-30,0.839234289573584,108.31941228294,90.9053650143012
2020-12-01,0.913170811739599,103.505216181476,94.5179422797211
2020-12-02,1.02964396123162,103.02379657133,106.077830002824
2020-12-03,1.12167639064174,104.949475011915,117.71934833111
2020-12-04,1.18049820245282,100.135278910451,118.209516755899
2020-12-05,1.21540016323713,104.227345596696,126.677932851997
2020-12-06,1.23337177495874,100.857408325671,124.394680724371
2020-12-07,1.28100448657998,99.6538593003047,127.6570408687
2020-12-08,1.27169861320088,100.375988715524,127.648005648199
2020-12-09,1.22602965951306,98.6910200800119,120.998117745693
2020-12-10,1.19339348860634,102.783086766256,122.66066648571
2020-12-11,1.18175231671108,107.59728286772,127.153338300746
2020-12-12,1.15391681887558,108.560122088013,125.269350736545
2020-12-13,1.11032172783524,110.245090723526,122.407519617497
2020-12-14,1.03259435369974,115.781416240209,119.555236673
2020-12-15,0.999949635107144,119.392063316307,119.38605014783
2020-12-16,0.989977464420688,116.984965265575,115.812479288956
2020-12-17,1.01350704952206,119.63277312138,121.248658912392
2020-12-18,1.07943258096483,122.762000587332,132.513303138389
2020-12-19,1.16812020912614,122.039871172112,142.557239835295
2020-12-20,1.25237464082583,127.816906493869,160.074652361728
2020-12-21,1.34234691292051,129.983294739528,174.482674424842
2020-12-22,1.37011945106198,135.760330061285,186.00786889956
2020-12-23,1.38679784655811,142.740914408408,197.952792717314
2020-12-24,1.38720964180635,144.185173238847,200.015062522447
2020-12-25,1.39243118988504,150.925047780896,210.15274386501
2020-12-26,1.36732997531014,152.128596806262,208.009990515073
2020-12-27,1.32560919608936,163.441957644703,216.660162080665
2020-12-28,1.24621578069211,173.311059652704,215.982977507672
2020-12-29,1.18501461451135,185.105840101291,219.353125751431
2020-12-30,1.13042914129052,195.937781329585,221.493777894772
2020-12-31,1.09122847926214,193.530683278853,211.186193204945
2021-01-01,1.07301811819463,207.973271583245,223.159088509034
2021-01-02,1.06895551413203,212.065338269489,226.688412699444
2021-01-03,1.11082510287662,218.564503006465,242.786936537334
2021-01-04,1.16496536768628,232.766381505784,271.16477321589
2021-01-05,1.26249234840337,234.210640336223,295.689141339137
2021-01-06,1.36140863994019,239.98767565798,326.721295119938
2021-01-07,1.45416334286438,255.393103182665,371.383288668612
2021-01-08,1.48765327300859,265.743624800813,395.334373216095
2021-01-09,1.50155654764806,288.85176608784,433.727260668901
2021-01-10,1.45067272116232,302.572224977012,438.93327295554
2021-01-11,1.37073418067759,314.607715230672,431.243548771565
2021-01-12,1.23638043918099,326.161785874186,403.260052063183
2021-01-13,1.09640733211928,346.140699695261,379.511201090782
2021-01-14,0.950941287372659,362.990386050385,345.182545014652
2021-01-15,0.830044319821417,360.34257819458,299.100310220216
2021-01-16,0.75068797972888,369.248840982289,277.190666454225
2021-01-17,0.726919028436842,371.415229227947,269.988797577026
2021-01-18,0.741981644623389,365.397484101117,271.118226194596
2021-01-19,0.790903432742569,369.730260592435,292.420932291361
2021-01-20,0.86555514086708,373.10019786346,322.938794319242
2021-01-21,0.957417309175178,361.546127219946,346.150520265628
2021-01-22,1.06148594585251,353.843413457604,375.599810417726
2021-01-23,1.15865729302386,345.659280085115,400.500645771995
2021-01-24,1.22615317502446,336.030887882187,412.025340083031
2021-01-25,1.24574237318215,333.623789831455,415.609291694659
2021-01-26,1.24381903356518,332.901660416235,414.069421531165
2021-01-27,1.20946471351253,323.513978018381,391.278740741301
2021-01-28,1.15910953530707,324.476817238673,376.104172847436
2021-01-29,1.09132754804488,326.402495679259,356.212035285375
2021-01-30,1.0248168982009,333.864499636528,342.149980936901
2021-01-31,0.973387349581585,338.919405543065,329.899861883331
2021-02-01,0.952690731711823,344.455731059749,328.159782465643
2021-02-02,0.93749798794765,350.232766381506,328.342513796001
2021-02-03,0.936245593969635,350.954895796725,328.579974871757
2021-02-04,0.934435417844391,362.508966440239,338.741217527923
2021-02-05,0.919943369492143,364.193935075751,335.03779578219
2021-02-06,0.897764407061609,360.823997804727,323.93494244276
2021-02-07,0.871047980309639,363.471805660532,316.601382220104
2021-02-08,0.855617417840749,352.399154627165,301.518854731357
2021-02-09,0.838312250159642,339.400825153212,284.523869440228
2021-02-10,0.84301060948656,335.549468272041,282.871761760904
2021-02-11,0.84537721878088,325.439656458966,275.119271658286
2021-02-12,0.879639704262878,323.032558408234,284.1522641455
2021-02-13,0.907288794559374,308.589970103842,279.980221988628
2021-02-14,0.970525047964846,306.664291663257,297.625376375588
2021-02-15,1.00559846757659,298.480158290768,300.151189779215
2021-02-16,1.05593666829073,293.665962189304,310.092657704566
2021-02-17,1.07862076497088,293.665962189304,316.754204782536
2021-02-18,1.11239701281942,285.241119011742,317.301368721929
2021-02-19,1.12030374023834,282.83402096101,316.860011549268
2021-02-20,1.13882725541364,282.83402096101,322.099091828631
2021-02-21,1.1233066399875,282.593311155937,317.438942837517
2021-02-22,1.10780456959412,286.685377842181,317.591371609386
2021-02-23,1.06396437681776,292.221703358865,310.913482506839
2021-02-24,1.02846697228103,295.350930824816,303.758677585784
2021-02-25,0.993151929707712,298.961577900914,296.914268000756
2021-02-26,0.976205912761696,298.961577900914,291.848060035439
2021-02-27,0.950970249699071,301.609385756719,286.821552884651
2021-02-28,0.928933454685499,301.850095561793,280.398652067364
2021-03-01,0.9151554797274,309.552809324135,283.288949717993
2021-03-02,0.915639211854069,309.312099519062,283.218287020561
2021-03-03,0.91501027312528,305.220032832817,279.279465605663
2021-03-04,0.927710597083882,301.850095561793,280.029532383457
2021-03-05,0.962819640491681,300.16512692628,289.004879595301
2021-03-06,1.02090431877414,298.239448485695,304.473940987864
2021-03-07,1.07557658176801,293.665962189304,315.860231793185
2021-03-08,1.11236843349493,293.906671994377,326.932504320092
2021-03-09,1.13118640476238,297.517319070475,336.547546513872
2021-03-10,1.13263734869311,296.554479850182,335.888679800575
2021-03-11,1.10557417831784,298.720868095841,330.258078291451
2021-03-12,1.04944071010013,298.480158290768,313.237229267462
2021-03-13,0.987527505101816,299.442997511061,295.708196252307
2021-03-14,0.946304891005862,298.480158290768,282.453233658758
2021-03-15,0.920857683378285,293.425252384231,270.202898155231
2021-03-16,0.914468743873912,292.703122969011,267.667857189443
2021-03-17,0.914430360966023,297.517319070475,272.058869471258
2021-03-18,0.948020337868102,302.090805366866,286.388227370743
2021-03-19,0.979696231813239,297.276609265402,291.240773903531
2021-03-20,1.02226903521281,298.239448485695,304.880953265873
2021-03-21,1.03972317640236,296.795189655255,308.584837329304
2021-03-22,1.07178195427788,299.202287705987,320.679612641934
2021-03-23,1.07761285806796,297.035899460329,320.089704566233
2021-03-24,1.08093798653884,294.628801409597,318.47546337204
2021-03-25,1.06094158949326,290.777444528425,308.497884186775
2021-03-26,1.06041671559101,293.184542579157,310.897789703843
2021-03-27,1.07059834729881,296.313770045109,317.233032492174
2021-03-28,1.09505722175769,291.258864138572,318.945122575884
2021-03-29,1.14711820425345,298.480158290768,342.392023183792
2021-03-30,1.22362970773125,304.497903417598,372.592680563653
2021-03-31,1.32578657792642,311.959907374867,413.592258048767
2021-04-01,1.39808558565611,318.94049172199,445.906104158586
2021-04-02,1.46742903950644,340.845083983651,500.165974210621
2021-04-03,1.47053880192993,354.084123262677,520.694442405106
2021-04-04,1.45165484036304,376.470135134485,546.504693920102
2021-04-05,1.36489391728498,392.356982269316,535.52565850368
2021-04-06,1.27881875570796,416.668672581709,532.843713413429
2021-04-07,1.17566251914147,429.185582445515,504.577403037094
2021-04-08,1.10725807136315,446.757398215859,494.675735115713
2021-04-09,1.03797046159614,460.959276715178,478.462113229077
2021-04-10,1.00852648127497,472.994766968838,477.027747992556
2021-04-11,1.00064535441758,502.602072992841,502.92642946093
2021-04-12,1.01100468715411,510.545496560257,516.163890027841
2021-04-13,1.02660881641008,527.635892720454,541.675659321222
2021-04-14,1.04400226729693,538.708543753821,562.412941091216
2021-04-15,1.07576344505047,550.503324202408,592.21135255572
2021-04-16,1.08223564738882,554.595390888652,600.202901897235
2021-04-17,1.06362529171239,558.687457574897,594.234110039154
2021-04-18,1.02403060738745,565.427332116946,579.014894341181
2021-04-19,0.989378768140956,573.852175294508,567.757158287889
2021-04-20,0.949032101387687,562.298104650995,533.638951863247
2021-04-21,0.913459894165448,558.446747769824,510.118707114862
2021-04-22,0.875112130817685,559.168877185043,489.335467600336
2021-04-23,0.860726907539844,555.798939914018,478.391102766117
2021-04-24,0.858147926237459,553.151132058213,474.685496871658
2021-04-25,0.864401924258267,545.448418295871,471.486662358579
2021-04-26,0.893633478038227,544.004159465432,486.140329090356
2021-04-27,0.939732126464934,532.450088821918,500.360454205064
2021-04-28,0.994123370735955,523.062406424063,519.98856257955
2021-04-29,1.0461630872918,513.915433831282,537.639356863839
2021-04-30,1.09215245910927,513.915433831282,561.274004833044
2021-05-01,1.13100527296209,514.878273051574,582.330041754944
2021-05-02,1.16578071353664,506.212720068939,590.133026003292
2021-05-03,1.1959559164657,498.02858669645,595.62023482867
2021-05-04,1.22336206990729,504.7684612385,617.514589564648
2021-05-05,1.25168501465122,515.359692661721,645.068004459936
2021-05-06,1.27561702284759,522.340277008844,666.306149071407
2021-05-07,1.30762474905122,547.374096736457,715.759915882147
2021-05-08,1.34532244739248,564.22378309158,759.06292074581
2021-05-09,1.39531671410501,585.887665548168,817.498852327328
2021-05-10,1.43318406502425,623.438395139588,893.501973438347
2021-05-11,1.44726731203432,659.304156095494,954.189353805384
2021-05-12,1.43454627810793,704.07617983911,1010.02986329265
2021-05-13,1.40926651612822,759.439435005945,1070.25256678121
2021-05-14,1.36326581808704,803.970748944488,1096.02584077786
2021-05-15,1.31156653535515,838.151541264882,1099.29151307936
2021-05-16,1.24947972383817,890.626278770839,1112.8194768416
2021-05-17,1.18931356482193,946.230243742749,1125.36446432801
2021-05-18,1.13853797720423,988.113749825485,1125.005029974
2021-05-19,1.09877022101105,1041.31061674666,1144.16109650389
2021-05-20,1.06869213769626,1085.60122088013,1160.17348942806
2021-05-21,1.04556743429609,1111.83858963311,1162.50222151407
2021-05-22,1.0338384992062,1155.64777415643,1194.75316044488
2021-05-23,1.02989817391565,1187.90288803624,1223.41901517765
2021-05-24,1.0342589248811,1212.93670776385,1254.49061532066
2021-05-25,1.03729453113812,1232.67491177986,1278.64694466041
2021-05-26,1.03956010697198,1250.72814716035,1300.20708645487
2021-05-27,1.03473678616197,1266.85570410025,1310.86219979165
2021-05-28,1.02698365781488,1281.53900220972,1316.11961212176
2021-05-29,1.01482529768626,1296.22230031918,1315.43918178898
2021-05-30,0.996044980173348,1292.13023363294,1287.0198329403
2021-05-31,0.977419451152563,1289.7231355822,1260.60047931952
2021-06-01,0.967784984270388,1297.42584934455,1255.62925519991
2021-06-02,0.955504282516002,1296.46301012425,1238.77595829731
2021-06-03,0.944789852308915,1294.05591207352,1222.61089404742
2021-06-04,0.934178456729318,1297.42584934455,1212.02727766141
2021-06-05,0.932943959715078,1292.37094343801,1205.70966539177
2021-06-06,0.927153952640102,1276.00267669303,1183.0509252753
2021-06-07,0.917198086717373,1270.9477707865,1165.71086368308
2021-06-08,0.893399525215781,1261.31937858357,1126.86213397202
2021-06-09,0.868339350025329,1250.72814716035,1086.0564663636
2021-06-10,0.839944318265812,1221.60226074649,1026.07787809468
2021-06-11,0.822484653920653,1191.03211550219,979.605637327205
2021-06-12,0.807253561483679,1164.07261733399,939.701766168494
2021-06-13,0.813225257281677,1127.00330735272,916.507554579218
2021-06-14,0.831692086310788,1097.39600132872,912.695569854198
2021-06-15,0.872534577153279,1070.19579335545,933.782834026613
2021-06-16,0.912351644574307,1034.08932259447,943.453094105793
2021-06-17,0.96663615483859,1015.31395779876,981.439180120541
2021-06-18,1.01710839200275,987.873040020412,1004.77395923803
2021-06-19,1.0796448461731,964.042769318165,1040.8238073848
2021-06-20,1.11806252227728,948.155922183334,1060.09760186843
2021-06-21,1.15181477419263,939.490369200699,1082.11888745705
2021-06-22,1.1509785331999,936.361141734747,1077.73157345924
2021-06-23,1.14068111367343,932.991204463723,1064.24544615519
2021-06-24,1.11052165768618,935.157592709381,1038.51276005344
2021-06-25,1.07223839465591,942.138177056504,1010.19672651111
2021-06-26,1.01366254111924,951.285149649286,964.282122122496
2021-06-27,0.961701755656379,959.228573216701,922.491802938265
2021-06-28,0.904935396305039,971.745483080508,879.366883839091
2021-06-29,0.872172325748145,967.894126199337,844.170471125243
2021-06-30,0.858538819057974,970.541934055142,833.247925909943
2021-07-01,0.855209309729233,968.13483600441,827.957924824156
2021-07-02,0.861390048985112,960.191412436994,827.099327794186
2021-07-03,0.871631241669279,954.655086920311,832.107198778244
2021-07-04,0.887592537237369,952.007279064505,844.994556293308
2021-07-05,0.905710251429918,925.047780896307,837.825258220282
2021-07-06,0.926764650058687,907.95738473611,841.462807933161
2021-07-07,0.953925519893288,881.479306178058,840.865605421079
2021-07-08,0.982909033542501,861.500392356982,846.776518048087
2021-07-09,1.00167928252066,842.002898146053,843.416858895256
2021-07-10,1.02364366507486,829.485988282247,849.098077173479
2021-07-11,1.04011242933997,833.337345163418,866.764530537647
2021-07-12,1.04397594437846,811.192043096684,846.86497926415
2021-07-13,1.03250451600377,805.415007774927,831.594632784827
2021-07-14,1.0162678832011,814.802690172781,828.057805168454
2021-07-15,0.997157743945316,805.174297969853,802.885786446372
2021-07-16,0.990207177152931,807.581396020586,799.672894474767
2021-07-17,0.972713437142634,800.119392063316,778.286883978383
2021-07-18,0.974465448674862,797.953003817658,777.577631886628
2021-07-19,0.9858869230593,804.692878359707,793.336185853783
2021-07-20,1.00914957314218,809.988494071318,817.399543042148
2021-07-21,1.02122031058771,805.65571758,822.751982133811
2021-07-22,1.03691896306811,810.95133329161,840.890815615436
2021-07-23,1.04924058476439,819.857596079319,860.227863533795
2021-07-24,1.05684279065705,816.487658808294,862.899095871996
2021-07-25,1.03704012056352,816.006239198147,846.231208678632
2021-07-26,0.998237889761291,823.70895296049,822.257486980762
2021-07-27,0.956270287189437,829.485988282247,793.212804234278
2021-07-28,0.915550599182428,814.321270562635,745.552327190616
2021-07-29,0.878888723962559,812.636301927123,714.216882446381
2021-07-30,0.841631844142547,800.119392063316,673.405959476463
2021-07-31,0.82213929911308,794.583066546633,653.25796541777
2021-08-01,0.822862131835912,787.361772394437,647.890186558589
2021-08-02,0.837508426717501,771.956344869752,646.519943886459
2021-08-03,0.853092223852316,753.662399684189,642.943532580458
2021-08-04,0.869794150644799,746.441105531993,649.250107392565
2021-08-05,0.889252551336145,731.517097617454,650.503445402333
2021-08-06,0.909420502148227,702.63192100867,638.987874429079
2021-08-07,0.934331025974327,690.355720949937,645.020769042401
2021-08-08,0.949650930655934,667.006869857837,633.423694714396
2021-08-09,0.961736111767231,644.861567791102,620.186656835536
2021-08-10,0.964184512800258,631.381818707003,608.768571260953
2021-08-11,0.965828701944447,620.068457868563,598.879913779889
2021-08-12,0.961051690433288,605.144449954024,581.575096584638
2021-08-13,0.954432814270281,598.645285217048,571.366704319342
2021-08-14,0.951498880292457,589.498312624266,560.906984396282
2021-08-15,0.953404157028171,578.666371395972,551.702924021328
2021-08-16,0.960044869822108,576.740692955387,553.696943489467
2021-08-17,0.96793761479149,570.482238023484,552.191216753362
2021-08-18,0.981236900022824,568.315849777825,557.65248266983
2021-08-19,0.992862067094748,560.613136015482,556.611517064801
2021-08-20,1.00260156926556,559.65029679519,561.106265806795
2021-08-21,0.999472270249834,557.002488939385,556.708542155055
2021-08-22,0.987011591469356,557.002488939385,549.767913060454
2021-08-23,0.969195230152708,556.280359524165,539.144271078454
2021-08-24,0.951538037289009,544.485579075578,518.098739245745
2021-08-25,0.938663922125702,540.634222194407,507.47383944038
2021-08-26,0.932786476758494,535.820026092943,499.80567431588
2021-08-27,0.935189092064335,531.968669211772,497.491296766829
2021-08-28,0.942387105130013,529.56157116104,499.051996034554
2021-08-29,0.953050486367656,525.469504474795,500.798966811075
2021-08-30,0.958029672903084,522.580986813917,500.648091862708
2021-08-31,0.953791856294133,520.896018178404,496.826380114603
2021-09-01,0.943878043942059,515.600402466794,486.663899336096
2021-09-02,0.930615714259591,509.341947534891,474.001620307553
2021-09-03,0.915832878048183,500.917104357329,458.756353347135
2021-09-04,0.8876685088907,490.085163129035,435.033165984206
2021-09-05,0.842683674030692,483.585998392059,407.51002583482
2021-09-06,0.788481993358423,476.364704239862,375.604991564642
2021-09-07,0.739995984036905,468.180570867374,346.451742245962
2021-09-08,0.692024824218293,449.164496266591,310.832981573986
2021-09-09,0.650406862012955,429.907711860735,279.61492582651
2021-09-10,0.614001997036661,413.780154920831,254.061841455529
2021-09-11,0.588488844700707,394.282660709901,232.030947486691
2021-09-12,0.57605795261143,373.581617473606,215.204661695112
2021-09-13,0.577002123383187,350.473476186579,202.223939949143
2021-09-14,0.591243943764384,325.198946653893,192.271907727671
2021-09-15,0.611553885923065,296.073060240036,181.064630506928
2021-09-16,0.642966036990389,273.927758173301,176.126245094349
2021-09-17,0.696350051350013,253.948844352226,176.837290804949
2021-09-18,0.752040743962995,233.729220726077,175.77389704073
2021-09-19,0.781713917580268,211.583918659343,165.39809395218
2021-09-20,0.790046031579845,188.475777372315,148.904539961924
2021-09-21,0.781819178049124,170.422541991825,133.239611701091
2021-09-22,0.762518998961096,155.498534077287,118.570586544531
2021-09-23,0.731338874737493,144.42588304392,105.624262788309
2021-09-24,0.687469259022702,134.075361425772,92.1726893725767
2021-09-25,0.664183309128726,125.169098638064,83.1352261340892
2021-09-26,0.659702896273929,116.022126045282,76.5401325839316
2021-09-27,0.660460625108037,104.949475011915,69.3149958711298
2021-09-28,0.685814550461962,99.4131494952315,68.1789844310801
2021-09-29,0.72228159629669,94.8396631988408,68.5009433274991
2021-09-30,0.769867250474209,87.1369494364984,67.0838836773872
2021-10-01,0.820729210164918,82.8041729451808,67.9598034596575
2021-10-02,0.949875605565183,79.6749454792292,75.6812870854557
2021-10-03,1.07068254903223,73.6572003523992,78.863479027884
2021-10-04,1.21501361479186,68.8430042509352,83.6451874480603
2021-10-05,1.30638827786464,62.584549319032,81.7597216058247
2021-10-06,1.3808180497734,62.584549319032,86.417875336653
2021-10-07,1.37878104984019,63.788098344398,87.9498212025982
2021-10-08,1.32264833518491,64.5102277596176,85.3243453486576
2021-10-09,1.13843780886912,65.7137767849836,74.8110480556112
2021-10-10,0.96132752813711,65.4730669799104,62.9410616393526
2021-10-11,0.774479455574751,64.0288081494712,49.5889964767026
2021-10-12,0.63482893043301,61.6217100987392,39.1192443134356
2021-10-13,0.498731013005169,60.1774512683,30.0123612311084
2021-10-14,0.417933911555894,59.9367414632268,25.0495968056407
2021-10-15,0.361092865278228,58.2517728277144,21.0342995578958
2021-10-16,0.351381085829606,55.1225453617628,19.3690198429079
2021-10-17,0.364173258365948,52.2340277008844,19.0222360654083
2021-10-18,0.361376737934876,48.14196101464,17.3973848292586
2021-10-19,0.361238292418403,44.7720237436152,16.1733694052598
2021-10-20,0.380895691609961,38.2728590066388,14.5779671012242
