"fecha","rho7dpromedio","incidenciaAcum14d","riesgopor10"
2020-01-01,0,0,0
2020-01-02,0,0,0
2020-01-03,0,0,0
2020-01-04,0,0,0
2020-01-05,0,0,0
2020-01-06,0,0,0
2020-01-07,0,0,0
2020-01-08,0,0,0
2020-01-09,0,0,0
2020-01-10,0,0,0
2020-01-11,0,0,0
2020-01-12,0,0,0
2020-01-13,0,0,0
2020-01-14,0,0,0
2020-01-15,0,0,0
2020-01-16,0,0,0
2020-01-17,0,0,0
2020-01-18,0,0,0
2020-01-19,0,0,0
2020-01-20,0,0,0
2020-01-21,0,0,0
2020-01-22,0,0,0
2020-01-23,0,0,0
2020-01-24,0,0,0
2020-01-25,0,0,0
2020-01-26,0,0,0
2020-01-27,0,0,0
2020-01-28,0,0,0
2020-01-29,0,0,0
2020-01-30,0,0,0
2020-01-31,0,0,0
2020-02-01,0,0,0
2020-02-02,0,0,0
2020-02-03,0,0,0
2020-02-04,0,0,0
2020-02-05,0,0,0
2020-02-06,0,0,0
2020-02-07,0,0,0
2020-02-08,0,0,0
2020-02-09,0,0,0
2020-02-10,0,0,0
2020-02-11,0,0,0
2020-02-12,0,0,0
2020-02-13,0,0,0
2020-02-14,0,0,0
2020-02-15,0,0,0
2020-02-16,0,0,0
2020-02-17,0,0,0
2020-02-18,0,0,0
2020-02-19,0,0,0
2020-02-20,0,0,0
2020-02-21,0,0,0
2020-02-22,0,0,0
2020-02-23,0,0,0
2020-02-24,0,0,0
2020-02-25,0,0,0
2020-02-26,0,0,0
2020-02-27,0,0,0
2020-02-28,0,0,0
2020-02-29,0.142857142857143,0,0
2020-03-01,0.285714285714286,0,0
2020-03-02,0.428571428571429,0,0
2020-03-03,0.428571428571429,0,0
2020-03-04,0.428571428571429,0.300780827026962,0.128906068725841
2020-03-05,0.428571428571429,0.300780827026962,0.128906068725841
2020-03-06,0.571428571428571,0.300780827026962,0.171874758301121
2020-03-07,0.571428571428571,0.300780827026962,0.171874758301121
2020-03-08,0.571428571428571,0.300780827026962,0.171874758301121
2020-03-09,0.428571428571429,0.300780827026962,0.128906068725841
2020-03-10,0.428571428571429,0.601561654053924,0.257812137451682
2020-03-11,0.428571428571429,0.601561654053924,0.257812137451682
2020-03-12,0.428571428571429,0.601561654053924,0.257812137451682
2020-03-13,0.285714285714286,0.601561654053924,0.171874758301121
2020-03-14,0.285714285714286,0.601561654053924,0.171874758301121
2020-03-15,0.285714285714286,0.601561654053924,0.171874758301121
2020-03-16,0.428571428571429,0.601561654053924,0.257812137451682
2020-03-17,0.571428571428571,0.601561654053924,0.343749516602242
2020-03-18,0.714285714285714,0.601561654053924,0.429686895752803
2020-03-19,1,0.601561654053924,0.601561654053924
2020-03-20,1.28571428571429,0.601561654053924,0.773436412355045
2020-03-21,1.57142857142857,0.902342481080886,1.41796675598425
2020-03-22,1.85714285714286,0.902342481080886,1.67577889343593
2020-03-23,2,1.20312330810785,2.4062466162157
2020-03-24,1.92857142857143,1.20312330810785,2.32030923706514
2020-03-25,1.85714285714286,1.50390413513481,2.79296482239322
2020-03-26,1.66666666666667,1.80468496216177,3.00780827026962
2020-03-27,1.52380952380952,1.80468496216177,2.74999613281794
2020-03-28,1.38095238095238,1.80468496216177,2.49218399536626
2020-03-29,1.52380952380952,2.10546578918873,3.20832882162093
2020-03-30,1.66666666666667,2.4062466162157,4.01041102702616
2020-03-31,1.73809523809524,2.70702744324266,4.70507150849319
2020-04-01,1.76190476190476,3.00780827026962,5.29947171428457
2020-04-02,1.73809523809524,3.30858909729658,5.75064295482501
2020-04-03,1.63095238095238,3.30858909729658,5.39615126582895
2020-04-04,1.53571428571429,3.30858909729658,5.08104754227689
2020-04-05,1.32142857142857,3.60936992432354,4.76952454285611
2020-04-06,1.39285714285714,3.30858909729658,4.60839195694881
2020-04-07,1.46428571428571,3.00780827026962,4.40429068146623
2020-04-08,1.6547619047619,3.91015075135051,6.47036850521096
2020-04-09,1.58333333333333,3.91015075135051,6.19107202297163
2020-04-10,1.54761904761905,4.51171240540443,6.98241205598305
2020-04-11,1.35714285714286,4.51171240540443,6.12303826447744
2020-04-12,1.0952380952381,4.21093157837747,4.61197268108008
2020-04-13,0.80952380952381,3.91015075135051,3.16536013204565
2020-04-14,1.02380952380952,3.60936992432354,3.6953073034741
2020-04-15,0.880952380952381,3.00780827026962,2.64973585714228
2020-04-16,0.880952380952381,3.30858909729658,2.91470944285651
2020-04-17,0.880952380952381,3.60936992432354,3.17968302857074
2020-04-18,0.976190476190476,3.30858909729658,3.22981316640857
2020-04-19,1.02380952380952,3.00780827026962,3.07942275289509
2020-04-20,1.23809523809524,3.00780827026962,3.72395309652429
2020-04-21,0.952380952380952,3.00780827026962,2.86457930501869
2020-04-22,0.80952380952381,2.4062466162157,1.94791392741271
2020-04-23,0.80952380952381,2.4062466162157,1.94791392741271
2020-04-24,0.80952380952381,1.80468496216177,1.46093544555953
2020-04-25,0.761904761904762,1.80468496216177,1.37499806640897
2020-04-26,0.761904761904762,1.80468496216177,1.37499806640897
2020-04-27,0.619047619047619,1.80468496216177,1.11718592895729
2020-04-28,0.619047619047619,1.80468496216177,1.11718592895729
2020-04-29,0.761904761904762,2.10546578918873,1.60416441081046
2020-04-30,0.904761904761905,1.50390413513481,1.36067516988388
2020-05-01,1.19047619047619,1.50390413513481,1.79036206563668
2020-05-02,1.28571428571429,1.50390413513481,1.93359103088761
2020-05-03,1.28571428571429,1.50390413513481,1.93359103088761
2020-05-04,1.14285714285714,1.80468496216177,2.06249709961345
2020-05-05,1.14285714285714,2.10546578918873,2.4062466162157
2020-05-06,1.07142857142857,1.50390413513481,1.61132585907301
2020-05-07,0.928571428571429,1.20312330810785,1.11718592895729
2020-05-08,0.642857142857143,1.50390413513481,0.966795515443806
2020-05-09,0.5,1.50390413513481,0.751952067567405
2020-05-10,0.5,1.50390413513481,0.751952067567405
2020-05-11,0.5,1.50390413513481,0.751952067567405
2020-05-12,0.5,1.50390413513481,0.751952067567405
2020-05-13,0.428571428571429,1.20312330810785,0.515624274903363
2020-05-14,0.428571428571429,1.50390413513481,0.644530343629204
2020-05-15,0.428571428571429,1.20312330810785,0.515624274903363
2020-05-16,0.428571428571429,1.20312330810785,0.515624274903363
2020-05-17,0.285714285714286,1.20312330810785,0.343749516602242
2020-05-18,0.142857142857143,0.902342481080886,0.128906068725841
2020-05-19,0,0.601561654053924,0
2020-05-20,0.142857142857143,0.601561654053924,0.0859373791505606
2020-05-21,0.285714285714286,0.601561654053924,0.171874758301121
2020-05-22,0.428571428571429,0.300780827026962,0.128906068725841
2020-05-23,0.428571428571429,0.300780827026962,0.128906068725841
2020-05-24,0.571428571428571,0.601561654053924,0.343749516602242
2020-05-25,0.714285714285714,0.601561654053924,0.429686895752803
2020-05-26,0.857142857142857,0.601561654053924,0.515624274903363
2020-05-27,0.714285714285714,0.601561654053924,0.429686895752803
2020-05-28,0.571428571428571,0.601561654053924,0.343749516602242
2020-05-29,0.428571428571429,0.601561654053924,0.257812137451682
2020-05-30,0.428571428571429,0.601561654053924,0.257812137451682
2020-05-31,0.285714285714286,0.601561654053924,0.171874758301121
2020-06-01,0.285714285714286,0.601561654053924,0.171874758301121
2020-06-02,0.285714285714286,0.601561654053924,0.171874758301121
2020-06-03,0.571428571428571,0.601561654053924,0.343749516602242
2020-06-04,0.714285714285714,0.601561654053924,0.429686895752803
2020-06-05,0.857142857142857,0.902342481080886,0.773436412355045
2020-06-06,1,0.902342481080886,0.902342481080886
2020-06-07,1.28571428571429,0.902342481080886,1.16015461853257
2020-06-08,1.28571428571429,0.902342481080886,1.16015461853257
2020-06-09,1.42857142857143,0.902342481080886,1.28906068725841
2020-06-10,1.42857142857143,1.20312330810785,1.71874758301121
2020-06-11,1.71428571428571,1.20312330810785,2.06249709961345
2020-06-12,1.71428571428571,1.20312330810785,2.06249709961345
2020-06-13,1.64285714285714,1.50390413513481,2.47069965057862
2020-06-14,1.42857142857143,1.80468496216177,2.57812137451682
2020-06-15,1.35714285714286,2.10546578918873,2.85741785675614
2020-06-16,1.21428571428571,2.10546578918873,2.55663702972918
2020-06-17,1.14285714285714,2.10546578918873,2.4062466162157
2020-06-18,1.28571428571429,2.4062466162157,3.09374564942018
2020-06-19,1.42857142857143,2.10546578918873,3.00780827026962
2020-06-20,1.92857142857143,2.70702744324266,5.22069578339655
2020-06-21,2.23809523809524,2.70702744324266,6.05858523011452
2020-06-22,2.54761904761905,3.00780827026962,7.66274964092498
2020-06-23,2.61904761904762,3.00780827026962,7.87759308880138
2020-06-24,2.61904761904762,3.91015075135051,10.2408710154418
2020-06-25,2.19047619047619,4.81249323243139,10.5416518424688
2020-06-26,1.95833333333333,4.81249323243139,9.42446591351147
2020-06-27,1.51190476190476,5.11327405945835,7.73078339941918
2020-06-28,1.29761904761905,5.11327405945835,6.63508181524953
2020-06-29,1.3452380952381,5.41405488648532,7.28319288301001
2020-06-30,1.27380952380952,5.41405488648532,6.89647467683248
2020-07-01,1.3452380952381,6.91795902162012,9.30630201717945
2020-07-02,1.3656462585034,7.21873984864709,9.85824506541431
2020-07-03,1.51615646258503,7.82030150270101,11.8568006626836
2020-07-04,1.56575963718821,7.51952067567405,11.7737619649726
2020-07-05,1.71337868480726,8.12108232972797,13.9144893613208
2020-07-06,1.57052154195011,9.02342481080886,14.1714830475424
2020-07-07,1.7312358276644,9.92576729188975,17.183843952779
2020-07-08,1.77409297052154,9.92576729188975,17.6092339795742
2020-07-09,2.00043805400948,9.92576729188975,19.8558826059389
2020-07-10,2.1729797979798,11.1288905999976,24.182854447722
2020-07-11,2.34361471861472,13.2343563891863,31.0162324250898
2020-07-12,2.30663992869875,15.941383832429,36.7710324665934
2020-07-13,2.26937284795341,18.6484112756716,42.3201982064774
2020-07-14,2.15627760985817,21.0546578918873,45.3996873955003
2020-07-15,2.01982440788773,22.5585620270221,45.5643341890286
2020-07-16,1.85188889512463,26.4687127783727,49.0171152625117
2020-07-17,1.70037374360948,30.3788635297232,51.6554219066368
2020-07-18,1.54084993408567,33.0858909729658,50.98039292486
2020-07-19,1.43139615257306,36.3944800702624,52.0949187474707
2020-07-20,1.35511011976529,41.5077541297208,56.2475776699142
2020-07-21,1.32971329436847,45.7186857080982,60.7927441871118
2020-07-22,1.27770495787737,48.7264939783678,62.2580829361425
2020-07-23,1.19339271839272,52.3358639026914,62.4572388922642
2020-07-24,1.11418114981945,56.2460146540419,62.6682492800019
2020-07-25,1.08044254799574,59.2538229243115,64.0203514188315
2020-07-26,1.0636843062375,60.7577270594463,64.6270407557944
2020-07-27,1.06799372231162,62.2616311945811,66.4950312566939
2020-07-28,1.08862864294654,64.9686586378238,70.7267426869511
2020-07-29,1.13899494331284,67.0741244270125,76.3970885495035
2020-07-30,1.21306087737877,68.8788093891743,83.5541889504372
2020-07-31,1.28274863642824,71.8866176594439,92.2124607800896
2020-08-01,1.33712215888686,74.5936451026866,99.7408157789449
2020-08-02,1.39481446657917,76.3983300648483,106.561495996941
2020-08-03,1.49736173548674,80.6092616432258,120.701223910405
2020-08-04,1.56840420652921,83.9178507405224,131.617110104325
2020-08-05,1.60512250830775,88.1287823188999,141.45749212982
2020-08-06,1.57579754755422,95.04674134052,149.774421907411
2020-08-07,1.54367177858634,107.378755248625,165.757554097033
2020-08-08,1.48132257223714,112.492029308084,166.636982210826
2020-08-09,1.41753673401521,119.409988329704,169.268044865683
2020-08-10,1.2857050240585,127.230289832405,163.580622849942
2020-08-11,1.19643595203081,134.749810508079,161.219517821204
2020-08-12,1.1249791646941,142.269331183753,160.050033356687
2020-08-13,1.12654902340682,151.292755994562,170.4387065142
2020-08-14,1.13568296938287,156.706810881047,177.969256303908
2020-08-15,1.19861574249212,163.624769902667,196.123225066987
2020-08-16,1.25529104419174,172.046633059422,215.968597662836
2020-08-17,1.33796526220431,183.17552365942,245.082487542387
2020-08-18,1.36095376795143,193.402071778337,263.211278316341
2020-08-19,1.3881046030648,203.92940072428,283.075339845619
2020-08-20,1.38137094513462,212.351263881035,293.335866087877
2020-08-21,1.40976049539917,220.171565383736,310.389175088187
2020-08-22,1.41244053937938,228.894209367518,323.299460539874
2020-08-23,1.42306145441206,242.730127410758,345.419888142778
2020-08-24,1.39307846505639,258.671511243187,360.349711836476
2020-08-25,1.39288330502516,281.530854097236,392.139626521516
2020-08-26,1.37786393286293,299.276922891827,412.36287799085
2020-08-27,1.3651643397857,314.616745070202,429.503561069289
2020-08-28,1.31952710124543,338.679211232359,446.896397849522
2020-08-29,1.29790727276246,356.124499199923,462.216577520469
2020-08-30,1.28033096018615,379.585403708026,485.994944402143
2020-08-31,1.26301600759321,398.534595810725,503.355574088634
2020-09-01,1.23973141561283,419.890034529639,520.550866909148
2020-09-02,1.22595941960733,449.366555578281,550.905161667693
2020-09-03,1.21989435940214,474.030583394492,578.267234867046
2020-09-04,1.19579099007399,489.671186399894,585.544392795833
2020-09-05,1.1535379117814,511.327405945835,589.83554809136
2020-09-06,1.08711324639939,531.780502183669,578.105628100786
2020-09-07,1.0316096466787,559.151557443122,576.826140613744
2020-09-08,0.975891403702839,563.061708194473,549.487080781223
2020-09-09,0.930536236103562,574.19059879447,534.305158608257
2020-09-10,0.879739413878168,576.596845410686,507.254970825598
2020-09-11,0.863816386239625,578.702311199875,499.892539169195
2020-09-12,0.861689476681581,587.725736010684,506.437081895343
2020-09-13,0.874315508264959,579.003092026902,506.231382692483
2020-09-14,0.877708865607896,572.987475486363,502.916187116667
2020-09-15,0.900933594095782,577.19840706474,520.017435383197
2020-09-16,0.926294255967482,564.264831502581,522.6752722653
2020-09-17,0.95801366437862,549.52657097826,526.4539639363
2020-09-18,0.9733800885353,541.104707821505,526.700548406164
2020-09-19,1.00461371354631,534.186748799884,536.651333439083
2020-09-20,1.03138893597371,523.057858199887,539.476087821469
2020-09-21,1.05481551728873,509.522720983674,537.452472504754
2020-09-22,1.05197282497235,508.92115932962,535.371229668184
2020-09-23,1.0403191384281,506.214131886377,526.624249544162
2020-09-24,1.0200899941388,509.221940156647,519.452205949743
2020-09-25,0.987696823780856,504.409446924215,498.203608612106
2020-09-26,0.930913952441376,497.491487902595,463.121767309346
2020-09-27,0.876324782845193,501.100857826919,439.127100418715
2020-09-28,0.845822644034449,501.401638653946,424.096859729486
2020-09-29,0.833783754887126,483.655569859355,403.264157109406
2020-09-30,0.842781603227741,477.038391664762,402.039180528411
2020-10-01,0.86105586029899,472.827460086384,407.130855417668
2020-10-02,0.888795845181832,471.323555951249,418.910418265797
2020-10-03,0.916596752408577,463.804035275575,425.121272487585
2020-10-04,0.957646443028933,458.089199562063,438.687492550581
2020-10-05,0.992503946636437,446.659528135039,443.311344476794
2020-10-06,1.01722784221877,431.018925129637,438.444451165072
2020-10-07,1.0270853621124,425.604870243151,437.132532270489
2020-10-08,1.04114525411044,423.198623626936,440.611238535254
2020-10-09,1.0546373176025,417.78456874045,440.611196912147
2020-10-10,1.06864726409884,410.565828891803,438.750049777697
2020-10-11,1.07894241531218,406.054116486399,438.109009189289
2020-10-12,1.09391603296437,410.565828891803,449.12454281205
2020-10-13,1.09845762232739,417.183007086396,458.257854039513
2020-10-14,1.0978782211964,423.198623626936,464.620552120304
2020-10-15,1.0779279730559,430.116582648556,463.63469611209
2020-10-16,1.05443827867069,431.018925129637,454.482853488184
2020-10-17,1.02706259153878,436.132199189095,447.935066752657
2020-10-18,0.998786631381131,442.749377383688,442.212159183147
2020-10-19,0.945059406225335,443.050158210715,418.708719446659
2020-10-20,0.897653415004013,449.065774751254,403.105426266886
2020-10-21,0.845150591013798,447.561870616119,378.257179466454
2020-10-22,0.809756628868679,444.854843172877,360.224158143574
2020-10-23,0.77502970327257,436.132199189095,338.015408925138
2020-10-24,0.756920016208463,430.116582648556,325.563850709873
2020-10-25,0.741523235379088,421.995500318828,312.919468711834
2020-10-26,0.750396595521484,405.452554832345,304.250216791679
2020-10-27,0.759179282169432,394.624445059374,299.590702926686
2020-10-28,0.774972959332885,381.089307843161,295.333908669335
2020-10-29,0.787065293134359,363.944800702624,286.448321249737
2020-10-30,0.803959698950831,348.304197697222,280.022537923969
2020-10-31,0.812250045303079,332.362813864793,269.961710618737
2020-11-01,0.800180434885424,312.210498453987,249.824732428706
2020-11-02,0.76947574151929,299.878484545881,230.749219261623
2020-11-03,0.738767393997966,285.441004848587,210.874507292151
2020-11-04,0.725023285628317,265.589470264807,192.558550359675
2020-11-05,0.72985436785878,244.234031545893,178.255274703529
2020-11-06,0.75214864026842,234.909825908057,176.687106142436
2020-11-07,0.769680700173361,223.480154481033,172.008361775812
2020-11-08,0.783853380809827,215.960633805359,169.281472930163
2020-11-09,0.794387273609911,209.042674783739,166.060840489577
2020-11-10,0.819594003008258,194.003633432391,159.004214523
2020-11-11,0.830162647644026,181.370838697258,150.567295658333
2020-11-12,0.838674493295891,173.851318021584,145.804666050575
2020-11-13,0.828535768384439,164.226331556721,136.067389805306
2020-11-14,0.814697754546425,160.015399978344,130.364187055205
2020-11-15,0.787589110502298,151.593536821589,119.393418823212
2020-11-16,0.779746167499854,141.066207875645,109.995834954772
2020-11-17,0.763873151626838,132.945125545917,101.553212044185
2020-11-18,0.766751015100995,126.628728178351,97.0927058716986
2020-11-19,0.734484129675783,122.417796599974,89.9139287925586
2020-11-20,0.727613669627357,118.206865021596,86.0089308335091
2020-11-21,0.73441195608666,115.499837578353,84.8244616436101
2020-11-22,0.776387837348256,107.378755248625,83.367559564628
2020-11-23,0.800036919622675,95.04674134052,76.0409021622428
2020-11-24,0.837393877909866,95.04674134052,79.591559313834
2020-11-25,0.854123857572964,92.0389330702504,78.6126485608621
2020-11-26,0.861200838562988,87.226439837819,75.1194831331938
2020-11-27,0.830306748346864,85.4217548756572,70.9262595288898
2020-11-28,0.796513717501512,76.9998917189023,61.3314700002367
2020-11-29,0.756502976362951,74.8944259297135,56.6578561288229
2020-11-30,0.705603459030788,69.4803710432282,49.0255901428445
2020-12-01,0.664299696796793,65.5702202918777,43.5582774587933
2020-12-02,0.666300497116921,63.7655353297159,42.4870078891163
2020-12-03,0.717518029584454,59.5546037513385,42.7315019363433
2020-12-04,0.784266096332521,54.4413296918801,42.6964891166026
2020-12-05,0.853718383176112,53.5389872107992,45.7072175984901
2020-12-06,0.937792204092038,52.6366447297183,49.3622350770921
2020-12-07,0.993273931666789,51.4335214216105,51.0875760419111
2020-12-08,1.02521496360782,46.9218090162061,48.1049407229628
2020-12-09,1.06040145199628,43.9140007459365,46.5664701539567
2020-12-10,1.09439870474353,43.6132199189095,47.7302513889494
2020-12-11,1.093221310709,41.2069733026938,45.0483413643215
2020-12-12,1.07253829002597,40.6054116486399,43.550858775433
2020-12-13,1.02828624577393,40.3046308216129,41.4446975148606
2020-12-14,1.02917910291679,40.0038499945859,41.1711264506457
2020-12-15,1.03350810724579,39.402288340532,40.7225844439762
2020-12-16,1.01872978212264,39.1015075135051,39.8338702298998
2020-12-17,1.01088048855906,40.0038499945859,40.4391114267704
2020-12-18,1.02854139907711,41.5077541297208,42.6924435051318
2020-12-19,1.0577331524068,40.9061924756668,43.2678359202463
2020-12-20,1.07833028014678,40.3046308216129,43.4617038450825
2020-12-21,1.09633143222052,41.8085349567477,45.8360110081727
2020-12-22,1.11377477319327,41.8085349567477,46.5652915389945
2020-12-23,1.17627477319327,43.3124390918825,50.9473294692514
2020-12-24,1.20121808385086,42.7108774378286,51.3050783554576
2020-12-25,1.23737547484697,43.3124390918825,53.5937498880984
2020-12-26,1.23860700194056,45.1171240540443,55.8823857607602
2020-12-27,1.23195888814959,46.9218090162061,57.8057396655726
2020-12-28,1.22113941309449,48.4257131513409,59.1345469363106
2020-12-29,1.19962680805247,49.6288364594487,59.5360826692067
2020-12-30,1.13402121799036,50.5311789405296,57.3034290886283
2020-12-31,1.09989423386338,51.1327405945835,56.2406065416143
2021-01-01,1.10832083030841,54.1405488648532,60.005098071247
2021-01-02,1.08234680433438,54.4413296918801,58.9243992157209
2021-01-03,1.06672015456139,55.343672172961,59.0362105343359
2021-01-04,1.03166149341577,57.7499187891767,59.5783674626816
2021-01-05,1.06048136919217,61.0585078864733,64.7514100442781
2021-01-06,1.05300494867227,58.6522612702576,61.7611213684003
2021-01-07,1.058932000344,60.1561654053924,63.701288565757
2021-01-08,1.03266303121789,61.0585078864733,63.0528638356871
2021-01-09,1.10327991433478,62.8631928486351,69.3556980208526
2021-01-10,1.10113001441632,61.3592887135002,67.5645544656719
2021-01-11,1.10811414140045,62.8631928486351,69.6595929691562
2021-01-12,1.05653916358324,64.9686586378238,68.6419322563312
2021-01-13,1.01860365394961,64.3670969837699,65.5645601817971
2021-01-14,0.959819459420738,65.5702202918777,62.9355733946488
2021-01-15,0.872823122424401,63.163973675662,55.130976728324
2021-01-16,0.777428385582296,63.163973675662,49.1054660816326
2021-01-17,0.767241907310711,62.5624120216081,48.0005043254172
2021-01-18,0.805609254249487,61.0585078864733,49.1892990040082
2021-01-19,0.846752634678582,56.8475763080958,48.1358350139718
2021-01-20,0.899599159223219,58.6522612702576,52.7635249252643
2021-01-21,0.931027730651791,58.9530420972846,54.8869169988543
2021-01-22,0.966742016366076,58.0506996162037,56.1200503984301
2021-01-23,0.997652626224055,55.644452999988,55.513834670239
2021-01-24,1.05170668027811,54.1405488648532,56.9399769150894
2021-01-25,1.11485193838135,51.4335214216105,57.3407610546612
2021-01-26,1.17259811377458,49.3280556324218,57.8419849907455
2021-01-27,1.26648339515987,51.1327405945835,64.7587669120569
2021-01-28,1.30219768087415,52.0350830756644,67.759964505224
2021-01-29,1.30219768087415,52.9374255567453,68.9349927914418
2021-01-30,1.26632466500114,53.8397680378262,68.1786262242391
2021-01-31,1.22536445012788,57.7499187891767,70.7646974820291
2021-02-01,1.13168253291655,56.2460146540419,63.6526323301474
2021-02-02,1.04697665056361,57.7499187891767,60.4628165442125
2021-02-03,0.91149528410398,60.4569462324194,55.1062213821781
2021-02-04,0.862491961844844,59.8553845783654,51.624788071972
2021-02-05,0.820284169637051,60.1561654053924,49.3451501881114
2021-02-06,0.807816637169519,60.7577270594463,49.0811027552254
2021-02-07,0.814027817293742,59.8553845783654,48.7239480616043
2021-02-08,0.861491247110113,61.6600695405272,53.1196102053651
2021-02-09,0.910428976047842,60.4569462324194,55.041755653361
2021-02-10,0.961520941585811,58.0506996162037,55.8169633546872
2021-02-11,1.00842342350881,59.2538229243115,59.7529429693192
2021-02-12,1.05439061421285,57.1483571351228,60.2566913809571
2021-02-13,1.08685814668038,57.1483571351228,62.1121575217079
2021-02-14,1.0669245918631,53.2382063837723,56.8011516175298
2021-02-15,1.07952963387991,54.7421105189071,59.0957305262893
2021-02-16,1.06827897977211,55.042891345934,58.8011638107416
2021-02-17,1.06178010230549,52.0350830756644,55.2498158315538
2021-02-18,1.06845969722038,52.6366447297183,56.2401334906117
2021-02-19,1.11489334891719,54.4413296918801,60.6962763796851
2021-02-20,1.15911103599202,53.5389872107992,62.0576309318731
2021-02-21,1.20230040476278,54.7421105189071,65.8164616344511
2021-02-22,1.22792040886199,57.7499187891767,70.9123038913523
2021-02-23,1.23023333403205,59.2538229243115,72.8960281303207
2021-02-24,1.2200501838489,61.0585078864733,74.4944437724315
2021-02-25,1.18235454615327,61.3592887135002,72.5484339591378
2021-02-26,1.20359006738879,64.9686586378238,78.1956322280574
2021-02-27,1.20617040987061,63.7655353297159,76.9121018842622
2021-02-28,1.23236514536767,65.8710011189047,81.1771258694128
2021-03-01,1.20811711863084,69.1795902162013,83.5770472000594
2021-03-02,1.21260691454921,74.5936451026866,90.4527698329474
2021-03-03,1.18689262883492,77.3006725459292,91.7475984487455
2021-03-04,1.17501878838965,79.105357508091,92.9502813342875
2021-03-05,1.13420246185904,80.3084808161989,91.0860766498924
2021-03-06,1.16234588429302,82.4139466053876,95.7935116451173
2021-03-07,1.16765723960438,84.8201932216033,99.0409126798474
2021-03-08,1.1802908644829,86.925659010792,102.597561219594
2021-03-09,1.17008678285025,92.9412755513312,108.749358103856
2021-03-10,1.18857417780823,96.2498646486278,114.400103738896
2021-03-11,1.18709792748406,96.8514263026818,114.972127437788
2021-03-12,1.16681270496131,99.5584537459244,116.166068717048
2021-03-13,1.12222839582782,102.265481189167,114.765226903479
2021-03-14,1.11310141170084,105.874851113491,117.849446238042
2021-03-15,1.09079881977799,108.581878556733,118.440984978962
2021-03-16,1.09079881977799,106.476412767545,116.144345381032
2021-03-17,1.11211880844762,111.89046765403,124.435493564046
2021-03-18,1.1655813640718,116.101399232407,135.325627287954
2021-03-19,1.23194607101989,116.101399232407,143.030662624276
2021-03-20,1.29529092509055,119.710769156731,155.060272924323
2021-03-21,1.36759620379118,126.929509005378,173.588314664833
2021-03-22,1.44644641476164,132.343563891863,191.427873508164
2021-03-23,1.50880469140563,138.058399605376,208.303161012544
2021-03-24,1.54747088899133,145.277139454023,224.812144141034
2021-03-25,1.57433430539819,154.601345091858,243.394201238818
2021-03-26,1.58226496006033,163.925550729694,259.373654978187
2021-03-27,1.59011201648881,178.062249599961,283.138922771928
2021-03-28,1.57477639489596,190.09348268104,299.354729349665
2021-03-29,1.58446034461798,206.93720899455,327.883801477787
2021-03-30,1.63002471301454,226.487962751302,369.180976484939
2021-03-31,1.68012256037266,246.339497335082,413.880546983531
2021-04-01,1.68197784794223,271.905867632374,457.339646083165
2021-04-02,1.64604632293704,304.991758605339,502.03056277842
2021-04-03,1.56507838338221,341.386238675602,534.296222535344
2021-04-04,1.46638283193659,370.862759724244,543.826783864258
2021-04-05,1.34244818193446,395.226006713428,530.570434165659
2021-04-06,1.21641688498244,422.897842799909,514.42007660446
2021-04-07,1.09825998193345,446.358747308012,490.217949754336
2021-04-08,1.01695486729501,472.22589843233,480.232425873516
2021-04-09,0.971031216893105,491.776652189083,477.530481014783
2021-04-10,0.961300012675739,503.807885270161,484.310526496343
2021-04-11,0.984272706808761,522.456296545833,514.239473190448
2021-04-12,1.01201765094026,536.292214589073,542.737187225984
2021-04-13,1.03126309709197,555.241406691772,572.599972698659
2021-04-14,1.0222737497168,564.866393156635,577.448085821237
2021-04-15,1.00794861225441,575.694502929605,580.270475310387
2021-04-16,0.978678494820211,571.784352178255,559.593049151564
2021-04-17,0.946871547164172,558.249214962041,528.590297874293
2021-04-18,0.898937195155117,550.42891345934,494.801023597418
2021-04-19,0.865356720330402,549.827351805287,475.796793906173
2021-04-20,0.836700703103515,541.104707821505,452.742689486875
2021-04-21,0.830910445591167,533.585187145831,443.361505612188
2021-04-22,0.835464152460734,523.057858199887,436.996090188896
2021-04-23,0.857116973133163,513.432871735024,440.072028928591
2021-04-24,0.883731719833121,507.417255194485,448.420723606024
2021-04-25,0.904283098279236,496.889926248541,449.329162011772
2021-04-26,0.916592554282648,490.573528880975,449.656043900465
2021-04-27,0.924652830900048,474.932925875573,439.148074398491
2021-04-28,0.938876422360061,463.804035275575,435.454673315692
2021-04-29,0.949000586638953,443.050158210715,420.45486005245
2021-04-30,0.958880855908894,433.124390918825,415.314686679262
2021-05-01,0.966450660508401,427.71033603234,413.360936764725
2021-05-02,0.971347518036838,422.296281145855,410.196444567213
2021-05-03,0.977058466676222,415.378322124235,405.848906505246
2021-05-04,0.977566975727683,407.85880144856,398.709295055987
2021-05-05,0.99044898841409,406.054116486399,402.175888915331
2021-05-06,1.00384688994758,398.534595810725,400.067714541114
2021-05-07,1.02546916088665,399.737719118832,409.918703399533
2021-05-08,1.04070955656183,397.03069167559,413.19363507514
2021-05-09,1.07272851799256,400.038499945859,429.132707186887
2021-05-10,1.10710184179016,400.339280772886,443.216355084611
2021-05-11,1.14161097783496,398.534595810725,454.971469624542
2021-05-12,1.16586056985506,404.850993178291,471.999809613228
2021-05-13,1.17450266256699,411.167390545857,482.917194956832
2021-05-14,1.15945735339855,423.800185280989,491.378241195711
2021-05-15,1.11202253569844,427.71033603234,475.623532419115
2021-05-16,1.04924742565442,437.335322497203,458.872961277937
2021-05-17,0.974571908556102,443.651719864769,432.370503362805
2021-05-18,0.912584638400515,443.350939037742,404.595256386286
2021-05-19,0.843794356446311,440.944692421526,372.066642970238
2021-05-20,0.796843550970849,445.456404826931,354.959063425
2021-05-21,0.778979890908284,439.440788286392,342.315537319984
2021-05-22,0.808810460759476,437.335322497203,353.721383695357
2021-05-23,0.849280352419844,428.011116859367,363.501432165934
2021-05-24,0.895134766608918,418.386130394504,374.511971183093
2021-05-25,0.929914043126392,420.491596183693,391.021040307848
2021-05-26,0.946479748082866,413.573637162073,391.439071914873
2021-05-27,0.943559497559572,402.444746562075,379.730562861601
2021-05-28,0.923063740821709,384.999458594511,355.379040464582
2021-05-29,0.908568118508854,376.878376264783,342.419677229566
2021-05-30,0.903137008716374,354.620595064788,320.270983456033
2021-05-31,0.914055376063313,339.58155371344,310.396344783702
2021-06-01,0.942109318958006,338.077649578305,318.50610419914
2021-06-02,0.994348387449229,331.460471383712,329.587185223555
2021-06-03,1.03729332083816,325.444854843173,337.581774229969
2021-06-04,1.07222684084816,326.948758978308,350.563234958536
2021-06-05,1.06700924458511,328.452663113442,350.462027950643
2021-06-06,1.04974731594779,331.761252210739,348.2654840437
2021-06-07,1.00610300107898,328.753443940469,330.759826563558
2021-06-08,0.964593750584927,321.835484918849,310.440497469192
2021-06-09,0.905089142289997,310.405813491825,280.944931495144
2021-06-10,0.879957301202454,314.315964243175,276.584627620272
2021-06-11,0.841117216257729,311.608936799933,262.09964148219
2021-06-12,0.81743494916882,305.292539432366,249.556791452516
2021-06-13,0.794836624202355,305.593320259393,242.896763053765
2021-06-14,0.806542760290875,303.788635297232,245.018524457627
2021-06-15,0.81681520042819,291.757402216153,238.311880967595
2021-06-16,0.839614203750449,283.335539059398,237.892543021561
2021-06-17,0.876555250125457,281.831634924263,247.040999244304
2021-06-18,0.9331881149775,270.401963497239,252.335898602203
2021-06-19,0.998899663090837,262.581661994538,262.292733700176
2021-06-20,1.05882732364373,253.257456356702,268.155914706985
2021-06-21,1.11790835956687,251.151990567513,280.764909777283
2021-06-22,1.14988337908287,245.136374026974,281.87824210226
2021-06-23,1.16972566304476,246.941058989136,288.853293959042
2021-06-24,1.15980582720869,244.53481237292,283.612900345497
2021-06-25,1.13020598542611,243.933250718866,275.694820006911
2021-06-26,1.0876467525443,246.640278162109,268.25749758964
2021-06-27,1.03339090386336,248.444963124271,256.740765003289
2021-06-28,0.962831897652181,249.347305605352,240.079539430459
2021-06-29,0.905177313430432,252.655894702648,228.698383989305
2021-06-30,0.86491697852724,257.167607108052,222.428629714977
2021-07-01,0.831954921481414,251.45277139454,209.197370681829
2021-07-02,0.831144180058382,251.753552221567,209.24349973798
2021-07-03,0.848042486430373,251.151990567513,212.987558552812
2021-07-04,0.888433642892958,248.444963124271,220.726863646902
2021-07-05,0.924502853185771,244.835593199947,226.351204474782
2021-07-06,0.967834129136842,243.331689064812,235.504713377439
2021-07-07,1.00377735258007,239.120757486435,240.024000896673
2021-07-08,1.03729569234841,233.405921772923,242.110957223661
2021-07-09,1.05790475631854,229.194990194545,242.46647025119
2021-07-10,1.06646921381991,226.788743578329,241.863213067186
2021-07-11,1.05250992042513,224.081716135087,235.848229218067
2021-07-12,1.03101465565255,219.570003729682,226.379891786989
2021-07-13,1.00029992503904,222.277031172925,222.343697620177
2021-07-14,0.96753466769751,218.968442075628,211.859558839885
2021-07-15,0.932288069058054,218.066099594547,203.300422918022
2021-07-16,0.898716294920243,219.269222902655,197.060823597115
2021-07-17,0.870560605818746,216.562195459413,188.530516076584
2021-07-18,0.850731383807361,215.960633805359,183.724488845148
2021-07-19,0.855631589503675,214.456729670224,183.495952487494
2021-07-20,0.89508139309375,210.8473597459,188.725548491499
2021-07-21,0.946235196196087,206.93720899455,195.811270553228
2021-07-22,1.01300652011027,202.124715762118,204.753654942461
2021-07-23,1.09214912891389,203.92940072428,222.721317360955
2021-07-24,1.14774834923583,204.530962378334,234.750074437348
2021-07-25,1.16762772955938,201.823934935092,235.655222919002
2021-07-26,1.16453965222319,203.027058243199,236.433059798432
2021-07-27,1.13491274121782,202.124715762118,229.393915233458
2021-07-28,1.10321058598956,201.523154108065,222.322476934021
2021-07-29,1.03713175464126,200.620811626984,208.070214380248
2021-07-30,0.957048644897136,202.425496589145,193.731047203271
2021-07-31,0.890544836205827,204.230181551307,181.876133577895
2021-08-01,0.861001590336051,205.734085686442,177.13737496236
2021-08-02,0.835174522666878,202.425496589145,169.060617489445
2021-08-03,0.830137568126026,201.823934935092,167.541630536642
2021-08-04,0.829587134659671,202.726277416172,168.179111601904
2021-08-05,0.835867431209429,201.823934935092,168.698054050774
2021-08-06,0.833271238958064,197.613003356714,164.665232141273
2021-08-07,0.827426206797242,192.800510124283,159.528194760708
2021-08-08,0.824669314566666,190.394263508067,157.012306784623
2021-08-09,0.822614176722054,178.663811254015,146.971384004746
2021-08-10,0.824918982139367,171.745852232395,141.676413610206
2021-08-11,0.83142926771942,167.534920654018,139.293436396801
2021-08-12,0.840678351968504,160.917742459425,135.280062533281
2021-08-13,0.850378357503457,154.300564264832,131.213860401384
2021-08-14,0.874158395834579,150.390413513481,131.465042625844
2021-08-15,0.889252950402818,143.472454491861,127.583303458421
2021-08-16,0.900749082036249,138.659961259429,124.897832819613
2021-08-17,0.916451479500089,136.253714643214,124.869918372156
2021-08-18,0.947458412946047,132.042783064836,125.105045683589
2021-08-19,0.979353347280006,127.230289832405,124.603410222771
2021-08-20,1.0052413169882,124.824043216189,125.478285594434
2021-08-21,1.00652393529868,122.117015772947,122.913699282717
2021-08-22,0.998066343507757,121.214673291866,120.9802857519
2021-08-23,0.974278845159667,122.117015772947,118.976025101611
2021-08-24,0.927709153453197,118.206865021596,109.661590681541
2021-08-25,0.847002565656422,116.101399232407,98.3381830261496
2021-08-26,0.775903592118424,115.499837578353,89.6167388661389
2021-08-27,0.699417888767049,111.288905999976,77.8374516776978
2021-08-28,0.652486043023658,107.679536075652,70.2593944086257
2021-08-29,0.620034543905493,102.867042843221,63.7811199922033
2021-08-30,0.622952477036192,100.460796227005,62.5823018546411
2021-08-31,0.606171828606607,94.4451796864661,57.2500072736247
2021-09-01,0.609581515614825,90.2342481080886,55.0051297220928
2021-09-02,0.616917422950733,87.8280014918729,54.1826243432793
2021-09-03,0.650973333872315,81.8123849513337,53.2576809838149
2021-09-04,0.655446090716989,73.3905217945787,48.1035306059366
2021-09-05,0.649731805002703,66.4725627729586,43.1893381936299
2021-09-06,0.620911929226305,61.9608503675542,38.4722311382205
2021-09-07,0.612833697933788,56.2460146540419,34.4694531544745
2021-09-08,0.610111374884787,51.1327405945835,31.1966666657885
2021-09-09,0.646757337617706,46.0194665351252,29.7634276548447
2021-09-10,0.756167768456708,40.9061924756668,30.9319442803856
2021-09-11,0.932256385721796,36.9960417243163,34.4897961439239
2021-09-12,1.07203660550202,36.0936992432354,38.6937668167288
2021-09-13,1.12136068295909,33.0858909729658,37.1012172977548
2021-09-14,1.14594324325593,32.1835484918849,36.8805199382752
2021-09-15,1.12064095933296,30.3788635297232,34.043798769394
2021-09-16,1.06562764966126,28.2733977405344,30.1289143821838
2021-09-17,0.912566425171467,26.1679319513457,23.8799761149698
2021-09-18,0.762288132036031,27.0702744324266,20.6353489307972
2021-09-19,0.654752810214995,24.062466162157,15.7549673403755
2021-09-20,0.648216862502577,21.3554387189143,13.8429554837407
2021-09-21,0.664450628736343,21.3554387189143,14.1896346837231
2021-09-22,0.734580498866213,20.7538770648604,15.2453933677132
2021-09-23,0.771995464852608,20.4530962378334,15.7896975378013
2021-09-24,0.80446299732014,20.1523154108065,16.2117920583182
2021-09-25,0.906503813646671,19.5507537567525,17.7228328401631
2021-09-26,1.00060812203669,18.0468496216177,18.0578243085655
2021-09-27,1.2069573283859,16.5429454864829,19.966629287999
2021-09-28,1.38552875695733,15.3398221783751,21.2537647547505
2021-09-29,1.66767161410019,15.0390413513481,25.0801823649221
2021-09-30,1.7823902288188,14.4374796972942,25.7332227412269
2021-10-01,1.82135126777984,17.1445071405368,31.2261698158773
2021-10-02,1.68257575757576,16.8437263135099,28.3408455623526
2021-10-03,1.53336940836941,18.6484112756716,28.594903364806
2021-10-04,1.25938735177866,18.9491921026986,23.8643728605626
2021-10-05,1.0054190978104,17.7460687945908,17.8422364771388
2021-10-06,0.660638878030182,18.6484112756716,12.3198655022051
2021-10-07,0.510205977597282,18.0468496216177,9.20761055374861
2021-10-08,0.456634549025853,17.7460687945908,8.10346812099972
2021-10-09,0.41173658984218,17.1445071405368,7.05902090456954
2021-10-10,0.533165161270751,17.1445071405368,9.14085391449187
2021-10-11,0.584924995639281,16.8437263135099,9.85231654047901
2021-10-12,0.675627943485086,16.2421646594559,10.9736603066144
2021-10-13,0.695408163265306,14.4374796972942,10.0399412384755
2021-10-14,1.0406462585034,14.4374796972942,15.024309229208
2021-10-15,1.0656462585034,11.4296714270246,12.179986592132
2021-10-16,1.13197278911565,10.2265481189167,11.5761741971955
2021-10-17,1.00102040816327,8.42186315675494,8.43045689466999
2021-10-18,1.04863945578231,7.82030150270101,8.20067671184599
2021-10-19,0.997619047619048,7.51952067567405,7.50161705501768
2021-10-20,0.947619047619048,5.71483571351228,5.41548717613783
2021-10-21,0.557596371882218,6.01561654053924,3.35428595763934
2021-10-22,0.517195767195921,6.3163973675662,3.2668139824327
2021-10-23,0.470634920635105,5.41405488648532,2.54804329181512
2021-10-24,0.504960317460548,4.51171240540443,2.27823572852372
