"fecha","rho7dpromedio","incidenciaAcum14d","riesgopor10"
2020-01-05,0,0,0
2020-01-06,0,0,0
2020-01-07,0,0,0
2020-01-08,0,0,0
2020-01-09,0,0,0
2020-01-10,0,0,0
2020-01-11,0,0,0
2020-01-12,0,0,0
2020-01-13,0,0,0
2020-01-14,0,0,0
2020-01-15,0,0,0
2020-01-16,0,0,0
2020-01-17,0,0,0
2020-01-18,0,0,0
2020-01-19,0,0,0
2020-01-20,0,0,0
2020-01-21,0,0,0
2020-01-22,0,0,0
2020-01-23,0,0,0
2020-01-24,0,0,0
2020-01-25,0,0,0
2020-01-26,0,0,0
2020-01-27,0,0,0
2020-01-28,0,0,0
2020-01-29,0,0,0
2020-01-30,0,0,0
2020-01-31,0,0,0
2020-02-01,0,0,0
2020-02-02,0,0,0
2020-02-03,0,0,0
2020-02-04,0,0,0
2020-02-05,0,0,0
2020-02-06,0,0,0
2020-02-07,0,0,0
2020-02-08,0,0,0
2020-02-09,0,0,0
2020-02-10,0,0,0
2020-02-11,0,0,0
2020-02-12,0,0,0
2020-02-13,0,0,0
2020-02-14,0,0,0
2020-02-15,0,0,0
2020-02-16,0,0,0
2020-02-17,0,0,0
2020-02-18,0,0,0
2020-02-19,0,0,0
2020-02-20,0,0,0
2020-02-21,0,0,0
2020-02-22,0,0,0
2020-02-23,0,0,0
2020-02-24,0,0,0
2020-02-25,0,0,0
2020-02-26,0,0,0
2020-02-27,0,0,0
2020-02-28,0,0,0
2020-02-29,0,0,0
2020-03-01,0,0,0
2020-03-02,0,0,0
2020-03-03,0,0,0
2020-03-04,0,0,0
2020-03-05,0,0,0
2020-03-06,0,0,0
2020-03-07,0,0,0
2020-03-08,0.142857142857143,0,0
2020-03-09,0.428571428571429,0,0
2020-03-10,0.714285714285714,0,0
2020-03-11,1,0,0
2020-03-12,1.28571428571429,3.27439423706614,4.20993544765647
2020-03-13,1.85714285714286,6.54878847413229,12.1620357376742
2020-03-14,2.14285714285714,6.54878847413229,14.0331181588549
2020-03-15,2.28571428571429,9.82318271119843,22.4529890541678
2020-03-16,2.21428571428571,13.0975769482646,29.0017775283001
2020-03-17,2.21428571428571,22.920759659463,50.7531106745252
2020-03-18,2.1,22.920759659463,48.1335952848723
2020-03-19,1.99285714285714,26.1951538965291,52.2031995509402
2020-03-20,1.6,32.7439423706614,52.3903077930583
2020-03-21,1.5047619047619,36.0183366077276,54.1990208001996
2020-03-22,1.46904761904762,45.841519318926,67.3433748089937
2020-03-23,1.42142857142857,49.1159135559921,69.8147628403031
2020-03-24,1.33571428571429,52.3903077930583,69.9784825521564
2020-03-25,1.25,58.9390962671906,73.6738703339882
2020-03-26,1.17857142857143,68.762278978389,81.041257367387
2020-03-27,1.02040816326531,68.762278978389,70.1655907942745
2020-03-28,0.870748299319728,75.3110674525213,65.5769839042362
2020-03-29,0.641156462585034,72.0366732154552,46.1867785752153
2020-03-30,0.61734693877551,72.0366732154552,44.471619689133
2020-03-31,0.560204081632653,62.2134905042567,34.8522513130989
2020-04-01,0.903061224489796,65.4878847413229,59.1395693837456
2020-04-02,0.86734693877551,62.2134905042567,53.9606805394063
2020-04-03,0.846938775510204,62.2134905042567,52.6910174678909
2020-04-04,0.853741496598639,62.2134905042567,53.1142384917294
2020-04-05,0.880952380952381,52.3903077930583,46.1533663891228
2020-04-06,0.785714285714286,49.1159135559921,38.591074936851
2020-04-07,0.642857142857143,45.841519318926,29.4695481335953
2020-04-08,0.214285714285714,42.5671250818599,9.12152680325568
2020-04-09,0.142857142857143,29.4695481335953,4.20993544765647
2020-04-10,0.142857142857143,26.1951538965291,3.74216484236131
2020-04-11,0.238095238095238,19.6463654223969,4.67770605295163
2020-04-12,0.333333333333333,19.6463654223969,6.54878847413228
2020-04-13,0.428571428571429,16.3719711853307,7.01655907942745
2020-04-14,0.428571428571429,16.3719711853307,7.01655907942745
2020-04-15,0.428571428571429,16.3719711853307,7.01655907942745
2020-04-16,0.428571428571429,16.3719711853307,7.01655907942745
2020-04-17,0.428571428571429,9.82318271119843,4.20993544765647
2020-04-18,0.285714285714286,6.54878847413229,1.87108242118065
2020-04-19,0.142857142857143,6.54878847413229,0.935541210590326
2020-04-20,0.142857142857143,6.54878847413229,0.935541210590326
2020-04-21,0.285714285714286,6.54878847413229,1.87108242118065
2020-04-22,0.428571428571429,3.27439423706614,1.40331181588549
2020-04-23,0.428571428571429,3.27439423706614,1.40331181588549
2020-04-24,0.428571428571429,6.54878847413229,2.80662363177098
2020-04-25,0.428571428571429,6.54878847413229,2.80662363177098
2020-04-26,0.428571428571429,6.54878847413229,2.80662363177098
2020-04-27,0.285714285714286,6.54878847413229,1.87108242118065
2020-04-28,0.142857142857143,6.54878847413229,0.935541210590326
2020-04-29,0,3.27439423706614,0
2020-04-30,0,3.27439423706614,0
2020-05-01,0,3.27439423706614,0
2020-05-02,0,3.27439423706614,0
2020-05-03,0,3.27439423706614,0
2020-05-04,0,3.27439423706614,0
2020-05-05,0,3.27439423706614,0
2020-05-06,0,3.27439423706614,0
2020-05-07,0,3.27439423706614,0
2020-05-08,0,0,0
2020-05-09,0,0,0
2020-05-10,0,0,0
2020-05-11,0,0,0
2020-05-12,0,0,0
2020-05-13,0,0,0
2020-05-14,0,0,0
2020-05-15,0,0,0
2020-05-16,0,0,0
2020-05-17,0,0,0
2020-05-18,0,0,0
2020-05-19,0,0,0
2020-05-20,0,0,0
2020-05-21,0,0,0
2020-05-22,0,0,0
2020-05-23,0,0,0
2020-05-24,0,0,0
2020-05-25,0,0,0
2020-05-26,0,0,0
2020-05-27,0,0,0
2020-05-28,0,0,0
2020-05-29,0.142857142857143,0,0
2020-05-30,0.285714285714286,0,0
2020-05-31,0.428571428571429,0,0
2020-06-01,0.428571428571429,0,0
2020-06-02,0.428571428571429,3.27439423706614,1.40331181588549
2020-06-03,0.428571428571429,3.27439423706614,1.40331181588549
2020-06-04,0.428571428571429,3.27439423706614,1.40331181588549
2020-06-05,0.285714285714286,3.27439423706614,0.935541210590326
2020-06-06,0.142857142857143,3.27439423706614,0.467770605295163
2020-06-07,0,3.27439423706614,0
2020-06-08,0,3.27439423706614,0
2020-06-09,0,3.27439423706614,0
2020-06-10,0,3.27439423706614,0
2020-06-11,0,3.27439423706614,0
2020-06-12,0,3.27439423706614,0
2020-06-13,0,3.27439423706614,0
2020-06-14,0,3.27439423706614,0
2020-06-15,0,3.27439423706614,0
2020-06-16,0,0,0
2020-06-17,0,0,0
2020-06-18,0,0,0
2020-06-19,0,0,0
2020-06-20,0,0,0
2020-06-21,0,0,0
2020-06-22,0,0,0
2020-06-23,0,0,0
2020-06-24,0,0,0
2020-06-25,0,0,0
2020-06-26,0,0,0
2020-06-27,0.142857142857143,0,0
2020-06-28,0.285714285714286,0,0
2020-06-29,0.428571428571429,0,0
2020-06-30,0.428571428571429,0,0
2020-07-01,0.428571428571429,3.27439423706614,1.40331181588549
2020-07-02,0.714285714285714,3.27439423706614,2.33885302647582
2020-07-03,1.14285714285714,3.27439423706614,3.74216484236131
2020-07-04,1.57142857142857,3.27439423706614,5.1454766582468
2020-07-05,1.85714285714286,3.27439423706614,6.08101786883712
2020-07-06,2,9.82318271119843,19.6463654223969
2020-07-07,2,13.0975769482646,26.1951538965291
2020-07-08,2.04761904761905,19.6463654223969,40.228272055384
2020-07-09,1.79047619047619,19.6463654223969,35.1763495181963
2020-07-10,1.45714285714286,19.6463654223969,28.627561044064
2020-07-11,1.02857142857143,19.6463654223969,20.207690148751
2020-07-12,1.02857142857143,22.920759659463,23.5756385068762
2020-07-13,1.02857142857143,22.920759659463,23.5756385068762
2020-07-14,1.17142857142857,26.1951538965291,30.6857517073627
2020-07-15,1.1952380952381,26.1951538965291,31.3094458477563
2020-07-16,1.23809523809524,29.4695481335953,36.4861072130227
2020-07-17,1.23809523809524,29.4695481335953,36.4861072130227
2020-07-18,1.16666666666667,29.4695481335953,34.3811394891945
2020-07-19,1.02380952380952,32.7439423706614,33.5235600461534
2020-07-20,0.880952380952381,26.1951538965291,23.0766831945614
2020-07-21,0.880952380952381,26.1951538965291,23.0766831945614
2020-07-22,0.80952380952381,19.6463654223969,15.9042005800355
2020-07-23,1.02380952380952,22.920759659463,23.4664920323074
2020-07-24,1.07142857142857,22.920759659463,24.5579567779961
2020-07-25,1.57142857142857,22.920759659463,36.0183366077276
2020-07-26,1.85714285714286,19.6463654223969,36.4861072130227
2020-07-27,2.28571428571429,26.1951538965291,59.8746374777809
2020-07-28,2.71428571428571,22.920759659463,62.2134905042567
2020-07-29,3.28571428571429,26.1951538965291,86.06979137431
2020-07-30,3.57142857142857,39.2927308447937,140.331181588549
2020-07-31,4,58.9390962671906,235.756385068762
2020-08-01,3.78021978021978,91.683038637852,346.582036169462
2020-08-02,3.41287284144427,121.152586771447,413.478373062993
2020-08-03,2.95133437990581,150.622134905043,444.536285120063
2020-08-04,2.44887132571862,189.914865749836,465.077069062475
2020-08-05,1.93101418286147,222.658808120498,429.957316419712
2020-08-06,1.44887132571862,242.305173542895,351.069018019573
2020-08-07,0.977442754290045,252.128356254093,246.441034971622
2020-08-08,0.747222974070265,265.225933202358,198.182910608027
2020-08-09,0.624773994478428,281.597904387688,175.93504756105
2020-08-10,0.574407694112128,311.067452521284,178.679538116084
2020-08-11,0.534013605442177,327.439423706614,174.857107217478
2020-08-12,0.500850340136054,324.165029469548,162.358165270037
2020-08-13,0.428371348539416,314.34184675835,134.655040798245
2020-08-14,0.399799919967987,301.244269810085,120.437434960887
2020-08-15,0.364085634253701,268.500327439424,97.7571120131091
2020-08-16,0.42531012404962,239.030779305828,101.662210398239
2020-08-17,0.461024409763906,212.835625409299,98.1224185810539
2020-08-18,0.646738695478191,176.817288801572,114.354582697519
2020-08-19,0.662044817927171,144.07334643091,95.3830124060102
2020-08-20,0.740476190476191,127.70137524558,94.5598278604172
2020-08-21,0.740476190476191,117.878192534381,87.2859949480775
2020-08-22,1.01190476190476,108.055009823183,109.341378987744
2020-08-23,1.1547619047619,91.683038637852,105.872080331805
2020-08-24,1.63095238095238,58.9390962671906,96.126859388156
2020-08-25,1.98809523809524,45.841519318926,91.1373062650076
2020-08-26,2.52380952380952,52.3903077930583,132.223157763433
2020-08-27,2.88571428571429,52.3903077930583,151.183459631397
2020-08-28,3.26666666666667,75.3110674525213,246.016153678236
2020-08-29,3.10340136054422,91.683038637852,284.529266847538
2020-08-30,3.10340136054422,108.055009823183,335.338064498884
2020-08-31,2.74625850340136,121.152586771447,332.716321630158
2020-09-01,2.44268707482993,140.798952193844,343.927780673501
2020-09-02,2.00659684926602,160.445317616241,321.949068808235
2020-09-03,1.74494271392768,212.835625409299,371.385973822197
2020-09-04,1.4264903329753,232.481990831696,331.633312512266
2020-09-05,1.38499373433584,248.853962017027,344.661178158231
2020-09-06,1.25166040100251,268.500327439424,336.071227512133
2020-09-07,1.30721595655806,311.067452521284,406.632337501689
2020-09-08,1.24815002249213,340.537000654879,425.041265026789
2020-09-09,1.29376405757985,356.90897184021,461.755999594641
2020-09-10,1.29023962148962,396.201702685003,511.195134905842
2020-09-11,1.33934676434676,406.024885396202,543.808116499669
2020-09-12,1.35503303885657,428.945645055665,581.235520924068
2020-09-13,1.35302802632524,455.140798952194,615.81825690638
2020-09-14,1.22604389934111,494.433529796988,606.197212837289
2020-09-15,1.14017627858977,500.98231827112,571.208155285642
2020-09-16,1.06375351436213,523.903077930583,557.303740333794
2020-09-17,1.0289320857907,520.628683693517,535.691557435237
2020-09-18,1.02803922864784,527.177472167649,541.95912184775
2020-09-19,1.0742577160428,546.823837590046,587.429726847242
2020-09-20,1.13623698854839,559.92141453831,636.203421878764
2020-09-21,1.23147508378648,586.11656843484,721.787950221941
2020-09-22,1.27738266457779,615.586116568435,786.339033859279
2020-09-23,1.31010794981383,641.781270464964,840.80274447777
2020-09-24,1.28078464154316,661.427635887361,847.14635753673
2020-09-25,1.23370671946523,667.976424361493,824.087003179134
2020-09-26,1.15942100517952,687.62278978389,797.244306115583
2020-09-27,1.07618667194519,697.445972495088,750.582060001063
2020-09-28,0.951794057756653,694.171578258022,660.708383249543
2020-09-29,0.889405465956297,723.641126391617,643.610373203476
2020-09-30,0.873029684874633,726.915520628684,634.61882790494
2020-10-01,0.879320923174465,717.092337917485,630.554296578938
2020-10-02,0.884073617288861,726.915520628684,642.646833785616
2020-10-03,0.905245778461022,730.18991486575,661.001337907033
2020-10-04,0.934019636182248,762.933857236411,712.595203767072
2020-10-05,0.956680648639179,733.464309102816,701.691110986169
2020-10-06,0.989989624403398,713.817943680419,706.672357956584
2020-10-07,1.01507323644353,720.366732154551,731.224990234371
2020-10-08,1.03031309862217,690.897184020956,711.840418497962
2020-10-09,1.06736621774216,687.62278978389,733.945336364941
2020-10-10,1.08986752595775,697.445972495088,760.12371653242
2020-10-11,1.11927437641723,684.348395546824,765.973623677806
2020-10-12,1.10449128716606,671.250818598559,741.390680645194
2020-10-13,1.07032979648283,697.445972495088,746.497205798437
2020-10-14,1.01502640422292,700.720366732155,711.249674209901
2020-10-15,0.974141363337874,710.543549443353,692.16986196568
2020-10-16,0.937706450389644,700.720366732155,657.070007804138
2020-10-17,0.989747266716175,687.62278978389,680.572776720356
2020-10-18,1.09656332647341,674.525212835625,739.659611177219
2020-10-19,1.26502606940424,684.348395546824,865.718560921696
2020-10-20,1.36501092018442,726.915520628684,992.247623709699
2020-10-21,1.41720872238223,746.56188605108,1058.03401670972
2020-10-22,1.42346172863523,776.031434184676,1104.6510467798
2020-10-23,1.41159732185557,808.775376555337,1141.66515552825
2020-10-24,1.32940115980866,792.403405370007,1053.42200613522
2020-10-25,1.23140942074015,812.049770792403,999.965737863649
2020-10-26,1.12609519473627,831.6961362148,936.569022472211
2020-10-27,1.08763618480925,828.421741977734,901.021462857693
2020-10-28,1.06722802154394,870.988867059594,929.543725378809
2020-10-29,1.06758877190469,903.732809430255,964.815000149623
2020-10-30,1.03778277543203,943.025540275049,978.655662489928
2020-10-31,0.994740842240841,962.671905697446,957.609062275073
2020-11-01,0.899997422729789,972.495088408644,875.243073185158
2020-11-02,0.821088464510486,998.690242305173,820.01303757596
2020-11-03,0.762346945781979,956.123117223314,728.897538206739
2020-11-04,0.759795925373816,946.299934512115,718.994834423814
2020-11-05,0.758017052905289,913.555992141454,692.491020827032
2020-11-06,0.7858749974299,867.714472822528,681.915109099291
2020-11-07,0.789684521239424,897.184020956123,708.492334052397
2020-11-08,0.860379954838083,877.537655533726,755.015808436825
2020-11-09,0.924772614975424,844.793713163065,781.242091236606
2020-11-10,1.06795102577003,818.598559266536,874.223171062563
2020-11-11,1.18614830468159,746.56188605108,885.53311547938
2020-11-12,1.34963352635647,753.110674525213,1016.42341539616
2020-11-13,1.34969478585169,756.385068762279,1020.88898340452
2020-11-14,1.36806213279047,808.775376555337,1106.45496659871
2020-11-15,1.29651331124164,789.12901113294,1023.11626722081
2020-11-16,1.26036647935013,769.482645710543,969.830133095222
2020-11-17,1.14706253224534,779.305828421742,893.912516942998
2020-11-18,1.07918006010755,769.482645710543,830.410327849622
2020-11-19,0.958987752415243,812.049770792403,778.745784541521
2020-11-20,1.00022291579539,848.068107400131,848.257155176839
2020-11-21,1.01745275855217,821.872953503602,836.216903721656
2020-11-22,1.05978080088021,841.519318925999,891.826017767563
2020-11-23,1.07877609130407,884.086444007859,953.731318441713
2020-11-24,1.11345957420487,913.555992141454,1017.20766602213
2020-11-25,1.13727665899369,946.299934512115,1076.20482792789
2020-11-26,1.19943325240029,907.007203667322,1087.89460024518
2020-11-27,1.27198964337773,926.653569089718,1178.69374288113
2020-11-28,1.32210673939647,907.007203667322,1199.16033664971
2020-11-29,1.32003634602172,992.141453831041,1309.66277945181
2020-11-30,1.29099395983648,1044.5317616241,1348.48419511407
2020-12-01,1.25654559402399,1083.82449246889,1361.87489070708
2020-12-02,1.21951715770488,1096.92206941716,1337.71528431937
2020-12-03,1.18614130736474,1080.55009823183,1281.6851061898
2020-12-04,1.17465671352721,1142.76358873608,1342.35492148329
2020-12-05,1.16814676777676,1211.52586771447,1415.24002644859
2020-12-06,1.17923971754247,1260.64178127047,1486.59885806763
2020-12-07,1.17748600150304,1313.03208906352,1546.0769043966
2020-12-08,1.15695747554482,1349.05042567125,1560.79397486728
2020-12-09,1.11529026819499,1401.44073346431,1563.0132114848
2020-12-10,1.05007633215329,1447.28225278323,1519.75683959316
2020-12-11,0.951212033958761,1463.65422396857,1392.24551139347
2020-12-12,0.914112957152822,1470.2030124427,1343.93162331898
2020-12-13,0.911439607111051,1437.45907007204,1310.15713006467
2020-12-14,0.938525134196578,1437.45907007204,1349.09146664145
2020-12-15,0.942791917362444,1440.7334643091,1358.31186522422
2020-12-16,0.942364542583254,1502.94695481336,1416.32391959959
2020-12-17,0.919731801492569,1522.59332023576,1400.37749736098
2020-12-18,0.885349183899503,1483.30058939096,1313.23896629494
2020-12-19,0.82523149838136,1444.00785854617,1191.64076878251
2020-12-20,0.789197690918981,1401.44073346431,1106.01379080984
2020-12-21,0.786565188286478,1358.87360838245,1068.84267563487
2020-12-22,0.845429485178944,1293.38572364113,1093.46642647571
2020-12-23,0.936871859230014,1254.09299279633,1174.92443380843
2020-12-24,1.04671765859194,1227.8978388998,1285.26235092331
2020-12-25,1.14066852809217,1231.17223313687,1404.35941900018
2020-12-26,1.20228997300881,1254.09299279633,1507.78343045964
2020-12-27,1.21451425666166,1237.721021611,1503.2298265164
2020-12-28,1.19809438309893,1231.17223313687,1475.06053714865
2020-12-29,1.1757380227144,1218.07465618861,1432.13668778571
2020-12-30,1.17221068585373,1172.23313686968,1374.10420935048
2020-12-31,1.18592584933848,1182.05631958088,1401.83114476487
2021-01-01,1.20780353587688,1188.60510805501,1435.60145227017
2021-01-02,1.23923754258039,1247.5442043222,1546.00361402465
2021-01-03,1.24955500289785,1316.30648330059,1644.79735155513
2021-01-04,1.2323002080033,1381.79436804191,1702.78548715584
2021-01-05,1.17027334597644,1424.36149312377,1666.89229043796
2021-01-06,1.07734158637802,1473.47740667976,1587.43848680454
2021-01-07,0.993915488666203,1493.12377210216,1484.03884358804
2021-01-08,0.940236988618616,1473.47740667976,1385.41795965415
2021-01-09,0.909463975057306,1466.92861820563,1334.11873223862
2021-01-10,0.916606832200163,1489.84937786509,1365.60611870031
2021-01-11,0.932134782510722,1525.86771447282,1422.31437017026
2021-01-12,0.949986741872116,1545.51407989522,1468.21788527714
2021-01-13,0.957103434703094,1545.51407989522,1479.21683424971
2021-01-14,0.939667405385877,1555.33726260642,1461.49973005334
2021-01-15,0.908396045167148,1538.96529142109,1397.98998437642
2021-01-16,0.869769768445633,1496.39816633923,1301.52188663934
2021-01-17,0.83783699533639,1460.3798297315,1223.56024859211
2021-01-18,0.815577859123765,1391.61755075311,1134.97246276228
2021-01-19,0.798501594655714,1368.69679109365,1092.90657028844
2021-01-20,0.784058894498728,1322.85527177472,1037.1964419695
2021-01-21,0.777277964304868,1296.66011787819,1007.86533681967
2021-01-22,0.771866708893613,1280.28814669286,988.211798223322
2021-01-23,0.776937255630826,1224.62344466274,951.455578277436
2021-01-24,0.784239486868149,1185.33071381794,929.58315077364
2021-01-25,0.797825153693018,1110.01964636542,885.601594963763
2021-01-26,0.811457273207491,1064.1781270465,863.535081180204
2021-01-27,0.844097252276041,1037.98297314997,876.158575545203
2021-01-28,0.86330493534927,979.043876882777,845.213410836385
2021-01-29,0.884949956994292,952.848722986247,843.223436428746
2021-01-30,0.902807099851435,897.184020956123,809.984103992446
2021-01-31,0.95124716553288,870.988867059594,828.525691001133
2021-02-01,0.974206349206349,844.793713163065,823.003399133065
2021-02-02,0.983974358974359,798.952193844139,786.148472788944
2021-02-03,0.979722658294087,802.226588081205,785.959565429113
2021-02-04,0.965610630504248,789.12901113294,761.991361989272
2021-02-05,0.918963400183548,762.933857236411,701.108291561122
2021-02-06,0.875836715547429,756.385068762279,662.469814313871
2021-02-07,0.822806412517126,749.836280288147,616.970099759076
2021-02-08,0.800079139789853,713.817943680419,571.110846346392
2021-02-09,0.763449103159817,681.074001309758,519.965335485402
2021-02-10,0.745050834761548,687.62278978389,512.313933529552
2021-02-11,0.726895901712998,671.250818598559,487.929469060788
2021-02-12,0.740890070809208,648.330058939096,480.341303275125
2021-02-13,0.745406716835288,625.409299279633,466.18429245429
2021-02-14,0.787049856304515,582.842174197773,458.725849450568
2021-02-15,0.804282623537282,563.195808775377,452.968602647061
2021-02-16,0.868385187639846,556.647020301244,483.384027173457
2021-02-17,0.914561233815892,517.354289456451,473.152177285236
2021-02-18,1.01523333448799,484.610347085789,491.992578599289
2021-02-19,1.09931496714105,464.963981663392,511.141864224066
2021-02-20,1.17792500575109,461.689587426326,543.835709924375
2021-02-21,1.1231746031746,438.768827766863,492.814004012432
2021-02-22,1.04771672771673,461.689587426326,483.719903759197
2021-02-23,0.925680868838764,464.963981663392,430.4082625249
2021-02-24,0.800564155486756,422.396856581532,338.155782769455
2021-02-25,0.644148811571412,409.299279633268,263.649644552805
2021-02-26,0.65287061608269,386.378519973805,252.255182376416
2021-02-27,0.755727758939833,370.006548788474,279.624219908976
2021-02-28,1.2266272298393,350.360183366077,429.761341168322
2021-03-01,1.53972246793454,333.988212180747,514.249154319985
2021-03-02,1.98483524988943,370.006548788474,734.402040725297
2021-03-03,2.14169799498747,347.085789129011,743.352938666247
2021-03-04,2.32782436861384,356.90897184021,830.821402026551
2021-03-05,2.26320970695971,356.90897184021,807.759849569771
2021-03-06,2.20198521716379,366.732154551408,807.538782980826
2021-03-07,1.75609777127634,376.555337262606,661.267988529075
2021-03-08,1.5398279300065,370.006548788474,569.746418109806
2021-03-09,1.19424969871398,356.90897184021,426.238432088488
2021-03-10,1.21114678012719,379.829731499673,460.029556302405
2021-03-11,1.17085373983415,402.750491159136,471.561918793716
2021-03-12,1.22950521766667,445.317616240995,547.520332687186
2021-03-13,1.1550154217483,478.061558611657,552.168472741492
2021-03-14,1.18777545450833,523.903077930583,622.279216507312
2021-03-15,1.19095005768294,556.647020301244,662.938800936801
2021-03-16,1.24367114611831,520.628683693517,647.490871751183
2021-03-17,1.23629787422891,576.293385723641,712.470287702318
2021-03-18,1.21248835041938,586.11656843484,710.659511215029
2021-03-19,1.15830115830116,618.860510805501,716.826846492858
2021-03-20,1.12594821712469,648.330058939096,729.986073970819
2021-03-21,1.09491978609626,651.604453176162,713.454608491012
2021-03-22,1.07587216704864,641.781270464964,690.474606226369
2021-03-23,1.07805875596992,681.074001309758,734.237790575453
2021-03-24,1.10453959220685,681.074001309758,752.27319966937
2021-03-25,1.15556000037012,707.269155206287,817.291945251951
2021-03-26,1.17888361553047,733.464309102816,864.669056577685
2021-03-27,1.20919574038041,762.933857236411,922.536370362264
2021-03-28,1.2293884508957,772.75703994761,950.018580259939
2021-03-29,1.27993790144515,798.952193844139,1022.60919434387
2021-03-30,1.30230488395244,818.598559266536,1066.06490172924
2021-03-31,1.28635036350498,825.147347740668,1061.42859071138
2021-04-01,1.29280121970953,874.26326129666,1130.24861055155
2021-04-02,1.34090617597775,939.751146037983,1260.1181156045
2021-04-03,1.36827166762896,943.025540275049,1290.31512860884
2021-04-04,1.35110450299636,965.946299934512,1305.09439549419
2021-04-05,1.31586117489588,1077.27570399476,1417.54527354534
2021-04-06,1.26972204616747,1123.11722331369,1426.04669887178
2021-04-07,1.22883858752085,1182.05631958088,1452.55641812386
2021-04-08,1.14755779934351,1188.60510805501,1363.99306208807
2021-04-09,1.0898985910819,1244.26981008513,1356.12791293753
2021-04-10,1.06203935354524,1306.48330058939,1387.53667997561
2021-04-11,1.08031250896125,1349.05042567125,1457.39605007215
2021-04-12,1.06500638651227,1388.34315651604,1478.59432836019
2021-04-13,1.06939617661635,1417.81270464964,1516.20348551041
2021-04-14,1.05673919074508,1473.47740667976,1557.08132231593
2021-04-15,1.07608442884031,1519.31892599869,1634.91543870958
2021-04-16,1.05819418655248,1502.94695481336,1590.40973028025
2021-04-17,1.04606709462912,1574.98362802881,1647.53854786054
2021-04-18,1.02161744591718,1571.70923379175,1605.68557315078
2021-04-19,1.03876030306004,1561.88605108055,1622.42522776568
2021-04-20,1.03072671245764,1591.35559921415,1640.25272512905
2021-04-21,1.03074225561321,1571.70923379175,1620.02712080662
2021-04-22,0.991555747676704,1637.19711853307,1623.3722129612
2021-04-23,0.964679322215373,1653.5690897184,1595.16390870584
2021-04-24,0.925004241656833,1627.37393582187,1505.32779339701
2021-04-25,0.894899555814443,1627.37393582187,1456.336212311
2021-04-26,0.844294665209552,1604.45317616241,1354.63125721244
2021-04-27,0.838418032224307,1601.17878192534,1342.45716358116
2021-04-28,0.822552590258424,1558.61165684348,1282.04005554358
2021-04-29,0.859536717242551,1516.04453176162,1303.09594002391
2021-04-30,0.881257583976894,1506.22134905043,1327.3689869986
2021-05-01,0.904922049763209,1473.47740667976,1333.38219513243
2021-05-02,0.894238289079448,1457.10543549443,1302.99947164491
2021-05-03,0.878919834736604,1424.36149312377,1251.89956814153
2021-05-04,0.850502015996204,1378.51997380485,1172.43401681206
2021-05-05,0.862143821312708,1335.95284872299,1151.78349409163
2021-05-06,0.853049253908282,1260.64178127047,1075.38953095838
2021-05-07,0.877631814205128,1188.60510805501,1043.1576573558
2021-05-08,0.895870220678828,1182.05631958088,1058.96905587772
2021-05-09,0.900291989386311,1149.31237721022,1034.7167265049
2021-05-10,0.889703274964844,1129.66601178782,1005.0675503041
2021-05-11,0.856369941631511,1113.29404060249,953.391552569462
2021-05-12,0.809582947263871,1074.00130975769,869.493145718893
2021-05-13,0.785051141041924,1018.33660772757,799.446315861292
2021-05-14,0.773067277729158,982.318271119843,759.398111718229
2021-05-15,0.791056695718576,907.007203667322,717.494121526016
2021-05-16,0.820761911138077,900.458415193189,739.061969754326
2021-05-17,0.830441672370633,857.891290111329,712.428677672252
2021-05-18,0.80062800777436,815.32416502947,652.771361937837
2021-05-19,0.756325536052533,828.421741977734,626.556518078883
2021-05-20,0.702838207055,795.677799607073,559.232758069302
2021-05-21,0.657044905447745,736.738703339882,484.070411675647
2021-05-22,0.596727445130285,658.153241650295,392.738102394195
2021-05-23,0.614187762590602,605.762933857236,372.052181006095
2021-05-24,0.633802015614466,573.018991486575,363.18059178956
2021-05-25,0.680758537353596,540.275049115914,367.796852204792
2021-05-26,0.717971324566384,500.98231827112,359.690938633454
2021-05-27,0.773656455761719,487.884741322855,377.455179792063
2021-05-28,0.866547666299988,442.043222003929,383.051522431233
2021-05-29,0.952261952014274,412.573673870334,392.878212029465
2021-05-30,0.976071475823798,396.201702685003,386.721180663653
2021-05-31,1.00614666379372,350.360183366077,352.513729619936
2021-06-01,1.03821015585721,343.811394891945,356.948481876253
2021-06-02,1.02005439857102,297.969875573019,303.945482219918
2021-06-03,0.966670939924406,294.695481335953,284.873557934501
2021-06-04,0.830536486142893,304.518664047151,252.913861202649
2021-06-05,0.760695216301624,294.695481335953,224.173442917964
2021-06-06,0.711208755050456,275.049115913556,195.617339306609
2021-06-07,0.766153809995511,255.402750491159,195.677790372135
2021-06-08,0.874090317932019,235.756385068762,206.072373579258
2021-06-09,1.04334497631711,255.402750491159,266.473176662524
2021-06-10,1.07019782271883,242.305173542895,259.314469159114
2021-06-11,1.06800002052103,245.579567779961,262.278983428543
2021-06-12,1.02038097290198,252.128356254093,257.266977450729
2021-06-13,0.995170888868368,229.20759659463,228.10072763846
2021-06-14,0.909613589025354,219.384413883432,199.555044088732
2021-06-15,0.852470731882497,193.189259986902,164.688189852873
2021-06-16,1.05961358902535,193.189259986902,204.705965135874
2021-06-17,1.22542991555597,186.64047151277,228.71481724522
2021-06-18,1.31334200346805,170.268500327439,223.62077334754
2021-06-19,1.34075903088508,180.091683038638,241.459550421347
2021-06-20,1.36661552732981,196.463654223969,268.490280418431
2021-06-21,1.36151348651349,186.64047151277,254.113519093873
2021-06-22,1.28056110556111,186.64047151277,239.004528542839
2021-06-23,1.02341824841825,173.542894564506,177.606965180639
2021-06-24,1.04127539127539,176.817288801572,184.11549158111
2021-06-25,1.09841824841825,166.994106090373,183.429373507959
2021-06-26,1.10274725274725,153.896529142109,169.708974718798
2021-06-27,1.09675324675325,176.817288801572,193.92493557523
2021-06-28,1.04063079777365,180.091683038638,187.408951792898
2021-06-29,1.00729746444032,183.366077275704,184.704184704185
2021-06-30,0.86852195423624,176.817288801572,153.569697212695
2021-07-01,0.725664811379097,173.542894564506,125.933971850334
2021-07-02,0.650664811379097,163.719711853307,106.526655432072
2021-07-03,0.698283858998145,157.170923379175,109.749918899512
2021-07-04,0.676020408163265,140.798952193844,95.1829651310426
2021-07-05,0.720238095238095,140.798952193844,101.408769139614
2021-07-06,0.773809523809524,147.347740667976,114.019085040696
2021-07-07,0.855442176870748,134.250163719712,114.843252297645
2021-07-08,0.941156462585034,121.152586771447,114.023539998842
2021-07-09,1.13758503401361,121.152586771447,137.821369543233
2021-07-10,1.35187074829932,121.152586771447,163.782638137115
2021-07-11,1.39268707482993,98.2318271119843,136.806195955789
2021-07-12,1.37908163265306,101.50622134905,139.985365462492
2021-07-13,1.30765306122449,104.780615586117,137.016692728172
2021-07-14,1.27590702947846,104.780615586117,133.690323979406
2021-07-15,1.19019274376417,94.9574328749181,113.017647574201
2021-07-16,1.17828798185941,101.50622134905,119.603560699547
2021-07-17,1.28543083900227,91.683038637852,117.852205278531
2021-07-18,1.734410430839,98.2318271119843,170.374305583399
2021-07-19,1.81604308390023,108.055009823183,196.232553270162
2021-07-20,1.8624716553288,111.329404060249,207.34785946686
2021-07-21,1.85026164311879,124.426981008513,230.222470329122
2021-07-22,1.82828362114076,134.250163719712,245.447375464215
2021-07-23,1.64971219256934,124.426981008513,205.268707654338
2021-07-24,1.31042647828362,124.426981008513,163.052410526449
2021-07-25,0.963487702773417,140.798952193844,135.658059002151
2021-07-26,0.943079539508111,134.250163719712,126.608582579674
2021-07-27,0.933988630417202,130.975769482646,122.329879556935
2021-07-28,0.861061557490129,130.975769482646,112.778200064195
2021-07-29,0.78099876314162,150.622134905043,117.635701062589
2021-07-30,0.676020408163265,147.347740667976,99.6100797883004
2021-07-31,0.630385487528345,144.07334643091,90.8217467296895
2021-08-01,0.487528344671202,134.250163719712,65.450760090109
2021-08-02,0.773242630385488,121.152586771447,93.6803448731599
2021-08-03,0.896619253762111,108.055009823183,96.8842022729197
2021-08-04,1.22778808493094,108.055009823183,132.668653578
2021-08-05,1.27268604411462,94.9574328749181,120.850999604859
2021-08-06,1.31814058956916,101.50622134905,133.799470453975
2021-08-07,1.26258503401361,94.9574328749181,119.891833616223
2021-08-08,1.27619047619048,81.8598559266536,104.46876851592
2021-08-09,0.933333333333333,75.3110674525213,70.2903296223532
2021-08-10,0.90952380952381,65.4878847413229,59.5627904075841
2021-08-11,1.05238095238095,62.2134905042567,65.472292387813
2021-08-12,1.53809523809524,45.841519318926,70.5086225714909
2021-08-13,1.96666666666667,45.841519318926,90.1549879938878
2021-08-14,2.08571428571429,52.3903077930583,109.27121339695
2021-08-15,2.09761904761905,62.2134905042567,130.500202700596
2021-08-16,2.01190476190476,58.9390962671906,118.579848442324
2021-08-17,1.82142857142857,68.762278978389,125.24557956778
2021-08-18,1.32142857142857,55.6647020301244,73.5569276826644
2021-08-19,0.75,55.6647020301244,41.7485265225933
2021-08-20,0.345238095238095,49.1159135559921,16.9566844419497
2021-08-21,0.488095238095238,45.841519318926,22.3750272866186
2021-08-22,0.80952380952381,39.2927308447937,31.8084011600711
2021-08-23,0.952380952380952,39.2927308447937,37.4216484236131
2021-08-24,1.0952380952381,45.841519318926,50.2073783016809
2021-08-25,1.0952380952381,42.5671250818599,46.6211369944179
2021-08-26,1.16666666666667,42.5671250818599,49.6616459288365
2021-08-27,1.11904761904762,39.2927308447937,43.9704368977453
2021-08-28,0.976190476190476,32.7439423706614,31.9643246951695
2021-08-29,0.547619047619048,19.6463654223969,10.7587239217888
2021-08-30,0.404761904761905,22.920759659463,9.27745033835407
2021-08-31,0.404761904761905,13.0975769482646,5.30140019334518
2021-09-01,0.547619047619048,13.0975769482646,7.17248261452584
2021-09-02,0.619047619047619,13.0975769482646,8.10802382511616
2021-09-03,0.571428571428571,13.0975769482646,7.48432968472261
2021-09-04,0.428571428571429,16.3719711853307,7.01655907942745
2021-09-05,0.714285714285714,16.3719711853307,11.6942651323791
2021-09-06,1,16.3719711853307,16.3719711853307
2021-09-07,1.14285714285714,9.82318271119843,11.2264945270839
2021-09-08,1.14285714285714,9.82318271119843,11.2264945270839
2021-09-09,1.14285714285714,13.0975769482646,14.9686593694452
2021-09-10,1.21428571428571,13.0975769482646,15.9042005800355
2021-09-11,1.21428571428571,13.0975769482646,15.9042005800355
2021-09-12,1,16.3719711853307,16.3719711853307
2021-09-13,0.857142857142857,13.0975769482646,11.2264945270839
2021-09-14,0.714285714285714,13.0975769482646,9.35541210590327
2021-09-15,0.571428571428571,13.0975769482646,7.48432968472261
2021-09-16,0.428571428571429,16.3719711853307,7.01655907942745
2021-09-17,0.5,16.3719711853307,8.18598559266536
2021-09-18,0.785714285714286,13.0975769482646,10.2909533164936
2021-09-19,1,13.0975769482646,13.0975769482646
2021-09-20,1,13.0975769482646,13.0975769482646
2021-09-21,0.857142857142857,16.3719711853307,14.0331181588549
2021-09-22,0.857142857142857,19.6463654223969,16.8397417906259
2021-09-23,0.928571428571429,13.0975769482646,12.1620357376742
2021-09-24,0.857142857142857,13.0975769482646,11.2264945270839
2021-09-25,0.857142857142857,13.0975769482646,11.2264945270839
2021-09-26,0.857142857142857,9.82318271119843,8.41987089531294
2021-09-27,1.28571428571429,13.0975769482646,16.8397417906259
2021-09-28,1.85714285714286,13.0975769482646,24.3240714753485
2021-09-29,2.42857142857143,16.3719711853307,39.7605014500889
2021-09-30,2.57142857142857,16.3719711853307,42.0993544765647
2021-10-01,2.64285714285714,22.920759659463,60.5762933857236
2021-10-02,2.42857142857143,26.1951538965291,63.6168023201422
2021-10-03,2.17857142857143,29.4695481335953,64.2015155767612
2021-10-04,1.67857142857143,32.7439423706614,54.9630461221817
2021-10-05,1.1547619047619,29.4695481335953,34.0303115352231
2021-10-06,0.654761904761905,29.4695481335953,19.2955374684255
2021-10-07,0.44047619047619,29.4695481335953,12.9806342969408
2021-10-08,0.297619047619048,32.7439423706614,9.74522094364923
2021-10-09,0.226190476190476,32.7439423706614,7.40636791717342
2021-10-10,0.19047619047619,32.7439423706614,6.23694140393551
2021-10-11,0.119047619047619,29.4695481335953,3.50827953971372
2021-10-12,0.0714285714285714,29.4695481335953,2.10496772382823
2021-10-13,0,26.1951538965291,0
2021-10-14,0.142857142857143,22.920759659463,3.27439423706614
2021-10-15,0.285714285714286,16.3719711853307,4.67770605295163
2021-10-16,0.571428571428571,13.0975769482646,7.48432968472261
2021-10-17,0.714285714285714,9.82318271119843,7.01655907942745
2021-10-18,0.904761904761861,9.82318271119843,8.88764150060767
2021-10-19,1.0555555555555,9.82318271119843,10.3689150840423
2021-10-20,1.26666666666661,9.82318271119843,12.4426981008507
2021-10-21,1.33333333333326,9.82318271119843,13.0975769482638
