"fecha","rho7dpromedio","incidenciaAcum14d","riesgopor10"
2020-01-01,0.75,0,0
2020-01-02,0.6,0.740724280201181,0.444434568120708
2020-01-03,0.5,0.740724280201181,0.37036214010059
2020-01-04,0.428571428571429,0.740724280201181,0.317453262943363
2020-01-05,0.285714285714286,0.740724280201181,0.211635508628909
2020-01-06,0.142857142857143,0.740724280201181,0.105817754314454
2020-01-07,0,0.740724280201181,0
2020-01-08,0,0.740724280201181,0
2020-01-09,0,0.740724280201181,0
2020-01-10,0,0.740724280201181,0
2020-01-11,0,0.740724280201181,0
2020-01-12,0,0.740724280201181,0
2020-01-13,0,0.740724280201181,0
2020-01-14,0,0.740724280201181,0
2020-01-15,0,0.740724280201181,0
2020-01-16,0,0,0
2020-01-17,0,0,0
2020-01-18,0,0,0
2020-01-19,0,0,0
2020-01-20,0,0,0
2020-01-21,0,0,0
2020-01-22,0,0,0
2020-01-23,0,0,0
2020-01-24,0,0,0
2020-01-25,0,0,0
2020-01-26,0,0,0
2020-01-27,0,0,0
2020-01-28,0,0,0
2020-01-29,0,0,0
2020-01-30,0,0,0
2020-01-31,0,0,0
2020-02-01,0,0,0
2020-02-02,0,0,0
2020-02-03,0,0,0
2020-02-04,0,0,0
2020-02-05,0,0,0
2020-02-06,0,0,0
2020-02-07,0,0,0
2020-02-08,0,0,0
2020-02-09,0,0,0
2020-02-10,0,0,0
2020-02-11,0,0,0
2020-02-12,0,0,0
2020-02-13,0,0,0
2020-02-14,0,0,0
2020-02-15,0,0,0
2020-02-16,0,0,0
2020-02-17,0,0,0
2020-02-18,0,0,0
2020-02-19,0,0,0
2020-02-20,0,0,0
2020-02-21,0,0,0
2020-02-22,0,0,0
2020-02-23,0.142857142857143,0,0
2020-02-24,0.285714285714286,0,0
2020-02-25,0.428571428571429,0,0
2020-02-26,0.428571428571429,0,0
2020-02-27,0.428571428571429,0.740724280201181,0.317453262943363
2020-02-28,0.428571428571429,0.740724280201181,0.317453262943363
2020-02-29,0.428571428571429,0.740724280201181,0.317453262943363
2020-03-01,0.285714285714286,0.740724280201181,0.211635508628909
2020-03-02,0.142857142857143,0.740724280201181,0.105817754314454
2020-03-03,0,0.740724280201181,0
2020-03-04,0,0.740724280201181,0
2020-03-05,0,0.740724280201181,0
2020-03-06,0,0.740724280201181,0
2020-03-07,0,0.740724280201181,0
2020-03-08,0,0.740724280201181,0
2020-03-09,0,0.740724280201181,0
2020-03-10,0,0.740724280201181,0
2020-03-11,0,0.740724280201181,0
2020-03-12,0,0,0
2020-03-13,0,0,0
2020-03-14,0,0,0
2020-03-15,0,0,0
2020-03-16,0,0,0
2020-03-17,0,0,0
2020-03-18,0,0,0
2020-03-19,0,0,0
2020-03-20,0,0,0
2020-03-21,0,0,0
2020-03-22,0,0,0
2020-03-23,0,0,0
2020-03-24,0,0,0
2020-03-25,0,0,0
2020-03-26,0,0,0
2020-03-27,0,0,0
2020-03-28,0,0,0
2020-03-29,0,0,0
2020-03-30,0,0,0
2020-03-31,0,0,0
2020-04-01,0,0,0
2020-04-02,0,0,0
2020-04-03,0,0,0
2020-04-04,0,0,0
2020-04-05,0,0,0
2020-04-06,0,0,0
2020-04-07,0,0,0
2020-04-08,0,0,0
2020-04-09,0,0,0
2020-04-10,0,0,0
2020-04-11,0.142857142857143,0,0
2020-04-12,0.285714285714286,0,0
2020-04-13,0.571428571428571,0,0
2020-04-14,0.857142857142857,0,0
2020-04-15,1.14285714285714,0.740724280201181,0.846542034515635
2020-04-16,1.28571428571429,0.740724280201181,0.952359788830089
2020-04-17,1.28571428571429,1.48144856040236,1.90471957766018
2020-04-18,1.14285714285714,2.22217284060354,2.53962610354691
2020-04-19,1,2.22217284060354,2.22217284060354
2020-04-20,0.714285714285714,2.22217284060354,1.58726631471682
2020-04-21,0.428571428571429,2.22217284060354,0.95235978883009
2020-04-22,0.142857142857143,2.22217284060354,0.317453262943363
2020-04-23,0,2.22217284060354,0
2020-04-24,0,2.22217284060354,0
2020-04-25,0,2.22217284060354,0
2020-04-26,0.142857142857143,2.22217284060354,0.317453262943363
2020-04-27,0.285714285714286,2.22217284060354,0.634906525886726
2020-04-28,0.571428571428571,2.22217284060354,1.26981305177345
2020-04-29,0.714285714285714,1.48144856040236,1.05817754314454
2020-04-30,0.857142857142857,2.22217284060354,1.90471957766018
2020-05-01,0.857142857142857,1.48144856040236,1.26981305177345
2020-05-02,0.857142857142857,1.48144856040236,1.26981305177345
2020-05-03,0.714285714285714,1.48144856040236,1.05817754314454
2020-05-04,0.571428571428571,1.48144856040236,0.846542034515635
2020-05-05,0.285714285714286,1.48144856040236,0.423271017257817
2020-05-06,0.142857142857143,1.48144856040236,0.211635508628909
2020-05-07,0,1.48144856040236,0
2020-05-08,0,1.48144856040236,0
2020-05-09,0,1.48144856040236,0
2020-05-10,0,1.48144856040236,0
2020-05-11,0,1.48144856040236,0
2020-05-12,0,1.48144856040236,0
2020-05-13,0,1.48144856040236,0
2020-05-14,0,0.740724280201181,0
2020-05-15,0,0.740724280201181,0
2020-05-16,0,0,0
2020-05-17,0,0,0
2020-05-18,0,0,0
2020-05-19,0,0,0
2020-05-20,0,0,0
2020-05-21,0,0,0
2020-05-22,0,0,0
2020-05-23,0,0,0
2020-05-24,0,0,0
2020-05-25,0,0,0
2020-05-26,0,0,0
2020-05-27,0.142857142857143,0,0
2020-05-28,0.285714285714286,0,0
2020-05-29,0.428571428571429,0,0
2020-05-30,0.428571428571429,0,0
2020-05-31,0.428571428571429,0.740724280201181,0.317453262943363
2020-06-01,0.428571428571429,0.740724280201181,0.317453262943363
2020-06-02,0.428571428571429,0.740724280201181,0.317453262943363
2020-06-03,0.285714285714286,0.740724280201181,0.211635508628909
2020-06-04,0.142857142857143,0.740724280201181,0.105817754314454
2020-06-05,0,0.740724280201181,0
2020-06-06,0,0.740724280201181,0
2020-06-07,0,0.740724280201181,0
2020-06-08,0,0.740724280201181,0
2020-06-09,0,0.740724280201181,0
2020-06-10,0,0.740724280201181,0
2020-06-11,0,0.740724280201181,0
2020-06-12,0,0.740724280201181,0
2020-06-13,0,0.740724280201181,0
2020-06-14,0.142857142857143,0,0
2020-06-15,0.428571428571429,0,0
2020-06-16,0.857142857142857,0,0
2020-06-17,1.14285714285714,0,0
2020-06-18,1.28571428571429,0.740724280201181,0.952359788830089
2020-06-19,1.42857142857143,1.48144856040236,2.11635508628909
2020-06-20,1.57142857142857,2.22217284060354,3.491985892377
2020-06-21,1.52380952380952,2.22217284060354,3.38616813806254
2020-06-22,1.38095238095238,2.22217284060354,3.06871487511918
2020-06-23,1.52380952380952,2.96289712080472,4.51489085075005
2020-06-24,1.80952380952381,3.7036214010059,6.70179110658211
2020-06-25,2.0952380952381,3.7036214010059,7.75996864972665
2020-06-26,2.16666666666667,4.44434568120708,9.62941564261535
2020-06-27,2.30952380952381,6.66651852181063,15.3964832527531
2020-06-28,2.32142857142857,7.40724280201181,17.1953850760988
2020-06-29,2.26428571428571,8.88869136241417,20.1265368706092
2020-06-30,1.71666666666667,8.88869136241417,15.2589201721443
2020-07-01,1.19285714285714,10.3701399228165,12.3700954793597
2020-07-02,0.8,10.3701399228165,8.29611193825322
2020-07-03,0.680952380952381,9.62941564261535,6.55717350901902
2020-07-04,0.538095238095238,8.88869136241417,4.78296249501334
2020-07-05,0.859523809523809,9.62941564261535,8.27671201662891
2020-07-06,1.20238095238095,9.62941564261535,11.5782259512399
2020-07-07,1.46428571428571,9.62941564261535,14.100215762401
2020-07-08,1.55952380952381,10.3701399228165,16.1724801177258
2020-07-09,1.85714285714286,10.3701399228165,19.2588312852307
2020-07-10,2.28571428571429,10.3701399228165,23.7031769664378
2020-07-11,2.71428571428571,8.88869136241417,24.1264479836956
2020-07-12,2.85714285714286,8.14796708221299,23.27990594918
2020-07-13,3,11.1108642030177,33.3325926090531
2020-07-14,3.06122448979592,14.8144856040236,45.3504661347662
2020-07-15,3.12615955473098,14.8144856040236,46.312445719443
2020-07-16,2.9466723752438,17.0366584446272,50.2014508052469
2020-07-17,2.60468103325246,22.9624526862366,59.8098649887975
2020-07-18,2.21692593121165,26.6660740872425,59.1167111276188
2020-07-19,1.79675786398475,28.1475226476449,50.5742826688449
2020-07-20,1.3771150068419,32.591868328852,44.8827509766772
2020-07-21,1.23425786398475,35.5547654496567,43.8837488583722
2020-07-22,1.26115953374357,39.2583868506626,49.5110888561062
2020-07-23,1.36128163386567,43.7027325318697,59.4917271453778
2020-07-24,1.40962218220622,45.9249053724732,64.7367653287596
2020-07-25,1.43603274643191,52.5914238942838,75.523006893673
2020-07-26,1.42762938508737,59.2579424160945,84.5983798930316
2020-07-27,1.48702379502526,64.4430123775027,95.8282928284537
2020-07-28,1.44365644808648,65.9244609379051,95.172273119632
2020-07-29,1.37645025526452,68.1466337785086,93.8004514598463
2020-07-30,1.24819628701056,71.1095308993134,88.7586524395854
2020-07-31,1.13232327113754,80.7389465419287,91.4225880565557
2020-08-01,0.972659405591322,82.2203951023311,79.972440627717
2020-08-02,0.865516548448465,84.4425679429346,73.0864399480937
2020-08-03,0.70055491161982,86.6647407835382,60.7134098201662
2020-08-04,0.598282184347093,83.7018436627334,50.077321860419
2020-08-05,0.5647230710466,79.9982222617275,45.1768417539113
2020-08-06,0.617580213903743,79.9982222617275,49.4053192163169
2020-08-07,0.820754817078347,79.2574979815263,65.0509732579151
2020-08-08,0.939165817842288,71.8502551795145,67.4793036678459
2020-08-09,1.15741978609626,74.0724280201181,85.7328937946754
2020-08-10,1.27310606060606,66.6651852181063,84.8718513325967
2020-08-11,1.37656926406926,65.1837366577039,89.7299284001802
2020-08-12,1.34978354978355,65.1837366577039,87.9839354539917
2020-08-13,1.35802530802531,63.7022880973015,86.5093194152548
2020-08-14,1.21020784770785,52.5914238942838,63.6465539189923
2020-08-15,1.27667079652374,51.1099753338815,65.250612919815
2020-08-16,1.27480338289162,49.6285267734791,63.2666138187584
2020-08-17,1.455755763844,48.8878024932779,71.1687002612564
2020-08-18,1.57116192630899,53.332148174485,83.7934406600201
2020-08-19,1.71965816691049,61.480115256698,105.724782303779
2020-08-20,1.68080416377077,64.4430123775027,108.316083530038
2020-08-21,1.66830416377077,71.8502551795145,119.868079883977
2020-08-22,1.57983544294911,79.2574979815263,125.213804430683
2020-08-23,1.52686880174717,78.5167737013251,119.884812178396
2020-08-24,1.38149065048667,82.2203951023311,113.58670711319
2020-08-25,1.30615016946668,88.8869136241417,116.099657293542
2020-08-26,1.24531626652751,96.2941564261535,119.916679369033
2020-08-27,1.27882426432122,104.442123508366,133.563121759733
2020-08-28,1.37944538233364,111.108642030177,153.26830318589
2020-08-29,1.48186010708879,114.071539150982,169.038063222058
2020-08-30,1.63115796370372,126.663851914402,206.608750763566
2020-08-31,1.68764722607534,133.330370436213,225.014629818272
2020-09-01,1.81394425992923,161.477893083857,292.91189726493
2020-09-02,1.77576557114813,166.662963045266,295.954351761317
2020-09-03,1.76328793671928,185.181070050295,326.527546928454
2020-09-04,1.59980967584972,194.069761412709,310.474682097898
2020-09-05,1.48449812569774,222.217284060354,329.881141685238
2020-09-06,1.23130416518671,227.402354021763,280.001465680258
2020-09-07,1.08879587982128,244.43901246639,266.144189640987
2020-09-08,0.868039448273006,246.661185306993,214.111639204248
2020-09-09,0.873750604586572,255.549876669407,223.286859241919
2020-09-10,0.881903914691102,263.69784375162,232.556160700156
2020-09-11,0.97015788294507,264.438568031822,256.547161330778
2020-09-12,1.04347277228109,279.253053635845,291.392958045354
2020-09-13,1.12435992166139,285.919572157656,321.476507752639
2020-09-14,1.19956661972523,298.511884921076,358.084892742581
2020-09-15,1.23491271692699,285.919572157656,353.085715675815
2020-09-16,1.2495936881297,301.474782041881,376.720984769812
2020-09-17,1.21946886150002,291.104642119064,354.993046502307
2020-09-18,1.20677044880161,299.252609201277,361.129205510878
2020-09-19,1.13363777520904,290.363917838863,329.167505819828
2020-09-20,1.10651406668895,308.141300563691,340.962683601552
2020-09-21,1.05393261305486,305.919127723088,322.418145664659
2020-09-22,1.06471428421389,320.733613327111,341.489659536911
2020-09-23,1.02654745307673,320.733613327111,329.248273877042
2020-09-24,1.02704495051386,324.437234728117,333.211623686193
2020-09-25,1.00300633162988,347.399687414354,348.444086082838
2020-09-26,1.02910916261541,351.10330881536,361.323632126475
2020-09-27,1.03925549619129,345.918238853951,359.49743096178
2020-09-28,1.08099445898288,348.881135974756,377.138574832365
2020-09-29,1.08675414120731,356.288378776768,387.197871099692
2020-09-30,1.08643047733225,358.510551617372,389.496789722307
2020-10-01,1.05915304462003,376.2879343422,398.546511312323
2020-10-02,1.03033577049064,378.510107182803,389.992502922687
2020-10-03,0.973916795190236,368.139967259987,358.537697095285
2020-10-04,0.933367308265377,362.954897298579,338.77023551331
2020-10-05,0.924209799107867,374.806485781797,346.399826928721
2020-10-06,0.972732094946474,365.917794419383,355.93998274376
2020-10-07,1.04024791246229,363.69562157878,378.333611119001
2020-10-08,1.14120797390622,368.139967259987,420.124266150673
2020-10-09,1.21415766201339,369.621415820389,448.778674062564
2020-10-10,1.26725077425829,388.139522825419,491.870110820755
2020-10-11,1.2730450056975,402.213284149241,512.03561261138
2020-10-12,1.23685452950702,405.916905550247,502.060163233296
2020-10-13,1.17774326123734,401.47255986904,472.831601957465
2020-10-14,1.16461749811157,404.435456989845,471.012610067124
2020-10-15,1.14899425432153,406.657629830448,467.247280151197
2020-10-16,1.14879133224361,408.139078390851,468.866635605304
2020-10-17,1.15353027161498,437.027325318697,504.124249278044
2020-10-18,1.16437575266454,452.582535202921,526.976130069728
2020-10-19,1.14963193108528,464.43412368614,533.928298475196
2020-10-20,1.09686760501587,485.915127811975,532.984562484099
2020-10-21,0.99890739529095,498.507440575395,497.962768998325
2020-10-22,0.891949993919701,504.433234817004,449.929220727922
2020-10-23,0.799803364141029,497.766716295193,398.115494250329
2020-10-24,0.735274883953334,477.767160729762,351.290193662289
2020-10-25,0.708080006002153,477.02643644956,337.772881984391
2020-10-26,0.713712997408641,470.35991792775,335.701986885097
2020-10-27,0.74316846722527,462.952675125738,344.051829971033
2020-10-28,0.771921824238178,450.360362362318,347.642992479287
2020-10-29,0.804667202701021,442.212395280105,355.83381110976
2020-10-30,0.822954705495566,432.58297963749,355.996198609965
2020-10-31,0.827046967400328,408.879802671052,338.162800830338
2020-11-01,0.804110133092136,387.398798545218,311.511299457929
2020-11-02,0.76097606530573,360.732724457975,274.508969285046
2020-11-03,0.717618254891845,337.029547491537,241.858555717865
2020-11-04,0.693711219969416,322.955786167715,224.038052418587
2020-11-05,0.696802111498442,297.030436360673,206.971435235421
2020-11-06,0.746745422156038,276.29015651504,206.318409564382
2020-11-07,0.838101529816494,268.882913713029,225.351181324406
2020-11-08,0.920697010191807,251.1055309882,231.192111623462
2020-11-09,0.976919499187406,244.43901246639,238.797237640529
2020-11-10,0.99745521347312,245.179736746591,244.555806655854
2020-11-11,0.987760798299253,232.587423983171,229.740739587984
2020-11-12,0.938560473007846,217.772938379147,204.393072053441
2020-11-13,0.865336739069826,209.624971296934,181.396189089695
2020-11-14,0.791837774266514,197.032658533514,156.017901790992
2020-11-15,0.726620382962166,185.921794330496,135.094565397438
2020-11-16,0.682758935944334,177.773827248283,121.37666913079
2020-11-17,0.641856426291825,168.885135885869,108.400009773513
2020-11-18,0.600726128018669,165.181514484863,99.2288516167517
2020-11-19,0.558329814654614,160.737168803656,89.7443536662528
2020-11-20,0.509027265352065,154.070650281846,78.4261617839822
2020-11-21,0.444924701249501,142.959786078828,63.606340111815
2020-11-22,0.476368800628382,131.84892187581,62.808712778125
2020-11-23,0.576252656609799,115.552987711384,66.5877161478846
2020-11-24,0.788286118643261,102.219950667763,80.5785681597965
2020-11-25,1.09644938394938,93.3312593053488,102.33300176857
2020-11-26,1.46787795537796,86.6647407835382,127.2132625047
2020-11-27,1.68173076923077,78.5167737013251,132.044074234248
2020-11-28,1.80535714285714,76.2946008607216,137.739002625338
2020-11-29,1.74596273291925,74.8131523003192,130.62097584857
2020-11-30,1.60691511387164,72.5909794597157,116.647542024563
2020-12-01,1.3675883486828,70.3688066191122,96.235560043011
2020-12-02,1.06335554445,59.9986666962956,63.7999148911134
2020-12-03,0.727641258735712,57.0357695754909,41.5015791668702
2020-12-04,0.637165068259521,57.7764938556921,36.8131636513578
2020-12-05,0.664942846037299,53.332148174485,35.462830392425
2020-12-06,0.896531133526207,55.5543210150886,49.8061783919361
2020-12-07,1.07367399066906,57.0357695754909,61.2378223309986
2020-12-08,1.24698343984058,56.2950452952897,70.1989892283018
2020-12-09,1.35733869305298,57.7764938556921,78.4222706592685
2020-12-10,1.48755847327276,57.0357695754909,84.8440423116541
2020-12-11,1.54946323517752,56.2950452952897,87.2271030077047
2020-12-12,1.53061402882831,52.5914238942838,80.4971712086475
2020-12-13,1.38520586556301,50.3692510536803,69.7717820035737
2020-12-14,1.33520586556301,48.8878024932779,65.2752806435106
2020-12-15,1.28530839461291,50.3692510536803,64.7400212096602
2020-12-16,1.25894785039522,51.1099753338815,64.3447935803427
2020-12-17,1.17260562119585,53.332148174485,62.5375767398509
2020-12-18,1.15831990691013,58.5172181358933,67.7816586638078
2020-12-19,1.15653419262442,61.480115256698,71.1038554608614
2020-12-20,1.19309881847476,62.9615638171004,75.1193673995055
2020-12-21,1.1387509923878,63.7022880973015,72.5410437881758
2020-12-22,1.15545943014887,71.1095308993134,82.1641780510742
2020-12-23,1.10321075290019,72.5909794597157,80.0831491035155
2020-12-24,1.07966287220946,74.0724280201181,79.9732503877289
2020-12-25,0.954047108662658,74.0724280201181,70.6685857842165
2020-12-26,0.939761394376944,77.0353251409228,72.3948245707148
2020-12-27,0.9243006646305,74.0724280201181,68.46519444979
2020-12-28,1.06793420500317,73.3317037399169,78.3134347350162
2020-12-29,1.17904531611428,72.5909794597157,85.5880543241258
2020-12-30,1.41978605685502,76.2946008607216,108.322010515372
2020-12-31,1.59469448176345,80.7389465419287,128.753952513808
2021-01-01,1.72541228612657,79.9982222617275,138.029915558669
2021-01-02,1.73969800041229,87.4054650637393,152.059112796493
2021-01-03,1.68486394557823,94.07198358555,158.49849343232
2021-01-04,1.52153641944583,100.738502107361,153.277299796769
2021-01-05,1.31656747534645,99.2570535469582,130.678608398646
2021-01-06,1.11077197885328,103.701399228165,115.188608430523
2021-01-07,0.987145605226904,102.960674947964,101.637177786079
2021-01-08,0.982043564410577,106.66429634897,104.748985781889
2021-01-09,0.996329278696291,106.66429634897,106.272761444017
2021-01-10,1.07813636050337,117.775160551988,126.977682955221
2021-01-11,1.09662261679451,123.700954793597,135.653264745734
2021-01-12,1.1343441741343,128.886024755005,146.20111130817
2021-01-13,1.09807617856398,131.108197595609,143.966788594198
2021-01-14,1.04653248416315,131.108197595609,137.208987723885
2021-01-15,0.911194138298485,129.626749035207,118.115133887569
2021-01-16,0.807968331846872,129.626749035207,104.734308180709
2021-01-17,0.68741241717331,121.478781952994,83.5060231375768
2021-01-18,0.702151646198253,117.034436271787,82.1759220901195
2021-01-19,0.751172431972613,113.330814870781,85.1309838239223
2021-01-20,0.878723452380777,108.145744909372,95.0302023270545
2021-01-21,0.956954744897784,108.886469189574,104.199423346129
2021-01-22,1.05487812477605,111.108642030177,117.206075951207
2021-01-23,1.12212509524883,114.071539150982,128.002536734976
2021-01-24,1.18515030533286,105.182847788568,124.657484172401
2021-01-25,1.18564405121831,99.9977778271594,118.561770415822
2021-01-26,1.18299153132441,97.7756049865558,115.667712669217
2021-01-27,1.08749179296753,97.0348807063547,105.524636399744
2021-01-28,1.03043671287098,98.516329266757,101.514842493752
2021-01-29,0.917058028063721,97.0348807063547,88.986616353968
2021-01-30,0.833989244994938,94.07198358555,78.455022565689
2021-01-31,0.749395407459924,93.3312593053488,69.9420170958796
2021-02-01,0.740398260213928,94.8127078657511,70.1991639499736
2021-02-02,0.690947710763379,90.368362184544,62.4398129768466
2021-02-03,0.763063095378764,90.368362184544,68.9567621728474
2021-02-04,0.861734822133982,89.6276379043429,77.2352566077878
2021-02-05,1.03293663619294,84.4425679429346,87.2238220824685
2021-02-06,1.10236019509018,80.7389465419287,89.0034008613363
2021-02-07,1.13093162366161,82.2203951023311,92.9856449311784
2021-02-08,1.13093162366161,84.4425679429346,95.4987704698589
2021-02-09,1.13642612915612,78.5167737013251,89.2285132112236
2021-02-10,1.12283917263438,74.0724280201181,83.1714237931288
2021-02-11,1.09720892053354,68.1466337785086,74.7710944861117
2021-02-12,1.1278211654315,70.3688066191122,79.3634294911906
2021-02-13,1.12030236843901,68.1466337785086,76.3448352232094
2021-02-14,1.16142790956456,73.3317037399169,85.169487379459
2021-02-15,1.18013539255775,71.1095308993134,83.9188741624588
2021-02-16,1.23385944628181,75.5538765805204,93.2228643220849
2021-02-17,1.20829805115519,74.8131523003192,90.3965861252525
2021-02-18,1.18085444213264,76.2946008607216,90.0928183371197
2021-02-19,1.06520818362924,82.9611193825322,88.3708632893154
2021-02-20,1.06520818362924,83.7018436627334,89.1598888543986
2021-02-21,1.07170169012274,80.7389465419287,86.5280654677148
2021-02-22,1.13009171279848,79.9982222617275,90.4053280165891
2021-02-23,1.22821581092258,82.9611193825322,101.894158517462
2021-02-24,1.30064338335015,87.4054650637393,113.683339803795
2021-02-25,1.30271753424463,94.07198358555,122.549222498069
2021-02-26,1.26128277852416,97.7756049865558,123.322686729324
2021-02-27,1.21366373090511,102.219950667763,124.060646700373
2021-02-28,1.15584060165341,98.516329266757,113.869173292374
2021-03-01,1.05873509278319,102.960674947964,109.008079744053
2021-03-02,0.886848156190376,101.479226387562,89.9966648134349
2021-03-03,0.797497506839726,103.701399228165,82.701607340253
2021-03-04,0.761877953978794,105.923572068769,80.700834365879
2021-03-05,0.813652845753686,99.2570535469582,80.7607840796086
2021-03-06,0.888744420845261,97.0348807063547,86.2392088551582
2021-03-07,1.00609135962077,102.960674947964,103.58784544587
2021-03-08,1.17013958760762,100.738502107361,117.878109312116
2021-03-09,1.32525163242555,101.479226387562,134.485510427398
2021-03-10,1.42341489773167,104.442123508366,148.66447455254
2021-03-11,1.50813662761469,101.479226387562,153.044538257085
2021-03-12,1.54141393853906,105.182847788568,162.13030767653
2021-03-13,1.51394141106653,105.182847788568,159.24066900102
2021-03-14,1.45109534240651,109.627193469775,159.079509845087
2021-03-15,1.32700976614702,114.812263431183,152.356994846624
2021-03-16,1.22303306908522,120.738057672792,147.666637230943
2021-03-17,1.11766483483499,122.960230513396,137.428325728027
2021-03-18,1.03094510295397,127.404576194603,131.347123921752
2021-03-19,0.994130377063615,136.293267557017,135.49327746769
2021-03-20,1.00324891809705,142.219061798627,142.68111988225
2021-03-21,1.02942832009041,139.996888958023,144.116762217941
2021-03-22,1.0980791137412,148.144856040236,162.67477222598
2021-03-23,1.20681771556491,155.552098842248,187.723028576128
2021-03-24,1.31240777767671,154.070650281846,202.203519741602
2021-03-25,1.38539479066372,165.922238765064,229.867805240383
2021-03-26,1.40380905292035,168.144411605668,236.042647210002
2021-03-27,1.47665772500167,176.292378687881,260.323502848379
2021-03-28,1.58687298918953,187.403242890899,297.385144230093
2021-03-29,1.67210464942119,185.921794330496,310.880696728754
2021-03-30,1.71118915646345,194.810485692911,333.357590683086
2021-03-31,1.76105356027764,225.92090546136,397.858814903876
2021-04-01,1.7754583221824,259.253498070413,460.293780704014
2021-04-02,1.75458350123421,276.29015651504,484.774150174708
2021-04-03,1.6498683354352,299.252609201277,493.727404217551
2021-04-04,1.49282660911886,332.58520181033,496.492039061626
2021-04-05,1.31923420890775,354.806930216366,468.073439898975
2021-04-06,1.16914187407685,377.769382902602,441.666004295603
2021-04-07,1.04641869288443,393.324592786827,411.582206263292
2021-04-08,1.00339921236495,403.694732709644,405.066976836735
2021-04-09,1.02105617219761,425.916461115679,434.884631462729
2021-04-10,1.05400820651452,452.582535202921,477.025706229028
2021-04-11,1.06210450991284,472.582090768353,501.931569909108
2021-04-12,1.05664574604284,492.581646333785,520.484301177374
2021-04-13,1.04447256229644,510.359029058613,533.056002771975
2021-04-14,1.04955027335261,501.470337696199,526.31833000727
2021-04-15,1.05096922477156,488.878024932779,513.795758871454
2021-04-16,1.05578082683174,501.470337696199,529.442767764484
2021-04-17,1.04262108017445,505.914683377406,527.477313659068
2021-04-18,1.04466921125484,511.099753338815,533.930176193004
2021-04-19,1.03221229921249,516.284823300223,532.915544507235
2021-04-20,1.01860329353583,517.766271860625,527.398429799002
2021-04-21,0.97731899458135,518.506996140826,506.746736151749
2021-04-22,0.951557015298244,528.136411783442,502.551907666976
2021-04-23,0.913861937267032,522.210617541832,477.228406608192
2021-04-24,0.895172580646641,511.840477619016,458.185561229624
2021-04-25,0.86435460829641,509.618304778412,440.490930207425
2021-04-26,0.85337750306145,513.321926179418,438.057383629686
2021-04-27,0.848341058144679,502.211061976401,426.046263729022
2021-04-28,0.850491918488816,492.581646333785,418.936709402801
2021-04-29,0.865133338437077,485.915127811975,420.381376721053
2021-04-30,0.89085999273516,468.878469367347,417.705069814268
2021-05-01,0.938219300094467,469.619193647549,440.605791174931
2021-05-02,0.972493493642855,447.397465241513,435.091124019677
2021-05-03,1.01841001843262,441.471670999904,449.599172600491
2021-05-04,1.0368422391436,429.620082516685,445.448248337656
2021-05-05,1.06306588649728,429.620082516685,456.714453877632
2021-05-06,1.06317398058237,422.953563994874,449.673224233929
2021-05-07,1.08624945583176,420.731391154271,457.019244692664
2021-05-08,1.10696374154604,414.805596912661,459.174755572678
2021-05-09,1.14037387979489,405.916905550247,462.897036456671
2021-05-10,1.17032432151004,411.101975511655,481.122640562114
2021-05-11,1.22733200830569,425.916461115679,522.740905591556
2021-05-12,1.28539936212069,440.730946719703,566.515277780352
2021-05-13,1.31661747776477,444.434568120708,585.150320110562
2021-05-14,1.30364301261639,460.730502285134,600.628100003256
2021-05-15,1.25429898929278,485.915127811975,609.48285369663
2021-05-16,1.19573627911716,519.988444701229,621.769048050968
2021-05-17,1.11254683895754,526.654963223039,585.92831455509
2021-05-18,1.01454938309446,531.840033184448,539.577977572217
2021-05-19,0.921807274209965,539.247275986459,497.082061602227
2021-05-20,0.875741835455847,544.432345947868,476.782181921918
2021-05-21,0.851190048314131,548.876691629075,467.198377666253
2021-05-22,0.852107498211173,556.283934431087,474.013711663142
2021-05-23,0.858474214781972,560.728280112294,481.370769975447
2021-05-24,0.901971182207823,559.987555832093,505.092637755542
2021-05-25,0.936199090516781,552.580313030081,517.32518649624
2021-05-26,0.969500549331938,547.395243068673,530.699988856768
2021-05-27,0.972687817146866,539.988000266661,525.239749264879
2021-05-28,1.02165962870861,543.691621667667,555.467780324968
2021-05-29,1.03847244552142,512.581201899217,532.30145426459
2021-05-30,1.0520990141613,489.61874921298,515.127403361866
2021-05-31,1.01844294217918,494.063094894188,503.175071986185
2021-06-01,0.98722250698523,502.951786256602,496.525323320942
2021-06-02,0.932373960288629,493.322370613986,459.960932388337
2021-06-03,0.888685201049391,482.211506410969,428.534229523161
2021-06-04,0.825550503768352,477.767160729762,394.42092022443
2021-06-05,0.806803840984992,462.211950845537,372.914377291346
2021-06-06,0.789678730071062,456.286156603927,360.319472695995
2021-06-07,0.784939435877813,450.360362362318,353.505608774405
2021-06-08,0.779586649939457,440.730946719703,343.587962277858
2021-06-09,0.777039776226939,430.360806796886,334.407465010297
2021-06-10,0.768817847465565,423.694288275075,325.743730695098
2021-06-11,0.765204477998537,394.806041347229,302.107350779775
2021-06-12,0.761308537317376,383.695177144212,292.110414087391
2021-06-13,0.769199693779961,366.658518699584,282.033620305534
2021-06-14,0.776994550631421,338.51099605194,263.021199261172
2021-06-15,0.791581016796835,318.511440486508,252.127609921734
2021-06-16,0.842179307395125,307.40057628349,258.886404427292
2021-06-17,0.915014183757483,293.326814959668,268.398196164503
2021-06-18,0.987808175906314,278.512329355644,275.116756028217
2021-06-19,1.06057102949109,271.845810833833,288.311791458877
2021-06-20,1.11039559089459,269.62363799323,299.388898828643
2021-06-21,1.12777010826911,256.290600949609,289.036878781296
2021-06-22,1.13314425792898,251.1055309882,284.538790573486
2021-06-23,1.11578738259457,250.364806707999,279.353892370514
2021-06-24,1.07937433911631,245.920461026792,265.440235095972
2021-06-25,1.01076576906335,244.43901246639,247.070586424676
2021-06-26,0.916812846985428,244.43901246639,224.104826933617
2021-06-27,0.851238463264933,248.142633867396,211.228554323795
2021-06-28,0.833437731178487,245.920461026792,204.959391088537
2021-06-29,0.827098831982445,236.291045384177,195.436047645163
2021-06-30,0.832967612078753,234.809596823774,195.588789159474
2021-07-01,0.835523634487716,235.550321103975,196.807860393542
2021-07-02,0.824063080116714,237.772493944579,195.939533727003
2021-07-03,0.820499483625486,235.550321103975,193.268916833629
2021-07-04,0.848695939768417,223.698732620757,189.852206106577
2021-07-05,0.888264745347075,212.587868417739,188.83430880396
2021-07-06,0.957800923454681,200.73627993452,192.265394292141
2021-07-07,1.01541146767237,197.032658533514,200.069220980904
2021-07-08,1.07340739331535,202.217728494922,217.062004825886
2021-07-09,1.09935078954177,197.032658533514,216.608008724332
2021-07-10,1.1295109356698,193.329037132508,218.367261623681
2021-07-11,1.11187228955507,185.921794330496,206.721291140436
2021-07-12,1.07564300160164,185.181070050295,199.188722028704
2021-07-13,0.968757755700004,187.403242890899,181.54834499389
2021-07-14,0.863315578829256,191.106864291905,164.98553316441
2021-07-15,0.741618310580263,185.921794330496,137.883007011434
2021-07-16,0.681053923100204,176.292378687881,120.064616118048
2021-07-17,0.629053461898774,170.366584446272,107.169689737797
2021-07-18,0.649483569425656,166.662963045266,108.244856129695
2021-07-19,0.665392660334747,162.218617364059,107.939077363695
2021-07-20,0.737992191950672,162.218617364059,119.716073003709
2021-07-21,0.813041566539217,153.329926001644,124.663603233719
2021-07-22,0.972950622999998,143.700510359029,139.813501079235
2021-07-23,1.08155120609038,139.256164677822,150.612672862818
2021-07-24,1.19719746459378,130.367473315408,156.075608518703
2021-07-25,1.19750468425584,128.145300474804,153.45459758395
2021-07-26,1.21116014644071,125.923127634201,152.513073705711
2021-07-27,1.15135948198888,117.775160551988,135.601547844294
2021-07-28,1.0825895422512,114.812263431183,124.294555712789
2021-07-29,0.924897234558894,111.108642030177,102.764075749305
2021-07-30,0.814587593461075,111.108642030177,90.50772132409
2021-07-31,0.697086047388101,111.108642030177,77.4522841034755
2021-08-01,0.666302637249852,105.182847788568,70.0836088749724
2021-08-02,0.652647175064978,104.442123508366,68.1638568655229
2021-08-03,0.712447839516805,101.479226387562,72.2986555956551
2021-08-04,0.783265910334876,100.738502107361,78.9050345588936
2021-08-05,0.854694481763447,97.0348807063547,82.9351770782957
2021-08-06,0.964437229437229,96.2941564261535,92.8696694346347
2021-08-07,1.0615306122449,94.07198358555,99.8602903306608
2021-08-08,1.12101113172542,86.6647407835382,97.152139146444
2021-08-09,1.16029684601113,79.9982222617275,92.8216849767799
2021-08-10,1.18750773036487,83.7018436627334,99.396586395288
2021-08-11,1.194491857349,77.0353251409228,92.018068609065
2021-08-12,1.20851302137016,77.0353251409228,93.0981935382896
2021-08-13,1.18724318010032,76.2946008607216,90.580244550368
2021-08-14,1.18990511443928,77.0353251409228,91.6647273776766
2021-08-15,1.18185316638733,80.7389465419287,95.4215796213556
2021-08-16,1.1456462698356,82.9611193825322,95.0440969619843
2021-08-17,1.08617732096573,86.6647407835382,94.1332759664532
2021-08-18,1.00802063893808,88.1461893439405,88.8531781024362
2021-08-19,0.9249518558693,89.6276379043429,82.9012500168036
2021-08-20,0.827174078091523,90.368362184544,74.750366678641
2021-08-21,0.761717795243935,89.6276379043429,68.2709667374178
2021-08-22,0.72647970000584,88.8869136241417,64.5745383441115
2021-08-23,0.748776822121474,87.4054650637393,65.4471863664763
2021-08-24,0.739018079914914,82.2203951023311,60.7623585183703
2021-08-25,0.765746190513992,85.1832922231358,65.2287815153064
2021-08-26,0.74323536800317,83.7018436627334,62.2101705772155
2021-08-27,0.721013145780948,79.9982222617275,57.6797698898116
2021-08-28,0.64299116775897,75.5538765805204,48.5804753312259
2021-08-29,0.595372120139922,71.1095308993134,42.3366321736795
2021-08-30,0.516424751718869,63.7022880973015,32.8974383145728
2021-08-31,0.510822510822511,58.5172181358933,29.8919122945256
2021-09-01,0.485822510822511,53.332148174485,25.9099581336865
2021-09-02,0.546428571428571,48.1470782130767,26.3089391664312
2021-09-03,0.560714285714286,43.7027325318697,24.5047464553698
2021-09-04,0.636904761904762,39.9991111308638,25.4756243512049
2021-09-05,0.660714285714286,37.7769382902602,24.9597627989219
2021-09-06,0.760714285714286,34.8140411694555,26.4835384610501
2021-09-07,0.808333333333333,31.1104197684496,25.1475893128301
2021-09-08,1.05238095238095,25.1846255268401,26.5038201972937
2021-09-09,1.1047619047619,22.9624526862366,25.3680429676519
2021-09-10,1.21190476190476,20.7402798456331,25.1352439081601
2021-09-11,1.14047619047619,19.9995555654319,22.8090169424806
2021-09-12,1.10238095238095,19.2588312852307,21.2305687739567
2021-09-13,0.951360544217687,18.5181070050295,17.6173963581862
2021-09-14,0.856122448979592,17.7773827248283,15.2196164348275
2021-09-15,0.579931972789116,16.295934164426,9.45053324841711
2021-09-16,0.69421768707483,15.5552098842248,10.7987018277901
2021-09-17,0.729931972789116,14.0737613238224,10.2728883676609
2021-09-18,1.25374149659864,13.3330370436213,16.7161818172748
2021-09-19,1.48231292517007,13.3330370436213,19.7637331415311
2021-09-20,1.74761904761905,13.3330370436213,23.3010695000429
2021-09-21,1.77142857142857,13.3330370436213,23.6185227629862
2021-09-22,1.80952380952381,12.5923127634201,22.7860897623792
2021-09-23,1.5952380952381,13.3330370436213,21.2693686172053
2021-09-24,1.45238095238095,11.8515884832189,17.2130213684846
2021-09-25,0.916666666666667,10.3701399228165,9.50596159591515
2021-09-26,0.773809523809524,9.62941564261535,7.45133353297616
2021-09-27,0.630952380952381,8.88869136241417,5.60834097866608
2021-09-28,0.773809523809524,8.14796708221299,6.30497452790291
2021-09-29,0.821428571428571,8.88869136241417,7.30142504769735
2021-09-30,1.03571428571429,8.88869136241417,9.20614462535753
2021-10-01,0.964285714285714,8.88869136241417,8.57123809947081
2021-10-02,0.928571428571429,9.62941564261535,8.9416002395714
2021-10-03,0.785714285714286,8.88869136241417,6.98397178475399
2021-10-04,0.714285714285714,7.40724280201181,5.29088771572272
2021-10-05,0.714285714285714,7.40724280201181,5.29088771572272
2021-10-06,1,5.92579424160945,5.92579424160945
2021-10-07,1,4.44434568120708,4.44434568120708
2021-10-08,1,5.18506996140827,5.18506996140827
2021-10-09,1,6.66651852181063,6.66651852181063
2021-10-10,1,5.18506996140827,5.18506996140827
2021-10-11,0.928571428571429,5.18506996140827,4.81470782130768
2021-10-12,0.714285714285714,5.18506996140827,3.7036214010059
2021-10-13,0.285714285714286,4.44434568120708,1.26981305177345
2021-10-14,0,3.7036214010059,0
2021-10-15,0,3.7036214010059,0
2021-10-16,0,2.22217284060354,0
2021-10-17,0,2.22217284060354,0
2021-10-18,0,2.22217284060354,0
2021-10-19,0,2.22217284060354,0
2021-10-20,2.59855629077979e-13,2.22217284060354,5.77444121415034e-13
2021-10-21,3.03164900590976e-13,2.22217284060354,6.7368480831754e-13
2021-10-22,3.63797880709171e-13,1.48144856040236,5.38947846654032e-13
2021-10-23,4.54747350886464e-13,0,0
