"fecha","rho7dpromedio","incidenciaAcum14d","riesgopor10"
2020-02-23,3.25,0.032513494725986,0.105668857859455
2020-02-26,3.4,0.0650269894519721,0.221091764136705
2020-02-28,3.5,0.0975404841779581,0.341391694622853
2020-03-01,3.57142857142857,0.16256747362993,0.580598120106893
2020-03-03,3.60714285714286,0.195080968355916,0.703684921569555
2020-03-04,3.57142857142857,0.357648441985846,1.27731586423517
2020-03-06,3.25,0.520215915615776,1.69070172575127
2020-03-07,2.9512987012987,0.585242905067748,1.72722662567072
2020-03-08,2.62987012987013,0.65026989451972,1.71012537195121
2020-03-09,2.40764790764791,0.877864357601623,2.11358828377822
2020-03-10,2.12193362193362,1.04043183123155,2.2077272840202
2020-03-11,2.01479076479077,1.33305328376543,2.68582344510458
2020-03-12,1.78519892805607,1.56064774684733,2.78606668474497
2020-03-13,1.70526695526696,1.75572871520325,2.9939861604494
2020-03-14,1.59487734487735,2.01583667301113,3.21501224075838
2020-03-15,1.48773448773449,2.17840414664106,3.24088697718173
2020-03-16,1.28138528138528,2.43851210444895,3.12467351912073
2020-03-17,1.1504329004329,2.69862006225684,3.10458130538855
2020-03-18,1.08471861471861,2.86118753588677,3.10358338037726
2020-03-19,1.08716759431045,2.89370103061276,3.14593798810494
2020-03-20,1.06645021645022,3.0237550095167,3.22468418439151
2020-03-21,1.07418058132344,3.31637646205057,3.56238719589285
2020-03-22,1.04121354835641,3.44643044095452,3.58847006858979
2020-03-23,1.00275200989487,3.60899791458445,3.61892991255594
2020-03-24,0.941586164246263,3.60899791458445,3.39818250316633
2020-03-25,0.886182437538188,3.57648441985846,3.16941768100753
2020-03-26,0.81761100896676,3.57648441985846,2.92417303507437
2020-03-27,0.775403216758968,3.51145743040649,2.72279538704937
2020-03-28,0.793305114360113,3.4789439356805,2.75986401674744
2020-03-29,0.939054102214364,3.38140345150255,3.17532078237528
2020-03-30,1.15846802162828,3.28386296732459,3.8042502350549
2020-03-31,1.30016608016204,3.15380898842064,4.10047547005468
2020-04-01,1.37842694972726,3.38140345150255,4.66101764545188
2020-04-02,1.41271266401297,3.67402490403642,5.1903415098313
2020-04-03,1.41061182367684,3.57648441985846,5.04503120984835
2020-04-04,1.32348223499926,3.44643044095452,4.56128946276398
2020-04-05,1.14947579031613,3.41391694622853,3.92421487983966
2020-04-06,0.976459917300253,3.38140345150255,3.30180493461297
2020-04-07,0.896445302758785,3.51145743040649,3.14782951932533
2020-04-08,0.90215958847307,3.38140345150255,3.05056554626896
2020-04-09,0.90168339799688,3.2513494725986,2.93168784052807
2020-04-10,1.01092709547587,3.51145743040649,3.549827461008
2020-04-11,1.12061307513089,3.57648441985846,4.00785520389531
2020-04-12,1.27898042206967,3.77156538821438,4.82375829208177
2020-04-13,1.32634345330367,3.67402490403642,4.87301887874334
2020-04-14,1.47625875539288,3.86910587239234,5.7118014196612
2020-04-15,1.54911589825002,3.86910587239234,5.9936934189355
2020-04-16,1.70387780301193,3.93413286184431,6.70328165739631
2020-04-17,1.69027236083506,4.16172732492621,7.0344526706548
2020-04-18,1.69237062976319,4.48686227218607,7.59343392924025
2020-04-19,1.63170193675407,4.71445673526797,7.69258818568004
2020-04-20,1.66823913227744,5.23467265088375,8.73268576086677
2020-04-21,1.55181983728672,5.5923210928696,8.67827480839199
2020-04-22,1.46162613268624,6.01499652430741,8.7916761079446
2020-04-23,1.32100113268624,6.63275292410115,8.76187412556556
2020-04-24,1.28496977098902,7.2179958291689,9.27490644760682
2020-04-25,1.25246940987389,7.60815776588073,9.5289848672601
2020-04-26,1.25653578628069,7.77072523951066,9.76419434879976
2020-04-27,1.29456918145695,8.61607610238629,11.154106587237
2020-04-28,1.40029916575836,9.03875153382412,12.656956232311
2020-04-29,1.57242564346809,9.68902142834383,15.2352657540396
2020-04-30,1.68842010159617,10.3392913228636,17.4570673057816
2020-05-01,1.80196667990635,11.737371596081,21.1503525258171
2020-05-02,1.84519846537416,12.5176954695046,23.097632470351
2020-05-03,1.90487114444982,14.1108567110779,26.8793637723985
2020-05-04,1.87988347389253,15.0862615528575,28.3604137760371
2020-05-05,1.85312281316961,16.6143958049789,30.7885158932357
2020-05-06,1.80767652654685,18.4351515096341,33.3247906473002
2020-05-07,1.81780380518454,20.5810421615491,37.4122967559275
2020-05-08,1.7952474142071,23.279662223806,41.7927534109024
2020-05-09,1.76636481493868,25.7181743282549,45.4276782378888
2020-05-10,1.71600777940685,30.4976580529749,52.3342184725948
2020-05-11,1.63076336399081,33.3263320941357,54.3473614353077
2020-05-12,1.53070378612879,36.7727625350902,56.2882068388776
2020-05-13,1.39967948451626,39.7965175446069,55.7023691623776
2020-05-14,1.32111495763176,43.3079749750134,57.214813524232
2020-05-15,1.25559668433658,46.3967569739821,58.2556142205019
2020-05-16,1.27913275320769,49.7131334360326,63.5896972426135
2020-05-17,1.28720042203578,52.6068344666454,67.7155395274323
2020-05-18,1.33062544120204,57.5813991597212,76.6192746619347
2020-05-19,1.34641079022327,61.0928565901277,82.2560813185105
2020-05-20,1.36024099520245,67.1403666091611,91.3270790947029
2020-05-21,1.3108952981872,70.2291486081298,92.0630607060873
2020-05-22,1.25483328364772,72.9927956598386,91.593789460462
2020-05-23,1.17566309068902,78.4550627738043,92.2367215808515
2020-05-24,1.1075667477279,78.7801977210641,87.2543273752801
2020-05-25,1.0393211700186,81.8364662253068,85.0543718274737
2020-05-26,0.992736898557585,84.0148703719479,83.404661845765
2020-05-27,0.974690499328676,86.8760579078346,84.6772682618943
2020-05-28,0.984811841308779,88.274138181052,86.9334165620274
2020-05-29,1.00908636473241,90.1599208751592,90.9791468004762
2020-05-30,1.03321177389771,92.7284869585121,95.8081645012553
2020-05-31,1.05746226994683,93.7689187897437,99.1570937138619
2020-06-01,1.09457207426913,95.5246475049469,104.558611563317
2020-06-02,1.12492269545047,96.9552412728903,109.067151350751
2020-06-03,1.14059399805933,95.4921340102209,108.917754913935
2020-06-04,1.1482704432747,97.5729976726841,112.040189289254
2020-06-05,1.16766820237834,100.531725692749,117.387699421644
2020-06-06,1.18622731702256,99.913969292955,118.520679727456
2020-06-07,1.20302252987486,102.2224274185,122.975883242953
2020-06-08,1.2106245654424,105.083614954387,127.216805689271
2020-06-09,1.21150829416815,108.595072384793,131.563830899968
2020-06-10,1.1925139999219,112.984394172801,134.73547182376
2020-06-11,1.14863921867318,116.495851603208,133.811703964176
2020-06-12,1.10024566566839,120.982713875394,133.110706562201
2020-06-13,1.05409051973905,122.933523558953,129.583061741609
2020-06-14,1.04097791864691,125.046900716142,130.171062440736
2020-06-15,1.0166149339121,124.689252274156,126.760955960241
2020-06-16,1.00249498125132,129.306168525246,129.628784991396
2020-06-17,0.935872795272617,132.947679934557,124.422116845363
2020-06-18,0.955090489203153,136.394110375511,130.268717602976
2020-06-19,0.965036031838737,136.426623870237,131.65660773689
2020-06-20,0.969399878508098,134.931003112842,130.802098024565
