"fecha","rho7dpromedio","incidenciaAcum14d","riesgopor10"
2020-01-01,0.75,0,0
2020-01-02,0.6,0.804952065104523,0.482971239062714
2020-01-03,0.5,0.804952065104523,0.402476032552261
2020-01-04,0.428571428571429,0.804952065104523,0.344979456473367
2020-01-05,0.285714285714286,0.804952065104523,0.229986304315578
2020-01-06,0.142857142857143,0.804952065104523,0.114993152157789
2020-01-07,0,0.804952065104523,0
2020-01-08,0,0.804952065104523,0
2020-01-09,0,0.804952065104523,0
2020-01-10,0,0.804952065104523,0
2020-01-11,0,0.804952065104523,0
2020-01-12,0,0.804952065104523,0
2020-01-13,0,0.804952065104523,0
2020-01-14,0,0.804952065104523,0
2020-01-15,0,0.804952065104523,0
2020-01-16,0,0,0
2020-01-17,0,0,0
2020-01-18,0,0,0
2020-01-19,0,0,0
2020-01-20,0,0,0
2020-01-21,0,0,0
2020-01-22,0,0,0
2020-01-23,0,0,0
2020-01-24,0,0,0
2020-01-25,0,0,0
2020-01-26,0,0,0
2020-01-27,0,0,0
2020-01-28,0,0,0
2020-01-29,0,0,0
2020-01-30,0,0,0
2020-01-31,0,0,0
2020-02-01,0,0,0
2020-02-02,0,0,0
2020-02-03,0,0,0
2020-02-04,0,0,0
2020-02-05,0,0,0
2020-02-06,0,0,0
2020-02-07,0,0,0
2020-02-08,0,0,0
2020-02-09,0,0,0
2020-02-10,0,0,0
2020-02-11,0,0,0
2020-02-12,0,0,0
2020-02-13,0,0,0
2020-02-14,0,0,0
2020-02-15,0,0,0
2020-02-16,0,0,0
2020-02-17,0,0,0
2020-02-18,0,0,0
2020-02-19,0,0,0
2020-02-20,0,0,0
2020-02-21,0,0,0
2020-02-22,0,0,0
2020-02-23,0,0,0
2020-02-24,0,0,0
2020-02-25,0,0,0
2020-02-26,0,0,0
2020-02-27,0,0,0
2020-02-28,0,0,0
2020-02-29,0,0,0
2020-03-01,0,0,0
2020-03-02,0,0,0
2020-03-03,0,0,0
2020-03-04,0,0,0
2020-03-05,0,0,0
2020-03-06,0.142857142857143,0,0
2020-03-07,0.285714285714286,0,0
2020-03-08,0.428571428571429,0,0
2020-03-09,0.428571428571429,0,0
2020-03-10,0.428571428571429,0.804952065104523,0.344979456473367
2020-03-11,0.428571428571429,0.804952065104523,0.344979456473367
2020-03-12,0.428571428571429,0.804952065104523,0.344979456473367
2020-03-13,0.285714285714286,0.804952065104523,0.229986304315578
2020-03-14,0.142857142857143,0.804952065104523,0.114993152157789
2020-03-15,0,0.804952065104523,0
2020-03-16,0,0.804952065104523,0
2020-03-17,0,0.804952065104523,0
2020-03-18,0,0.804952065104523,0
2020-03-19,0.142857142857143,0.804952065104523,0.114993152157789
2020-03-20,0.285714285714286,0.804952065104523,0.229986304315578
2020-03-21,0.428571428571429,0.804952065104523,0.344979456473367
2020-03-22,0.428571428571429,0.804952065104523,0.344979456473367
2020-03-23,0.714285714285714,1.60990413020905,1.14993152157789
2020-03-24,1,0.804952065104523,0.804952065104523
2020-03-25,1.28571428571429,0.804952065104523,1.0349383694201
2020-03-26,1.14285714285714,0.804952065104523,0.919945217262312
2020-03-27,1,2.41485619531357,2.41485619531357
2020-03-28,0.857142857142857,2.41485619531357,2.0698767388402
2020-03-29,0.857142857142857,2.41485619531357,2.0698767388402
2020-03-30,0.571428571428571,2.41485619531357,1.37991782589347
2020-03-31,0.285714285714286,2.41485619531357,0.689958912946734
2020-04-01,0,2.41485619531357,0
2020-04-02,0,2.41485619531357,0
2020-04-03,0,2.41485619531357,0
2020-04-04,0,2.41485619531357,0
2020-04-05,0,2.41485619531357,0
2020-04-06,0,1.60990413020905,0
2020-04-07,0,1.60990413020905,0
2020-04-08,0,1.60990413020905,0
2020-04-09,0,1.60990413020905,0
2020-04-10,0,0,0
2020-04-11,0,0,0
2020-04-12,0,0,0
2020-04-13,0,0,0
2020-04-14,0,0,0
2020-04-15,0,0,0
2020-04-16,0,0,0
2020-04-17,0,0,0
2020-04-18,0,0,0
2020-04-19,0,0,0
2020-04-20,0,0,0
2020-04-21,0.142857142857143,0,0
2020-04-22,0.428571428571429,0,0
2020-04-23,0.714285714285714,0,0
2020-04-24,0.857142857142857,0,0
2020-04-25,1,0.804952065104523,0.804952065104523
2020-04-26,1.28571428571429,1.60990413020905,2.0698767388402
2020-04-27,1.42857142857143,1.60990413020905,2.29986304315578
2020-04-28,1.35714285714286,1.60990413020905,2.18486989099799
2020-04-29,1.21428571428571,2.41485619531357,2.93232538002362
2020-04-30,1.07142857142857,3.21980826041809,3.44979456473367
2020-05-01,1,3.21980826041809,3.21980826041809
2020-05-02,0.857142857142857,3.21980826041809,2.75983565178694
2020-05-03,0.571428571428571,4.02476032552261,2.29986304315578
2020-05-04,0.428571428571429,4.02476032552261,1.72489728236683
2020-05-05,0.357142857142857,4.02476032552261,1.43741440197236
2020-05-06,0.214285714285714,4.02476032552261,0.862448641183417
2020-05-07,0.0714285714285714,4.02476032552261,0.287482880394472
2020-05-08,0,4.02476032552261,0
2020-05-09,0,3.21980826041809,0
2020-05-10,0,2.41485619531357,0
2020-05-11,0,2.41485619531357,0
2020-05-12,0,2.41485619531357,0
2020-05-13,0,1.60990413020905,0
2020-05-14,0,0.804952065104523,0
2020-05-15,0,0.804952065104523,0
2020-05-16,0,0.804952065104523,0
2020-05-17,0,0,0
2020-05-18,0,0,0
2020-05-19,0,0,0
2020-05-20,0,0,0
2020-05-21,0,0,0
2020-05-22,0,0,0
2020-05-23,0,0,0
2020-05-24,0,0,0
2020-05-25,0,0,0
2020-05-26,0.142857142857143,0,0
2020-05-27,0.285714285714286,0,0
2020-05-28,0.428571428571429,0,0
2020-05-29,0.714285714285714,0,0
2020-05-30,1,0.804952065104523,0.804952065104523
2020-05-31,1.42857142857143,0.804952065104523,1.14993152157789
2020-06-01,1.57142857142857,0.804952065104523,1.26492467373568
2020-06-02,1.71428571428571,2.41485619531357,4.1397534776804
2020-06-03,1.71428571428571,2.41485619531357,4.1397534776804
2020-06-04,1.85714285714286,3.21980826041809,5.97964391220503
2020-06-05,1.71428571428571,3.21980826041809,5.51967130357387
2020-06-06,1.71428571428571,4.02476032552261,6.89958912946734
2020-06-07,1.35714285714286,4.82971239062714,6.55460967299397
2020-06-08,1.28571428571429,6.43961652083618,8.27950695536081
2020-06-09,1.07142857142857,6.43961652083618,6.89958912946734
2020-06-10,0.976190476190476,6.43961652083618,6.28629231795913
2020-06-11,0.761904761904762,7.24456858594071,5.51967130357387
2020-06-12,0.761904761904762,7.24456858594071,5.51967130357387
2020-06-13,0.619047619047619,7.24456858594071,4.48473293415377
2020-06-14,0.619047619047619,7.24456858594071,4.48473293415377
2020-06-15,0.69047619047619,7.24456858594071,5.00220211886382
2020-06-16,0.761904761904762,6.43961652083618,4.90637449206566
2020-06-17,0.857142857142857,6.43961652083618,5.51967130357387
2020-06-18,0.785714285714286,5.63466445573166,4.42723635807488
2020-06-19,0.928571428571429,6.43961652083618,5.97964391220503
2020-06-20,1.07142857142857,5.63466445573166,6.03714048828392
2020-06-21,1.57142857142857,4.82971239062714,7.58954804241407
2020-06-22,1.85714285714286,3.21980826041809,5.97964391220503
2020-06-23,2.14285714285714,4.82971239062714,10.349383694201
2020-06-24,2.14285714285714,4.82971239062714,10.349383694201
2020-06-25,2.21428571428571,5.63466445573166,12.4767570091201
2020-06-26,1.96428571428571,6.43961652083618,12.6492467373568
2020-06-27,1.77380952380952,5.63466445573166,9.99482147504783
2020-06-28,1.39285714285714,6.43961652083618,8.96946586830754
2020-06-29,1.53571428571429,6.43961652083618,9.88941108556985
2020-06-30,1.67857142857143,5.63466445573166,9.45818676497815
2020-07-01,2.10714285714286,7.24456858594071,15.2653409489465
2020-07-02,2.60714285714286,8.85447271614975,23.0848752956761
2020-07-03,3.03571428571429,12.0742809765678,36.6540672502952
2020-07-04,3.27380952380952,15.2940892369859,50.0699350020373
2020-07-05,3.38203463203463,16.903993367195,57.1698909875372
2020-07-06,3.2521645021645,20.9287536927176,68.0637498340004
2020-07-07,3.09632034632035,24.1485619531357,74.7716837098714
2020-07-08,2.87654012654013,32.1980826041809,92.61907660858
2020-07-09,2.50239046667618,36.2228429297035,90.6436968231988
2020-07-10,2.22444015611717,49.1020759713759,109.224629539445
2020-07-11,2.0045522009351,55.5416924922121,111.336221928924
2020-07-12,1.80852947366237,60.3714048828392,109.183465097019
2020-07-13,1.4383996035325,71.6407337943025,103.048003086502
2020-07-14,1.10163292193824,78.8853023802432,86.9026461591287
2020-07-15,0.792841713147028,80.4952065104523,63.8199574298708
2020-07-16,0.632599838619439,86.9348230312885,54.9949550200026
2020-07-17,0.489742695762296,84.5199668359749,41.3930364039902
2020-07-18,0.412011603325321,84.5199668359749,34.823207049093
2020-07-19,0.37183303189675,85.3249189010794,31.7266232913327
2020-07-20,0.363896523960242,81.3001585755568,29.5848451030616
2020-07-21,0.529976749153768,79.6902544453478,42.233981990182
2020-07-22,0.732017565480298,71.6407337943025,52.4422755413275
2020-07-23,1.15926624272898,68.4209255338845,79.3180692677053
2020-07-24,1.27905328798186,55.5416924922121,71.0407844022412
2020-07-25,1.52905328798186,55.5416924922121,84.9262075252942
2020-07-26,1.57369614512472,52.321884231794,82.3387475212359
2020-07-27,1.62925170068027,42.6624594505397,69.507884614995
2020-07-28,1.57116692830979,37.8327470599126,59.4415609876439
2020-07-29,1.66555468341183,37.0277949948081,61.6718173700155
2020-07-30,1.4869832548404,31.3931305390764,46.6810594286253
2020-07-31,1.62530525030525,33.0030346692854,53.6400055239958
2020-08-01,1.61101953601954,37.8327470599126,60.9492946148048
2020-08-02,1.71396071249012,39.4426511901216,67.6031545363203
2020-08-03,1.76032662727709,40.2476032552262,70.8489276942587
2020-08-04,1.84137058332105,47.4921718411669,87.4506881663528
2020-08-05,1.78028035775714,51.5169321666895,91.7145824282641
2020-08-06,1.80283674873458,54.7367404271076,98.6814071479353
2020-08-07,1.72410659000442,61.9813090130483,106.862383326497
2020-08-08,1.7059247718226,66.0060693385709,112.601388775309
2020-08-09,1.68155502392344,74.8605420547206,125.882120585748
2020-08-10,1.69760867155604,84.5199668359749,143.48182862038
2020-08-11,1.6283578004759,90.9595833568111,148.114747087101
2020-08-12,1.61756157915336,99.8140560729609,161.455382163081
2020-08-13,1.58401617718691,108.668528789111,172.132707553053
2020-08-14,1.62489529806603,120.742809765678,196.194423863532
2020-08-15,1.59353304329952,132.012138677142,210.365705098664
2020-08-16,1.61333254204639,152.135940304755,245.445863308488
2020-08-17,1.61973228817216,168.234981606845,272.495631708657
2020-08-18,1.6287450640142,174.674598127681,284.500389509126
2020-08-19,1.59547278074192,195.603351820399,312.079823651332
2020-08-20,1.56536590131997,214.117249317803,335.171840966516
2020-08-21,1.50197806963946,234.241050945416,351.824921529314
2020-08-22,1.4408078568735,259.194564963656,373.449565658545
2020-08-23,1.3611132074058,279.31836659127,380.183917838391
2020-08-24,1.29189034760945,301.857024414196,389.96617619881
2020-08-25,1.19169987141897,320.3709219116,381.785986448432
2020-08-26,1.0718586015777,334.860059083482,358.922634653448
2020-08-27,0.933060312094483,347.739292125154,324.461732437811
2020-08-28,0.83390235622921,361.423477231931,301.391889260262
2020-08-29,0.766482531156324,364.643285492349,279.492708433334
2020-08-30,0.727289535980506,363.03338136214,264.030379476305
2020-08-31,0.695601989923027,365.448237557453,254.206521258828
2020-09-01,0.673887704208741,361.423477231931,243.558837318966
2020-09-02,0.666744847065884,355.788812776199,237.220357562219
2020-09-03,0.690389026960064,345.32443592984,238.408201307135
2020-09-04,0.749599553275853,329.22539462775,246.787208740028
2020-09-05,0.824672439573229,306.686736804823,252.916099425586
2020-09-06,0.931498680707981,291.392647567837,271.431866777446
2020-09-07,1.01541050630779,275.293606265747,279.536020121598
2020-09-08,1.06516420088907,265.634181484493,282.944020649751
2020-09-09,1.06739634374621,257.584660833447,274.944925178729
2020-09-10,1.04832166842153,250.340092247507,262.436943177707
2020-09-11,0.997810775805379,235.850955075625,235.334624458449
2020-09-12,0.948881367976674,226.191530294371,214.62892869046
2020-09-13,0.874909506504812,215.727153448012,188.741737362888
2020-09-14,0.817743783072582,212.507345187594,173.776560384414
2020-09-15,0.797121741152366,211.70239312249,168.752580211921
2020-09-16,0.799175312580937,205.262776601653,164.040943651857
2020-09-17,0.826040604152111,203.652872471444,168.225541813625
2020-09-18,0.862113227181256,198.018208015713,170.714116353075
2020-09-19,0.958792504188402,199.628112145922,191.401937550791
2020-09-20,1.01352801258245,193.99344769019,196.617793491455
2020-09-21,1.07931256816292,190.773639429772,205.904386710734
2020-09-22,1.09566196506454,185.943927039145,203.731688491527
2020-09-23,1.16356470062685,188.358783234458,219.16763122464
2020-09-24,1.17400955653531,178.699358453204,209.794754570791
2020-09-25,1.18233253790177,176.284502257891,208.426902947323
2020-09-26,1.13531153169709,180.309262583413,204.707185082748
2020-09-27,1.18014312287015,186.748879104249,220.390405378589
2020-09-28,1.20162446638539,184.334022908936,221.500271914622
2020-09-29,1.257782761085,183.529070843831,230.839701465319
2020-09-30,1.28744616308883,192.383543559981,247.68345499773
2020-10-01,1.34417990275653,202.84792040634,272.664097926157
2020-10-02,1.35966644519959,218.94696170843,297.694837113352
2020-10-03,1.32482152616485,223.776674099057,296.464154900008
2020-10-04,1.23613104997438,235.046003010521,290.547662493675
2020-10-05,1.17621135156508,246.315331921984,289.718889471159
2020-10-06,1.13687837563325,251.949996377716,286.436502622701
2020-10-07,1.07422513005318,250.340092247507,268.921618152102
2020-10-08,1.01814328086788,264.829229419388,269.634100510768
2020-10-09,1.00101290280838,275.293606265747,275.572451932662
2020-10-10,1.02243926760824,283.343126916792,289.701139166632
2020-10-11,1.02331136063149,284.953031047001,291.595673916774
2020-10-12,1.01151423671864,291.392647567837,294.747811490003
2020-10-13,0.988714041227677,302.661976479301,299.246145890805
2020-10-14,0.977903713344178,306.686736804823,299.910098754845
2020-10-15,0.96736719104295,299.442168218883,289.670529149711
2020-10-16,0.975665637870961,297.027312023569,289.799341850573
2020-10-17,1.01547670399782,299.442168218883,304.076546020871
2020-10-18,1.07539434940514,295.41740789336,317.690211164434
2020-10-19,1.11023531281754,296.222359958464,328.876524472035
2020-10-20,1.11045039433343,305.076832674614,338.77268914552
2020-10-21,1.09530449154708,316.346161586078,346.495371668909
2020-10-22,1.0687531017604,313.931305390764,335.515056376069
2020-10-23,1.03412856573679,310.711497130346,321.315634885336
2020-10-24,0.974774297713793,305.076832674614,297.381055319146
2020-10-25,0.944341702140353,306.686736804823,289.617075058137
2020-10-26,0.965010942809593,310.711497130346,299.839994787535
2020-10-27,1.02123325106442,309.906545065241,316.486868543119
2020-10-28,1.07261672580263,303.466928544405,325.503703284681
2020-10-29,1.12890149042073,312.321401260555,352.580095373331
2020-10-30,1.16660686496821,326.810538432436,381.259417679237
2020-10-31,1.17774781619406,329.22539462775,387.74448955846
2020-11-01,1.15572978568088,334.055107018377,386.077437239954
2020-11-02,1.12796929534614,337.274915278795,380.435748524951
2020-11-03,1.10420618386373,332.445202888168,367.088048824946
2020-11-04,1.08297511078934,330.835298757959,358.286394325424
2020-11-05,1.06114089562179,341.299675604318,362.167043446191
2020-11-06,1.05426258874348,353.373956580886,372.548942259491
2020-11-07,1.04083531758425,357.398716906408,371.993207015485
2020-11-08,1.01234314401579,359.813573101722,364.254803853354
2020-11-09,0.957382545915168,370.277949948081,354.497646417543
2020-11-10,0.889123663414799,378.327470599126,336.37990662955
2020-11-11,0.82170291212308,378.327470599126,310.872784327461
2020-11-12,0.763900714320882,370.277949948081,282.855590462611
2020-11-13,0.723159973580142,356.593764841304,257.87433756148
2020-11-14,0.726046533609559,346.934340060049,251.890474990719
2020-11-15,0.743074594834049,340.494723539213,253.012978737032
2020-11-16,0.757105207078947,331.640250823064,251.086560775109
2020-11-17,0.772380067022924,325.200634302227,251.178487718252
2020-11-18,0.799652794295651,313.931305390764,251.036045572606
2020-11-19,0.846069064592519,297.027312023569,251.305620042211
2020-11-20,0.90009301335331,277.70846246106,249.96344681029
2020-11-21,0.94467700079444,267.244085614702,252.459341278549
2020-11-22,1.00589470596161,259.194564963656,260.722440710965
2020-11-23,1.0494871429364,246.315331921984,258.504773960235
2020-11-24,1.06249026085024,233.436098880312,248.023581591204
2020-11-25,1.05504182693121,228.606386489685,241.18929965022
2020-11-26,1.02677407478286,231.021242684998,237.206622713076
2020-11-27,0.978467825288159,222.971722033953,218.170655959318
2020-11-28,0.914943630185017,218.94696170843,200.324127963491
2020-11-29,0.847372903039822,218.94696170843,185.529722554621
2020-11-30,0.798496209505265,210.897441057385,168.400807278682
2020-12-01,0.779707741737205,208.482584862071,162.555485434341
2020-12-02,0.75762909895934,202.84792040634,153.683487163231
2020-12-03,0.754911957944326,200.433064211026,151.309316940327
2020-12-04,0.772402531886513,197.213255950608,152.328018217833
2020-12-05,0.835059173490523,192.383543559981,160.651642878376
2020-12-06,0.941070808913923,183.529070843831,172.713851158225
2020-12-07,1.08266458928321,173.869646062577,188.242508943158
2020-12-08,1.25664846854921,172.259741932368,216.469940891992
2020-12-09,1.36847696475682,169.03993367195,231.327255354083
2020-12-10,1.44965730923503,167.430029541741,242.716166110622
2020-12-11,1.4634860730638,169.03993367195,247.387588720527
2020-12-12,1.44745543041945,179.504310518309,259.824489043425
2020-12-13,1.34583939939165,174.674598127681,235.083956233137
2020-12-14,1.24370475242942,179.504310518309,223.250364073187
2020-12-15,1.13418997877802,183.529070843831,208.156832965516
2020-12-16,1.1262280129171,185.943927039145,209.415259463299
2020-12-17,1.12671591299517,189.968687364667,214.040743024574
2020-12-18,1.18881560667381,202.042968341235,240.191833982762
2020-12-19,1.26795484046816,215.727153448012,273.532288434824
2020-12-20,1.36602015543488,226.191530294371,308.982189370771
2020-12-21,1.44053575477807,238.265811270939,343.230420276991
2020-12-22,1.51925593210992,250.340092247507,380.33067019197
2020-12-23,1.5936630806951,271.268845940224,432.311144717702
2020-12-24,1.65865137109323,284.148078981897,471.302600796829
2020-12-25,1.67477275563566,302.661976479301,506.890032374375
2020-12-26,1.66486921100025,326.810538432436,544.096803266577
2020-12-27,1.64195560999121,363.03338136214,596.084697141644
2020-12-28,1.61408015211575,399.256224291843,644.431547238139
2020-12-29,1.56878277318365,425.014690375188,666.755724610579
2020-12-30,1.55171005262256,469.287053955937,728.197439189053
2020-12-31,1.5444931762347,504.704944820536,779.513343287228
2021-01-01,1.54383598408815,548.977308401285,847.530923157759
2021-01-02,1.50021303234537,614.178425674751,921.398478382622
2021-01-03,1.4449203438244,689.843919794576,996.769513774749
2021-01-04,1.3604460749239,749.410372612311,1019.53239992768
2021-01-05,1.26011870194844,789.657975867537,995.062783533436
2021-01-06,1.12002889409548,836.345195643599,936.730784558766
2021-01-07,0.983139876377444,865.323469987362,850.734009309876
2021-01-08,0.860260086163486,887.862127810289,763.792350571375
2021-01-09,0.770822101667362,907.180977372797,699.275147571151
2021-01-10,0.731865957133528,914.425545958738,669.236927420441
2021-01-11,0.714911317001431,912.010689763425,652.006763338153
2021-01-12,0.721321151989269,917.645354219156,661.917004022962
2021-01-13,0.729636142834257,895.10669639623,653.102197383659
2021-01-14,0.761527328571596,893.496792266021,680.422225301633
2021-01-15,0.792798018665816,861.29870966184,682.83591049933
2021-01-16,0.823237263329198,816.221394015986,671.943866680464
2021-01-17,0.822568527366345,767.924270109715,631.670335993023
2021-01-18,0.834493539848064,728.481618919593,607.91320488646
2021-01-19,0.826047621835067,701.113248706039,579.152931730681
2021-01-20,0.805377402857635,644.766604148723,519.280453098636
2021-01-21,0.748150650431346,614.178425674751,459.497988649465
2021-01-22,0.701044953768127,598.079384372661,419.280534367202
2021-01-23,0.663122715907466,553.002068726807,366.708233716567
2021-01-24,0.652851940930808,520.803986122626,340.007893184658
2021-01-25,0.631749447172324,487.800951453341,308.167981410782
2021-01-26,0.624714682346148,456.407820914265,285.124666862752
2021-01-27,0.599675482628143,443.528587872592,265.973219991875
2021-01-28,0.611093460057038,412.94040939862,252.345183576773
2021-01-29,0.619995693516794,388.791847445485,241.049271090639
2021-01-30,0.658030989602441,357.398716906408,235.179431368566
2021-01-31,0.680805316724594,319.565969846496,217.562211315746
2021-02-01,0.746040411662659,295.41740789336,220.393324597078
2021-02-02,0.755685801733581,268.853989744911,203.169142789655
2021-02-03,0.775140158818881,257.584660833447,199.664214907746
2021-02-04,0.731633029939933,235.046003010521,171.967419357858
2021-02-05,0.660517741719381,206.872680731862,136.643075900444
2021-02-06,0.541615098694958,196.408303885504,106.377702893456
2021-02-07,0.42360267633471,177.8944063881,75.3565466509735
2021-02-08,0.272087524819558,161.795365086009,44.022500413529
2021-02-09,0.174823087129589,144.08641965371,25.189632697311
2021-02-10,0.0907894736842105,121.547761830783,11.0352573241106
2021-02-11,0.0423200859291085,103.838816398483,4.39446763276074
2021-02-12,0.0122448979591837,94.9843436823337,1.16307359611021
2021-02-13,0,84.5199668359749,0
2021-02-14,0,77.2753982500342,0
2021-02-15,0,57.1515966224211,0
2021-02-16,0,43.4674115156442,0
2021-02-17,0,32.1980826041809,0
2021-02-18,0,26.5634181484493,0
2021-02-19,0,15.2940892369859,0
2021-02-20,0,6.43961652083618,0
2021-02-21,0,2.41485619531357,0
2021-02-22,0,0,0
2021-02-23,0,0,0
2021-02-24,0,0,0
2021-02-25,0,0,0
2021-02-26,0,0,0
2021-02-27,0,0,0
2021-02-28,0,0,0
2021-03-01,0,0,0
2021-03-02,0,0,0
2021-03-03,0,0,0
2021-03-04,0,0,0
2021-03-05,0,0,0
2021-03-06,0,0,0
2021-03-07,0,0,0
2021-03-08,0,0,0
2021-03-09,0,0,0
2021-03-10,0,0,0
2021-03-11,0,0,0
2021-03-12,0,0,0
2021-03-13,0,0,0
2021-03-14,0,0,0
2021-03-15,0,0,0
2021-03-16,0,0,0
2021-03-17,0,0,0
2021-03-18,0,0,0
2021-03-19,0,0,0
2021-03-20,0,0,0
2021-03-21,0,0,0
2021-03-22,0,0,0
2021-03-23,0,0,0
2021-03-24,0,0,0
2021-03-25,0,0,0
2021-03-26,0,0,0
2021-03-27,0,0,0
2021-03-28,0,0,0
2021-03-29,0,0,0
2021-03-30,0,0,0
2021-03-31,0,0,0
2021-04-01,0,0,0
2021-04-02,0,0,0
2021-04-03,0,0,0
2021-04-04,0,0,0
2021-04-05,0,0,0
2021-04-06,0,0,0
2021-04-07,0,0,0
2021-04-08,0,0,0
2021-04-09,0,0,0
2021-04-10,0,0,0
2021-04-11,0,0,0
2021-04-12,0,0,0
2021-04-13,0,0,0
2021-04-14,0,0,0
2021-04-15,0.142857142857143,0,0
2021-04-16,0.285714285714286,0,0
2021-04-17,0.428571428571429,0,0
2021-04-18,0.428571428571429,0,0
2021-04-19,0.428571428571429,0.804952065104523,0.344979456473367
2021-04-20,0.428571428571429,0.804952065104523,0.344979456473367
2021-04-21,0.428571428571429,0.804952065104523,0.344979456473367
2021-04-22,0.285714285714286,0.804952065104523,0.229986304315578
2021-04-23,0.142857142857143,0.804952065104523,0.114993152157789
2021-04-24,0,0.804952065104523,0
2021-04-25,0,0.804952065104523,0
2021-04-26,0,0.804952065104523,0
2021-04-27,0,0.804952065104523,0
