"fecha","rho7dpromedio","incidenciaAcum14d","riesgopor10"
2020-02-09,0.5,0.254109587300619,0.12705479365031
2020-02-10,0.4,0.254109587300619,0.101643834920248
2020-02-11,0.333333333333333,0.254109587300619,0.0847031957668731
2020-02-12,0.285714285714286,0.254109587300619,0.0726027392287484
2020-02-13,0.285714285714286,0.254109587300619,0.0726027392287484
2020-02-14,0.285714285714286,0.254109587300619,0.0726027392287484
2020-02-15,0.428571428571429,0.254109587300619,0.108904108843123
2020-02-16,0.428571428571429,0.254109587300619,0.108904108843123
2020-02-17,0.428571428571429,0.508219174601239,0.217808217686245
2020-02-18,0.428571428571429,0.508219174601239,0.217808217686245
2020-02-19,0.428571428571429,0.508219174601239,0.217808217686245
2020-02-20,0.285714285714286,0.508219174601239,0.145205478457497
2020-02-21,0.142857142857143,0.508219174601239,0.0726027392287484
2020-02-22,0,0.508219174601239,0
2020-02-23,0,0.254109587300619,0
2020-02-24,0,0.254109587300619,0
2020-02-25,0,0.254109587300619,0
2020-02-26,0,0.254109587300619,0
2020-02-27,0.142857142857143,0.254109587300619,0.0363013696143742
2020-02-28,0.285714285714286,0.254109587300619,0.0726027392287484
2020-02-29,0.428571428571429,0.254109587300619,0.108904108843123
2020-03-01,0.571428571428571,0.254109587300619,0.145205478457497
2020-03-02,0.714285714285714,0.254109587300619,0.181506848071871
2020-03-03,0.857142857142857,0.254109587300619,0.217808217686245
2020-03-04,0.857142857142857,0.254109587300619,0.217808217686245
2020-03-05,0.714285714285714,0.508219174601239,0.363013696143742
2020-03-06,0.571428571428571,0.508219174601239,0.290410956914993
2020-03-07,0.428571428571429,0.508219174601239,0.217808217686245
2020-03-08,0.571428571428571,0.508219174601239,0.290410956914993
2020-03-09,0.714285714285714,0.508219174601239,0.363013696143742
2020-03-10,1.14285714285714,0.508219174601239,0.580821913829987
2020-03-11,1.57142857142857,0.508219174601239,0.798630131516232
2020-03-12,2,1.01643834920248,2.03287669840495
2020-03-13,2.07142857142857,1.01643834920248,2.1054794376337
2020-03-14,2.07142857142857,1.52465752380372,3.15821915645055
2020-03-15,1.78571428571429,1.77876711110433,3.17636984125774
2020-03-16,1.54761904761905,1.52465752380372,2.35958902493432
2020-03-17,1.21428571428571,1.52465752380372,1.85136985033308
2020-03-18,1.35714285714286,1.52465752380372,2.06917806801933
2020-03-19,1.5,1.2705479365031,1.90582190475464
2020-03-20,1.85714285714286,1.52465752380372,2.83150682992119
2020-03-21,2.14285714285714,2.54109587300619,5.44520544215613
2020-03-22,2.2,2.79520546030681,6.14945201267499
2020-03-23,2.17619047619048,2.79520546030681,6.0828995017153
2020-03-24,2.02380952380952,3.30342463490805,6.68550223731391
2020-03-25,1.73809523809524,3.30342463490805,5.74166662734018
2020-03-26,1.73809523809524,2.79520546030681,4.85833330005708
2020-03-27,1.88095238095238,3.04931504760743,5.73561639907112
2020-03-28,2.16666666666667,3.04931504760743,6.6068492698161
2020-03-29,2.68095238095238,3.55753422220867,9.53757984334991
2020-03-30,2.96666666666667,4.31986298411053,12.8155935195279
2020-03-31,3.04166666666667,5.59041092061362,17.0041665501998
2020-04-01,2.84686147186147,7.11506844441734,20.2556142240691
2020-04-02,2.36726963512678,8.38561638092044,19.8510150303747
2020-04-03,1.92976963512678,8.63972596822106,16.6726808292893
2020-04-04,1.53416523952238,8.13150679361982,12.4750750677116
2020-04-05,1.2484509538081,8.63972596822106,10.7862741256662
2020-04-06,1.20423326673327,9.65616431742353,11.6282743000841
2020-04-07,1.23399517149517,11.1808218412272,13.7970801654222
2020-04-08,1.23832417582418,12.1972601904297,15.1041621726269
2020-04-09,1.21791601255887,13.7219177142334,16.7121433071801
2020-04-10,1.17922553636839,14.2301368888347,16.7805408053317
2020-04-11,1.15724751439037,14.4842464761353,16.7618582323251
2020-04-12,1.0858189429618,14.7383560634359,16.0031862017946
2020-04-13,1.03479853479853,14.2301368888347,14.7253248025487
2020-04-14,1.09432234432234,14.7383560634359,16.1285123587966
2020-04-15,1.16575091575092,14.7383560634359,17.1812520776135
2020-04-16,1.25758765044479,14.7383560634359,18.5347745732352
2020-04-17,1.30520669806384,15.2465752380372,19.8999321232204
2020-04-18,1.3608843537415,16.008903999939,21.7862669740667
2020-04-19,1.37108843537415,16.5171231745403,22.6464365702625
2020-04-20,1.34047619047619,17.0253423491415,22.8220660537301
2020-04-21,1.25119047619048,16.7712327618409,20.984006705589
2020-04-22,1.21150793650794,18.041780698344,21.8577605047794
2020-04-23,1.1651257472686,18.041780698344,21.0209432182143
2020-04-24,1.10019068233354,18.041780698344,19.8493990170231
2020-04-25,0.985904968047825,19.5664382221477,19.2906486502163
2020-04-26,0.848716759431045,19.5664382221477,16.6063640415089
2020-04-27,0.781114718614719,20.5828765713502,16.0775878413117
2020-04-28,0.739448051948052,19.5664382221477,14.468364626929
2020-04-29,0.826749639249639,19.0582190475464,15.7563757222996
2020-04-30,0.912247474747475,18.8041094602458,17.1540013699844
2020-05-01,1.08107864357864,19.0582190475464,20.6034335969462
2020-05-02,1.15067571317571,19.3123286348471,22.2222275249864
2020-05-03,1.24432650682651,19.8205478094483,24.6632330191186
2020-05-04,1.23936618936619,19.3123286348471,23.9350471479579
2020-05-05,1.24636899048664,19.5664382221477,24.3870018543574
2020-05-06,1.10727124612574,18.041780698344,19.9771449961826
2020-05-07,1.0191760080305,18.5499998729452,18.9057148194745
2020-05-08,0.862648325187025,18.5499998729452,16.0021263226157
2020-05-09,0.861078466474309,17.2794519364421,14.8789639749481
2020-05-10,0.83250703790288,17.0253423491415,14.1737173283662
2020-05-11,0.978538783934626,17.0253423491415,16.6599577983996
2020-05-12,1.03105979233799,17.2794519364421,17.8161481253022
2020-05-13,1.15825277479413,18.041780698344,20.896942556084
2020-05-14,1.16003848907984,18.2958902856446,21.2239369233297
2020-05-15,1.17695578231293,18.5499998729452,21.8325296123669
2020-05-16,1.06924603174603,18.041780698344,19.2911024173364
2020-05-17,0.964484126984127,18.041780698344,17.4010111060814
2020-05-18,0.740954715219421,17.5335615237427,12.991575085607
2020-05-19,0.628317352582058,16.2630135872396,10.2183336421405
2020-05-20,0.533079257343963,16.008903999939,8.53401465517829
2020-05-21,0.580273134894984,13.9760273015341,8.10991317563905
2020-05-22,0.644558849180698,13.7219177142334,8.84458349043854
2020-05-23,0.803289007910857,13.7219177142334,11.022665667301
2020-05-24,0.993765198387047,13.7219177142334,13.6363642795359
2020-05-25,1.10300889586604,12.705479365031,14.0142567658715
2020-05-26,1.14421768707483,12.1972601904297,13.9563208437434
2020-05-27,1.10850340136054,11.1808218412272,12.3939790410067
2020-05-28,1.04047619047619,11.1808218412272,11.6333789157531
2020-05-29,1.01190476190476,9.91027390472415,10.0282533559709
2020-05-30,0.972222222222222,8.89383555552167,8.64678456786829
2020-05-31,1.06746031746032,7.62328761901858,8.13755702188888
2020-06-01,1.4484126984127,7.62328761901858,11.0416665910388
2020-06-02,1.73412698412698,8.38561638092044,14.5417236446914
2020-06-03,1.80555555555556,8.63972596822106,15.5995052203991
2020-06-04,1.82720057720058,9.91027390472415,18.1080581989278
2020-06-05,1.74556792413935,10.1643834920248,17.74262179233
2020-06-06,1.5969387755102,9.91027390472415,15.8261006743809
2020-06-07,1.2895794681509,10.1643834920248,13.1077802577271
2020-06-08,0.808627087198516,10.4184930793254,8.42467571173279
2020-06-09,0.511008039579468,9.91027390472415,5.06422963974865
2020-06-10,0.487198515769944,9.14794514282229,4.45686529592789
2020-06-11,0.656029684601113,8.38561638092044,5.50121326956116
2020-06-12,0.809090909090909,8.38561638092044,6.78472598092653
2020-06-13,1.02121212121212,9.14794514282229,9.34199246403368
2020-06-14,1.32857142857143,8.89383555552167,11.8160958094788
2020-06-15,1.85714285714286,8.38561638092044,15.5732875645665
2020-06-16,2.33333333333333,7.36917803171796,17.1947487406752
2020-06-17,2.78571428571429,7.36917803171796,20.5284245169286
2020-06-18,3.07142857142857,8.38561638092044,25.7558217413985
2020-06-19,3.23469387755102,10.672602666626,34.5226025032698
2020-06-20,3.20493197278912,13.9760273015341,44.7922167512601
2020-06-21,3.02989979775694,15.5006848253378,46.965521817385
2020-06-22,2.59756897068927,17.0253423491415,44.2245010014919
2020-06-23,2.19420762615146,21.8534245078533,47.9509507126568
2020-06-24,1.81582924777308,23.8863012062582,43.373444351441
2020-06-25,1.42807414573226,26.9356162538656,38.4660571715112
2020-06-26,1.20731755041121,30.4931504760743,36.8149157370944
2020-06-27,1.11481433290799,32.5260271744793,36.2604812866642
2020-06-28,1.08151317460683,38.3705476823935,41.4982528353882
2020-06-29,1.04527257310307,40.9116435553997,42.7638189290283
2020-06-30,1.03276090176787,43.1986298411053,44.6138559098363
2020-07-01,0.998440867447836,44.723287364909,44.6535578317386
2020-07-02,1.07191025520294,46.2479448887127,49.5736464082715
2020-07-03,1.10695256480971,46.2479448887127,51.1942812117385
2020-07-04,1.16969387755102,47.7726024125164,55.8793205565996
2020-07-05,1.1700583090379,49.2972599363201,57.6806686012926
2020-07-06,1.17862973760933,51.3301366347251,60.4992254732371
2020-07-07,1.12360328258287,50.3136982855226,56.5326365524976
2020-07-08,1.06821658889831,51.8383558093263,55.3745916167354
2020-07-09,0.90948643016815,51.8383558093263,47.1462811708106
2020-07-10,0.810672951288226,50.8219174601238,41.1999538175252
2020-07-11,0.749317639932914,51.3301366347251,38.4625768405662
2020-07-12,0.740494561829492,47.7726024125164,35.3753522909109
2020-07-13,0.755116410568988,47.2643832379152,35.6901114183716
2020-07-14,0.788227863035279,47.0102736506146,37.0548075403276
2020-07-15,0.863455826561115,48.2808215871177,41.6883567105544
2020-07-16,0.957007413862703,46.2479448887127,44.2596261344117
2020-07-17,1.07596572486903,45.4856161268108,48.9409639269983
2020-07-18,1.21113056003386,43.1986298411053,52.3191807521533
2020-07-19,1.39508181748784,42.4363010792034,59.2021120370363
2020-07-20,1.56290894834018,42.690410666504,66.7212248389963
2020-07-21,1.64521523919861,42.9445202538047,70.6529791616328
2020-07-22,1.656084804416,44.4691777776084,73.644729582371
2020-07-23,1.64201809282571,47.2643832379152,77.6089724229047
2020-07-24,1.62441591710613,51.3301366347251,83.38149097668
2020-07-25,1.5644952821855,51.3301366347251,80.3057565989643
2020-07-26,1.48158508893048,54.1253420950319,80.1912997812602
2020-07-27,1.43595109762904,60.2239721902468,86.4786789701654
2020-07-28,1.42996096373193,65.3061639362592,93.3852651199283
2020-07-29,1.3971464759672,70.6424652695722,98.6978714050182
2020-07-30,1.34885125824969,77.5034241266889,104.540591151944
2020-07-31,1.30743002010714,84.6184925711062,110.632757443678
2020-08-01,1.27669477003227,87.9219172060143,112.249451868129
2020-08-02,1.26824342756031,91.7335610155235,116.34048584464
2020-08-03,1.253908816036,96.0534239996341,120.442235163585
2020-08-04,1.29557548270267,103.168492444051,133.662569397909
2020-08-05,1.31954196859232,108.758903364665,143.511937447752
2020-08-06,1.37327294551917,116.636300570984,160.173476039575
2020-08-07,1.38429869598154,122.734930666199,169.901804472605
2020-08-08,1.37501849916177,131.628766221721,180.991988576707
2020-08-09,1.29952797704671,135.186300443929,175.678379540328
2020-08-10,1.24045911413989,145.096574348654,179.986368081264
2020-08-11,1.16972627554991,151.95753320577,177.748719358538
2020-08-12,1.16003600055115,150.941094856568,175.097103996225
2020-08-13,1.13393537162034,156.785615364482,177.784755023047
2020-08-14,1.15615836475154,166.695889269206,192.726846748289
2020-08-15,1.16486331996983,175.843834412029,204.834032749421
2020-08-16,1.17261470836638,183.213012443746,214.83827315565
2020-08-17,1.10986253516645,188.80342336436,209.545846103273
2020-08-18,1.05713526243917,196.93493015798,208.186859075997
2020-08-19,1.0026346619263,199.730135618287,200.256357002136
2020-08-20,0.97667608879792,201.763012316692,197.057109733553
2020-08-21,0.941468452053746,197.951368507182,186.364968490378
2020-08-22,0.973595937194143,200.238354792888,194.951248696795
2020-08-23,1.05695376832268,206.845204062704,218.625817893548
2020-08-24,1.16750036458356,202.017121903992,235.855063475032
2020-08-25,1.28303457826903,210.656847872213,270.280019969209
2020-08-26,1.371114254584,219.042464253134,300.332245096678
2020-08-27,1.44273867403451,227.936299808655,328.852514950272
2020-08-28,1.47276891104593,229.96917650706,338.691453658432
2020-08-29,1.47711064774061,243.182875046693,359.208014079643
2020-08-30,1.42575988999846,252.584929776816,360.125461693861
2020-08-31,1.36506275934047,260.208217395834,355.200547241421
2020-09-01,1.28608831241884,274.692463871969,353.278767295275
2020-09-02,1.24454581682635,289.939039110007,360.842418259012
2020-09-03,1.2129037204907,300.611641776633,364.612978733696
2020-09-04,1.19908201587952,319.92397041148,383.615079369178
2020-09-05,1.17366840632694,336.186983998719,394.572041737638
2020-09-06,1.15703298194052,352.195887998658,407.502258518279
2020-09-07,1.14275466787517,377.860956316021,431.80237163791
2020-09-08,1.11945302848288,389.041778157248,435.513996764494
2020-09-09,1.10838613080349,400.984928760377,444.446133699228
2020-09-10,1.10683966567337,409.624654728598,453.38881589137
2020-09-11,1.12050744950244,421.821914919028,472.654598030156
2020-09-12,1.11787227856722,427.412325839642,477.792390574075
2020-09-13,1.11593102320069,446.724654474489,498.513900756691
2020-09-14,1.10982447099077,467.561640633139,518.911350471248
2020-09-15,1.10191724347283,467.561640633139,515.214234200101
2020-09-16,1.06408791348469,473.660270728354,504.01616917993
2020-09-17,0.998096123834442,486.619859680686,485.693395728153
2020-09-18,0.903537041608215,493.734928125103,446.107796296801
2020-09-19,0.818891066774537,500.087667807619,409.517323771771
2020-09-20,0.753717232232871,491.447941839398,370.412782509732
2020-09-21,0.717787821121297,473.406161141054,339.805176910835
2020-09-22,0.706915165395525,460.954791363323,325.855932576463
2020-09-23,0.731853269803337,455.61849003001,333.445881711322
2020-09-24,0.769884793339799,449.519859934795,346.078504468035
2020-09-25,0.816147950094422,437.830818918967,357.334725348877
2020-09-26,0.880247296029129,424.871229966635,373.991751338701
2020-09-27,0.959096964043582,402.00136710958,385.558290736167
2020-09-28,1.04983129117276,382.434928887432,401.492155183454
2020-09-29,1.13198888888165,370.745887871603,419.680225669217
2020-09-30,1.20895455887058,364.393148189088,440.534757724399
2020-10-01,1.25981567316393,355.753422220867,448.183737095553
2020-10-02,1.29893078746113,348.130134601848,452.196949877329
2020-10-03,1.30145994425992,345.080819554241,449.108864182229
2020-10-04,1.27153709689838,359.310956443076,456.877210439408
2020-10-05,1.21107710536269,366.680134474794,444.077915853735
2020-10-06,1.15059659522385,377.860956316021,434.765529805242
2020-10-07,1.08784281153983,386.754791871543,420.728420166042
2020-10-08,1.04745679845738,386.500682284242,404.842767267046
2020-10-09,1.03306540438143,401.493147934978,414.768681227823
2020-10-10,1.03130082652404,417.756161522218,430.832274663373
2020-10-11,1.03124268441092,428.174654601543,441.551980208013
2020-10-12,1.00687709016581,435.543832633261,438.539106841441
2020-10-13,0.9753790059823,451.806846220501,440.68291256255
2020-10-14,0.932244254850396,453.331503744305,422.615689908319
2020-10-15,0.88945755021532,451.044517458599,401.184951536777
2020-10-16,0.840322773237084,446.470544887188,375.179366448274
2020-10-17,0.800322915851782,438.339038093568,350.81277709871
2020-10-18,0.774514456679851,428.682873776145,332.021083070688
2020-10-19,0.767050732340677,422.83835326823,324.338468536122
2020-10-20,0.763050929012015,413.690408125408,315.666850243452
2020-10-21,0.746588679087415,398.952052061972,297.853085568161
2020-10-22,0.742141953514539,394.12396990326,292.495932950911
2020-10-23,0.729211454944354,375.319860443015,273.687541503163
2020-10-24,0.733708809441708,356.261641395468,261.392304758018
2020-10-25,0.723580328734247,336.949312760621,243.809894494109
2020-10-26,0.733797925706811,322.719175871786,236.810661840528
2020-10-27,0.723337871952666,297.816436316326,215.421907277578
2020-10-28,0.725861742292628,282.823970665589,205.291100109444
2020-10-29,0.710156062430322,266.81506666565,189.480337140362
2020-10-30,0.710448203826757,254.109587300619,180.531699872884
2020-10-31,0.69954594818766,236.576025776877,165.495800270553
2020-11-01,0.725083622875743,217.771916316631,157.902850043456
2020-11-02,0.777246139258443,206.336984888103,160.374624890506
2020-11-03,0.854210158845414,190.582190475464,162.797243199153
2020-11-04,0.932402155997656,182.450683681845,170.117410828198
2020-11-05,0.998960597556097,173.302738539022,173.12260724905
2020-11-06,1.05892972881031,166.949998856507,176.788317014003
2020-11-07,1.09727855362826,159.072601650188,174.546954260603
2020-11-08,1.1024939731294,158.818492062887,175.096430320832
2020-11-09,1.06493940518923,150.941094856568,160.743119775165
2020-11-10,1.02056711081694,149.162327745464,152.230165869917
2020-11-11,0.972852164466951,146.113012697856,142.146360659896
2020-11-12,0.946259709303068,141.539040126445,133.932690965085
2020-11-13,0.923413402638809,141.030820951844,130.229750252087
2020-11-14,0.913823976317099,142.047259301046,129.806191319428
2020-11-15,0.933737396230519,141.539040126445,132.160294792634
2020-11-16,0.942458412401353,142.047259301046,133.873634486827
2020-11-17,0.960628838466516,144.080135999451,138.40753369125
2020-11-18,0.95491097909012,141.793149713746,135.399835421425
2020-11-19,0.94792440067497,143.317807237549,135.854446531705
2020-11-20,0.925440830975904,138.489725078837,128.164046258584
2020-11-21,0.921189130295632,137.727396316936,126.87298043108
2020-11-22,0.886789916064485,134.678081269328,119.431164384553
2020-11-23,0.873273361263526,132.136985396322,115.391709384276
2020-11-24,0.842947546727185,129.595889523316,109.242537139606
2020-11-25,0.846087264152617,126.546574475708,107.069444986038
2020-11-26,0.854521230033391,125.276026539205,107.051024291977
2020-11-27,0.858348852505082,120.956163555095,103.822584190933
2020-11-28,0.869992579763427,118.669177269389,103.241303670999
2020-11-29,0.897618820132992,117.652738920187,105.607312694953
2020-11-30,0.918186157156026,113.841095110677,104.527317646107
2020-12-01,0.90404032746552,109.013012951966,98.552159927098
2020-12-02,0.872245720625705,110.79178006307,96.6376560405172
2020-12-03,0.840186088262122,104.439040380555,87.7482287991879
2020-12-04,0.830245411654778,102.66027326945,85.2332208411867
2020-12-05,0.785353385076705,96.5616431742353,75.8350133354547
2020-12-06,0.75225829049879,92.2417801901248,69.3896438783884
2020-12-07,0.736444369993879,93.2582185393273,68.6794899989464
2020-12-08,0.757408970749979,88.4301363806155,66.9777785793223
2020-12-09,0.754773117009212,81.8232871107994,61.7580174565578
2020-12-10,0.761254955027439,80.8068487615969,61.5146140199185
2020-12-11,0.765769946209096,78.2657528885907,59.9335613795106
2020-12-12,0.820195412047606,74.7082186663821,61.2753381924159
2020-12-13,0.844071629201134,70.1342460949709,59.1983273641754
2020-12-14,0.931436304801104,66.3226022854616,61.7752795975636
2020-12-15,0.977981713415478,64.2897255870567,62.8741759846406
2020-12-16,1.03876927554113,60.9863009521486,63.3506956579968
2020-12-17,1.03781464840726,58.1910954918418,60.391571308299
2020-12-18,1.03711493995245,58.1910954918418,60.3508545067887
2020-12-19,1.00539355574659,56.9205475553387,57.227551701705
2020-12-20,0.989719200898269,55.395890031535,54.8263760150592
2020-12-21,0.919931556110625,52.3465749839276,48.155266182026
2020-12-22,0.886545894153534,51.3301366347251,45.5065218798554
2020-12-23,0.898332116466072,53.6171229204307,48.165983511932
2020-12-24,0.924600232408101,49.8054791109214,46.0501575611547
2020-12-25,1.0060142265772,50.059588698222,50.3606584070144
2020-12-26,1.07333627734873,49.2972599363201,52.9125374635423
2020-12-27,1.19965488990013,51.0760270474245,61.273605604114
2020-12-28,1.2334984273151,50.8219174601238,62.6887552602003
2020-12-29,1.30900863139673,53.1089037458294,69.5200134073087
2020-12-30,1.32743946114831,52.3465749839276,69.4869092896245
2020-12-31,1.38837934161239,53.36301333313,74.0881053179044
2021-01-01,1.37342776776251,52.3465749839276,71.8942396301887
2021-01-02,1.39361053023704,56.4123283807375,78.6168148665855
2021-01-03,1.31351182408791,60.2239721902468,79.1048995654307
2021-01-04,1.29741881972199,61.4945201267499,79.7841477222178
2021-01-05,1.2219661034242,65.3061639362592,79.8019186747726
2021-01-06,1.20010327024061,67.8472598092654,81.4237183739638
2021-01-07,1.1534654492731,70.1342460949709,80.8974296813658
2021-01-08,1.14901547872143,74.4541090790814,85.5489237862786
2021-01-09,1.10557374525275,76.741095364787,84.8429402172458
2021-01-10,1.11168633521627,79.7904104123945,88.7019089367567
2021-01-11,1.12429294502437,83.3479446346031,93.7075061349661
2021-01-12,1.18212042941121,85.6349309203087,101.230801312115
2021-01-13,1.19871494600573,88.4301363806155,106.002526156769
2021-01-14,1.2001193190072,89.7006843171186,107.65152417714
2021-01-15,1.1798950130686,97.3239719361372,114.832069139477
2021-01-16,1.15268412871486,99.3568486345421,114.527062500162
2021-01-17,1.1054557213552,100.119177396444,110.677317470275
2021-01-18,1.05962238802187,101.897944507548,107.973343293608
2021-01-19,1.00260877563105,103.422602031352,103.692408395231
2021-01-20,0.970141243163516,104.439040380555,101.320620469596
2021-01-21,0.946887892880132,106.980136253561,101.298195797164
2021-01-22,0.912729548691393,109.013012951966,99.4993981131366
2021-01-23,0.88964152560337,109.013012951966,96.9825031532066
2021-01-24,0.86640516534684,109.013012951966,94.449437511605
2021-01-25,0.849089148030823,109.775341713868,93.2090513706202
2021-01-26,0.823727992332588,105.963697904358,87.2852641348939
2021-01-27,0.810570097595746,106.471917078959,86.3029522178984
2021-01-28,0.819407650212101,104.439040380555,85.5781486686369
2021-01-29,0.887579599843017,98.5945198726403,87.5104844952725
2021-01-30,0.951978692813539,95.7993144123335,91.1989061066864
2021-01-31,1.05165541695147,94.5287664758304,99.4116893220475
2021-02-01,1.12228406366707,94.0205473012291,105.517761893426
2021-02-02,1.18103657875762,94.0205473012291,111.041705517562
2021-02-03,1.21006748936747,92.749999364726,112.233758870109
2021-02-04,1.22950486262545,93.2582185393273,114.661433173889
2021-02-05,1.19339811223298,91.4794514282229,109.17140464255
2021-02-06,1.17198100606467,92.4958897774254,108.403425958194
2021-02-07,1.13829122201151,93.7664377139285,106.733512969054
2021-02-08,1.13656589419923,94.2746568885297,107.149359706837
2021-02-09,1.134642264509,97.0698623488366,110.139568431061
2021-02-10,1.12636803283051,98.5945198726403,111.053715396815
2021-02-11,1.10913381356141,104.184930793254,115.555029606353
2021-02-12,1.11702927944007,108.504793777364,121.203031608923
2021-02-13,1.1144889765578,110.029451301168,122.626610571856
2021-02-14,1.13902492705919,111.808218412272,127.352347821657
2021-02-15,1.15417644221071,113.332875936076,130.806135533408
2021-02-16,1.22115708061992,117.652738920187,143.672475186712
2021-02-17,1.23929832216541,120.956163555095,149.900770549394
2021-02-18,1.25642361490546,127.817122412212,160.592450987964
2021-02-19,1.21775679682688,129.849999110616,158.125718984917
2021-02-20,1.19237709877184,137.219177142334,163.617004336835
2021-02-21,1.10031069422837,138.235615491537,152.102126048579
2021-02-22,1.00730870046302,139.50616342804,140.52577218928
2021-02-23,0.872203495590369,144.080135999451,125.667198263857
2021-02-24,0.820489443876317,144.588355174052,118.63321912775
2021-02-25,0.774512321148077,140.776711364543,109.033297482545
2021-02-26,0.756515352216528,139.252053840739,105.346316558202
2021-02-27,0.74343749333575,140.522601777242,104.469770822291
2021-02-28,0.769028891185212,140.776711364543,108.261358245375
2021-03-01,0.821626844546524,138.997944253439,114.204442335407
2021-03-02,0.887176137166629,131.12054704712,116.327020432439
2021-03-03,0.953690703681196,129.087670348715,123.109711171432
2021-03-04,0.9858320073536,122.480821078898,120.745513706528
2021-03-05,1.01612138917997,124.005478602702,126.004619183705
2021-03-06,1.01442851019351,117.652738920187,119.350292662991
2021-03-07,1.001218064725,113.332875936076,113.470922714437
2021-03-08,0.973254215708523,109.775341713868,106.839314103865
2021-03-09,0.978883187321795,105.963697904358,103.726082345022
2021-03-10,0.980247408686017,104.184930793254,102.127008434219
2021-03-11,0.997651212312731,103.930821205953,103.686709772777
2021-03-12,1.03012805847288,103.422602031352,106.53852423277
2021-03-13,1.08483865617473,103.168492444051,111.921168702578
2021-03-14,1.15514363209769,103.422602031352,119.467960151489
2021-03-15,1.19076877743526,104.184930793254,124.06016266786
2021-03-16,1.19983029364388,108.504793777364,130.187338579664
2021-03-17,1.20905335128799,109.521232126567,132.417012739816
2021-03-18,1.26300293111993,112.316437586874,141.85598988517
2021-03-19,1.28777370899629,109.267122539266,140.711327663744
2021-03-20,1.32319136443056,112.824656761475,149.288611521626
2021-03-21,1.34562246598945,120.956163555095,162.76133107963
2021-03-22,1.41323215191608,127.817122412212,180.635266958331
2021-03-23,1.45700820909298,131.882875809021,192.154432692534
2021-03-24,1.49064229430601,139.50616342804,207.953787522202
2021-03-25,1.47827339738015,149.924656507365,221.629631326195
2021-03-26,1.47823707468936,163.392464634298,241.53279894729
2021-03-27,1.44337312911113,175.843834412029,253.808265510189
2021-03-28,1.40938089399382,186.008217904053,262.156428439813
2021-03-29,1.35434815792577,195.156163046876,264.309389930397
2021-03-30,1.33208224758461,208.369861586508,277.565793551049
2021-03-31,1.29856954205397,222.854108062643,289.391557051751
2021-04-01,1.26504922615184,237.338354538778,300.244701745432
2021-04-02,1.22465761842552,255.380135237122,312.753228212682
2021-04-03,1.19315208691999,271.897258411663,324.414781301699
2021-04-04,1.15149597997117,281.553422729086,324.207634419666
2021-04-05,1.08665327334545,289.176710348105,314.234818875038
2021-04-06,1.0001928827376,306.710271871847,306.769430988736
2021-04-07,0.923060159364973,312.808901967062,288.741434900499
2021-04-08,0.887475045807603,318.399312887676,282.571444790099
2021-04-09,0.871437702368124,314.079449903565,273.700674185007
2021-04-10,0.890490554056959,312.554792379762,278.327090239412
2021-04-11,0.920527122908411,317.382874538473,292.159544359302
2021-04-12,0.971370261933559,322.465066284486,313.232975901184
2021-04-13,1.00509069204109,321.956847109885,323.59583026904
2021-04-14,1.03317201838025,320.686299173382,331.324110983856
2021-04-15,1.0611136758841,317.382874538473,336.779308664183
2021-04-16,1.08778432324441,314.841778665467,342.479951134681
2021-04-17,1.09182843517298,309.251367744854,337.649436919968
2021-04-18,1.06683087634084,307.472600633749,328.021263984899
2021-04-19,1.0331751703447,315.095888252768,325.54924802047
2021-04-20,0.995460884630419,308.997258157553,307.594683953892
2021-04-21,0.978777567947103,311.79246361786,305.175469244124
2021-04-22,0.956528837020363,306.964381459148,293.620282803794
2021-04-23,0.961967812320865,309.251367744854,297.489861686752
2021-04-24,0.96918590401851,310.013696506756,300.46090470702
2021-04-25,1.00624283205288,312.554792379762,314.506019455912
2021-04-26,1.0281236749454,316.11232660197,325.002566921558
2021-04-27,1.06700969866897,317.128764951173,338.379467929813
2021-04-28,1.08397537188464,317.636984125774,344.310667992051
2021-04-29,1.1027783544267,318.907532062277,351.684323421918
2021-04-30,1.06894986239997,318.145203300375,340.081271291146
2021-05-01,1.02644593775318,325.514381332093,334.122914398568
2021-05-02,0.958796655818188,326.276710093995,312.833018509483
2021-05-03,0.932350412455835,321.956847109885,300.176599195881
2021-05-04,0.9041181417589,314.841778665467,284.654163875089
2021-05-05,0.932082947899936,310.267806094056,289.195331342594
2021-05-06,0.991432185834816,313.317121141664,310.632678272951
2021-05-07,1.11652767857737,319.161641649578,356.352806841945
2021-05-08,1.23257709145835,318.907532062277,393.078118313483
2021-05-09,1.37481900114212,323.227395046388,444.379164399445
2021-05-10,1.48648338371094,336.949312760621,500.869554571485
2021-05-11,1.56533148329855,344.82670996694,539.768105393511
2021-05-12,1.5766447601856,361.852052316082,570.512142246556
2021-05-13,1.53148324184249,381.67260012553,584.525190962699
2021-05-14,1.43034108043247,400.222599998475,572.454826095312
2021-05-15,1.32253848813465,412.165750601604,545.105068661527
2021-05-16,1.2057896039439,435.289723045961,524.867822752439
2021-05-17,1.10515836045551,452.060955807802,499.598944746503
2021-05-18,1.04107878095893,471.373284442649,490.736724344161
2021-05-19,0.995726648814349,490.177393902895,488.08269375548
2021-05-20,0.967418201731086,511.776708823447,495.102103337833
2021-05-21,0.947181741762483,528.293831997987,500.39027195423
2021-05-22,0.947830787218046,548.622598982037,520.001389878754
2021-05-23,0.94971437721639,554.721229077252,526.826726601813
2021-05-24,0.958384189227216,550.401366093141,527.495966992727
2021-05-25,0.96647080353549,556.245886601056,537.595408986633
2021-05-26,0.982649727935438,558.27876329946,548.592474868348
2021-05-27,0.994469593413841,552.180133204246,549.126352558827
2021-05-28,1.01864541758966,551.417804442344,561.699219672547
2021-05-29,1.03145040920822,546.589722283632,563.780192718457
2021-05-30,1.04365616960212,540.236982601117,563.821659938887
2021-05-31,1.03494108054539,542.523968886822,561.480342581501
2021-06-01,1.02199869558251,551.671914029644,563.807976527801
2021-06-02,0.988430620465134,547.097941458233,540.768357730759
2021-06-03,0.958086468782071,543.032188061423,520.27179149477
2021-06-04,0.925206001328299,540.236982601117,499.830498442045
2021-06-05,0.909300898811472,534.392462093202,485.923546099424
2021-06-06,0.886533772618163,532.613694982098,472.180028360579
2021-06-07,0.867491855037787,531.089037458294,460.715414294928
2021-06-08,0.856832028813067,527.785612823386,452.22361741381
2021-06-09,0.860773735616615,519.654106029766,447.304606075755
2021-06-10,0.878866813979903,511.014380061545,449.113580102606
2021-06-11,0.889441927213427,496.276023998109,441.408703214695
2021-06-12,0.907225630381502,493.480818537803,447.698446679138
2021-06-13,0.927860299642349,483.062325458477,448.214354045833
2021-06-14,0.971169526981809,474.168489902956,460.497988048732
2021-06-15,1.00650726150513,456.634928379213,459.606371270551
2021-06-16,1.06250963476638,452.315065395102,480.589114932283
2021-06-17,1.11514442914215,446.216435299887,497.595772016337
2021-06-18,1.18601677832709,444.945887363384,527.713287860607
2021-06-19,1.21931853404263,447.995202410992,546.248853461904
2021-06-20,1.22942482416622,452.315065395102,556.087369741108
2021-06-21,1.20279349440089,464.258215998231,558.406761924835
2021-06-22,1.17135257972121,474.168489902956,555.418483870339
2021-06-23,1.117157278041,477.217804950563,533.127344011273
2021-06-24,1.06975664772778,483.570544633078,517.302804766578
2021-06-25,1.02127717585946,492.4643801886,502.942631410394
2021-06-26,1.00911077083591,497.292462347312,501.823180010185
2021-06-27,1.0177512626621,508.219174601239,517.2407066595
2021-06-28,1.03794109535193,520.924653966269,540.689105933575
2021-06-29,1.04891118968772,533.376023744,559.464079616222
2021-06-30,1.06009686941094,542.778078474123,575.397341775301
2021-07-01,1.05922991682893,555.229448251853,588.115642292785
2021-07-02,1.05188326282198,555.991777013755,584.838444507418
2021-07-03,1.0258603693222,556.754105775657,571.151972572665
2021-07-04,1.00850142574477,563.360955045473,568.150326372293
2021-07-05,1.00319254543589,559.549311235964,561.335697835704
2021-07-06,1.0195782056036,558.02465371216,568.949775114417
2021-07-07,1.02761085234458,559.295201648663,574.737818878414
2021-07-08,1.03477399346309,567.172598854982,586.895455100011
2021-07-09,1.02380778125207,578.353420696209,592.122732422529
2021-07-10,1.01442931420763,586.230817902529,594.68972657224
2021-07-11,0.990567792197695,585.468489140627,579.946228689351
2021-07-12,0.961082742363808,579.623968632712,557.066593313321
2021-07-13,0.93201140386624,578.861639870811,539.505649620308
2021-07-14,0.925262363162695,577.845201521608,534.658416702107
2021-07-15,0.92294209164156,571.238352251792,527.219919653147
2021-07-16,0.943888989377819,566.664379680381,534.868268652923
2021-07-17,0.981639735151766,567.934927616884,557.507491929276
2021-07-18,1.04619808509196,565.139722156577,591.248095129612
2021-07-19,1.11014428780805,563.106845458172,625.129847911
2021-07-20,1.16038307855317,567.172598854982,658.137486330346
2021-07-21,1.17832125906165,574.795886474001,677.294212653503
2021-07-22,1.18495230752514,584.706160378725,692.848913964937
2021-07-23,1.1700517502553,588.771913775535,688.893608214227
2021-07-24,1.13872102890138,588.771913775535,670.446959442709
2021-07-25,1.08525322227247,593.854105521547,644.482081576996
2021-07-26,1.0321585290176,602.747941077069,622.131428230492
2021-07-27,0.978887251633433,615.7075300294,602.708251880489
2021-07-28,0.935943219962385,620.535612188112,580.786098972672
2021-07-29,0.893221980243369,626.126023108726,559.269526243082
2021-07-30,0.859998695721783,634.003420315045,545.242114554088
2021-07-31,0.832056944519595,629.937666918235,524.144010373789
2021-08-01,0.803545587499144,627.142461457928,503.93755763787
2021-08-02,0.771195691018812,624.855475172223,481.885849962331
2021-08-03,0.74048338363909,609.608899934186,451.405260919769
2021-08-04,0.731772793417187,595.886982219952,436.053881540032
2021-08-05,0.74285724886784,567.934927616884,421.894577865434
2021-08-06,0.767992339684128,540.999311363018,415.483326901186
2021-08-07,0.792375744470827,519.145886855165,411.358608585829
2021-08-08,0.829845287467202,506.948626664735,420.688928825701
2021-08-09,0.859766453257933,485.603421331483,417.505531248087
2021-08-10,0.883667616587147,456.889037966513,403.738047224664
2021-08-11,0.886406703641797,438.339038093568,388.546661834036
2021-08-12,0.873981991888227,419.280819046022,366.443885390369
2021-08-13,0.843817477102721,399.968490411175,337.500402499341
2021-08-14,0.813636802682415,386.500682284242,314.471179368322
2021-08-15,0.779670039138186,365.663696125591,285.097028269654
2021-08-16,0.764946309053011,346.351367490744,264.940200197508
2021-08-17,0.74659126616944,332.629449776511,248.338242073889
2021-08-18,0.725813238589598,318.653422474977,231.282872554222
2021-08-19,0.706887999481023,310.521915681357,219.504215771009
2021-08-20,0.710893859250674,302.644518475038,215.148129719781
2021-08-21,0.7313803683568,286.127395300497,209.267959771849
2021-08-22,0.764611951588383,263.765751618043,201.678446106848
2021-08-23,0.797793786069163,251.314381840312,200.497052182014
2021-08-24,0.824757260732669,242.674655872091,200.147684426309
2021-08-25,0.84978453204325,232.002053205465,197.15175621628
2021-08-26,0.873844470413071,219.042464253134,191.409046173254
2021-08-27,0.897746440442007,205.0664369516,184.097663827424
2021-08-28,0.912969331241292,192.106847999268,175.387660544764
2021-08-29,0.90686702646642,187.024656253256,169.606493892295
2021-08-30,0.864029845862472,182.450683681845,157.642836099127
2021-08-31,0.822742350075481,175.843834412029,144.674169570436
2021-09-01,0.784303369701017,167.712327618409,131.537343691519
2021-09-02,0.744545081656669,158.056163300985,117.679939011272
2021-09-03,0.689192122863089,148.399998983562,102.276110332361
2021-09-04,0.652849873466547,148.654108570862,97.0488159707697
2021-09-05,0.640535409824649,144.588355174052,92.6139613372836
2021-09-06,0.653357709476217,132.645204570923,86.6647670314627
2021-09-07,0.66545560509131,124.005478602702,82.5201407981986
2021-09-08,0.686589643466727,117.144519745585,80.4302140462025
2021-09-09,0.695909006274462,111.299999237671,77.4546718678362
2021-09-10,0.694346445236922,106.217807491659,73.751957052693
2021-09-11,0.686031312221107,99.8650678091434,68.5105635141565
2021-09-12,0.694496920686715,89.9547939044192,62.4733273676273
2021-09-13,0.754130620320415,80.8068487615969,60.9389189827211
2021-09-14,0.846151717840334,72.9294515552777,61.7093807146517
2021-09-15,0.923837778285015,67.5931502219647,62.4451057283452
2021-09-16,0.990147078740657,64.2897255870567,63.6562839830627
2021-09-17,1.0459467050599,62.5109584759523,65.3831310480587
2021-09-18,1.07790416017309,59.7157530156455,64.3678586034333
2021-09-19,1.07345971572865,56.6664379680381,60.8291383925254
2021-09-20,1.01192125419019,56.4123283807375,57.0848340868246
2021-09-21,0.933585880873175,54.6335612696331,51.005121423149
2021-09-22,0.880141459007701,51.0760270474245,44.954128965837
2021-09-23,0.86320604048408,50.059588698222,43.2117393484538
2021-09-24,0.876905755403307,48.2808215871177,42.3377303253437
2021-09-25,0.91162797762553,48.026711999817,43.782494332397
2021-09-26,0.924441830439382,48.2808215871177,44.6328110831123
2021-09-27,0.921763259010811,48.7890407617189,44.9719452165333
2021-09-28,0.89784299323008,50.059588698222,44.9456509566783
2021-09-29,0.85690732071546,48.2808215871177,41.3721894681582
2021-09-30,0.807640648646746,46.5020544760133,37.5569494404137
2021-10-01,0.768679609685707,44.2150681903077,33.9872213587527
2021-10-02,0.743124054130152,41.6739723173016,30.9689312601408
2021-10-03,0.753405439411537,41.4198627300009,31.2059498804619
2021-10-04,0.778941153697251,39.386986031596,30.6801443401089
2021-10-05,0.824179248935346,38.1164380950929,31.4147773213043
2021-10-06,0.863861788617886,36.5917805712892,31.6102410130271
2021-10-07,0.893333333333333,34.5589038728842,30.8726207931099
2021-10-08,0.90047619047619,35.0671230474855,31.5771093727595
2021-10-09,0.882380952380952,33.7965751109824,29.821454133643
2021-10-10,0.837467532467532,31.5095888252768,26.3882576025711
2021-10-11,0.778896103896104,29.7308217141725,23.1572211987986
2021-10-12,0.760725677830941,27.4438354284669,20.8772303086013
2021-10-13,0.805963773069036,26.1732874919638,21.0947215406437
2021-10-14,0.942868534973798,25.6650683173625,24.1987853643941
2021-10-15,1.12322567783094,23.8863012062582,26.8297068632734
2021-10-16,1.34184039644566,23.8863012062582,32.051603880226
2021-10-17,1.40937286397813,25.1568491427613,35.4553805249992
2021-10-18,1.41775795714583,26.681506666565,37.827918385162
2021-10-19,1.36620049205453,26.1732874919638,35.7579582502056
2021-10-20,1.27638395938079,25.6650683173625,32.7584815166938
2021-10-21,1.19744795261093,24.9027395554607,29.8197344950895
2021-10-22,1.02443754313311,23.6321916189576,24.2097043209758
2021-10-23,0.689637838007298,23.8863012062582,16.472897121875
