"fecha","rho7dpromedio","incidenciaAcum14d","riesgopor10"
2020-01-07,0.5,0.196723375458365,0.0983616877291827
2020-01-08,0.4,0.196723375458365,0.0786893501833462
2020-01-09,0.333333333333333,0.196723375458365,0.0655744584861218
2020-01-10,0.285714285714286,0.196723375458365,0.0562066787023901
2020-01-11,0.142857142857143,0.196723375458365,0.0281033393511951
2020-01-12,0,0.196723375458365,0
2020-01-13,0,0.196723375458365,0
2020-01-14,0,0.196723375458365,0
2020-01-15,0,0.196723375458365,0
2020-01-16,0,0.196723375458365,0
2020-01-17,0,0.196723375458365,0
2020-01-18,0,0.196723375458365,0
2020-01-19,0,0.196723375458365,0
2020-01-20,0,0.196723375458365,0
2020-01-21,0,0,0
2020-01-22,0,0,0
2020-01-23,0.142857142857143,0,0
2020-01-24,0.571428571428571,0,0
2020-01-25,1,0,0
2020-01-26,1.28571428571429,0,0
2020-01-27,1.28571428571429,0.196723375458365,0.252930054160756
2020-01-28,1.28571428571429,0.590170126375096,0.758790162482267
2020-01-29,1.28571428571429,0.590170126375096,0.758790162482267
2020-01-30,1.14285714285714,0.590170126375096,0.674480144428682
2020-01-31,0.714285714285714,0.590170126375096,0.421550090267926
2020-02-01,0.285714285714286,0.590170126375096,0.16862003610717
2020-02-02,0,0.590170126375096,0
2020-02-03,0,0.590170126375096,0
2020-02-04,0,0.590170126375096,0
2020-02-05,0,0.590170126375096,0
2020-02-06,0,0.590170126375096,0
2020-02-07,0,0.590170126375096,0
2020-02-08,0,0.590170126375096,0
2020-02-09,0,0.590170126375096,0
2020-02-10,0,0.393446750916731,0
2020-02-11,0,0,0
2020-02-12,0,0,0
2020-02-13,0,0,0
2020-02-14,0,0,0
2020-02-15,0,0,0
2020-02-16,0,0,0
2020-02-17,0,0,0
2020-02-18,0,0,0
2020-02-19,0,0,0
2020-02-20,0,0,0
2020-02-21,0,0,0
2020-02-22,0,0,0
2020-02-23,0,0,0
2020-02-24,0,0,0
2020-02-25,0,0,0
2020-02-26,0,0,0
2020-02-27,0,0,0
2020-02-28,0,0,0
2020-02-29,0,0,0
2020-03-01,0,0,0
2020-03-02,0.142857142857143,0,0
2020-03-03,0.285714285714286,0,0
2020-03-04,0.428571428571429,0,0
2020-03-05,0.428571428571429,0,0
2020-03-06,0.428571428571429,0.196723375458365,0.0843100180535852
2020-03-07,0.428571428571429,0.196723375458365,0.0843100180535852
2020-03-08,0.714285714285714,0.196723375458365,0.140516696755975
2020-03-09,0.857142857142857,0.196723375458365,0.16862003610717
2020-03-10,1,0.196723375458365,0.196723375458365
2020-03-11,1.14285714285714,0.196723375458365,0.224826714809561
2020-03-12,1.42857142857143,0.590170126375096,0.843100180535852
2020-03-13,1.57142857142857,0.590170126375096,0.927410198589437
2020-03-14,1.57142857142857,0.590170126375096,0.927410198589437
2020-03-15,1.42857142857143,0.983616877291827,1.40516696755975
2020-03-16,1.35714285714286,0.983616877291827,1.33490861918177
2020-03-17,1.42857142857143,0.983616877291827,1.40516696755975
2020-03-18,1.42857142857143,0.983616877291827,1.40516696755975
2020-03-19,1.57142857142857,1.37706362820856,2.16395713004202
2020-03-20,1.57142857142857,1.37706362820856,2.16395713004202
2020-03-21,1.61904761904762,1.77051037912529,2.8665406138219
2020-03-22,1.5047619047619,1.96723375458365,2.96021841165921
2020-03-23,1.32619047619048,1.96723375458365,2.60892666976928
2020-03-24,1.01666666666667,2.16395713004202,2.20002308220939
2020-03-25,0.873809523809524,2.16395713004202,1.89088634934624
2020-03-26,0.730952380952381,1.77051037912529,1.29415877712253
2020-03-27,0.873809523809524,1.96723375458365,1.71898759031476
2020-03-28,0.969047619047619,1.96723375458365,1.9063431859894
2020-03-29,0.94047619047619,1.77051037912529,1.66512285655831
2020-03-30,0.904761904761905,1.96723375458365,1.77987815890902
2020-03-31,0.857142857142857,1.96723375458365,1.6862003610717
2020-04-01,0.785714285714286,1.96723375458365,1.54568366431573
2020-04-02,0.785714285714286,1.57378700366692,1.23654693145258
2020-04-03,0.785714285714286,1.37706362820856,1.08197856502101
2020-04-04,0.785714285714286,0.983616877291827,0.772841832157864
2020-04-05,0.785714285714286,0.983616877291827,0.772841832157864
2020-04-06,0.785714285714286,1.18034025275019,0.927410198589437
2020-04-07,0.857142857142857,0.983616877291827,0.843100180535852
2020-04-08,0.857142857142857,0.983616877291827,0.843100180535852
2020-04-09,0.714285714285714,0.983616877291827,0.702583483779877
2020-04-10,0.428571428571429,0.786893501833462,0.337240072214341
2020-04-11,0.285714285714286,0.983616877291827,0.281033393511951
2020-04-12,0.285714285714286,0.786893501833462,0.224826714809561
2020-04-13,0.285714285714286,0.590170126375096,0.16862003610717
2020-04-14,0.214285714285714,0.590170126375096,0.126465027080378
2020-04-15,0.142857142857143,0.590170126375096,0.0843100180535852
2020-04-16,0,0.590170126375096,0
2020-04-17,0,0.590170126375096,0
2020-04-18,0,0.590170126375096,0
2020-04-19,0,0.393446750916731,0
2020-04-20,0,0.196723375458365,0
2020-04-21,0,0.196723375458365,0
2020-04-22,0,0.196723375458365,0
2020-04-23,0.142857142857143,0.196723375458365,0.0281033393511951
2020-04-24,0.285714285714286,0.196723375458365,0.0562066787023901
2020-04-25,0.428571428571429,0,0
2020-04-26,0.428571428571429,0,0
2020-04-27,0.428571428571429,0.196723375458365,0.0843100180535852
2020-04-28,0.428571428571429,0.196723375458365,0.0843100180535852
2020-04-29,0.428571428571429,0.196723375458365,0.0843100180535852
2020-04-30,0.285714285714286,0.196723375458365,0.0562066787023901
2020-05-01,0.142857142857143,0.196723375458365,0.0281033393511951
2020-05-02,0,0.196723375458365,0
2020-05-03,0,0.196723375458365,0
2020-05-04,0,0.196723375458365,0
2020-05-05,0,0.196723375458365,0
2020-05-06,0,0.196723375458365,0
2020-05-07,0,0.196723375458365,0
2020-05-08,0,0.196723375458365,0
2020-05-09,0,0.196723375458365,0
2020-05-10,0,0.196723375458365,0
2020-05-11,0.142857142857143,0,0
2020-05-12,0.285714285714286,0,0
2020-05-13,0.428571428571429,0,0
2020-05-14,0.428571428571429,0,0
2020-05-15,0.428571428571429,0.196723375458365,0.0843100180535852
2020-05-16,0.428571428571429,0.196723375458365,0.0843100180535852
2020-05-17,0.428571428571429,0.196723375458365,0.0843100180535852
2020-05-18,0.285714285714286,0.196723375458365,0.0562066787023901
2020-05-19,0.142857142857143,0.196723375458365,0.0281033393511951
2020-05-20,0,0.196723375458365,0
2020-05-21,0,0.196723375458365,0
2020-05-22,0,0.196723375458365,0
2020-05-23,0,0.196723375458365,0
2020-05-24,0,0.196723375458365,0
2020-05-25,0,0.196723375458365,0
2020-05-26,0,0.196723375458365,0
2020-05-27,0,0.196723375458365,0
2020-05-28,0,0.196723375458365,0
2020-05-29,0,0,0
2020-05-30,0,0,0
2020-05-31,0,0,0
2020-06-01,0,0,0
2020-06-02,0,0,0
2020-06-03,0,0,0
2020-06-04,0,0,0
2020-06-05,0,0,0
2020-06-06,0,0,0
2020-06-07,0,0,0
2020-06-08,0,0,0
2020-06-09,0,0,0
2020-06-10,0,0,0
2020-06-11,0.142857142857143,0,0
2020-06-12,0.285714285714286,0,0
2020-06-13,0.428571428571429,0,0
2020-06-14,0.428571428571429,0,0
2020-06-15,0.428571428571429,0.196723375458365,0.0843100180535852
2020-06-16,0.428571428571429,0.196723375458365,0.0843100180535852
2020-06-17,0.428571428571429,0.196723375458365,0.0843100180535852
2020-06-18,0.285714285714286,0.196723375458365,0.0562066787023901
2020-06-19,0.142857142857143,0.196723375458365,0.0281033393511951
2020-06-20,0.142857142857143,0.196723375458365,0.0281033393511951
2020-06-21,0.428571428571429,0.196723375458365,0.0843100180535852
2020-06-22,0.714285714285714,0.196723375458365,0.140516696755975
2020-06-23,1,0.196723375458365,0.196723375458365
2020-06-24,1.14285714285714,0.393446750916731,0.449653429619121
2020-06-25,1.28571428571429,0.590170126375096,0.758790162482267
2020-06-26,1.35714285714286,0.590170126375096,0.800945171509059
2020-06-27,1.28571428571429,0.786893501833462,1.01172021664302
2020-06-28,1.21428571428571,0.786893501833462,0.955513537940632
2020-06-29,1.21428571428571,0.590170126375096,0.716635153455474
2020-06-30,1.21428571428571,0.786893501833462,0.955513537940632
2020-07-01,1.07142857142857,0.786893501833462,0.843100180535852
2020-07-02,1.07142857142857,1.18034025275019,1.26465027080378
2020-07-03,1.04761904761905,1.18034025275019,1.23654693145258
2020-07-04,1.04761904761905,1.18034025275019,1.23654693145258
2020-07-05,0.833333333333333,1.18034025275019,0.983616877291827
2020-07-06,0.547619047619048,1.37706362820856,0.754106272590401
2020-07-07,0.547619047619048,1.37706362820856,0.754106272590401
2020-07-08,0.833333333333333,1.18034025275019,0.983616877291827
2020-07-09,1.11904761904762,0.983616877291827,1.10071412458847
2020-07-10,1.21428571428571,0.983616877291827,1.19439192242579
2020-07-11,1.42857142857143,1.18034025275019,1.6862003610717
2020-07-12,1.64285714285714,1.18034025275019,1.93913041523246
2020-07-13,1.92857142857143,1.37706362820856,2.65576556868793
2020-07-14,1.83333333333333,1.18034025275019,2.16395713004202
2020-07-15,1.97619047619048,1.37706362820856,2.72134002717406
2020-07-16,1.76190476190476,1.37706362820856,2.42625496398651
2020-07-17,1.71428571428571,1.57378700366692,2.69792057771473
2020-07-18,1.5,1.77051037912529,2.65576556868793
2020-07-19,1.42857142857143,1.96723375458365,2.81033393511951
2020-07-20,1.42857142857143,1.96723375458365,2.81033393511951
2020-07-21,1.57142857142857,1.96723375458365,3.09136732863146
2020-07-22,1.5,2.16395713004202,3.24593569506303
2020-07-23,1.57142857142857,2.75412725641712,4.32791426008404
2020-07-24,1.6547619047619,3.14757400733385,5.20848555975482
2020-07-25,1.67857142857143,3.14757400733385,5.28342779802467
2020-07-26,1.63775510204082,3.34429738279221,5.4771401014097
2020-07-27,1.40918367346939,3.34429738279221,4.71272927105719
2020-07-28,1.18299319727891,3.93446750916731,4.65444829825983
2020-07-29,0.940136054421769,3.73774413370894,3.51398802230324
2020-07-30,0.797278911564626,3.73774413370894,2.98002457463053
2020-07-31,0.704421768707483,3.54102075825058,2.49437210555678
2020-08-01,0.609183673469388,3.54102075825058,2.15713203334244
2020-08-02,0.554761904761905,3.93446750916731,2.18269268960948
2020-08-03,0.533333333333333,3.73774413370894,1.9934635379781
2020-08-04,0.461904761904762,3.73774413370894,1.72648181414175
2020-08-05,0.442857142857143,3.54102075825058,1.56816633579668
2020-08-06,0.585714285714286,3.14757400733385,1.8435790614384
2020-08-07,0.785714285714286,2.75412725641712,2.16395713004202
2020-08-08,1.07142857142857,2.36068050550039,2.52930054160756
2020-08-09,1.45238095238095,2.55740388095875,3.71432468424961
2020-08-10,1.77380952380952,2.36068050550039,4.18739756332806
2020-08-11,2.16666666666667,1.77051037912529,3.83610582143813
2020-08-12,2.5,2.16395713004202,5.40989282510505
2020-08-13,2.57142857142857,1.96723375458365,5.05860108321511
2020-08-14,2.47619047619048,2.36068050550039,5.84549458504857
2020-08-15,2.33333333333333,2.75412725641712,6.42629693163994
2020-08-16,2.0952380952381,2.36068050550039,4.94618772581033
2020-08-17,2.0952380952381,2.55740388095875,5.35837003629453
2020-08-18,2.23809523809524,2.95085063187548,6.60428474753084
2020-08-19,2.38095238095238,3.34429738279221,7.96261281617193
2020-08-20,2.5952380952381,3.93446750916731,10.2108799642675
2020-08-21,2.97619047619048,5.7049778882926,16.9791008580137
2020-08-22,3.38571428571429,8.06565839379298,27.3080148475562
2020-08-23,3.54380952380952,11.4099557765852,40.4347099473081
2020-08-24,3.40095238095238,14.7542531593774,50.1785124115588
2020-08-25,3.03488095238095,18.8854440440031,57.3150744064013
2020-08-26,2.63889097744361,22.4264648022537,59.1809956226239
2020-08-27,2.25219147005445,26.1642089359626,58.9268081862973
2020-08-28,1.83767156373126,29.7052296942132,54.588455903161
2020-08-29,1.43767156373126,34.8200374561307,50.0597776987365
2020-08-30,1.22367570451801,38.754504965298,47.4229461666578
2020-08-31,1.15020631676291,43.4758659762988,50.0062156726765
2020-09-01,1.08580155485815,47.2136101100077,51.2646112679127
2020-09-02,1.06601327819634,50.3611841173416,53.6856909747769
2020-09-03,1.03306992844265,54.6890983774256,56.49766294736
2020-09-04,1.04539203256803,57.8366723847594,60.461996501275
2020-09-05,1.08141687728853,60.0006295148015,64.8856934052425
2020-09-06,1.18622354731259,61.1809697675517,72.5743069856894
2020-09-07,1.32133677068413,61.7711398939268,81.6204785089188
2020-09-08,1.50601464183259,63.9350970239688,96.2871922450842
2020-09-09,1.64906562070446,67.6728411576777,111.59695580852
2020-09-10,1.77514489856946,74.1647125478038,131.653111133104
2020-09-11,1.825960212288,79.8696904360964,145.838876904071
2020-09-12,1.86045208489273,84.5910514470972,157.37759802802
2020-09-13,1.84687629712339,92.066539714515,170.035509956907
2020-09-14,1.79366192024697,99.9354747328497,179.250455510116
2020-09-15,1.68352803618487,108.984750003934,183.478882148223
2020-09-16,1.60397408228537,122.75538628602,196.896458063705
2020-09-17,1.53649870052427,135.345682315355,207.958464999114
2020-09-18,1.51120480416388,144.788404337357,218.804932221837
2020-09-19,1.47498897851006,160.722997749485,237.064650273588
2020-09-20,1.41718680726099,178.624824916196,253.144745320537
2020-09-21,1.3373287770924,195.149588454699,260.979160478208
2020-09-22,1.24440736496195,211.280905242284,262.919514559327
2020-09-23,1.16041827507889,225.248264899828,261.382203019572
2020-09-24,1.10725862984607,232.527029791788,257.467560409433
2020-09-25,1.08402600649646,241.182858311956,261.448490731312
2020-09-26,1.0714055958912,249.445240081207,267.257026091429
2020-09-27,1.07657706064556,263.019152987835,283.160386617128
2020-09-28,1.08878320892766,277.379959396295,302.006642283722
2020-09-29,1.10946112203401,286.035787916463,317.345586203681
2020-09-30,1.11791787279925,289.970255425631,324.162931120475
2020-10-01,1.14035977638995,295.478509938465,336.951807521464
2020-10-02,1.17019672014513,304.134338458633,355.897005347802
2020-10-03,1.20021691935109,308.658976094175,370.457725417814
2020-10-04,1.21843817502217,312.396720227884,380.636089677375
2020-10-05,1.27181815565074,328.724760390929,418.078118477122
2020-10-06,1.33282872920689,336.396972033805,448.359548744862
2020-10-07,1.40545432502668,344.26590705214,483.850008025662
2020-10-08,1.45085534257655,362.364457594309,525.738409260559
2020-10-09,1.49250325384422,387.54504965298,578.412247618291
2020-10-10,1.51471973537354,415.873215718985,629.931367262802
2020-10-11,1.52737257882103,441.64397790403,674.554901452057
2020-10-12,1.51145861362981,468.398356966368,707.96473124687
2020-10-13,1.49649939015599,504.005287924332,754.243606014156
2020-10-14,1.45844060683405,543.743409766922,793.017468502483
2020-10-15,1.40932988622486,582.49791473222,820.93171989578
2020-10-16,1.32554029893327,627.154120961269,831.318060976232
2020-10-17,1.24431073848817,673.777560944902,838.38865443611
2020-10-18,1.15923869064856,710.368108780158,823.486196300806
2020-10-19,1.08082850110654,751.089847500039,811.799314069805
2020-10-20,1.00048760784037,781.385247320628,781.766256893569
2020-10-21,0.93818501806224,807.54945625659,757.630801204241
2020-10-22,0.892739693256741,823.287326293259,734.981275137207
2020-10-23,0.884262622178875,834.303835318928,737.743697113007
2020-10-24,0.90047317862581,843.156387214554,759.239712073744
2020-10-25,0.936329612397032,844.92689759368,791.130074527717
2020-10-26,0.982300104185486,859.28770400214,844.078401166609
2020-10-27,1.01571720104657,857.713916998473,871.194779072379
2020-10-28,1.0417416751695,855.156513117515,890.852178507145
2020-10-29,1.04623099192227,854.369619615681,893.867974598767
2020-10-30,1.04043237360549,849.844981980139,884.206231798314
2020-10-31,1.01601317423167,830.172644434302,843.466343631994
2020-11-01,1.0003689950837,827.615240553343,827.920626508306
2020-11-02,0.974017988084389,810.106860137549,789.058654044537
2020-11-03,0.956576480525267,807.156009505674,772.106454807756
2020-11-04,0.928958492284365,809.123243260257,751.641908131284
2020-11-05,0.908077535290951,814.238051022175,739.391282512324
2020-11-06,0.87981324234865,809.910136762091,712.569663435693
2020-11-07,0.86017821192103,798.106734234589,686.514023576041
2020-11-08,0.840190991967859,793.582096599046,666.760528949486
2020-11-09,0.830761782409345,772.926142175918,642.117499544844
2020-11-10,0.825372796953099,761.516186399333,628.534744693475
2020-11-11,0.822287242955904,745.975039738122,613.405758740181
2020-11-12,0.81395129679115,723.35185156041,588.773177613875
2020-11-13,0.805758591014682,702.695897137281,566.203255989134
2020-11-14,0.799418064373403,686.761303725154,549.009392110517
2020-11-15,0.785377298132096,656.859350655482,515.882422070605
2020-11-16,0.760681805480802,630.104971593145,479.309387433903
2020-11-17,0.729152123273356,604.334209408099,440.65157195664
2020-11-18,0.703783826594478,577.973277096678,406.768244624451
2020-11-19,0.675412042172684,544.530303268756,367.782324155661
2020-11-20,0.649121680137459,516.005413827293,334.950301183597
2020-11-21,0.618709825473113,488.66086463858,302.339278276076
2020-11-22,0.602091804462792,459.545805070742,276.688763008349
2020-11-23,0.586626632833236,428.266788372862,251.232704017476
2020-11-24,0.58593792175231,397.971388552273,233.1865283252
2020-11-25,0.594777259956728,367.479265356227,218.568310539488
2020-11-26,0.628106841015244,340.528162918431,213.88806868742
2020-11-27,0.674044662549733,307.872082592342,207.519534019439
2020-11-28,0.721479140216769,282.298043782754,203.672149913257
2020-11-29,0.762564726030789,264.199493240585,201.46921418048
2020-11-30,0.791333021143109,241.182858311956,190.85595991593
2020-12-01,0.807974434881765,220.920350639744,178.497995462029
2020-12-02,0.810183364430596,198.297162462032,160.65706224053
2020-12-03,0.806115348567036,183.936356053572,148.273919774275
2020-12-04,0.796547456609075,170.755889897861,136.015169799161
2020-12-05,0.81041537163978,160.919721124943,130.41181559964
2020-12-06,0.834095846539768,149.706488723816,124.869560444588
2020-12-07,0.880985118842619,141.247383579106,124.436843008648
2020-12-08,0.936018379895947,135.345682315355,126.686046286731
2020-12-09,1.00307267476257,132.591555058938,132.998965783897
2020-12-10,1.05888000810534,129.050534300688,136.649030806311
2020-12-11,1.08101093839954,127.476747297021,137.803758219673
2020-12-12,1.05179015917876,125.902960293354,132.423494648023
2020-12-13,0.986649697506283,123.739003163312,122.087050040811
2020-12-14,0.911537279657788,123.542279787854,112.613393640541
2020-12-15,0.826356571833368,117.247131773186,96.887937869385
2020-12-16,0.741543024724739,113.902834390394,84.4638523385735
2020-12-17,0.67383687591172,110.165090256685,74.2333002530971
2020-12-18,0.686851287660309,107.607686375726,73.910477949314
2020-12-19,0.746414214693116,104.853559119309,78.2641869878171
2020-12-20,0.851194479071594,101.1158149856,86.0692234625674
2020-12-21,0.95300853802851,98.5584111046411,93.9270072772469
2020-12-22,1.07172961852374,97.5747942273493,104.573796994809
2020-12-23,1.16235663856252,95.0173903463905,110.444094448014
2020-12-24,1.2375764187823,93.0501565918069,115.156679562021
2020-12-25,1.24870453117624,90.0993059599314,112.507411608
2020-12-26,1.23768171651333,88.1320722053477,109.079454406992
2020-12-27,1.18912505044514,85.3779449489306,101.5250530943
2020-12-28,1.13698769385234,84.1976046961804,95.7316403914013
2020-12-29,1.08249633209025,86.1648384507641,93.2731215781006
2020-12-30,1.05798652816868,85.7713916998473,90.7449769207172
2020-12-31,1.08475202682097,87.1484553280559,94.5344635514252
2021-01-01,1.13724208994933,88.5255189562645,100.674946191671
2021-01-02,1.20321553419825,93.2468799672652,112.196094492133
2021-01-03,1.22528192036001,96.9846241009742,118.833506463835
2021-01-04,1.27123920929733,103.673218866559,131.793460777233
2021-01-05,1.29169670736505,104.65683574385,135.184890133577
2021-01-06,1.35624882191717,107.017516249351,145.142380337683
2021-01-07,1.39600177170385,109.57492013031,152.96678263622
2021-01-08,1.52196012582988,116.460238271352,177.247838893645
2021-01-09,1.69656221546956,120.591429155978,204.590862215507
2021-01-10,2.10153115956894,131.017768055271,275.337922025329
2021-01-11,2.49263186214505,142.231000456398,354.529523522386
2021-01-12,2.90554771341707,160.329550998568,465.845160297074
2021-01-13,3.26718607505543,195.346311830157,638.232749824925
2021-01-14,3.50872767280583,255.937111471333,898.013625517458
2021-01-15,3.48517198187274,333.839568152846,1163.48830936679
2021-01-16,3.28660209146194,413.709258588943,1359.69771453559
2021-01-17,2.86467789321121,509.12009568625,1458.46508310198
2021-01-18,2.3943341844005,590.170126375096,1413.06450819186
2021-01-19,1.89300321723103,681.449772587778,1289.98661189001
2021-01-20,1.36393786768695,752.663634503706,1026.5864327305
2021-01-21,0.91385272636233,816.0085614013,745.711648571581
2021-01-22,0.61317988312207,847.28757809918,519.539698109637
2021-01-23,0.422116123045232,860.664767630349,363.300474953748
2021-01-24,0.281452416935904,862.435278009474,242.734493446555
2021-01-25,0.190297086669097,851.615492359264,162.059947158236
2021-01-26,0.130703684090674,830.959537936136,108.609472938537
2021-01-27,0.104213478079191,793.778819974505,82.7224516551394
2021-01-28,0.10174877729607,728.073212571411,74.0805591611629
2021-01-29,0.128148274834413,644.859224752522,82.6375971630929
2021-01-30,0.180628295541696,556.727152547174,100.560676646378
2021-01-31,0.271787628473181,454.627720684283,123.562190042949
2021-02-01,0.389677644994305,362.757904345226,141.358645868317
2021-02-02,0.502982967123156,263.60932311421,132.590999501312
2021-02-03,0.558538522678712,184.13307942903,102.845418160572
2021-02-04,0.563640563495038,113.312664264019,63.8676139368955
2021-02-05,0.528390099673146,70.8204151650116,37.420806227934
2021-02-06,0.472277331985426,46.820163359091,22.1121018343533
2021-02-07,0.372277331985426,26.9511024377961,10.0332845096086
2021-02-08,0.244457783113245,17.9018271667113,4.3762409828507
2021-02-09,0.120648259303721,13.3771895311689,1.61393463131149
2021-02-10,0.192076830732293,10.6230622747517,2.0404441344061
2021-02-11,0.304321728691477,9.24599864654318,2.81375829159507
2021-02-12,0.436974789915966,7.27876489195952,3.18063675951172
2021-02-13,0.428571428571429,6.68859476558443,2.8665406138219
2021-02-14,0.428571428571429,5.7049778882926,2.44499052355397
2021-02-15,0.571428571428571,4.52463763554241,2.58550722030995
2021-02-16,0.857142857142857,4.13119088462568,3.54102075825058
2021-02-17,1.14285714285714,2.95085063187548,3.37240072214341
2021-02-18,1.28571428571429,1.77051037912529,2.2763704874468
2021-02-19,1.42857142857143,0.983616877291827,1.40516696755975
2021-02-20,1.57142857142857,0.786893501833462,1.23654693145258
2021-02-21,1.71428571428571,0.983616877291827,1.6862003610717
2021-02-22,1.61904761904762,0.786893501833462,1.27401805058751
2021-02-23,1.4047619047619,0.983616877291827,1.38174751810042
2021-02-24,0.976190476190476,0.983616877291827,0.960197427832498
2021-02-25,0.69047619047619,1.18034025275019,0.814996841184657
2021-02-26,0.404761904761905,1.18034025275019,0.477756768970316
2021-02-27,0.261904761904762,1.18034025275019,0.309136732863146
2021-02-28,0.119047619047619,0.983616877291827,0.117097247296646
2021-03-01,0.0714285714285714,0.983616877291827,0.0702583483779877
2021-03-02,0,0.983616877291827,0
2021-03-03,0,0.983616877291827,0
2021-03-04,0,0.983616877291827,0
2021-03-05,0,0.786893501833462,0
2021-03-06,0.142857142857143,0.590170126375096,0.0843100180535852
2021-03-07,0.285714285714286,0.393446750916731,0.11241335740478
2021-03-08,0.428571428571429,0.393446750916731,0.16862003610717
2021-03-09,0.428571428571429,0.196723375458365,0.0843100180535852
2021-03-10,0.428571428571429,0.393446750916731,0.16862003610717
2021-03-11,0.428571428571429,0.196723375458365,0.0843100180535852
2021-03-12,0.428571428571429,0.196723375458365,0.0843100180535852
2021-03-13,0.285714285714286,0.196723375458365,0.0562066787023901
2021-03-14,0.142857142857143,0.196723375458365,0.0281033393511951
2021-03-15,0,0.196723375458365,0
2021-03-16,0,0.196723375458365,0
2021-03-17,0,0.196723375458365,0
2021-03-18,0,0.196723375458365,0
2021-03-19,0,0.196723375458365,0
2021-03-20,0,0.196723375458365,0
2021-03-21,0,0.196723375458365,0
2021-03-22,0,0.196723375458365,0
2021-03-23,0,0.196723375458365,0
2021-03-24,0,0,0
2021-03-25,0,0,0
2021-03-26,0,0,0
2021-03-27,0,0,0
2021-03-28,0,0,0
2021-03-29,0,0,0
2021-03-30,0,0,0
2021-03-31,0,0,0
2021-04-01,0.142857142857143,0,0
2021-04-02,0.285714285714286,0,0
2021-04-03,0.714285714285714,0,0
2021-04-04,1,0,0
2021-04-05,1.42857142857143,0.196723375458365,0.281033393511951
2021-04-06,1.57142857142857,0.196723375458365,0.309136732863146
2021-04-07,1.71428571428571,0.590170126375096,1.01172021664302
2021-04-08,1.57142857142857,0.590170126375096,0.927410198589437
2021-04-09,1.42857142857143,0.786893501833462,1.1241335740478
2021-04-10,1.04761904761905,0.786893501833462,0.824364620968389
2021-04-11,1.04761904761905,0.786893501833462,0.824364620968389
2021-04-12,0.904761904761905,0.786893501833462,0.711951263563608
2021-04-13,0.904761904761905,0.786893501833462,0.711951263563608
2021-04-14,0.761904761904762,0.983616877291827,0.749422382698535
2021-04-15,0.904761904761905,1.18034025275019,1.06792689534541
2021-04-16,0.976190476190476,1.18034025275019,1.152236913399
2021-04-17,1.07142857142857,1.18034025275019,1.26465027080378
2021-04-18,0.977891156462387,1.18034025275019,1.15424429478099
2021-04-19,0.807539682539452,1.18034025275019,0.953171592994427
2021-04-20,0.769047619047342,1.18034025275019,0.907737861043273
2021-04-21,0.961309523809177,0.983616877291827,0.945560271920076
