"fecha","rho7dpromedio","incidenciaAcum14d","riesgopor10"
2020-03-03,2.75,0.517394813634388,1.42283573749457
2020-03-09,2.8,1.03478962726878,2.89741095635257
2020-03-11,2.75,1.55218444090316,4.2685072124837
2020-03-12,2.64285714285714,2.06957925453755,5.46960231556353
2020-03-15,2.69047619047619,2.58697406817194,6.96019213579594
2020-03-16,2.5,3.10436888180633,7.76092220451582
2020-03-17,2.26190476190476,4.65655332270949,10.5326801347
2020-03-19,1.91904761904762,5.69134294997827,10.9219581373392
2020-03-20,1.56190476190476,6.72613257724705,10.5055785016049
2020-03-21,1.26598639455782,7.24352739088143,9.17020712546282
2020-03-22,1.06598639455782,7.76092220451582,8.27303747923557
2020-03-23,0.875510204081633,8.27831701815021,7.24775102201314
2020-03-26,0.827891156462585,8.7957118317846,7.28189204032779
2020-03-27,0.827891156462585,9.31310664541899,7.71023863093531
2020-03-28,0.885034013605442,9.31310664541899,8.24241615353068
2020-04-02,0.956462585034014,9.83050145905337,9.40250683770683
2020-04-07,1.00238095238095,9.83050145905337,9.85390741490826
2020-04-10,1.05952380952381,9.83050145905337,10.4156503554256
2020-04-11,1.05952380952381,9.83050145905337,10.4156503554256
2020-04-12,1.05952380952381,9.83050145905337,10.4156503554256
2020-04-16,1.05952380952381,8.7957118317846,9.31926610748606
2020-04-18,1.1547619047619,8.7957118317846,10.1569529486084
2020-04-19,1.19047619047619,8.27831701815021,9.85513930732168
2020-04-21,1.22619047619048,8.27831701815021,10.1507934865413
2020-04-22,1.19047619047619,8.7957118317846,10.4710855140293
2020-04-24,1.22619047619048,9.31310664541899,11.419642672359
2020-04-27,1.26428571428571,9.31310664541899,11.7744276874226
2020-05-03,1.38809523809524,9.31310664541899,12.9274789863792
2020-05-08,1.54285714285714,9.31310664541899,14.368793110075
2020-05-10,1.79285714285714,9.83050145905337,17.6246847587314
2020-05-11,1.96428571428571,11.3826858999565,22.3588473034861
2020-05-12,2.14285714285714,12.9348703408597,27.7175793018422
2020-05-13,2.21103896103896,13.9696599681285,30.8874624619984
2020-05-14,2.26818181818182,14.4870547817629,32.8592742549985
2020-05-15,2.3507215007215,17.0740288499348,40.136286721481
2020-05-16,2.34747474747475,20.1783977317411,47.368279119764
2020-05-17,2.15104617604618,22.2479769862787,47.8564258210981
2020-05-18,2.02473038657249,26.3871354953538,53.4268350520484
2020-05-19,1.86888623072834,31.0436888180633,58.0171225830937
2020-05-20,1.74213298397509,35.1828473271384,61.2931987987676
2020-05-21,1.54689488873699,37.2524265816759,57.6255882722446
2020-05-22,1.28743212927423,41.9089799043854,53.9549672340141
2020-05-23,1.02353602537813,43.978559158923,45.013639643381
2020-05-24,0.977107453949559,45.5307435998262,44.4884289552563
2020-05-25,0.938797393083107,47.6003228543637,44.6870590055909
2020-05-26,1.03449117298741,51.2220865498044,52.98879639777
2020-05-27,1.17734831584456,51.2220865498044,60.3062373334564
2020-05-28,1.41154745004369,56.3960346861483,79.6056789538082
2020-05-29,1.57088810938435,56.9134294997827,89.4046296654931
2020-05-30,1.71140758990383,58.4656139406859,100.058495446477
2020-05-31,1.73997901847526,70.3656946542768,122.434832318878
2020-06-01,1.74249306757316,71.4004842815456,124.414848881959
2020-06-02,1.65407201494158,73.4700635360831,121.524776031015
2020-06-03,1.51290799377756,76.0570376042551,115.067300174518
2020-06-04,1.35199573530432,81.2309857405989,109.823946295856
2020-06-05,1.21402259733119,85.8875390633084,104.269413252021
2020-06-06,1.14020865617031,90.5440923860179,103.239157903622
2020-06-07,1.10151817997983,94.1658560814586,103.725402407091
2020-06-08,1.11704613029039,100.374593845071,112.123051634106
2020-06-09,1.07108868348188,103.478962726878,110.835145955202
2020-06-10,1.04082413321733,116.931227881372,121.704843905667
2020-06-11,0.946325136279308,117.448622695006,111.144583877669
2020-06-12,0.908660352851812,120.035596763178,109.071587709607
2020-06-13,0.845870157408556,116.931227881372,98.9086361339916
2020-06-14,0.941703490741889,110.205095304125,103.780522945437
2020-06-15,1.01953734167357,110.722490117759,112.885713238138
2020-06-16,1.20513764562493,114.861648626834,138.424096798741
2020-06-17,1.23370907419636,114.3442538132,141.067543511557
2020-06-18,1.35851917242101,116.931227881372,158.853314931573
2020-06-19,1.46073148148148,117.96601750864,172.316675519867
2020-06-20,1.5990625,121.587781204081,194.426461381651
