"fecha","rho7dpromedio","incidenciaAcum14d","riesgopor10"
2020-02-19,0.5,1.03116170677886,0.515580853389429
2020-02-20,0.4,1.03116170677886,0.412464682711543
2020-02-21,0.333333333333333,1.03116170677886,0.343720568926286
2020-02-22,0.285714285714286,1.03116170677886,0.294617630508245
2020-02-23,0.142857142857143,1.03116170677886,0.147308815254122
2020-02-24,0,1.03116170677886,0
2020-02-25,0,1.03116170677886,0
2020-02-26,0,1.03116170677886,0
2020-02-27,0,1.03116170677886,0
2020-02-28,0,1.03116170677886,0
2020-02-29,0,1.03116170677886,0
2020-03-01,0,1.03116170677886,0
2020-03-02,0,1.03116170677886,0
2020-03-03,0,1.03116170677886,0
2020-03-04,0,0,0
2020-03-05,0,0,0
2020-03-06,0,0,0
2020-03-07,0,0,0
2020-03-08,0,0,0
2020-03-09,0,0,0
2020-03-10,0,0,0
2020-03-11,0,0,0
2020-03-12,0,0,0
2020-03-13,0,0,0
2020-03-14,0,0,0
2020-03-15,0,0,0
2020-03-16,0,0,0
2020-03-17,0,0,0
2020-03-18,0,0,0
2020-03-19,0,0,0
2020-03-20,0,0,0
2020-03-21,0,0,0
2020-03-22,0,0,0
2020-03-23,0,0,0
2020-03-24,0,0,0
2020-03-25,0,0,0
2020-03-26,0,0,0
2020-03-27,0,0,0
2020-03-28,0,0,0
2020-03-29,0,0,0
2020-03-30,0,0,0
2020-03-31,0,0,0
2020-04-01,0,0,0
2020-04-02,0,0,0
2020-04-03,0,0,0
2020-04-04,0,0,0
2020-04-05,0,0,0
2020-04-06,0,0,0
2020-04-07,0,0,0
2020-04-08,0,0,0
2020-04-09,0,0,0
2020-04-10,0,0,0
2020-04-11,0,0,0
2020-04-12,0,0,0
2020-04-13,0,0,0
2020-04-14,0,0,0
2020-04-15,0,0,0
2020-04-16,0,0,0
2020-04-17,0,0,0
2020-04-18,0,0,0
2020-04-19,0,0,0
2020-04-20,0,0,0
2020-04-21,0.142857142857143,0,0
2020-04-22,0.285714285714286,0,0
2020-04-23,0.428571428571429,0,0
2020-04-24,0.428571428571429,0,0
2020-04-25,0.428571428571429,1.03116170677886,0.441926445762367
2020-04-26,0.428571428571429,1.03116170677886,0.441926445762367
2020-04-27,0.428571428571429,1.03116170677886,0.441926445762367
2020-04-28,0.285714285714286,1.03116170677886,0.294617630508245
2020-04-29,0.142857142857143,1.03116170677886,0.147308815254122
2020-04-30,0,1.03116170677886,0
2020-05-01,0,1.03116170677886,0
2020-05-02,0,1.03116170677886,0
2020-05-03,0,1.03116170677886,0
2020-05-04,0,1.03116170677886,0
2020-05-05,0,1.03116170677886,0
2020-05-06,0,1.03116170677886,0
2020-05-07,0,1.03116170677886,0
2020-05-08,0,1.03116170677886,0
2020-05-09,0,0,0
2020-05-10,0,0,0
2020-05-11,0,0,0
2020-05-12,0,0,0
2020-05-13,0,0,0
2020-05-14,0,0,0
2020-05-15,0,0,0
2020-05-16,0,0,0
2020-05-17,0,0,0
2020-05-18,0,0,0
2020-05-19,0,0,0
2020-05-20,0,0,0
2020-05-21,0,0,0
2020-05-22,0,0,0
2020-05-23,0,0,0
2020-05-24,0.285714285714286,0,0
2020-05-25,0.857142857142857,0,0
2020-05-26,1.42857142857143,0,0
2020-05-27,2,0,0
2020-05-28,2.42857142857143,2.06232341355771,5.00849971864016
2020-05-29,2.64285714285714,5.15580853389429,13.6260654110063
2020-05-30,2.7,5.15580853389429,13.9206830415146
2020-05-31,2.41428571428571,6.18697024067314,14.937113866768
2020-06-01,1.87857142857143,8.24929365423086,15.4968873647337
2020-06-02,1.40238095238095,8.24929365423086,11.5686522912904
2020-06-03,0.973809523809524,8.24929365423086,8.03324072519148
2020-06-04,0.759523809523809,8.24929365423086,6.26553494214201
2020-06-05,0.973809523809524,9.28045536100971,9.03739581584041
2020-06-06,1.3452380952381,10.3116170677886,13.8715801030965
2020-06-07,1.48809523809524,11.3427787745674,16.8791350812015
2020-06-08,1.5,12.3739404813463,18.5609107220194
2020-06-09,1.4047619047619,13.4051021881251,18.8309768833186
2020-06-10,1.26190476190476,14.436263894904,18.2171901530931
2020-06-11,1.04761904761905,12.3739404813463,12.9631757423628
2020-06-12,0.619047619047619,9.28045536100971,5.74504379491078
2020-06-13,0.19047619047619,9.28045536100971,1.76770578304947
2020-06-14,0.0476190476190476,8.24929365423086,0.392823507344327
2020-06-15,0,6.18697024067314,0
2020-06-16,0,6.18697024067314,0
2020-06-17,0,6.18697024067314,0
2020-06-18,0.142857142857143,6.18697024067314,0.883852891524735
2020-06-19,0.285714285714286,5.15580853389429,1.47308815254122
2020-06-20,0.428571428571429,4.12464682711543,1.76770578304947
2020-06-21,0.428571428571429,3.09348512033657,1.3257793372871
2020-06-22,0.428571428571429,3.09348512033657,1.3257793372871
2020-06-23,0.428571428571429,2.06232341355771,0.883852891524735
2020-06-24,0.428571428571429,1.03116170677886,0.441926445762367
2020-06-25,0.285714285714286,1.03116170677886,0.294617630508245
2020-06-26,0.142857142857143,1.03116170677886,0.147308815254122
2020-06-27,0,1.03116170677886,0
2020-06-28,0,1.03116170677886,0
2020-06-29,0,1.03116170677886,0
2020-06-30,0,1.03116170677886,0
2020-07-01,0,1.03116170677886,0
2020-07-02,0,1.03116170677886,0
2020-07-03,0,1.03116170677886,0
2020-07-04,0,1.03116170677886,0
2020-07-05,0,1.03116170677886,0
2020-07-06,0,0,0
2020-07-07,0,0,0
2020-07-08,0,0,0
2020-07-09,0,0,0
2020-07-10,0,0,0
2020-07-11,0.142857142857143,0,0
2020-07-12,0.428571428571429,0,0
2020-07-13,0.714285714285714,0,0
2020-07-14,0.857142857142857,0,0
2020-07-15,0.857142857142857,1.03116170677886,0.883852891524735
2020-07-16,0.857142857142857,2.06232341355771,1.76770578304947
2020-07-17,0.857142857142857,2.06232341355771,1.76770578304947
2020-07-18,0.714285714285714,2.06232341355771,1.47308815254122
2020-07-19,0.428571428571429,2.06232341355771,0.883852891524735
2020-07-20,0.142857142857143,2.06232341355771,0.294617630508245
2020-07-21,0,2.06232341355771,0
2020-07-22,0,2.06232341355771,0
2020-07-23,0,2.06232341355771,0
2020-07-24,0,2.06232341355771,0
2020-07-25,0,2.06232341355771,0
2020-07-26,0,2.06232341355771,0
2020-07-27,0,2.06232341355771,0
2020-07-28,0,2.06232341355771,0
2020-07-29,0,1.03116170677886,0
2020-07-30,0,0,0
2020-07-31,0.142857142857143,0,0
2020-08-01,0.285714285714286,0,0
2020-08-02,0.428571428571429,0,0
2020-08-03,0.428571428571429,0,0
2020-08-04,0.428571428571429,1.03116170677886,0.441926445762367
2020-08-05,0.428571428571429,1.03116170677886,0.441926445762367
2020-08-06,0.428571428571429,1.03116170677886,0.441926445762367
2020-08-07,0.285714285714286,1.03116170677886,0.294617630508245
2020-08-08,0.142857142857143,1.03116170677886,0.147308815254122
2020-08-09,0,1.03116170677886,0
2020-08-10,0,1.03116170677886,0
2020-08-11,0,1.03116170677886,0
2020-08-12,0,1.03116170677886,0
2020-08-13,0,1.03116170677886,0
2020-08-14,0,1.03116170677886,0
2020-08-15,0,1.03116170677886,0
2020-08-16,0,1.03116170677886,0
2020-08-17,0,1.03116170677886,0
2020-08-18,0,0,0
2020-08-19,0,0,0
2020-08-20,0.142857142857143,0,0
2020-08-21,0.571428571428571,0,0
2020-08-22,1.14285714285714,0,0
2020-08-23,1.57142857142857,0,0
2020-08-24,1.71428571428571,1.03116170677886,1.76770578304947
2020-08-25,1.85714285714286,3.09348512033657,5.74504379491078
2020-08-26,1.95238095238095,4.12464682711543,8.05288190055869
2020-08-27,1.91666666666667,4.12464682711543,7.90557308530457
2020-08-28,1.58333333333333,4.12464682711543,6.53069080959943
2020-08-29,1.29761904761905,5.15580853389429,6.69027535945806
2020-08-30,1.01190476190476,6.18697024067314,6.2606246483002
2020-08-31,0.94047619047619,7.218131947452,6.78848123629414
2020-09-01,0.797619047619048,7.218131947452,5.75731952951528
2020-09-02,0.702380952380952,8.24929365423086,5.79414673332882
2020-09-03,0.595238095238095,8.24929365423086,4.91029384180408
2020-09-04,0.5,8.24929365423086,4.12464682711543
2020-09-05,0.214285714285714,8.24929365423086,1.76770578304947
2020-09-06,0.0714285714285714,8.24929365423086,0.58923526101649
2020-09-07,0,7.218131947452,0
2020-09-08,0.142857142857143,5.15580853389429,0.736544076270612
2020-09-09,0.428571428571429,4.12464682711543,1.76770578304947
2020-09-10,0.714285714285714,4.12464682711543,2.94617630508245
2020-09-11,0.857142857142857,4.12464682711543,3.53541156609894
2020-09-12,1.14285714285714,4.12464682711543,4.71388208813192
2020-09-13,1.42857142857143,4.12464682711543,5.8923526101649
2020-09-14,1.57142857142857,3.09348512033657,4.86119090338604
2020-09-15,1.42857142857143,3.09348512033657,4.41926445762367
2020-09-16,1.14285714285714,4.12464682711543,4.71388208813192
2020-09-17,0.857142857142857,4.12464682711543,3.53541156609894
2020-09-18,0.714285714285714,4.12464682711543,2.94617630508245
2020-09-19,0.571428571428571,4.12464682711543,2.35694104406596
2020-09-20,0.571428571428571,4.12464682711543,2.35694104406596
2020-09-21,0.857142857142857,4.12464682711543,3.53541156609894
2020-09-22,1,4.12464682711543,4.12464682711543
2020-09-23,1.14285714285714,6.18697024067314,7.07082313219788
2020-09-24,1.14285714285714,6.18697024067314,7.07082313219788
2020-09-25,1.21428571428571,7.218131947452,8.76487450762028
2020-09-26,1.21428571428571,6.18697024067314,7.51274957796024
2020-09-27,1.5,5.15580853389429,7.73371280084143
2020-09-28,1.64285714285714,5.15580853389429,8.47025687711204
2020-09-29,2.07142857142857,6.18697024067314,12.8158669271087
2020-09-30,2.5,6.18697024067314,15.4674256016829
2020-10-01,2.83333333333333,8.24929365423086,23.3729986869874
2020-10-02,2.93333333333333,8.24929365423086,24.1979280524105
2020-10-03,2.93333333333333,10.3116170677886,30.2474100655131
2020-10-04,2.39761904761905,12.3739404813463,29.6679953921803
2020-10-05,1.82619047619048,15.4674256016829,28.246465324978
2020-10-06,1.2547619047619,16.4985873084617,20.701798837046
2020-10-07,0.683333333333333,14.436263894904,9.8647803281844
2020-10-08,0.385714285714286,14.436263894904,5.56827321660583
2020-10-09,0.357142857142857,13.4051021881251,4.78753649575898
2020-10-10,0.357142857142857,13.4051021881251,4.78753649575898
2020-10-11,0.321428571428571,13.4051021881251,4.30878284618308
2020-10-12,0.464285714285714,14.436263894904,6.70255109406257
2020-10-13,0.607142857142857,13.4051021881251,8.13881204279026
2020-10-14,0.75,11.3427787745674,8.50708408092557
2020-10-15,0.714285714285714,9.28045536100971,6.62889668643551
2020-10-16,0.571428571428571,10.3116170677886,5.8923526101649
2020-10-17,0.571428571428571,8.24929365423086,4.71388208813192
2020-10-18,0.714285714285714,6.18697024067314,4.41926445762367
2020-10-19,0.714285714285714,3.09348512033657,2.20963222881184
2020-10-20,0.571428571428571,2.06232341355771,1.17847052203298
2020-10-21,0.857142857142857,3.09348512033657,2.6515586745742
2020-10-22,1.42857142857143,3.09348512033657,4.41926445762367
2020-10-23,2,3.09348512033657,6.18697024067314
2020-10-24,2,3.09348512033657,6.18697024067314
2020-10-25,2,6.18697024067314,12.3739404813463
2020-10-26,1.9047619047619,6.18697024067314,11.7847052203298
2020-10-27,2.04761904761905,6.18697024067314,12.6685581118545
2020-10-28,1.76190476190476,6.18697024067314,10.9008523288051
2020-10-29,1.76190476190476,7.218131947452,12.7176610502726
2020-10-30,1.33333333333333,6.18697024067314,8.24929365423086
2020-10-31,1.19047619047619,9.28045536100971,11.0481611440592
2020-11-01,1.04761904761905,10.3116170677886,10.802646451969
2020-11-02,1,10.3116170677886,10.3116170677886
2020-11-03,0.857142857142857,10.3116170677886,8.83852891524735
2020-11-04,0.857142857142857,9.28045536100971,7.95467602372261
2020-11-05,0.428571428571429,9.28045536100971,3.97733801186131
2020-11-06,0.428571428571429,9.28045536100971,3.97733801186131
2020-11-07,0.571428571428571,9.28045536100971,5.30311734914841
2020-11-08,0.714285714285714,7.218131947452,5.15580853389429
2020-11-09,0.857142857142857,6.18697024067314,5.30311734914841
2020-11-10,0.857142857142857,6.18697024067314,5.30311734914841
2020-11-11,0.714285714285714,7.218131947452,5.15580853389429
2020-11-12,0.714285714285714,6.18697024067314,4.41926445762367
2020-11-13,1,6.18697024067314,6.18697024067314
2020-11-14,1.28571428571429,3.09348512033657,3.97733801186131
2020-11-15,1.57142857142857,2.06232341355771,3.24079393559069
2020-11-16,1.85714285714286,3.09348512033657,5.74504379491078
2020-11-17,2.42857142857143,5.15580853389429,12.5212492966004
2020-11-18,2.71428571428571,5.15580853389429,13.9943374491416
2020-11-19,2.80952380952381,6.18697024067314,17.3824401999864
2020-11-20,2.47619047619048,8.24929365423086,20.426822381905
2020-11-21,2.14285714285714,11.3427787745674,24.3059545169302
2020-11-22,1.73809523809524,11.3427787745674,19.7148297748434
2020-11-23,1.35714285714286,12.3739404813463,16.79320493897
2020-11-24,0.814285714285714,12.3739404813463,10.075922963382
2020-11-25,0.6,12.3739404813463,7.42436428880777
2020-11-26,0.361904761904762,12.3739404813463,4.47818798372532
2020-11-27,0.40952380952381,13.4051021881251,5.48970851513696
2020-11-28,0.385714285714286,13.4051021881251,5.1705394154197
2020-11-29,0.504761904761905,13.4051021881251,6.76638491400602
2020-11-30,0.457142857142857,12.3739404813463,5.6566585057583
2020-12-01,0.714285714285714,11.3427787745674,8.10198483897673
2020-12-02,0.928571428571429,11.3427787745674,10.5325802906698
2020-12-03,1.21428571428571,10.3116170677886,12.5212492966004
2020-12-04,1.07142857142857,8.24929365423086,8.83852891524735
2020-12-05,1,7.218131947452,7.218131947452
2020-12-06,0.928571428571429,6.18697024067314,5.74504379491078
2020-12-07,1,5.15580853389429,5.15580853389429
2020-12-08,0.928571428571429,5.15580853389429,4.78753649575898
2020-12-09,0.928571428571429,4.12464682711543,3.83002919660718
2020-12-10,0.928571428571429,5.15580853389429,4.78753649575898
2020-12-11,1.07142857142857,4.12464682711543,4.41926445762367
2020-12-12,1.21428571428571,6.18697024067314,7.51274957796024
2020-12-13,1.19047619047619,6.18697024067314,7.36544076270612
2020-12-14,1.11904761904762,6.18697024067314,6.92351431694375
2020-12-15,0.904761904761905,6.18697024067314,5.59773497965665
2020-12-16,0.761904761904762,6.18697024067314,4.71388208813192
2020-12-17,0.761904761904762,6.18697024067314,4.71388208813192
2020-12-18,1.04761904761905,6.18697024067314,6.48158787118139
2020-12-19,1.33333333333333,4.12464682711543,5.49952910282057
2020-12-20,1.57142857142857,5.15580853389429,8.10198483897674
2020-12-21,1.71428571428571,6.18697024067314,10.6062346982968
2020-12-22,1.71428571428571,7.218131947452,12.3739404813463
2020-12-23,1.61904761904762,8.24929365423086,13.3559992497071
2020-12-24,1.38095238095238,7.218131947452,9.96789649886228
2020-12-25,1.02380952380952,7.218131947452,7.38999223191514
2020-12-26,0.595238095238095,5.15580853389429,3.06893365112755
2020-12-27,0.30952380952381,6.18697024067314,1.91501459830359
2020-12-28,0.452380952380952,6.18697024067314,2.79886748982833
2020-12-29,0.880952380952381,5.15580853389429,4.54202180366878
2020-12-30,1.4047619047619,5.15580853389429,7.24268341666102
2020-12-31,1.92857142857143,5.15580853389429,9.94334502965327
2021-01-01,2.42857142857143,7.218131947452,17.5297490152406
2021-01-02,3,8.24929365423086,24.7478809626926
2021-01-03,3.57142857142857,11.3427787745674,40.5099241948837
2021-01-04,3.73469387755102,13.4051021881251,50.0639530699368
2021-01-05,3.77040816326531,17.5297490152406,66.094308787055
2021-01-06,3.4608843537415,20.6232341355771,71.3746283433665
2021-01-07,3.1156462585034,27.8413660830291,86.7438480682132
2021-01-08,2.74957482993197,39.1841448575966,107.739738432856
2021-01-09,2.3729514533086,47.4334385118274,112.557246852065
2021-01-10,1.96086354122068,49.4957619253851,97.0544350044266
2021-01-11,1.64824758574759,57.745055579616,95.1781484479622
2021-01-12,1.32681901431901,70.1189960609623,93.0352172386448
2021-01-13,1.15808195427761,80.4306131287508,93.1452416358899
2021-01-14,1.00808195427761,87.6487450762029,88.3571182263983
2021-01-15,0.866764220287459,89.7110684897606,77.7583443306821
2021-01-16,0.767197120720359,96.9292004372126,74.3638034891561
2021-01-17,0.713119619274437,95.8980387304337,68.3867728686121
2021-01-18,0.729136935291753,97.9603621439914,71.4265182337401
2021-01-19,0.729136935291753,97.9603621439914,71.4265182337401
2021-01-20,0.811793409252574,97.9603621439914,79.5235763564876
2021-01-21,0.837643749388629,95.8980387304337,80.3283927211764
2021-01-22,0.855236993582858,91.7733919033183,78.4879997822953
2021-01-23,0.80464175548762,87.6487450762029,70.5258401044028
2021-01-24,0.74402145473574,89.7110684897606,66.7469596836493
2021-01-25,0.627354788069074,82.4929365423086,51.7523387216955
2021-01-26,0.51306907378336,72.18131947452,37.0340027272527
2021-01-27,0.444387755102041,63.9320258202891,28.410609433404
2021-01-28,0.54234693877551,57.745055579616,31.3178541230264
2021-01-29,0.775,54.6515704592794,42.3549671059416
2021-01-30,1.23035714285714,46.4022768050486,57.0913727119258
2021-01-31,1.75714285714286,48.4646002186063,85.1592260984082
2021-02-01,2.29285714285714,45.3711150982697,104.029485332461
2021-02-02,2.83571428571429,44.3399533914909,125.735439260156
2021-02-03,3.13116883116883,48.4646002186063,151.750845619558
2021-02-04,3.25769944341373,55.6827321660583,181.397605585124
2021-02-05,3.19341372912801,58.7762172863949,187.696779228585
2021-02-06,2.93150896722325,67.0255109406257,196.485886355165
2021-02-07,2.5743661100804,71.1501577677411,183.166554884146
2021-02-08,2.19187763081772,81.4617748355297,178.554242028708
2021-02-09,1.77669905938915,102.085008971107,181.374339416699
2021-02-10,1.49655063638359,117.55243457279,175.923170768348
2021-02-11,1.26144859556726,128.895213347357,162.594685852366
2021-02-12,1.09828332946082,140.237992121925,154.021048904567
2021-02-13,0.968202028647808,151.580770896492,146.760809885982
2021-02-14,0.888610191913115,159.830064550723,142.026624333903
2021-02-15,0.842527242604359,166.017034791396,139.873874548147
2021-02-16,0.833598671175787,172.204005032069,143.549029765881
2021-02-17,0.854006834441093,177.359813565963,151.466492940531
2021-02-18,0.873177341353536,175.297490152406,153.065796397225
2021-02-19,0.864264685382056,178.390975272742,154.177020119095
2021-02-20,0.807838049687128,176.328651859185,142.444994221884
2021-02-21,0.746737245729181,175.297490152406,130.901164979646
2021-02-22,0.69604600148955,170.141681618511,118.426437177273
2021-02-23,0.691581715775264,151.580770896492,104.830489615133
2021-02-24,0.691581715775264,137.144507001588,94.8466334613109
2021-02-25,0.756806813258426,135.08218358803,102.231116889247
2021-02-26,0.804935155504416,129.926375054136,104.582306908326
2021-02-27,0.881919282488542,125.801728227021,110.946969893793
2021-02-28,0.903564304133564,116.521272866011,105.284462833934
2021-03-01,0.946319040436687,113.427787745674,107.338875258343
2021-03-02,0.955247611865259,109.303140918559,104.411564331825
2021-03-03,1.05048570710335,103.116170677886,108.322063468349
2021-03-04,1.06513772175537,95.8980387304337,102.144618494142
2021-03-05,1.18015873015873,89.7110684897606,105.873300670059
2021-03-06,1.33730158730159,86.617583369424,115.833831728158
2021-03-07,1.578197945845,89.7110684897606,141.581824010101
2021-03-08,1.66042016806723,89.7110684897606,148.958067419259
2021-03-09,1.69315826330532,95.8980387304337,162.370556711208
2021-03-10,1.60321117335823,111.365464332117,178.542356743477
2021-03-11,1.71945767195767,113.427787745674,195.034279852486
2021-03-12,1.7605291005291,114.458949452453,201.508311327033
2021-03-13,1.78308549150654,118.583596279569,211.444690056768
2021-03-14,1.64971601468356,123.739404813463,204.134877768181
2021-03-15,1.66216499427539,173.235166738848,287.945429930774
2021-03-16,1.5598329655735,184.577945513415,287.910764129655
2021-03-17,1.50571736715411,189.73375404731,285.68540860438
2021-03-18,1.32268805786942,202.107694528656,267.325433956573
2021-03-19,1.37496078514214,213.450473303223,293.486030361962
2021-03-20,1.37462661638692,215.512796716781,296.249626538871
2021-03-21,1.5188004149386,229.949060611685,349.246728671769
2021-03-22,1.50349429248962,261.91507352183,393.787818157071
2021-03-23,1.61446146539004,293.881086431974,474.459689451382
2021-03-24,1.62306414451011,294.912248138753,478.661495730878
2021-03-25,1.60099079417425,325.847099342119,521.678206355114
2021-03-26,1.33380210051496,335.127554703129,446.993836403477
2021-03-27,1.10095716767003,361.937759079379,398.477970108871
2021-03-28,0.844792201683638,373.280537853946,315.344487419288
2021-03-29,0.752128109019545,331.002907876013,248.956591180756
2021-03-30,0.683192757781683,329.971746169234,225.434307255397
2021-03-31,0.776986100361433,331.002907876013,257.184658598878
2021-04-01,1.00986084442552,348.532656891254,351.96948319807
2021-04-02,1.21429671713526,348.532656891254,423.222061077478
2021-04-03,1.36596251165819,349.563818598033,477.491071636998
2021-04-04,1.4894744164201,362.968920786158,540.632921466595
2021-04-05,1.53668396362964,374.311699560725,575.198786113924
2021-04-06,1.51216274209755,362.968920786158,548.868078552186
2021-04-07,1.37607899825519,366.062405906494,503.730788818693
2021-04-08,1.10872708187888,361.937759079379,401.290195445862
2021-04-09,0.927540508889031,362.968920786158,336.668377496895
2021-04-10,0.797852736344116,336.158716409907,268.20515173357
2021-04-11,0.690176830160747,336.158716409907,232.008957322695
2021-04-12,0.661287352291677,340.283363237023,225.025084303918
2021-04-13,0.707481627874251,345.439171770917,244.391867576021
2021-04-14,0.797512740137668,348.532656891254,277.959234224805
2021-04-15,0.889399532590498,328.940584462455,292.559602070953
2021-04-16,1.02749477068574,329.971746169234,339.044243662929
2021-04-17,1.15066326885423,336.158716409907,386.805487478068
2021-04-18,1.24941060360903,322.753614221782,403.251787961833
2021-04-19,1.19994510312312,291.818763018417,350.166495683396
2021-04-20,1.12426636426371,299.036894965869,336.197122683987
2021-04-21,1.02031899584266,295.943409845532,301.956682759846
2021-04-22,0.932717917675545,270.164367176061,251.987145982587
2021-04-23,0.805595764466435,257.790426694714,207.674875865257
2021-04-24,0.83723736847646,256.759264987935,214.968451350449
2021-04-25,1.0752299793139,246.447647920147,264.987899375138
2021-04-26,1.50673181081573,247.478809626926,372.884194967699
2021-04-27,1.82261427924057,248.509971333705,452.937822286475
2021-04-28,2.04732273405107,260.883911815051,534.113563607127
2021-04-29,2.19764256347537,288.72527789808,634.514959860076
2021-04-30,2.26762185954163,296.974571552311,673.426030180029
2021-05-01,2.18265945352659,314.504320567551,686.455828461723
2021-05-02,1.90788112840344,322.753614221782,615.775529697741
2021-05-03,1.59020418169423,343.376848357359,546.039300154859
2021-05-04,1.47196093845099,343.376848357359,505.437307950441
2021-05-05,1.57516253655055,360.9065973726,568.486551375251
2021-05-06,1.86950165178518,393.903771989523,736.403752378828
2021-05-07,2.26950165178518,441.337210501351,1001.61552822708
2021-05-08,2.67401292998067,532.07944069789,1422.78730420304
2021-05-09,2.95306054902829,658.91233063169,1945.80800885673
2021-05-10,3.06173271959491,816.680071768855,2500.45609717582
2021-05-11,3.00869566936335,1007.44498752294,3031.09537108209
2021-05-12,2.78729822149531,1176.55550743468,3279.41107336318
2021-05-13,2.38042486558856,1353.91532100064,3222.89369601124
2021-05-14,1.89971408700544,1548.80488358184,2942.28645536325
2021-05-15,1.40524404092249,1695.22984594444,2382.21163900738
2021-05-16,1.03651625129918,1821.03157417146,1887.52882075765
2021-05-17,0.799419509911679,1890.11940852564,1510.99833123812
2021-05-18,0.672612553575098,1983.95512384252,1334.43312202612
2021-05-19,0.615400390359296,2050.98063478315,1262.17428326491
2021-05-20,0.617392389288879,2111.8191754831,1303.82108649758
2021-05-21,0.644220713989544,2145.8475118068,1382.39941616886
2021-05-22,0.698789282239981,2126.255439378,1485.80451234181
2021-05-23,0.755292480534224,2088.10245622719,1577.12808377344
2021-05-24,0.804690701361016,2000.45371115098,1609.74649986633
2021-05-25,0.82931492770938,1882.90127657819,1561.51813606934
2021-05-26,0.83160468400621,1776.69162077997,1477.50507387521
2021-05-27,0.81991698396488,1632.32898183093,1338.37425562128
2021-05-28,0.797421485091429,1478.68588752088,1179.13589641064
2021-05-29,0.762385619565545,1366.28926148199,1041.63928512069
2021-05-30,0.723158410662326,1263.1730908041,913.474244737311
2021-05-31,0.699707393594288,1221.92662253295,854.991092215998
2021-06-01,0.699205207608231,1140.46484769742,797.418960604161
2021-06-02,0.706850005258643,1077.56398358391,761.676107462808
2021-06-03,0.730708169566246,1020.85008971107,745.943500454312
2021-06-04,0.765057136814905,979.603621439914,749.452741832333
2021-06-05,0.815687443925966,951.762255356885,776.34052129727
2021-06-06,0.85063565642179,881.643259295923,749.957192601033
2021-06-07,0.900811948215103,848.646084678999,764.470532884808
2021-06-08,0.936904483701284,798.119161046835,747.761420512687
2021-06-09,0.967240916499255,748.62339912145,724.099182679019
2021-06-10,0.963947108857621,724.906679865536,698.771698247961
2021-06-11,0.936892938714548,700.158798902844,655.973834670934
2021-06-12,0.90147924456446,679.535564767267,612.587207581079
2021-06-13,0.873883453418937,653.756522097795,571.307007225975
2021-06-14,0.851535314163235,627.977479428324,534.745000232434
2021-06-15,0.823997257198162,604.26076017241,497.909209014542
2021-06-16,0.824902019102924,602.198436758852,496.754706383002
2021-06-17,0.831192829741561,588.793334570727,489.400797894812
2021-06-18,0.870275985391881,577.45055579616,502.541351460592
2021-06-19,0.890843276635863,552.702674833467,492.371461854052
2021-06-20,0.934553928598512,554.764998247025,518.457808560704
2021-06-21,0.972603931208252,535.172925818227,520.511291527029
2021-06-22,1.01961613938988,525.892470457217,536.208450461792
2021-06-23,1.04865654343028,515.580853389429,540.667235574192
2021-06-24,1.0751400599138,501.144589494525,538.800623974618
2021-06-25,1.09071290291238,500.113427787746,545.480168607834
2021-06-26,1.09071290291238,484.646002186063,528.609647929241
2021-06-27,1.08237147110156,497.019942667409,537.960206511737
2021-06-28,1.07367581892765,490.832972426736,526.995493626968
2021-06-29,1.08888450297014,500.113427787746,544.565761245352
2021-06-30,1.10569351977916,492.895295840294,544.991134540243
2021-07-01,1.15283637692201,495.98878096063,571.793909236619
2021-07-02,1.20399822780098,520.736661923323,626.966018106678
2021-07-03,1.24694630981156,533.110602404669,664.760298389921
2021-07-04,1.24987181091224,547.546866299573,684.363393341172
2021-07-05,1.20555372850476,570.232423848708,687.445824685115
2021-07-06,1.12978603825108,588.793334570727,665.210488813308
2021-07-07,1.042269950735,606.323083585968,631.952330458638
2021-07-08,0.940541106330994,606.323083585968,570.271783829966
2021-07-09,0.826915656150922,594.980304811401,491.998529149995
2021-07-10,0.744424271439142,603.229598465631,449.058754348304
2021-07-11,0.676079269204672,592.917981397843,400.859555561763
2021-07-12,0.628618031188339,596.011466518179,374.663554648332
2021-07-13,0.600840253410561,581.575202623275,349.433792121467
2021-07-14,0.611951364521672,566.107777021592,346.430426614694
2021-07-15,0.685494880740347,543.422219472458,372.513149528927
2021-07-16,0.82376129841853,499.082266080967,411.124655524519
2021-07-17,0.986981849796976,486.708325599621,480.372283511902
2021-07-18,1.07541722394664,466.085091464043,501.235935185175
2021-07-19,1.13825429907519,446.493019035245,508.22259842393
2021-07-20,1.15840767877914,419.682814658995,486.16379515262
2021-07-21,1.1510844464559,392.872610282745,452.229551134999
2021-07-22,1.0756152895914,376.374022974283,404.833653716163
2021-07-23,0.956256434938426,365.031244199715,349.063476219558
2021-07-24,0.817400072721408,348.532656891254,284.890619088696
2021-07-25,0.761486094226784,334.09639299635,254.409757398047
2021-07-26,0.739150465578457,313.473158860773,231.70383131829
2021-07-27,0.755395553307465,311.410835447215,235.238360348589
2021-07-28,0.793935716847629,309.348512033657,245.602832657189
2021-07-29,0.840447344754606,305.223865206542,256.524587068576
2021-07-30,0.854331159149929,309.348512033657,264.28607286702
2021-07-31,0.833508432340032,295.943409845532,246.671327601713
2021-08-01,0.791347436163936,289.756439604859,229.298015593295
2021-08-02,0.730322395630699,269.133205469282,196.554007362095
2021-08-03,0.657415991689812,247.478809626926,162.6965270531
2021-08-04,0.579083303601027,233.042545732022,134.951047262092
2021-08-05,0.546825239084898,220.668605250675,120.667162824731
2021-08-06,0.569155910483892,202.107694528656,115.030788895257
2021-08-07,0.657756568138258,184.577945513415,121.407355994914
2021-08-08,0.755831542808977,175.297490152406,132.495372432434
2021-08-09,0.877195472996437,167.048196498175,146.533921740418
2021-08-10,0.917671663472627,151.580770896492,139.101378179047
2021-08-11,0.968827824384886,146.424962362598,141.860577721394
2021-08-12,0.93615082396595,137.144507001588,128.387943231941
2021-08-13,0.912541380188439,124.770566520242,113.858304979275
2021-08-14,0.82052457346575,112.396626038895,92.2241936395541
2021-08-15,0.791272872785478,101.053847264328,79.9611680308697
2021-08-16,0.724045982029175,85.5864216626451,61.968504721093
2021-08-17,0.759760267743461,85.5864216626451,65.025162637616
2021-08-18,0.744608752591946,82.4929365423086,61.4249625764149
2021-08-19,0.765587773570967,77.3371280084143,59.2083596463347
2021-08-20,0.716460430325977,80.4306131287508,57.625351693607
2021-08-21,0.706936620802167,77.3371280084143,54.672447936813
2021-08-22,0.688569273863392,70.1189960609623,48.2817862017268
2021-08-23,0.773443223443223,64.963187527068,50.2453371660821
2021-08-24,0.860744810744811,61.8697024067314,53.2540252889198
2021-08-25,0.969588348159777,54.6515704592794,52.9895259259504
2021-08-26,0.993136228850515,55.6827321660583,55.3005386354924
2021-08-27,1.02335600907029,54.6515704592794,55.9280130346322
2021-08-28,1.01694575266004,53.6204087525006,54.5290469367506
2021-08-29,1.00156113727542,48.4646002186063,48.540260112546
2021-08-30,0.972989708703994,48.4646002186063,47.1555572491573
2021-08-31,0.980926216640502,44.3399533914909,43.4942227263313
2021-09-01,0.919701726844584,42.2776299779331,38.8828092976015
2021-09-02,0.899293563579278,44.3399533914909,39.8746346943729
2021-09-03,0.903261817547532,43.308791684712,39.1191778929204
2021-09-04,0.930234844520559,41.2464682711543,38.3689019992394
2021-09-05,0.926571840857555,40.2153065643754,37.2623706340043
2021-09-06,0.864667078952793,39.1841448575966,33.8812400752811
2021-09-07,0.736095650381365,41.2464682711543,30.3613458879896
2021-09-08,0.756503813646671,41.2464682711543,31.2031105465846
2021-09-09,0.797320140177283,37.1218214440389,29.5979758773971
2021-09-10,0.852875695732839,31.9660129101446,27.2630355005444
2021-09-11,0.820408163265306,30.9348512033657,25.3792044566388
2021-09-12,0.868027210884354,35.0594980304811,30.432598290404
2021-09-13,0.84421768707483,34.0283363237023,28.7273233862004
2021-09-14,0.812074829931973,31.9660129101446,25.9587944976089
2021-09-15,0.689625850340136,29.9036894965869,20.6223572973911
2021-09-16,0.618197278911565,27.8413660830291,17.2114567537093
2021-09-17,0.594387755102041,24.7478809626926,14.7098374089474
2021-09-18,0.630102040816326,23.7167192559137,14.9439532046191
2021-09-19,0.677721088435374,23.7167192559137,16.073320788234
2021-09-20,0.749149659863946,20.6232341355771,15.4498888379621
2021-09-21,1.12414965986395,19.5920724287983,22.0244215568634
2021-09-22,1.22619047619048,18.5609107220194,22.7592119567619
2021-09-23,1.29761904761905,18.5609107220194,24.084991294049
2021-09-24,1.22619047619048,17.5297490152406,21.4948112924974
2021-09-25,1.19047619047619,18.5609107220194,22.0963222881184
2021-09-26,1.04761904761905,13.4051021881251,14.0434403875597
2021-09-27,0.904761904761905,12.3739404813463,11.1954699593133
2021-09-28,0.476190476190476,13.4051021881251,6.3833819943453
2021-09-29,0.333333333333333,12.3739404813463,4.12464682711543
2021-09-30,0.333333333333333,10.3116170677886,3.43720568926286
2021-10-01,0.547619047619048,9.28045536100971,5.08215412626723
2021-10-02,0.904761904761905,9.28045536100971,8.39660246948498
2021-10-03,1.14285714285714,8.24929365423086,9.42776417626384
2021-10-04,1.28571428571429,9.28045536100971,11.9320140355839
2021-10-05,1.28571428571429,8.24929365423086,10.6062346982968
2021-10-06,1.28571428571429,8.24929365423086,10.6062346982968
2021-10-07,1.14285714285714,7.218131947452,8.24929365423086
2021-10-08,0.857142857142857,7.218131947452,6.18697024067314
2021-10-09,0.571428571428571,5.15580853389429,2.94617630508245
2021-10-10,0.428571428571429,4.12464682711543,1.76770578304947
2021-10-11,0.428571428571429,4.12464682711543,1.76770578304947
2021-10-12,0.428571428571429,3.09348512033657,1.3257793372871
2021-10-13,0.428571428571429,4.12464682711543,1.76770578304947
2021-10-14,0.428571428571429,4.12464682711543,1.76770578304947
2021-10-15,0.428571428571429,4.12464682711543,1.76770578304947
2021-10-16,0.285714285714286,4.12464682711543,1.17847052203298
2021-10-17,0.142857142857143,4.12464682711543,0.58923526101649
2021-10-18,0,3.09348512033657,0
2021-10-19,0,2.06232341355771,0
2021-10-20,0,1.03116170677886,0
