"fecha","rho7dpromedio","incidenciaAcum14d","riesgopor10"
2020-01-02,0,0,0
2020-01-03,0,0,0
2020-01-04,0,0,0
2020-01-05,0,0,0
2020-01-06,0,0,0
2020-01-07,0,0,0
2020-01-08,0,0,0
2020-01-09,0,0,0
2020-01-10,0,0,0
2020-01-11,0,0,0
2020-01-12,0,0,0
2020-01-13,0,0,0
2020-01-14,0,0,0
2020-01-15,0,0,0
2020-01-16,0,0,0
2020-01-17,0,0,0
2020-01-18,0.142857142857143,0,0
2020-01-19,0.285714285714286,0,0
2020-01-20,0.428571428571429,0,0
2020-01-21,0.428571428571429,0,0
2020-01-22,0.428571428571429,0.234299584821136,0.100414107780487
2020-01-23,0.571428571428571,0.234299584821136,0.133885477040649
2020-01-24,0.714285714285714,0.234299584821136,0.167356846300811
2020-01-25,0.857142857142857,0.234299584821136,0.200828215560973
2020-01-26,1,0.234299584821136,0.234299584821136
2020-01-27,1.28571428571429,0.468599169642271,0.60248464668292
2020-01-28,1.57142857142857,0.468599169642271,0.736370123723569
2020-01-29,1.71428571428571,0.702898754463407,1.20496929336584
2020-01-30,1.57142857142857,0.937198339284543,1.47274024744714
2020-01-31,1.42857142857143,1.17149792410568,1.67356846300811
2020-02-01,1.14285714285714,1.17149792410568,1.33885477040649
2020-02-02,0.857142857142857,1.17149792410568,1.00414107780487
2020-02-03,0.428571428571429,1.17149792410568,0.502070538902434
2020-02-04,0.142857142857143,1.17149792410568,0.167356846300811
2020-02-05,0,0.937198339284543,0
2020-02-06,0,0.937198339284543,0
2020-02-07,0,0.937198339284543,0
2020-02-08,0,0.937198339284543,0
2020-02-09,0,0.937198339284543,0
2020-02-10,0,0.702898754463407,0
2020-02-11,0,0.702898754463407,0
2020-02-12,0,0.468599169642271,0
2020-02-13,0,0.234299584821136,0
2020-02-14,0,0,0
2020-02-15,0,0,0
2020-02-16,0,0,0
2020-02-17,0.142857142857143,0,0
2020-02-18,0.285714285714286,0,0
2020-02-19,0.714285714285714,0,0
2020-02-20,1.28571428571429,0,0
2020-02-21,1.85714285714286,0.234299584821136,0.435127800382109
2020-02-22,2.42857142857143,0.234299584821136,0.569013277422758
2020-02-23,2.85714285714286,0.702898754463407,2.00828215560973
2020-02-24,2.85714285714286,1.40579750892681,4.01656431121947
2020-02-25,2.77142857142857,1.64009709374795,4.54541194553003
2020-02-26,2.39047619047619,2.10869626339022,5.04078821058043
2020-02-27,1.84285714285714,2.10869626339022,3.88602597110484
2020-02-28,1.27142857142857,2.34299584821136,2.97895186415444
2020-02-29,0.7,2.57729543303249,1.80410680312274
2020-03-01,0.271428571428571,2.57729543303249,0.699551617537391
2020-03-02,0.128571428571429,2.57729543303249,0.331366555675606
2020-03-03,0.0714285714285714,2.57729543303249,0.184092530930892
2020-03-04,0.166666666666667,2.57729543303249,0.429549238838749
2020-03-05,0.285714285714286,2.57729543303249,0.736370123723569
2020-03-06,0.428571428571429,2.34299584821136,1.00414107780487
2020-03-07,0.571428571428571,2.34299584821136,1.33885477040649
2020-03-08,0.714285714285714,2.10869626339022,1.5062116167073
2020-03-09,1,1.40579750892681,1.40579750892681
2020-03-10,1.14285714285714,1.17149792410568,1.33885477040649
2020-03-11,1.42857142857143,0.937198339284543,1.33885477040649
2020-03-12,1.85714285714286,0.937198339284543,1.74051120152844
2020-03-13,2.28571428571429,0.937198339284543,2.14216763265038
2020-03-14,2.57142857142857,0.702898754463407,1.80745394004876
2020-03-15,3,1.17149792410568,3.51449377231704
2020-03-16,3.04761904761905,1.87439667856909,5.71244702040102
2020-03-17,3.07619047619048,2.10869626339022,6.48675136261944
2020-03-18,2.79047619047619,2.57729543303249,7.19188154170019
2020-03-19,2.33809523809524,2.81159501785363,6.57377692269587
2020-03-20,1.90952380952381,3.74879335713817,7.15841017244003
2020-03-21,1.56258503401361,3.98309294195931,6.22392142019084
2020-03-22,1.03877551020408,3.98309294195931,4.13753940297406
2020-03-23,0.753061224489796,4.68599169642271,3.5288386448571
2020-03-24,0.695918367346939,4.68599169642271,3.26106769077581
2020-03-25,0.803061224489796,4.68599169642271,3.76313822967824
2020-03-26,0.969727891156463,4.92029128124385,4.77134368803613
2020-03-27,1.18401360544218,4.68599169642271,5.54827792355356
2020-03-28,1.45952380952381,5.38889045088612,7.86521391998379
2020-03-29,1.59047619047619,5.85748962052839,9.31619777741182
2020-03-30,1.66530612244898,5.38889045088612,8.9741522610675
2020-03-31,1.62244897959184,5.15459086606498,8.36306069086054
2020-04-01,1.48673469387755,5.62319003570726,8.36019171635252
2020-04-02,1.31530612244898,5.62319003570726,7.39621628165985
2020-04-03,1.01530612244898,4.92029128124385,4.99560186207922
2020-04-04,0.70578231292517,5.15459086606498,3.6380190636343
2020-04-05,0.562925170068027,5.15459086606498,2.90164893991073
2020-04-06,0.476190476190476,4.68599169642271,2.23142461734415
2020-04-07,0.476190476190476,4.68599169642271,2.23142461734415
2020-04-08,0.504761904761905,4.68599169642271,2.3653100943848
2020-04-09,0.604761904761905,4.45169211160158,2.69221380082572
2020-04-10,0.833333333333333,4.45169211160158,3.70974342633465
2020-04-11,1.21428571428571,4.21739252678044,5.12111949680482
2020-04-12,1.46428571428571,3.2801941874959,4.80314148883328
2020-04-13,1.64285714285714,3.2801941874959,5.38889045088612
2020-04-14,1.66666666666667,3.51449377231704,5.85748962052839
2020-04-15,1.73809523809524,2.81159501785363,4.88681991198369
2020-04-16,1.76190476190476,3.04589460267476,5.36657620471268
2020-04-17,1.6547619047619,2.81159501785363,4.65252032716255
2020-04-18,1.36904761904762,2.34299584821136,3.20767288743221
2020-04-19,1.29761904761905,2.81159501785363,3.64837924935768
2020-04-20,1.32142857142857,3.04589460267476,4.02493215353451
2020-04-21,1.34047619047619,3.04589460267476,4.08294919358546
2020-04-22,1.24047619047619,3.04589460267476,3.77835973331798
2020-04-23,1.09761904761905,3.51449377231704,3.8575753072337
2020-04-24,1.06190476190476,3.98309294195931,4.22966536217584
2020-04-25,0.947619047619048,3.51449377231704,3.33040124138614
2020-04-26,0.769047619047619,3.98309294195931,3.06318814345918
2020-04-27,0.530952380952381,3.74879335713817,1.99043075867098
2020-04-28,0.416666666666667,3.74879335713817,1.5619972321409
2020-04-29,0.302380952380952,3.51449377231704,1.06271597401015
2020-04-30,0.207142857142857,3.04589460267476,0.630935310554058
2020-05-01,0.0642857142857143,3.04589460267476,0.195807510171949
2020-05-02,0.178571428571429,3.04589460267476,0.543909750477636
2020-05-03,0.428571428571429,2.34299584821136,1.00414107780487
2020-05-04,0.857142857142857,1.87439667856909,1.60662572448779
2020-05-05,1.14285714285714,1.87439667856909,2.14216763265038
2020-05-06,1.28571428571429,1.87439667856909,2.40993858673168
2020-05-07,1.57142857142857,1.64009709374795,2.57729543303249
2020-05-08,1.78571428571429,1.40579750892681,2.51035269451217
2020-05-09,1.78571428571429,1.40579750892681,2.51035269451217
2020-05-10,1.64285714285714,0.937198339284543,1.53968298596746
2020-05-11,1.35714285714286,1.40579750892681,1.90786804782925
2020-05-12,1.14285714285714,1.40579750892681,1.60662572448779
2020-05-13,1,1.40579750892681,1.40579750892681
2020-05-14,0.714285714285714,1.64009709374795,1.17149792410568
2020-05-15,0.571428571428571,1.64009709374795,0.937198339284543
2020-05-16,0.714285714285714,1.64009709374795,1.17149792410568
2020-05-17,1.14285714285714,1.64009709374795,1.87439667856909
2020-05-18,1.57142857142857,1.64009709374795,2.57729543303249
2020-05-19,2.07142857142857,1.87439667856909,3.88267883417882
2020-05-20,2.64285714285714,1.87439667856909,4.95376265050401
2020-05-21,3.21428571428571,2.57729543303249,8.28416389189015
2020-05-22,3.35714285714286,2.57729543303249,8.65234895375194
2020-05-23,3.38095238095238,3.51449377231704,11.8823360873576
2020-05-24,3.03174603174603,3.74879335713817,11.3653893843395
2020-05-25,2.74603174603175,4.21739252678044,11.5810937640161
2020-05-26,2.34920634920635,4.92029128124385,11.5587795178427
2020-05-27,1.93650793650794,6.09178920534953,11.7967981436927
2020-05-28,1.47496947496948,7.02898754463407,10.3675420682759
2020-05-29,1.3831327402756,7.49758671427634,10.3701576575709
2020-05-30,1.22837083551369,8.43478505356089,10.361043963621
2020-05-31,1.26588887303173,9.37198339284543,11.8638894952412
2020-06-01,1.28017458731744,9.8405825624877,12.5976637208959
2020-06-02,1.46271426985713,11.0120804865934,16.1075272685553
2020-06-03,1.69684125398411,11.9492788258779,20.2760292671085
2020-06-04,1.97156652870939,13.1207767499836,25.868484270936
2020-06-05,2.11340326340326,14.5265742589104,30.7005094448511
2020-06-06,2.16272299129442,15.6980721830161,33.9505816292083
2020-06-07,2.06869701726845,19.4468655401543,40.2296727381377
2020-06-08,1.89856714713858,20.6183634642599,39.1453475010062
2020-06-09,1.68836306550592,22.2584605580079,37.5803627011609
2020-06-10,1.47697310411596,23.4299584821136,34.6054185086354
2020-06-11,1.32569105283391,24.132857236577,31.9927129178482
2020-06-12,1.30278464889302,26.4758530847883,34.4923349652092
2020-06-13,1.31775063528758,29.287448102642,38.5935533432085
2020-06-14,1.34251254004949,32.801941874959,44.0370183051068
2020-06-15,1.3554995530365,35.6135368928126,48.2741333402564
2020-06-16,1.37474153554379,37.956532741024,52.1804221043134
2020-06-17,1.35070875640897,40.5338281740565,54.7493966454746
2020-06-18,1.30060523674023,42.1739252678044,54.8516280571976
2020-06-19,1.21994021210969,44.0483219463735,53.7363192183347
2020-06-20,1.19846098211982,48.0314148883328,57.5637766596759
2020-06-21,1.1683857941499,47.0942165490483,55.0242136025269
2020-06-22,1.1683857941499,49.6715119820808,58.0354889738095
2020-06-23,1.10389995138664,52.0145078302921,57.4188126652595
2020-06-24,1.05493115751989,55.294702017788,58.3321040043424
2020-06-25,0.983789255943203,57.8719974508205,56.9338493120896
2020-06-26,0.95030711308606,57.6376978659994,54.7735142639644
2020-06-27,0.911468882758468,56.7004995267148,51.6807409554618
2020-06-28,0.927938628551522,56.4661999418937,52.3971681335969
2020-06-29,0.969750475241418,58.1062970356417,56.3486091648325
2020-06-30,1.0137138232925,58.5748962052839,59.3781819812199
2020-07-01,1.05311788901236,59.7463941293896,62.9199964616431
2020-07-02,1.10055378644826,59.0434953749262,64.9805424000151
2020-07-03,1.13815680842628,59.9806937142107,68.2674349249601
2020-07-04,1.15193338824059,58.5748962052839,67.4743786515938
2020-07-05,1.14539231027094,60.2149932990319,68.9697902877275
2020-07-06,1.13990007617185,61.8550903927798,70.5086222503462
2020-07-07,1.1477599365339,59.9806937142107,68.8434372106819
2020-07-08,1.17131883377701,59.9806937142107,70.2565162104653
2020-07-09,1.16581288139606,61.3864912231375,71.5651622116398
2020-07-10,1.14383485941804,64.6666854106334,73.9680090157022
2020-07-11,1.09294974249518,67.0096812588448,73.2382138765387
2020-07-12,1.04563594518139,68.6497783525928,71.7826758742059
2020-07-13,1.00733220560646,68.8840779374139,69.3891501598624
2020-07-14,0.994600831421484,68.1811791829505,67.8130575026597
2020-07-15,0.979854287642682,69.3526771070562,67.9555180228474
2020-07-16,0.989101736622274,71.2270737856253,70.4508223758848
2020-07-17,1.02596809606928,72.3985717097309,74.2786247751677
2020-07-18,1.04921568973941,73.1014704641943,76.6992097540546
2020-07-19,1.09006536294202,73.3357700490155,79.9407827951127
2020-07-20,1.07734360757321,73.5700696338366,79.2602442287296
2020-07-21,1.07742987396382,77.3188629909748,83.3056528073919
2020-07-22,1.02514345070966,75.2101667275846,77.1012098475646
2020-07-23,1.00473528744435,77.3188629909748,77.6849900321074
2020-07-24,0.966037426165844,74.2729683883,71.7504672155304
2020-07-25,1.00149607972655,74.9758671427634,75.0880370175764
2020-07-26,1.0046325455805,73.8043692186577,74.1462713231032
2020-07-27,1.10204519485073,74.9758671427634,82.6267941144495
2020-07-28,1.19331503612058,78.4903609150805,93.6637278704962
2020-07-29,1.31711980278248,77.0845634061536,101.529604951087
2020-07-30,1.43029234452646,79.8961584240073,114.27486375093
2020-07-31,1.53367289971424,82.942053026682,127.205978973684
2020-08-01,1.59620217371892,88.5652430623893,141.368033492131
2020-08-02,1.61723434968068,92.7826355891697,150.05126532871
2020-08-03,1.55543350610833,98.405825624877,153.063718373187
2020-08-04,1.48478133219529,103.560416490942,153.76457316012
2020-08-05,1.40346224886413,111.760901959682,156.852206799419
2020-08-06,1.29682565483258,116.212594071283,150.707473406285
2020-08-07,1.17857901335014,122.304383276633,144.145379370571
2020-08-08,1.08465804070576,131.676366669478,142.82382987897
2020-08-09,1.0229974790452,137.065257120364,140.217412498815
2020-08-10,1.00991934434996,142.922746740893,144.340446681258
2020-08-11,0.999321518263001,145.500042173925,145.401323052578
2020-08-12,1.03416291961227,153.466228057844,158.709082470183
2020-08-13,1.06844329843047,155.809223906055,166.473321116077
2020-08-14,1.14621749111149,160.495215602478,183.96242336327
2020-08-15,1.21620525410837,165.649806468543,201.464164969077
2020-08-16,1.31721962435351,167.524203147112,220.666167939561
2020-08-17,1.41178655081529,172.444494428356,243.454817996094
2020-08-18,1.50276822126124,178.536283633705,268.298653386816
2020-08-19,1.55164741760983,186.971068687266,290.113175896347
2020-08-20,1.56773181747147,199.388946682786,312.588395766727
2020-08-21,1.55976195747316,215.087018865803,335.484549573192
2020-08-22,1.5245802080057,225.396200597933,343.634586391291
2020-08-23,1.47710292567265,239.688475272022,354.04454807432
2020-08-24,1.41558871370582,254.917948285396,360.858970513851
2020-08-25,1.3602942726971,279.988003861257,380.866078076361
2020-08-26,1.29384260020358,294.748877704989,381.358654336909
2020-08-27,1.26349385586069,317.007338262997,400.536824158048
2020-08-28,1.24477208117297,339.734397990647,422.891893632864
2020-08-29,1.26326531482513,356.135368928126,449.893458949354
2020-08-30,1.28554220411913,375.816534053102,483.128015531037
2020-08-31,1.31305792738957,401.589488383427,527.310261278181
2020-09-01,1.32704548508574,427.12814312893,566.818473892302
2020-09-02,1.34575241501218,456.181291646751,613.907074916992
2020-09-03,1.34510716871411,481.485646807434,647.64979515363
2020-09-04,1.32922336980546,504.447006119905,670.522749362975
2020-09-05,1.28419916225391,530.21996045023,680.908029020485
2020-09-06,1.24059197197159,556.93011311984,690.9230272857
2020-09-07,1.19161538841363,587.389059146587,699.941841864879
2020-09-08,1.15499928966787,605.195827592994,699.000750979868
2020-09-09,1.13034243708649,629.094385244749,711.092080574979
2020-09-10,1.13176489388178,658.381833347391,745.133445752103
2020-09-11,1.1316773206553,679.703095566115,769.204578031377
2020-09-12,1.13029240281487,712.036438271431,804.809376705561
2020-09-13,1.11147541080956,737.809392601756,820.056997741191
2020-09-14,1.10591085127015,766.159642365114,847.304262296837
2020-09-15,1.0954177694171,781.623414963309,856.204177743284
2020-09-16,1.11484787885455,787.949503753479,878.44383290406
2020-09-17,1.12661074179346,803.178976766853,904.870062808219
2020-09-18,1.15563017977404,830.826327775747,960.12797852849
2020-09-19,1.15682727060151,845.8215012043,978.469378654245
2020-09-20,1.16720136751037,885.418131039072,1033.46125336728
2020-09-21,1.15723845660146,907.207992427437,1049.85597697324
2020-09-22,1.16007419377267,924.077562534559,1071.9985333407
2020-09-23,1.13200391136152,939.307035547933,1063.29923820965
2020-09-24,1.12893670059652,959.22250025773,1082.9014845789
2020-09-25,1.11413913286253,992.25874171751,1105.51429407241
2020-09-26,1.12032091422017,1014.2829026907,1136.32234882033
2020-09-27,1.11653116589642,1031.38677238264,1151.57547545853
2020-09-28,1.12664459572849,1069.57760470848,1205.03382805704
2020-09-29,1.12883253773698,1094.64766028435,1235.67389628662
2020-09-30,1.1288964805853,1118.07761876646,1262.19388884665
2020-10-01,1.10540080918503,1154.86265358338,1276.58611176864
2020-10-02,1.08589002570752,1174.07521953871,1274.91657032745
2020-10-03,1.07598904033442,1210.62595477081,1302.62025927778
2020-10-04,1.06500903258556,1202.42546930207,1280.59398581763
2020-10-05,1.05686607691083,1233.8216136681,1303.98420844519
2020-10-06,1.06055220056978,1260.53176633771,1336.85973867757
2020-10-07,1.06938861198667,1282.5559273109,1371.55070290227
2020-10-08,1.06591535897434,1300.12839617248,1385.82682611892
2020-10-09,1.05043134923858,1313.24917292247,1379.47810059939
2020-10-10,1.0397544546444,1360.10908988669,1414.17948501203
2020-10-11,1.02675040123076,1370.41827161882,1407.07751023859
2020-10-12,1.00546626878359,1357.76609403848,1365.18800845374
2020-10-13,0.968910095092706,1372.05836871257,1329.40120450204
2020-10-14,0.948388930230488,1388.69363923487,1317.02167493184
2020-10-15,0.933807512052205,1380.72745335095,1289.33366803583
2020-10-16,0.938605861675432,1383.07044919916,1298.15803072841
2020-10-17,0.936149118279898,1365.7322799224,1278.52906965575
2020-10-18,0.946109864771025,1370.41827161882,1296.56624564103
2020-10-19,0.947742530776254,1366.20087909204,1294.80667869943
2020-10-20,0.944989975730953,1369.24677369472,1293.92447544346
2020-10-21,0.92113083346578,1355.89169735991,1248.95364927847
2020-10-22,0.908442045621875,1338.55352808315,1215.99830522623
2020-10-23,0.90404249319608,1321.44965839121,1194.64664380509
2020-10-24,0.908379033355873,1259.82886758325,1144.40212892909
2020-10-25,0.904709548910296,1251.39408252969,1132.14817591445
2020-10-26,0.909632359920063,1252.33128086897,1139.16105841856
2020-10-27,0.916804204320536,1233.35301449846,1130.74322910359
2020-10-28,0.92914863569301,1206.87716141367,1121.36826797656
2020-10-29,0.926022701208846,1180.6356079137,1093.29537478359
2020-10-30,0.915769252744706,1166.34333323961,1068.10136272461
2020-10-31,0.902227257901423,1153.69115565927,1040.89160783559
2020-11-01,0.893344435244921,1134.71288928876,1013.6894452468
2020-11-02,0.874208048184006,1096.28775737809,958.383580625524
2020-11-03,0.853796352804521,1058.56552422189,903.799383785257
2020-11-04,0.836078434929618,1054.81673086475,881.909521478978
2020-11-05,0.829479190634471,1027.40367944068,852.209972477333
2020-11-06,0.815410313567203,994.836037150542,811.199565000877
2020-11-07,0.802903040799091,975.154872025567,782.954811999376
2020-11-08,0.789128393736591,943.993027244356,744.93170128788
2020-11-09,0.781138787886132,911.425384954218,711.949720451789
2020-11-10,0.762898054982281,875.343248891763,667.797662021397
2020-11-11,0.749721613679365,846.758699543584,634.833298618857
2020-11-12,0.732962066492818,814.191057253447,596.771159844459
2020-11-13,0.738756567547849,768.502638213325,567.736371157942
2020-11-14,0.746820880696908,727.031611699984,542.962388544275
2020-11-15,0.757177613656968,692.823872316098,524.590726324883
2020-11-16,0.759748907701716,661.427727950066,502.518993833691
2020-11-17,0.768729548443444,631.20308150814,485.224459823862
2020-11-18,0.771495511022543,591.372152088546,456.240960680054
2020-11-19,0.774611692387462,558.570210213588,432.675015850767
2020-11-20,0.774861949661295,529.751361280588,410.484172637601
2020-11-21,0.782642646064746,502.572609441336,393.334756892831
2020-11-22,0.800769566088581,478.205452619938,382.932372795661
2020-11-23,0.820380750011691,438.608822785166,359.82623499824
2020-11-24,0.860513113745674,422.207851847687,363.315393241325
2020-11-25,0.906461019941197,402.760986307532,365.087134440848
2020-11-26,0.962147580920662,387.062914124516,372.411646489005
2020-11-27,1.01352754467087,373.004939035248,378.050780010502
2020-11-28,1.060563677992,368.787546508468,391.122676722665
2020-11-29,1.07326867115302,358.009765606695,384.2406653925
2020-11-30,1.07013680302115,351.449377231704,376.098912974508
2020-12-01,1.03937569350968,349.106381383492,362.852687259121
2020-12-02,1.00065106862,338.797199651362,339.017779876601
2020-12-03,0.951663617025531,338.797199651362,322.420968458337
2020-12-04,0.899046491744046,335.282705879045,301.434740463007
2020-12-05,0.857447795237601,328.956617088875,282.063126051675
2020-12-06,0.862822294951723,329.425216258517,284.235421107141
2020-12-07,0.895697752827181,325.442123316558,291.497778529947
2020-12-08,0.952450420449414,317.475937432639,302.380090090289
2020-12-09,0.991985884984878,318.881734941566,316.326180041522
2020-12-10,1.03271134781633,324.036325807631,334.63599076625
2020-12-11,1.04005232896733,321.693329959419,334.577897037551
2020-12-12,1.03872037372534,320.287532450493,332.689185406543
2020-12-13,1.02005883102121,312.789945736216,319.064146402871
2020-12-14,1.02306415902653,306.463856946045,313.532188078534
2020-12-15,1.01066227519608,297.560472722842,300.733144370489
2020-12-16,1.02863254022517,297.794772307663,306.321393104607
2020-12-17,1.03554590036476,301.309266079981,312.019575231039
2020-12-18,1.06225562869944,303.18366275855,322.058552294981
2020-12-19,1.07960461039323,306.463856946045,330.859792877843
2020-12-20,1.10984930941375,308.572553209436,342.46903508353
2020-12-21,1.13754712706002,313.727144075501,356.879411423832
2020-12-22,1.19564348035544,317.944536602281,380.148312303149
2020-12-23,1.25222067433983,321.92762954424,403.124433356511
2020-12-24,1.32579335494581,328.722317504053,435.817864169262
2020-12-25,1.38114709119617,340.671596329931,470.51758432424
2020-12-26,1.40895753261328,357.072567267411,503.10008334098
2020-12-27,1.38987837777253,378.159529901313,525.595753958461
2020-12-28,1.34203815866807,397.606395441467,533.602954812916
2020-12-29,1.27954605089496,417.287560566443,533.938650210382
2020-12-30,1.23432980754082,428.768240222678,529.241419433674
2020-12-31,1.20214949033181,438.843122369987,527.555035892698
2021-01-01,1.1994376926695,457.587089155678,548.847202412239
2021-01-02,1.21332219435968,486.405938088678,590.167120151335
2021-01-03,1.22727735828826,517.099183700246,634.624120144655
2021-01-04,1.22779465152134,546.386631802888,670.850584190349
2021-01-05,1.20592832221816,570.988088209108,688.570707220566
2021-01-06,1.16288544508597,593.246548767116,689.877776908761
2021-01-07,1.10193525855974,608.007422610847,669.984816440927
2021-01-08,1.03343917873081,626.282790226896,647.225172385321
2021-01-09,0.965752682091066,630.500182753676,608.90724255327
2021-01-10,0.92858160928238,641.043664070627,595.261357202977
2021-01-11,0.906771961787019,649.009849954546,588.503934862382
2021-01-12,0.898537666371059,650.181347878652,584.212431040874
2021-01-13,0.890156990650906,657.210335423286,585.020374405065
2021-01-14,0.888110154217218,663.536424213456,589.293436036954
2021-01-15,0.890567824679411,661.427727950066,589.046252863135
2021-01-16,0.896502615003547,650.415647463473,583.099328790229
2021-01-17,0.896316413355258,637.294870713489,571.217852767617
2021-01-18,0.907951290591639,625.345591887611,567.783337220149
2021-01-19,0.922058759507385,615.036410155481,567.099709399839
2021-01-20,0.94883465976546,600.27553631175,569.562234261888
2021-01-21,0.978837506189351,585.98326163766,573.58239449011
2021-01-22,1.0274930426745,580.360071601953,596.315935817083
2021-01-23,1.06117166375343,573.096784472498,608.154068270422
2021-01-24,1.08121419503035,569.113691530539,615.33380186894
2021-01-25,1.06975325100361,567.707894021612,607.307365250033
2021-01-26,1.05266830248323,571.690986963571,601.800980791907
2021-01-27,1.0152784626441,568.410792776075,577.095235840005
2021-01-28,0.97302705477944,560.678906476978,545.555745046251
2021-01-29,0.922579295938568,557.633011874303,514.460671487098
2021-01-30,0.898858415181202,555.055716441271,498.916501617667
2021-01-31,0.890424836471125,549.198226820742,489.019741307091
2021-02-01,0.891194540904623,545.683733048425,486.310363953212
2021-02-02,0.893584679370361,546.62093138771,488.452089711214
2021-02-03,0.89185417139709,543.340737200214,484.580702961981
2021-02-04,0.8851745125822,543.106437615392,480.74397619646
2021-02-05,0.867237537554511,527.876964602019,457.794718913205
2021-02-06,0.861898346040342,520.613677472563,448.716067539583
2021-02-07,0.855372290642106,503.275508195799,430.487924269511
2021-02-08,0.864318972763231,483.594343070824,417.979765837084
2021-02-09,0.868473769805509,468.833469227093,407.169570430648
2021-02-10,0.890646937411187,462.273080852101,411.722103708557
2021-02-11,0.905873958452161,451.261000365507,408.785588696184
2021-02-12,0.917949597626782,441.186118218199,404.986619696917
2021-02-13,0.911271078831021,430.174037731605,392.005159448776
2021-02-14,0.910239929529195,422.91075060215,384.95025182524
2021-02-15,0.896605904490608,411.664370530735,369.100705286267
2021-02-16,0.889195809457186,395.029100008435,351.258220341144
2021-02-17,0.873092598232023,388.000112463801,338.760026305337
2021-02-18,0.873999826083918,377.690930731671,330.101807772953
2021-02-19,0.8774793973601,368.318947338825,323.192287947179
2021-02-20,0.890267415793279,361.524259379012,321.853268143933
2021-02-21,0.899418264944128,353.792373079915,318.207322346003
2021-02-22,0.926182542083556,348.63778221385,322.902227397197
2021-02-23,0.945008430926558,339.734397990647,321.05187037692
2021-02-24,0.969624662064528,330.362414597801,320.327544613215
2021-02-25,0.976788350232662,328.956617088875,321.320991304359
2021-02-26,0.984428857873169,323.80202622281,318.760058851538
2021-02-27,0.971961563263018,318.881734941566,309.940789589827
2021-02-28,0.951485662352334,312.555646151395,297.392216000322
2021-03-01,0.916423560588552,306.229557361224,280.635981314429
2021-03-02,0.893365848786272,305.29235902194,272.737767445599
2021-03-03,0.865308254206939,297.794772307663,257.684274537497
2021-03-04,0.85193095206657,291.000084347851,247.911978909917
2021-03-05,0.849931861832186,288.188489329997,244.940579294849
2021-03-06,0.872630350369184,281.628100955005,245.757228410174
2021-03-07,0.889248358021052,278.347906767509,247.520419051605
2021-03-08,0.904781317852833,272.021817977339,246.12025895426
2021-03-09,0.912530730567559,268.975923374664,245.448795862166
2021-03-10,0.922836100872929,264.289931678241,243.896290049921
2021-03-11,0.921184118494075,255.386547455038,235.258031592614
2021-03-12,0.91623045554455,249.294758249688,228.41144991598
2021-03-13,0.902427833046275,243.43726862916,219.684566811717
2021-03-14,0.909694082654623,236.408281084526,215.059214393144
2021-03-15,0.920513490693068,230.082192294355,211.793761975191
2021-03-16,0.935364073783447,224.224702673827,209.731731335873
2021-03-17,0.940605436537763,220.71020890151,207.601222392145
2021-03-18,0.953311840685325,220.71020890151,210.405655505941
2021-03-19,0.961565421136912,218.132913468477,209.749066803138
2021-03-20,0.959197623189004,212.978322602412,204.288300831015
2021-03-21,0.949806119551976,210.40102716938,199.840183165498
2021-03-22,0.937465191801565,207.823731736347,194.827514533132
2021-03-23,0.927163928439077,204.543537548851,189.645389810619
2021-03-24,0.915881962869965,198.920347513144,182.187558335114
2021-03-25,0.925092388613296,200.09184543725,185.103443237588
2021-03-26,0.952987711023695,195.171554156006,185.996092652069
2021-03-27,1.02055205738963,191.657060383689,195.596007287822
2021-03-28,1.10320853135045,190.954161629226,210.662260206234
2021-03-29,1.20403276909152,191.657060383689,230.761381129714
2021-03-30,1.27832900692367,194.0000562319,247.995899226062
2021-03-31,1.32830517091541,197.514550004217,262.359598101632
2021-04-01,1.34893894091489,203.372039624746,274.336463743106
2021-04-02,1.32513686805946,207.589432151526,275.084409963516
2021-04-03,1.26233123416624,213.212622187234,269.144952505432
2021-04-04,1.18226687621344,218.367213053298,258.168322843958
2021-04-05,1.10016736974419,224.459002258648,246.942470130301
2021-04-06,1.05058768520002,226.801998106859,238.275386189824
2021-04-07,1.04235058595105,233.596686066672,243.489642597819
2021-04-08,1.05869770624082,239.688475272022,253.757638982849
2021-04-09,1.10507989548015,246.951762401477,272.901427783264
2021-04-10,1.17685311469395,258.432442057713,304.137024373582
2021-04-11,1.2422165247397,267.570125865737,332.380031877099
2021-04-12,1.30073993410344,277.176408843404,360.534423773998
2021-04-13,1.32686823488612,285.611193896964,378.968420709783
2021-04-14,1.34495755088386,300.372067740696,403.987680582448
2021-04-15,1.33478064061358,307.635354870151,410.625716048966
2021-04-16,1.31241269066352,318.647435356745,418.196938009574
2021-04-17,1.27885006068431,330.362414597801,422.483993956214
2021-04-18,1.26482445809701,344.654689271891,435.927680588912
2021-04-19,1.26257507349468,360.352761454907,454.97241427794
2021-04-20,1.2739672072424,376.753732392386,479.97190027408
2021-04-21,1.28764217325003,402.058087553069,517.706949629584
2021-04-22,1.28828997335368,419.864855999475,540.907684147709
2021-04-23,1.29452775989817,449.855202856581,582.350048032466
2021-04-24,1.27925924125238,471.879363829767,603.656036935523
2021-04-25,1.26200855469807,494.606423557417,624.19753773808
2021-04-26,1.2222802345129,515.459086606499,630.035453259197
2021-04-27,1.20790442506417,541.232040936823,653.756577234101
2021-04-28,1.18460152041263,561.850404401083,665.568843297974
2021-04-29,1.1667207401604,582.937367034986,680.125116334213
2021-04-30,1.10905867481006,604.961528008172,670.937830563812
2021-05-01,1.03486504114255,639.169267392058,661.453930196737
2021-05-02,0.923706395737987,659.319031686676,609.017206400759
2021-05-03,0.793607236538894,667.753816740237,529.934261191518
2021-05-04,0.660523459100905,667.050917985773,440.602779744397
2021-05-05,0.574946745644823,645.495356182229,371.125454365819
2021-05-06,0.473165908438384,617.379406003693,292.122887492887
2021-05-07,0.375355690632726,571.45668737875,214.499519557741
