"fecha","rho7dpromedio","incidenciaAcum14d","riesgopor10"
2020-01-01,1.25,0.161552454466441,0.201940568083051
2020-01-02,1,0.323104908932881,0.323104908932881
2020-01-03,0.833333333333333,0.323104908932881,0.269254090777401
2020-01-04,0.714285714285714,0.323104908932881,0.230789220666344
2020-01-05,0.428571428571429,0.323104908932881,0.138473532399806
2020-01-06,0.142857142857143,0.323104908932881,0.0461578441332688
2020-01-07,0,0.323104908932881,0
2020-01-08,0,0.323104908932881,0
2020-01-09,0,0.323104908932881,0
2020-01-10,0,0.323104908932881,0
2020-01-11,0,0.323104908932881,0
2020-01-12,0.142857142857143,0.323104908932881,0.0461578441332688
2020-01-13,0.285714285714286,0.323104908932881,0.0923156882665375
2020-01-14,0.428571428571429,0.323104908932881,0.138473532399806
2020-01-15,0.571428571428571,0.161552454466441,0.0923156882665375
2020-01-16,0.857142857142857,0.161552454466441,0.138473532399806
2020-01-17,1.28571428571429,0.161552454466441,0.207710298599709
2020-01-18,1.71428571428571,0.161552454466441,0.276947064799613
2020-01-19,1.85714285714286,0.323104908932881,0.600051973732494
2020-01-20,1.85714285714286,0.484657363399322,0.900077960598741
2020-01-21,1.71428571428571,0.646209817865763,1.10778825919845
2020-01-22,1.61904761904762,0.807762272332204,1.30780558377595
2020-01-23,1.38095238095238,0.807762272332204,1.11548123322066
2020-01-24,1.02380952380952,0.807762272332204,0.826994707387732
2020-01-25,0.595238095238095,0.807762272332204,0.480810876388216
2020-01-26,0.452380952380952,0.969314726798644,0.438499519266053
2020-01-27,0.595238095238095,0.969314726798644,0.57697305166586
2020-01-28,0.880952380952381,0.969314726798644,0.853920116465472
2020-01-29,0.976190476190476,0.969314726798644,0.94623580473201
2020-01-30,0.928571428571429,0.969314726798644,0.900077960598741
2020-01-31,0.857142857142857,1.13086718126509,0.969314726798644
2020-02-01,0.857142857142857,1.13086718126509,0.969314726798644
2020-02-02,0.714285714285714,0.969314726798644,0.692367661999032
2020-02-03,0.571428571428571,0.807762272332204,0.461578441332688
2020-02-04,0.428571428571429,0.646209817865763,0.276947064799613
2020-02-05,0.428571428571429,0.484657363399322,0.207710298599709
2020-02-06,0.428571428571429,0.484657363399322,0.207710298599709
2020-02-07,0.428571428571429,0.646209817865763,0.276947064799613
2020-02-08,0.571428571428571,0.646209817865763,0.36926275306615
2020-02-09,0.714285714285714,0.484657363399322,0.346183830999516
2020-02-10,0.714285714285714,0.484657363399322,0.346183830999516
2020-02-11,0.571428571428571,0.484657363399322,0.276947064799613
2020-02-12,0.428571428571429,0.646209817865763,0.276947064799613
2020-02-13,0.428571428571429,0.484657363399322,0.207710298599709
2020-02-14,0.428571428571429,0.323104908932881,0.138473532399806
2020-02-15,0.285714285714286,0.323104908932881,0.0923156882665375
2020-02-16,0.142857142857143,0.323104908932881,0.0461578441332688
2020-02-17,0,0.323104908932881,0
2020-02-18,0,0.323104908932881,0
2020-02-19,0,0.323104908932881,0
2020-02-20,0,0.323104908932881,0
2020-02-21,0.142857142857143,0.161552454466441,0.0230789220666344
2020-02-22,0.285714285714286,0.161552454466441,0.0461578441332688
2020-02-23,0.428571428571429,0.161552454466441,0.0692367661999032
2020-02-24,0.571428571428571,0.161552454466441,0.0923156882665375
2020-02-25,0.714285714285714,0.323104908932881,0.230789220666344
2020-02-26,0.857142857142857,0.161552454466441,0.138473532399806
2020-02-27,0.857142857142857,0.161552454466441,0.138473532399806
2020-02-28,0.714285714285714,0.323104908932881,0.230789220666344
2020-02-29,0.571428571428571,0.323104908932881,0.184631376533075
2020-03-01,0.428571428571429,0.323104908932881,0.138473532399806
2020-03-02,0.285714285714286,0.323104908932881,0.0923156882665375
2020-03-03,0.142857142857143,0.323104908932881,0.0461578441332688
2020-03-04,0,0.323104908932881,0
2020-03-05,0,0.323104908932881,0
2020-03-06,0,0.323104908932881,0
2020-03-07,0,0.323104908932881,0
2020-03-08,0,0.323104908932881,0
2020-03-09,0,0.323104908932881,0
2020-03-10,0,0.161552454466441,0
2020-03-11,0,0.161552454466441,0
2020-03-12,0,0.161552454466441,0
2020-03-13,0,0,0
2020-03-14,0,0,0
2020-03-15,0,0,0
2020-03-16,0,0,0
2020-03-17,0,0,0
2020-03-18,0,0,0
2020-03-19,0,0,0
2020-03-20,0,0,0
2020-03-21,0.142857142857143,0,0
2020-03-22,0.285714285714286,0,0
2020-03-23,0.571428571428571,0,0
2020-03-24,0.714285714285714,0,0
2020-03-25,0.857142857142857,0.161552454466441,0.138473532399806
2020-03-26,0.857142857142857,0.161552454466441,0.138473532399806
2020-03-27,0.857142857142857,0.323104908932881,0.276947064799613
2020-03-28,0.714285714285714,0.323104908932881,0.230789220666344
2020-03-29,0.571428571428571,0.323104908932881,0.184631376533075
2020-03-30,0.285714285714286,0.323104908932881,0.0923156882665375
2020-03-31,0.285714285714286,0.323104908932881,0.0923156882665375
2020-04-01,0.285714285714286,0.323104908932881,0.0923156882665375
2020-04-02,0.428571428571429,0.323104908932881,0.138473532399806
2020-04-03,0.571428571428571,0.323104908932881,0.184631376533075
2020-04-04,0.857142857142857,0.484657363399322,0.415420597199419
2020-04-05,1.14285714285714,0.484657363399322,0.553894129599225
2020-04-06,1.28571428571429,0.484657363399322,0.623130895799129
2020-04-07,1.14285714285714,0.646209817865763,0.7385255061323
2020-04-08,1.14285714285714,0.646209817865763,0.7385255061323
2020-04-09,1.14285714285714,0.646209817865763,0.7385255061323
2020-04-10,1.14285714285714,0.484657363399322,0.553894129599225
2020-04-11,1,0.484657363399322,0.484657363399322
2020-04-12,0.714285714285714,0.646209817865763,0.461578441332688
2020-04-13,0.571428571428571,0.807762272332204,0.461578441332688
2020-04-14,0.642857142857143,0.807762272332204,0.519275746499274
2020-04-15,0.642857142857143,0.807762272332204,0.519275746499274
2020-04-16,0.785714285714286,0.807762272332204,0.634670356832446
2020-04-17,0.785714285714286,0.807762272332204,0.634670356832446
2020-04-18,0.642857142857143,0.807762272332204,0.519275746499274
2020-04-19,0.642857142857143,0.969314726798644,0.623130895799129
2020-04-20,0.642857142857143,0.969314726798644,0.623130895799129
2020-04-21,0.642857142857143,0.807762272332204,0.519275746499274
2020-04-22,0.785714285714286,0.646209817865763,0.507736285465957
2020-04-23,0.928571428571429,0.646209817865763,0.600051973732494
2020-04-24,1.07142857142857,0.646209817865763,0.692367661999032
2020-04-25,1.21428571428571,0.807762272332204,0.980854187831961
2020-04-26,1.35714285714286,0.807762272332204,1.09624879816513
2020-04-27,1.42857142857143,0.807762272332204,1.15394610333172
2020-04-28,1.4047619047619,0.807762272332204,1.13471366827619
2020-04-29,1.11904761904762,0.807762272332204,0.903924447609847
2020-04-30,0.69047619047619,0.969314726798644,0.669288739932397
2020-05-01,0.404761904761905,0.969314726798644,0.392341675132785
2020-05-02,0.261904761904762,0.807762272332204,0.211556785610815
2020-05-03,0.261904761904762,0.646209817865763,0.169245428488652
2020-05-04,0.333333333333333,0.646209817865763,0.215403272621921
2020-05-05,0.428571428571429,0.646209817865763,0.276947064799613
2020-05-06,0.571428571428571,0.646209817865763,0.36926275306615
2020-05-07,0.714285714285714,0.807762272332204,0.57697305166586
2020-05-08,0.857142857142857,0.807762272332204,0.692367661999032
2020-05-09,0.857142857142857,0.646209817865763,0.553894129599225
2020-05-10,0.857142857142857,0.646209817865763,0.553894129599225
2020-05-11,0.857142857142857,0.484657363399322,0.415420597199419
2020-05-12,0.857142857142857,0.484657363399322,0.415420597199419
2020-05-13,0.714285714285714,0.484657363399322,0.346183830999516
2020-05-14,0.714285714285714,0.484657363399322,0.346183830999516
2020-05-15,1,0.484657363399322,0.484657363399322
2020-05-16,1.57142857142857,0.484657363399322,0.761604428198935
2020-05-17,1.85714285714286,0.484657363399322,0.900077960598741
2020-05-18,2.14285714285714,0.646209817865763,1.38473532399806
2020-05-19,2.28571428571429,0.969314726798644,2.2155765183969
2020-05-20,2.38095238095238,1.13086718126509,2.69254090777401
2020-05-21,2.23809523809524,0.969314726798644,2.16941867426363
2020-05-22,1.95238095238095,1.29241963573153,2.52329547928536
2020-05-23,1.61904761904762,1.29241963573153,2.09248893404152
2020-05-24,1.61904761904762,1.13086718126509,1.83092781728633
2020-05-25,1.54761904761905,1.13086718126509,1.75015159005311
2020-05-26,1.83333333333333,1.61552454466441,2.96179499855141
2020-05-27,2.07142857142857,1.93862945359729,4.01573243959438
2020-05-28,2.32857142857143,1.93862945359729,4.51423715623369
2020-05-29,2.44761904761905,2.26173436253017,5.53586410638337
2020-05-30,2.40952380952381,2.42328681699661,5.8389672828585
2020-05-31,2.37380952380952,3.06949663486237,7.28640034513759
2020-06-01,2.22074829931973,3.5541539982617,7.89288144716007
2020-06-02,1.99852607709751,3.71570645272814,7.42593624061665
2020-06-03,1.87298495155638,3.5541539982617,6.6568769542581
2020-06-04,2.00359719645434,4.84657363399322,9.71058134547834
2020-06-05,1.94948464234179,4.84657363399322,9.4483208674484
2020-06-06,2.0637703566275,6.78520308759051,14.0031009958667
2020-06-07,1.83325087610802,7.10830799652339,13.0313118622721
2020-06-08,1.84345495774067,7.9160702688556,14.5929189829454
2020-06-09,1.65214334537643,8.88538499565424,14.6799296916777
2020-06-10,1.60506542329851,9.85469972245288,15.8174377814985
2020-06-11,1.3276999316473,10.985566903718,14.5855364271732
2020-06-12,1.23990772385509,11.9548816305166,14.8229500714509
2020-06-13,1.044669628617,12.6010914483824,13.1639775235504
2020-06-14,1.01838638804804,12.7626439028488,12.9973028261656
2020-06-15,0.939021308682963,13.2473012662481,12.4394981715498
2020-06-16,0.915580353353463,14.2166159930468,13.0164542944043
2020-06-17,0.829695999611966,14.8628258109125,12.3316271182436
2020-06-18,0.755020674936641,14.7012733564461,11.099765332012
2020-06-19,0.66359210350807,15.3474831743119,10.1844686431963
2020-06-20,0.611771375216753,13.8935110841139,8.49965238251757
2020-06-21,0.56500266773376,13.8935110841139,7.84987082671292
2020-06-22,0.598913201644294,13.0857488117817,7.83722771677719
2020-06-23,0.778745134417403,11.9548816305166,9.30980590230081
2020-06-24,1.16820091673033,11.6317767215837,13.5882522293566
2020-06-25,1.41820091673033,10.6624619947851,15.1215133756065
2020-06-26,1.64677234530176,10.1778046313858,16.7605272028502
2020-06-27,1.8213036963037,10.0162521769193,18.2426371129331
2020-06-28,2.01773226773227,9.85469972245288,19.8841456188054
2020-06-29,2.12362637362637,10.0162521769193,21.2707772877985
2020-06-30,2.04148351648352,9.53159481352,19.4585936976009
2020-07-01,1.81529304029304,10.1778046313858,18.4756979128169
2020-07-02,1.70490342990343,10.3393570858522,17.6276053586658
2020-07-03,1.61009823509824,10.8240144492515,17.4277265614177
2020-07-04,1.46548285048285,11.7933291760502,17.2829216576006
2020-07-05,1.30614219114219,13.4088537207146,17.5138695794793
2020-07-06,1.14094072594073,14.3781684475132,16.4046379462038
2020-07-07,1.041073001073,15.1859307198454,15.8096624685962
2020-07-08,0.917263477263477,14.8628258109125,13.633127285279
2020-07-09,0.90160266748502,16.478350355577,14.8569246363409
2020-07-10,0.838643887134936,16.8014552645098,14.0904377525523
2020-07-11,0.809824011358538,17.1245601734427,13.867880012408
2020-07-12,0.75202181355634,17.609217536842,13.2425157073641
2020-07-13,0.763926575461102,17.2861126279092,13.2053208228736
2020-07-14,0.75947099205815,16.8014552645098,12.7602178977579
2020-07-15,0.770185277772436,15.8321405377112,12.1936815577693
2020-07-16,0.714417516122322,15.6705880832447,11.1953426146078
2020-07-17,0.710276729372839,15.5090356287783,11.0157071021355
2020-07-18,0.700777277418144,14.3781684475132,10.0758937389078
2020-07-19,0.724642823636632,13.0857488117817,9.48249396836919
2020-07-20,0.73586731343255,12.4395389939159,9.15385013979237
2020-07-21,0.875904907417512,11.6317767215837,10.18833031242
2020-07-22,1.05447633598894,11.4702242671173,12.0950800581613
2020-07-23,1.25670268107243,10.5009095403186,13.1965211730175
2020-07-24,1.38224380661355,10.0162521769193,13.8449025370263
2020-07-25,1.49924445302597,9.85469972245288,14.774603895124
2020-07-26,1.57823604966462,10.0162521769193,15.8080102681458
2020-07-27,1.58003676995274,9.37004235905356,14.8050114633193
2020-07-28,1.45503676995274,10.0162521769193,14.5740152145368
2020-07-29,1.28591912289391,10.8240144492515,13.9188071667726
2020-07-30,1.17622524534289,10.3393570858522,12.1614128249943
2020-07-31,1.13798570710335,9.85469972245288,11.2145074319468
2020-08-01,1.34609010270775,10.5009095403186,14.1351704016523
2020-08-02,1.68894724556489,10.6624619947851,18.0083358170326
2020-08-03,2.12592203548086,12.1164340849831,25.7585942127168
2020-08-04,2.28825969781852,12.9241963573153,29.5739176511374
2020-08-05,2.37119722065374,16.478350355577,39.0734185641027
2020-08-06,2.28108094158398,19.06318962704,43.4846785440423
2020-08-07,2.18584284634588,21.1633715351037,46.2598042745665
2020-08-08,1.88227141777445,21.6480288985031,40.7474660468076
2020-08-09,1.47132916853433,21.9711338074359,32.3267700366512
2020-08-10,1.06316590322821,23.9097632610332,25.420045053389
2020-08-11,0.976721098033402,24.2328681699661,23.668753607468
2020-08-12,1.02339905775484,25.2021828967648,25.7918902299142
2020-08-13,1.22264232095159,26.4946025324963,32.3934223330212
2020-08-14,1.55130712020463,28.1101270771607,43.6074402846562
2020-08-15,1.90666426306177,30.6949663486237,58.5249953928045
2020-08-16,2.24646948606282,33.7644629834861,75.8508358056993
2020-08-17,2.46727912139237,36.9955120728149,91.2782545224754
2020-08-18,2.56021743308068,42.9729528880732,110.020103135
2020-08-19,2.54723042009366,46.5271068863349,118.515262019822
2020-08-20,2.47937978257089,52.8276526105261,130.979813843217
2020-08-21,2.28803745616665,59.1281983347173,135.287532505484
2020-08-22,2.08315940738616,66.0749538767743,137.644661761009
2020-08-23,1.85259575335312,75.2834437813614,139.469788247148
2020-08-24,1.68937467068602,86.7536680484787,146.559449390203
2020-08-25,1.54939642233339,99.354759496861,153.939908906231
2020-08-26,1.45252815810111,112.278955854176,163.088344940382
2020-08-27,1.35121138023005,121.64899821323,164.373510779301
2020-08-28,1.28487303436539,136.350271569676,175.192787168274
2020-08-29,1.21070169387344,143.781684475132,174.076728942018
2020-08-30,1.17727356852494,153.474831743119,180.681862844985
2020-08-31,1.12474750597482,164.78350355577,185.339834650144
2020-09-01,1.11226951491469,172.538021370159,191.908781333726
2020-09-02,1.09833402213382,181.423406365813,199.263499622983
2020-09-03,1.09608631780745,189.662581543601,207.886560629981
2020-09-04,1.07692291911464,195.15536499546,210.167285351794
2020-09-05,1.07063396252242,199.840386174987,213.955904522536
2020-09-06,1.05358445000726,205.494722081313,216.506043743434
2020-09-07,1.05122304032711,207.110246625977,217.719063141057
2020-09-08,1.03948967872716,209.371980988507,217.640013252213
2020-09-09,1.04350648667148,214.380107076967,223.707032348141
2020-09-10,1.07186605083613,218.418918438628,234.11582353471
2020-09-11,1.12961873524322,216.96494634843,245.087668286227
2020-09-12,1.21432416971548,221.165310164557,268.566381635443
2020-09-13,1.3254435467923,225.365673980685,298.709478246197
2020-09-14,1.44803909664015,234.897268794205,340.140428907999
2020-09-15,1.54190616304461,247.659912697054,381.868345726676
2020-09-16,1.61108672756828,261.714976235634,421.645524619077
2020-09-17,1.63485046383201,273.831410320617,447.673408174435
2020-09-18,1.62810343458155,296.771858854852,483.175282688736
2020-09-19,1.57182845123712,315.511943572959,495.930649613097
2020-09-20,1.47467601018224,336.35221019913,496.01053535243
2020-09-21,1.34999874752787,361.554393095894,488.097977842658
2020-09-22,1.26076107832813,384.979498993528,485.367168285304
2020-09-23,1.19249714271726,407.59684261883,486.05807020353
2020-09-24,1.15716263491231,432.314368152195,500.258033361447
2020-09-25,1.13231924765316,456.062578958762,516.408436289345
2020-09-26,1.13756425501283,478.033712766198,543.794064333897
2020-09-27,1.16192522161418,503.235895662963,584.722479592401
2020-09-28,1.20479730462284,527.145658923996,635.10366901526
2020-09-29,1.25220722090741,548.470582913566,686.798824379663
2020-09-30,1.29415932321136,576.580709990727,746.187301418324
2020-10-01,1.31850143532165,602.429102705357,794.303636596545
2020-10-02,1.31454811681504,623.269369331528,819.317575723258
2020-10-03,1.27948964898346,658.649356859679,842.735034411574
2020-10-04,1.21542376885924,681.589805393913,828.420450087907
2020-10-05,1.13759900265327,706.791988290678,804.0458609628
2020-10-06,1.06884400299526,725.855177917718,775.825953960409
2020-10-07,1.0141724772576,739.102479183966,749.577392261235
2020-10-08,0.987769278394616,757.51945899314,748.254449379534
2020-10-09,0.989950806587806,771.251417622788,763.500962957668
2020-10-10,1.03092894647764,799.199992245482,823.918406030575
2020-10-11,1.08037827946089,809.377796876868,874.43419162368
2020-10-12,1.1457373889505,829.410301230707,950.286392900716
2020-10-13,1.1865302112772,855.743351308736,1015.36533942742
2020-10-14,1.21214691323865,874.806540935776,1060.39404827628
2020-10-15,1.21059048809735,895.646807561947,1084.26150592925
2020-10-16,1.19385010732877,915.840864370252,1093.3767142245
2020-10-17,1.14634017939454,919.233465914048,1053.75425622137
2020-10-18,1.09121834172097,929.411270545433,1014.19062542137
2020-10-19,1.02453086044768,952.513271534134,975.879241672698
2020-10-20,0.974313261554624,970.607146434376,945.675414530703
2020-10-21,0.935707667500319,981.431160883627,918.33266236255
2020-10-22,0.908816878166733,985.954629608688,896.052208495005
2020-10-23,0.889599475252365,999.040378420469,888.745796398773
2020-10-24,0.874685147065159,999.848140692802,874.552317984709
2020-10-25,0.864021345689224,1012.12612723225,874.498578458432
2020-10-26,0.859417376495778,1006.95644868932,865.395869378085
2020-10-27,0.857833006779253,986.116182063154,845.923009492913
2020-10-28,0.867926589278029,964.306600710185,836.94733897268
2020-10-29,0.889703261308128,941.043047267017,837.249068184804
2020-10-30,0.923583860540352,923.110724821242,852.570166936606
2020-10-31,0.951239868135904,902.755115558471,858.736657082852
2020-11-01,0.977997035086765,889.023156928823,869.462011599865
2020-11-02,0.993993524509256,867.536680484787,862.325842676133
2020-11-03,1.00846295399795,851.866092401542,859.075395953949
2020-11-04,1.00901895076885,841.365182861223,848.953414024072
2020-11-05,1.00493323961943,829.733406139639,833.826679852369
2020-11-06,0.994967213941708,818.747839235921,814.627256525358
2020-11-07,0.987865299101698,809.862454240267,800.035015589296
2020-11-08,0.967009302461864,800.977069244613,774.552277018182
2020-11-09,0.947630388346108,801.461726608012,759.489487230093
2020-11-10,0.92705280008575,804.369670788408,745.693155608447
2020-11-11,0.911520544044586,794.838075974888,724.511235439982
2020-11-12,0.887831075618275,781.752327163107,694.064009492311
2020-11-13,0.864980913462402,775.613333893382,670.890730044716
2020-11-14,0.850920822759454,772.705389712986,657.511105965238
2020-11-15,0.846415111294216,758.00411635654,641.586138507395
2020-11-16,0.849889642801428,736.67919236697,626.096015660008
2020-11-17,0.853820782881433,717.292897830997,612.439583581354
2020-11-18,0.862334172611484,705.822673563879,608.655011218133
2020-11-19,0.86936642492869,688.698113390437,598.731016693378
2020-11-20,0.890097653386682,678.197203850118,603.6617396804
2020-11-21,0.905441395060898,653.479678316753,591.687551579067
2020-11-22,0.938688336798405,631.83164941825,593.09300012901
2020-11-23,0.961339726153957,612.28380242781,588.612742954454
2020-11-24,0.985986010297422,600.813578160693,592.39378286318
2020-11-25,0.993103782779549,592.412850528438,588.327442827007
2020-11-26,1.00451873802841,588.535591621243,591.195029780178
2020-11-27,1.0003232016613,573.672765810331,573.858177801281
2020-11-28,0.999049373100841,562.525646452146,561.990894441162
2020-11-29,0.972842513583272,560.10235963515,544.891387411381
2020-11-30,0.943308544357858,558.809939999418,527.130191073554
2020-12-01,0.905763387259231,555.09423354669,502.784033225317
2020-12-02,0.894810193316746,545.885743642103,488.464127797246
2020-12-03,0.901484514613138,538.938988100046,485.845152093466
2020-12-04,0.940786544486749,525.045477015932,493.955720020216
2020-12-05,1.00129650470163,522.783742653402,523.461534233689
2020-12-06,1.08737520845762,529.24584083206,575.48880650009
2020-12-07,1.16028812627525,527.953421196328,612.578085840498
2020-12-08,1.22598120115059,526.822554015063,645.874547564607
2020-12-09,1.26617955040427,536.677253737516,679.529763849565
2020-12-10,1.2927681705862,539.908302826845,697.976268929758
2020-12-11,1.27973959915763,547.985925550167,701.279288707591
2020-12-12,1.23886524431323,562.36409399768,696.693330703422
2020-12-13,1.17169159048852,570.280164266536,668.192472693511
2020-12-14,1.12574374698556,586.758514622113,660.53972882638
2020-12-15,1.09429394731695,598.874948707096,655.345231569924
2020-12-16,1.08244477478911,610.829830337612,661.189558134269
2020-12-17,1.06497654984544,628.115942965522,668.928749842334
2020-12-18,1.05780936969301,651.056391499756,688.693551126964
2020-12-19,1.05206271847661,677.389441577786,712.656177373676
2020-12-20,1.05768633073338,690.152085480635,729.964426940001
2020-12-21,1.07338270779815,700.81454747542,752.242216633498
2020-12-22,1.11105974958567,710.669247197873,789.595995829907
2020-12-23,1.15887069853849,718.746869921195,832.934687217925
2020-12-24,1.21514497082362,734.094353095507,892.031061274022
2020-12-25,1.23773960850876,758.00411635654,938.211718227175
2020-12-26,1.22882821593372,785.306481161368,965.006762206712
2020-12-27,1.19521704317998,812.44729351173,971.050851890669
2020-12-28,1.15188960225456,836.195504318297,963.204906876258
2020-12-29,1.09449720551966,843.142259860354,922.81684727269
2020-12-30,1.03316633985821,849.281253130079,877.448803806597
2020-12-31,0.984050448916436,864.790288758857,850.997271871728
2021-01-01,0.971917617362651,878.360694934038,853.694233805293
2021-01-02,0.979017933454323,892.577310927085,873.849194392052
2021-01-03,0.990953160681449,904.047535194202,895.868762406968
2021-01-04,0.995591379605382,926.503326365037,922.418724904743
2021-01-05,0.98680420196704,937.973550632155,925.596241097755
2021-01-06,0.962413283892792,941.689257084883,906.294250317626
2021-01-07,0.913648178947248,942.820124266148,861.405889610584
2021-01-08,0.851867052778174,926.503326365037,789.257658019759
2021-01-09,0.801381949710303,902.270458195071,723.063258954374
2021-01-10,0.773359433188442,879.491562115303,680.163095971508
2021-01-11,0.758093232811578,841.365182861223,637.833251450369
2021-01-12,0.763517409285216,829.410301230707,633.26920443014
2021-01-13,0.780122953453872,815.19368523766,635.951305364549
2021-01-14,0.813465473669901,789.829949886429,642.499394303038
2021-01-15,0.851306313701524,766.243291534328,652.307751914611
2021-01-16,0.892092046449004,740.556451274164,660.644520128181
2021-01-17,0.917065443969813,713.577191378269,654.396983818044
2021-01-18,0.924369237725823,681.912910302846,630.33931709204
2021-01-19,0.910292046339714,657.518489678414,598.533851475562
2021-01-20,0.885231304612306,634.739593598646,561.891358530414
2021-01-21,0.850905843758887,610.668277883146,519.621206248945
2021-01-22,0.81299257013981,586.273857258713,476.636290018541
2021-01-23,0.782050990861319,561.717884179814,439.292027907348
2021-01-24,0.771573225767958,539.423645463445,416.204842185742
2021-01-25,0.789811472682736,526.337896651664,415.707709283184
2021-01-26,0.811618452917912,505.336077571027,410.140085481803
2021-01-27,0.834743359991159,491.604118941379,410.36327403062
2021-01-28,0.850290302066059,482.880286400191,410.588424584964
2021-01-29,0.869639509399883,468.986775316077,407.849429200907
2021-01-30,0.87371278540969,447.98495623544,391.410183934105
2021-01-31,0.874194759575875,431.829710788796,377.503270200731
2021-02-01,0.855420322102967,410.989444162625,351.568722706512
2021-02-02,0.847797825184927,392.249359444518,332.548153867243
2021-02-03,0.839318617240138,378.194295905938,317.425513487879
2021-02-04,0.842901310754182,366.239414275421,308.703682342596
2021-02-05,0.839218965944021,351.861245827908,295.288630879472
2021-02-06,0.854583707993139,343.945175559052,293.929943475606
2021-02-07,0.852827598768638,333.928923382133,284.783801887381
2021-02-08,0.846770042985966,321.489384388217,272.227579837942
2021-02-09,0.816588730127613,315.835048481892,257.907341169621
2021-02-10,0.808192035617726,308.242083121969,249.118796621392
2021-02-11,0.79281661025524,292.733047493191,232.083622423237
2021-02-12,0.812029620843807,276.41624959208,224.458182351324
2021-02-13,0.821921887254156,265.592235142829,218.296071148643
2021-02-14,0.877451225537927,261.230318872235,229.216863442106
2021-02-15,0.912104466673,249.760094605117,227.807297885999
2021-02-16,0.968137528098274,244.105758698792,236.327945821202
2021-02-17,0.986434286767189,234.574163885272,231.391998046178
2021-02-18,1.02418943060746,228.435170615547,233.960887323454
2021-02-19,1.01207684609489,228.435170615547,231.193947013731
2021-02-20,0.995026635205937,221.003757710091,219.90462540214
2021-02-21,0.930380491124693,214.380107076967,199.455069309633
2021-02-22,0.903958065798872,211.95682025997,191.600077275082
2021-02-23,0.870931239100376,204.040749991115,177.705463216731
2021-02-24,0.866233245280432,196.932441994591,170.589428329975
2021-02-25,0.860937202560555,198.063309175856,170.520071331748
2021-02-26,0.906298889347359,196.124679722259,177.74757940589
2021-02-27,0.956411859063547,194.347602723128,185.876352024971
2021-02-28,1.01856772625386,189.339476634669,192.855080205871
2021-03-01,1.06038110017554,191.924315906132,203.512917250981
2021-03-02,1.0784431235614,187.723952090004,202.449605259235
2021-03-03,1.07444521304717,189.016371725736,203.087735788261
2021-03-04,1.05067574067212,188.208609453403,197.746220138324
2021-03-05,1.00128567656605,183.038930910477,183.274259774625
2021-03-06,0.972784129196582,180.615644093481,175.700032058756
2021-03-07,0.959595373017172,179.807881821149,172.542811427593
2021-03-08,0.970147559190665,173.83044100589,168.641178054901
2021-03-09,0.978494497966175,175.930622913954,172.147146545066
2021-03-10,0.999335725703954,181.423406365813,181.302891460263
2021-03-11,1.00068584429545,179.807881821149,179.931202031173
2021-03-12,1.00370398554631,181.908063729212,182.581848568023
2021-03-13,0.971894206748584,181.10030145688,176.010333826364
2021-03-14,0.94827287652348,180.292539184548,170.966524748253
2021-03-15,0.911634054258986,176.899937640753,161.268007349601
2021-03-16,0.921244062645902,175.930622913954,162.075041797075
2021-03-17,0.929871049438828,170.922496825494,158.935881495827
2021-03-18,0.977118315293771,167.691447736165,163.854384901135
2021-03-19,1.03103404715649,169.791629644229,175.060951085385
2021-03-20,1.08919561328161,170.922496825494,186.168033753469
2021-03-21,1.11088644157621,171.084049279961,190.054950715065
2021-03-22,1.13206351342171,173.668888551424,196.604212145568
2021-03-23,1.14277937731919,175.122860641622,200.126793638388
2021-03-24,1.16376167013555,170.599391916561,198.537033260926
2021-03-25,1.17106437182175,173.184231188024,202.809882905636
2021-03-26,1.17359337834822,174.961308187155,205.333432755587
2021-03-27,1.17467801361853,179.969434275615,211.406137566931
2021-03-28,1.19007912901965,185.946875090873,221.291495152072
2021-03-29,1.20653236535429,190.470343815934,229.808634454084
2021-03-30,1.22923370395425,194.832260086527,239.49438071594
2021-03-31,1.25212747684802,202.42522544645,253.462186788656
2021-04-01,1.29608921796574,210.502848169772,272.830471863921
2021-04-02,1.32798174133023,219.388233165426,291.343567906385
2021-04-03,1.35598971871473,230.050695160212,311.946377420423
2021-04-04,1.35445088435147,241.682471881795,327.347037772546
2021-04-05,1.33843937173355,256.868402601641,343.802783396341
2021-04-06,1.28996998397845,268.984836686624,346.98236547109
2021-04-07,1.24121036036853,284.332319860936,352.916221199011
2021-04-08,1.16869755701891,292.894599947657,342.305203422858
2021-04-09,1.12160524963715,302.103089852244,338.84041150988
2021-04-10,1.08711463219812,311.150027302365,338.255747489245
2021-04-11,1.08067327142522,323.912671205214,350.04376604742
2021-04-12,1.06140613321546,337.321524925928,358.03513542197
2021-04-13,1.05841989181458,351.376588464509,371.903970748781
2021-04-14,1.04677851291824,362.523707822693,379.482027772244
2021-04-15,1.04170146391153,365.270099548622,380.502397422909
2021-04-16,1.01851923520469,367.854938820085,374.6673309533
2021-04-17,0.998810395082913,375.447904180008,375.001269507086
2021-04-18,0.98041051035062,379.971372905069,372.527927628484
2021-04-19,0.975093167260978,378.355848360404,368.932202529461
2021-04-20,0.978330610059844,379.809820450602,371.579573348157
2021-04-21,0.987324686159183,375.932561543408,371.167498342863
2021-04-22,1.00606279291909,380.294477814001,382.600124481262
2021-04-23,1.01968916654547,380.940687631867,388.441092274595
2021-04-24,1.03239637503272,385.625708811394,398.118583896308
2021-04-25,1.02891214358525,383.040869539931,394.115402159089
2021-04-26,1.02819830234826,384.494841630129,395.33694342576
2021-04-27,1.02122251922568,382.879317085464,391.004980753428
2021-04-28,1.01441881961005,380.779135177401,386.269520838794
2021-04-29,1.00357826608482,383.202421994397,384.573622224639
2021-04-30,1.00863225909203,381.910002358666,385.206748448862
2021-05-01,1.03518608246416,381.586897449733,395.013445490643
2021-05-02,1.08050499961126,382.071554813132,412.830225184837
2021-05-03,1.12647672001148,384.494841630129,433.124488060842
2021-05-04,1.16514044102815,390.472282445387,454.955047377685
2021-05-05,1.2014610074248,401.134744440172,481.947754168178
2021-05-06,1.23140246135829,407.919947527763,502.313627422831
2021-05-07,1.25081608901564,415.674465342152,519.932309042939
2021-05-08,1.25399526556284,423.590535611008,531.180526193432
2021-05-09,1.25497610530097,436.030074604923,547.207324821779
2021-05-10,1.26499479300861,450.24669059797,569.559719175792
2021-05-11,1.28033257488812,468.017460589279,599.218000408871
2021-05-12,1.28859254479698,486.272887943987,626.60761814152
2021-05-13,1.2855932963171,505.497630025493,649.864364464957
2021-05-14,1.27424397865643,536.354148828583,683.446044572215
2021-05-15,1.25079873505463,563.010303815546,704.212575835206
2021-05-16,1.22536747010126,588.374039166777,720.974407847051
2021-05-17,1.19762012385703,614.545536790341,735.992101886632
2021-05-18,1.17218758637193,636.839775506709,746.49567935685
2021-05-19,1.15729203506333,661.072643676675,765.054105125278
2021-05-20,1.1518831109303,687.728798663638,792.18318808103
2021-05-21,1.14845753928884,716.000478195265,822.296147317765
2021-05-22,1.13481464498875,737.648507093768,837.0943287041
2021-05-23,1.11425001380245,767.05105380666,854.686647291257
2021-05-24,1.08636079096257,796.776705428485,865.586971929839
2021-05-25,1.05746079543323,817.45541960019,864.427058241625
2021-05-26,1.01805184961355,829.894958594106,844.876097581687
2021-05-27,0.982616639482705,838.941896044227,824.358266612227
2021-05-28,0.953400719984654,844.273127041619,804.930607185175
2021-05-29,0.932245825897959,852.027644856008,794.299215466682
2021-05-30,0.908216644897045,856.551113581069,777.933978559426
2021-05-31,0.886015963663285,864.305631395458,765.788586900451
2021-06-01,0.871460715593304,864.790288758857,753.630763879933
2021-06-02,0.861264318141428,848.150385948814,730.481663835594
2021-06-03,0.848604839706521,834.2568748647,707.954421568622
2021-06-04,0.834522819782542,819.555601508254,683.937851539245
2021-06-05,0.830542965698353,811.962636148331,674.369855862887
2021-06-06,0.826801416209641,785.952690979234,649.826797975409
2021-06-07,0.82696575804065,754.449962358278,623.904285025353
2021-06-08,0.824885316952707,731.509513824044,603.411457164667
2021-06-09,0.825924299400628,711.800114379138,587.893010781876
2021-06-10,0.82504308124399,691.121400207433,570.204929540802
2021-06-11,0.819202760129156,666.888532037467,546.316926143574
2021-06-12,0.817145133657056,639.586167232639,522.634724108519
2021-06-13,0.829051841143277,613.576222063542,508.686496583515
2021-06-14,0.854363608886237,584.981437622982,499.78685217903
2021-06-15,0.890934351693941,558.809939999418,497.862971613512
2021-06-16,0.941639708416676,546.370401005503,514.484065090324
2021-06-17,0.989334224955414,532.153785012456,526.477952452388
2021-06-18,1.03134151567658,521.168218108738,537.502419986728
2021-06-19,1.05990461386033,510.18265120502,540.744945923696
2021-06-20,1.08137067905815,504.851420207627,545.931523093392
2021-06-21,1.08203704710345,495.319825394107,535.954401241236
2021-06-22,1.05979230110118,484.011153581456,512.951294212729
2021-06-23,1.01633288091339,487.080650216319,495.036080471517
2021-06-24,0.975111493235838,491.765671395846,479.526358156927
2021-06-25,0.929408545390033,484.980468308255,450.744991592952
2021-06-26,0.891458445607443,479.32613240193,427.299328930052
2021-06-27,0.86946513996446,476.418188221534,414.22900670365
2021-06-28,0.875223291145042,474.802663676869,415.558349947702
2021-06-29,0.884089748055217,473.348691586671,418.482725487127
2021-06-30,0.901162126575255,470.440747406275,423.943384360291
2021-07-01,0.923698678509462,467.694355680346,432.00865828827
2021-07-02,0.96663703214549,463.493991864218,448.030456712894
2021-07-03,0.995972938047812,451.216005324769,449.398930517507
2021-07-04,1.00439756251014,443.46148751038,445.411637122548
2021-07-05,0.992199090667348,444.592354691645,441.124130042705
2021-07-06,0.993181000447453,441.19975314785,438.19121222855
2021-07-07,0.994288020575092,427.144689609269,424.704847930762
2021-07-08,0.999192346101436,416.643780068951,416.307276095665
2021-07-09,1.00382497836309,415.028255524286,416.615729621736
2021-07-10,1.01564133583525,417.774647250216,424.309200811309
2021-07-11,1.01660728324413,420.521038976145,427.504750980536
2021-07-12,1.00679135000977,418.097752159149,420.937200332359
2021-07-13,0.983342499257771,420.682591430612,413.675070851613
2021-07-14,0.956675832591105,420.521038976145,402.30231508458
2021-07-15,0.92473069073823,415.674465342152,384.386935458093
2021-07-16,0.899123396504841,409.85857698136,368.513435822121
2021-07-17,0.88904583302226,407.59684261883,362.372274483301
2021-07-18,0.902642637919943,401.134744440172,362.081323882819
2021-07-19,0.92245793859091,392.734016807917,362.280611559159
2021-07-20,0.950237391444233,392.895569262384,373.344060845885
2021-07-21,0.97309313098956,390.472282445387,379.965895889422
2021-07-22,1.00778853002393,388.372100537323,391.396948302813
2021-07-23,1.03287579909481,385.625708811394,398.30346214007
2021-07-24,1.06558110856114,377.224981179139,401.963813621823
2021-07-25,1.07443416027134,371.893750181746,399.575349186683
2021-07-26,1.08353334134504,375.609456634475,406.985369587948
2021-07-27,1.06560730949971,371.73219772728,396.120547074581
2021-07-28,1.04948806667321,374.801694362142,393.349905601969
2021-07-29,1.01688732903282,374.801694362142,381.131093896893
2021-07-30,0.999023516275115,374.317036998743,373.951522504167
2021-07-31,0.968602873609574,373.509274726411,361.78215681983
2021-08-01,0.960449981819175,374.801694362142,359.978280535916
2021-08-02,0.951350800745471,378.194295905938,359.795446247483
2021-08-03,0.953889767036513,376.74032381574,359.368739717856
2021-08-04,0.953022835535075,378.840505723803,361.043652980441
2021-08-05,0.953796139509071,377.224981179139,359.795730775045
2021-08-06,0.937285743824558,376.74032381574,353.11333463634
2021-08-07,0.912312800484267,373.670827180877,340.904678804659
2021-08-08,0.875509095342386,370.116673182616,324.040513709245
2021-08-09,0.84374524928304,362.20060291376,305.605037995938
2021-08-10,0.823269191831082,354.284532644904,291.671540868823
2021-08-11,0.814801932827657,342.491203468854,279.062494562893
2021-08-12,0.819291812317536,335.059790563398,274.51174304542
2021-08-13,0.845896902843007,326.982167840076,276.593203060813
2021-08-14,0.886672736986188,321.166279479284,284.769384053568
2021-08-15,0.926742295491058,314.219523937227,291.200522901693
2021-08-16,0.972200143008402,305.172586487107,296.688832225009
2021-08-17,1.00866434796215,295.964096582519,298.528432499615
2021-08-18,1.0373803872097,289.825103312795,300.658877897718
2021-08-19,1.03375028013131,284.332319860936,293.928615306629
2021-08-20,1.00826862405425,281.747480589473,284.077144584699
2021-08-21,0.963533024431965,278.354879045677,268.204118472275
2021-08-22,0.918615403233288,272.054333321486,249.91330110548
2021-08-23,0.863763360846619,260.584109054369,225.083005820024
2021-08-24,0.822403340671,258.968584509704,212.976629029621
2021-08-25,0.791942313351471,257.35305996504,203.808777656794
2021-08-26,0.770334828736567,249.760094605117,192.398899702862
2021-08-27,0.749397258306095,246.367493061322,184.627123835901
2021-08-28,0.729572418367941,240.874709609463,175.735544413452
2021-08-29,0.712608132653655,234.251058976339,166.92920970927
2021-08-30,0.676918780904578,223.911701890487,151.570036273978
2021-08-31,0.648092952962742,214.864764440366,139.252339673801
2021-09-01,0.625198438055263,201.940568083051,126.252927745516
2021-09-02,0.652228709507332,191.116553633799,124.651703142062
2021-09-03,0.696775431627676,173.668888551424,121.008214780717
2021-09-04,0.784052100536998,162.198664284306,127.172203436406
2021-09-05,0.827166533274072,153.151726834186,126.681982950371
2021-09-06,0.871162993646839,146.043418837662,127.227621957037
2021-09-07,0.878471842026555,134.411642116079,118.076842839526
2021-09-08,0.862211821723408,123.749180121294,106.698006029159
2021-09-09,0.819399250198467,119.710368759633,98.0905864026249
2021-09-10,0.787095191974551,110.986536218445,87.3569690314473
2021-09-11,0.736222194300361,101.616493859391,74.8123180862702
2021-09-12,0.717743968729615,91.9233465914048,65.9774276014228
2021-09-13,0.717223039637257,86.9152205029451,62.3375986398647
2021-09-14,0.726556041130537,81.5839895055526,59.2753404347896
2021-09-15,0.763429881575806,77.8682830528244,59.4469741095291
2021-09-16,0.805623674515868,75.4449962358278,60.7802750913434
2021-09-17,0.859161972952126,74.1525766000963,63.7090740112224
2021-09-18,0.915249144207836,68.4982406937709,62.6929561747161
2021-09-19,0.947485231413803,65.5902965133749,62.145837270475
2021-09-20,0.950395834324406,61.0668277883146,58.03765874542
2021-09-21,0.949658189869033,57.18956888112,54.3105424630348
2021-09-22,0.930873403227104,55.735596790922,51.8827846656593
2021-09-23,0.904802518252109,53.150757519459,48.0909392506137
2021-09-24,0.860010575500983,50.4043657935295,43.3482876338553
2021-09-25,0.784081185741806,49.9197084301302,39.1411041777817
2021-09-26,0.741591317454065,49.4350510667308,36.6606046489859
2021-09-27,0.711123745810023,45.5577921595363,32.3972278113239
2021-09-28,0.704302811278245,43.2960577970061,30.4935352236968
2021-09-29,0.68747693199036,41.5189807978753,28.5433415382899
2021-09-30,0.661941158041622,40.3881136166102,26.7345546984955
2021-10-01,0.604746851747676,39.0956939808787,23.6429978518269
2021-10-02,0.595511406342018,38.2879317085464,22.8009000576836
2021-10-03,0.635025084153568,33.6029105290197,21.3386910864955
2021-10-04,0.748531356227615,29.4025467128922,22.008728167547
2021-10-05,0.873215046128696,27.7870221682278,24.2640458444081
2021-10-06,0.968719765373617,25.2021828967648,24.4138527026569
2021-10-07,1.05184569867377,26.009945169097,27.3584489488551
2021-10-08,1.14038111283943,25.0406304422983,28.5558620099891
2021-10-09,1.18213935459767,22.7788960797681,26.9278295101846
2021-10-10,1.16428221174053,21.3249239895702,24.8282296677755
2021-10-11,1.08833641840343,20.1940568083051,21.9779274597862
2021-10-12,0.996721511571136,20.517161717238,20.4498964399549
2021-10-13,0.900572047000618,20.0325043538386,18.0407134524853
2021-10-14,0.806570810142239,19.2247420815064,15.5061157954562
2021-10-15,0.704529993815708,19.06318962704,13.4305888700462
2021-10-16,0.631420750118229,18.4169798091742,11.6288632060211
2021-10-17,0.538166781864261,18.0938749002414,9.73752242651742
2021-10-18,0.471782273515541,17.9323224457749,8.46015185288146
2021-10-19,0.425412652434798,17.4476650823756,7.42245748148741
2021-10-20,0.413525485952061,16.3167979011105,6.74741178123829
2021-10-21,0.395694736227954,14.0550635385803,5.56151465956569
