"fecha","rho7dpromedio","incidenciaAcum14d","riesgopor10"
2020-02-09,0,0,0
2020-02-10,0,0,0
2020-02-11,0,0,0
2020-02-12,0,0,0
2020-02-13,0,0,0
2020-02-14,0,0,0
2020-02-15,0,0,0
2020-02-16,0,0,0
2020-02-17,0,0,0
2020-02-18,0,0,0
2020-02-19,0,0,0
2020-02-20,0,0,0
2020-02-21,0,0,0
2020-02-22,0,0,0
2020-02-23,0,0,0
2020-02-24,0,0,0
2020-02-25,0,0,0
2020-02-26,0,0,0
2020-02-27,0,0,0
2020-02-28,0,0,0
2020-02-29,0,0,0
2020-03-01,0,0,0
2020-03-02,0,0,0
2020-03-03,0,0,0
2020-03-04,0,0,0
2020-03-05,0,0,0
2020-03-06,0,0,0
2020-03-07,0,0,0
2020-03-08,0,0,0
2020-03-09,0,0,0
2020-03-10,0,0,0
2020-03-11,0,0,0
2020-03-12,0,0,0
2020-03-13,0,0,0
2020-03-14,0,0,0
2020-03-15,0,0,0
2020-03-16,0.142857142857143,0,0
2020-03-17,0.285714285714286,0,0
2020-03-18,0.428571428571429,0,0
2020-03-19,0.428571428571429,0,0
2020-03-20,0.428571428571429,1.67190530328362,0.716530844264409
2020-03-21,0.428571428571429,1.67190530328362,0.716530844264409
2020-03-22,0.428571428571429,1.67190530328362,0.716530844264409
2020-03-23,0.285714285714286,1.67190530328362,0.477687229509606
2020-03-24,0.142857142857143,1.67190530328362,0.238843614754803
2020-03-25,0,1.67190530328362,0
2020-03-26,0,1.67190530328362,0
2020-03-27,0,1.67190530328362,0
2020-03-28,0,1.67190530328362,0
2020-03-29,0,1.67190530328362,0
2020-03-30,0,1.67190530328362,0
2020-03-31,0,1.67190530328362,0
2020-04-01,0,1.67190530328362,0
2020-04-02,0,1.67190530328362,0
2020-04-03,0,0,0
2020-04-04,0,0,0
2020-04-05,0,0,0
2020-04-06,0,0,0
2020-04-07,0,0,0
2020-04-08,0,0,0
2020-04-09,0,0,0
2020-04-10,0,0,0
2020-04-11,0,0,0
2020-04-12,0,0,0
2020-04-13,0,0,0
2020-04-14,0,0,0
2020-04-15,0,0,0
2020-04-16,0,0,0
2020-04-17,0,0,0
2020-04-18,0,0,0
2020-04-19,0,0,0
2020-04-20,0,0,0
2020-04-21,0,0,0
2020-04-22,0,0,0
2020-04-23,0,0,0
2020-04-24,0,0,0
2020-04-25,0,0,0
2020-04-26,0,0,0
2020-04-27,0,0,0
2020-04-28,0,0,0
2020-04-29,0,0,0
2020-04-30,0,0,0
2020-05-01,0.142857142857143,0,0
2020-05-02,0.285714285714286,0,0
2020-05-03,0.428571428571429,0,0
2020-05-04,0.428571428571429,0,0
2020-05-05,0.428571428571429,1.67190530328362,0.716530844264409
2020-05-06,0.428571428571429,1.67190530328362,0.716530844264409
2020-05-07,0.428571428571429,1.67190530328362,0.716530844264409
2020-05-08,0.285714285714286,1.67190530328362,0.477687229509606
2020-05-09,0.142857142857143,1.67190530328362,0.238843614754803
2020-05-10,0,1.67190530328362,0
2020-05-11,0,1.67190530328362,0
2020-05-12,0,1.67190530328362,0
2020-05-13,0,1.67190530328362,0
2020-05-14,0,1.67190530328362,0
2020-05-15,0,1.67190530328362,0
2020-05-16,0,1.67190530328362,0
2020-05-17,0.142857142857143,1.67190530328362,0.238843614754803
2020-05-18,0.428571428571429,1.67190530328362,0.716530844264409
2020-05-19,1,0,0
2020-05-20,1.57142857142857,0,0
2020-05-21,2,1.67190530328362,3.34381060656724
2020-05-22,2.42857142857143,3.34381060656724,8.12068290166331
2020-05-23,2.57142857142857,6.68762121313449,17.1967402623458
2020-05-24,2.53571428571429,8.35952651641811,21.1973708094888
2020-05-25,2.28571428571429,8.35952651641811,19.1074891803843
2020-05-26,1.76190476190476,11.7033371229854,20.6201654071647
2020-05-27,1.19047619047619,11.7033371229854,13.9325441940302
2020-05-28,0.761904761904762,13.375242426269,10.1906608962049
2020-05-29,0.333333333333333,13.375242426269,4.45841414208966
2020-05-30,0.333333333333333,13.375242426269,4.45841414208966
2020-05-31,0.369047619047619,13.375242426269,4.93610137159926
2020-06-01,0.476190476190476,13.375242426269,6.36916306012808
2020-06-02,0.428571428571429,13.375242426269,5.73224675411528
2020-06-03,0.571428571428571,15.0471477295526,8.59837013117291
2020-06-04,0.714285714285714,13.375242426269,9.55374459019213
2020-06-05,0.857142857142857,11.7033371229854,10.0314318197017
2020-06-06,0.714285714285714,8.35952651641811,5.97109036887008
2020-06-07,0.571428571428571,8.35952651641811,4.77687229509606
2020-06-08,0.428571428571429,8.35952651641811,3.58265422132205
2020-06-09,0.571428571428571,5.01571590985087,2.86612337705764
2020-06-10,0.571428571428571,5.01571590985087,2.86612337705764
2020-06-11,0.571428571428571,3.34381060656724,1.91074891803842
2020-06-12,0.428571428571429,3.34381060656724,1.43306168852882
2020-06-13,0.428571428571429,5.01571590985087,2.14959253279323
2020-06-14,0.428571428571429,5.01571590985087,2.14959253279323
2020-06-15,0.428571428571429,5.01571590985087,2.14959253279323
2020-06-16,0.428571428571429,5.01571590985087,2.14959253279323
2020-06-17,0.428571428571429,3.34381060656724,1.43306168852882
2020-06-18,0.428571428571429,3.34381060656724,1.43306168852882
2020-06-19,0.857142857142857,3.34381060656724,2.86612337705764
2020-06-20,1.28571428571429,5.01571590985087,6.44877759837969
2020-06-21,1.85714285714286,3.34381060656724,6.20993398362488
2020-06-22,2.14285714285714,3.34381060656724,7.16530844264409
2020-06-23,2.28571428571429,8.35952651641811,19.1074891803843
2020-06-24,2.14285714285714,8.35952651641811,17.9132711066102
2020-06-25,2,11.7033371229854,23.4066742459707
2020-06-26,1.57142857142857,11.7033371229854,18.3909583361198
2020-06-27,1.14285714285714,10.0314318197017,11.4644935082306
2020-06-28,0.714285714285714,10.0314318197017,7.16530844264409
2020-06-29,0.857142857142857,10.0314318197017,8.59837013117291
2020-06-30,1.14285714285714,10.0314318197017,11.4644935082306
2020-07-01,1.71428571428571,10.0314318197017,17.1967402623458
2020-07-02,2.28571428571429,13.375242426269,30.5719826886148
2020-07-03,2.71428571428571,15.0471477295526,40.8422581230713
2020-07-04,2.85714285714286,15.0471477295526,42.9918506558646
2020-07-05,2.78571428571429,20.0628636394035,55.8894058526239
2020-07-06,2.41428571428571,23.4066742459707,56.5103992509864
2020-07-07,1.93809523809524,20.0628636394035,38.883740482082
2020-07-08,1.43809523809524,20.0628636394035,28.8523086623802
2020-07-09,1.05714285714286,18.3909583361198,19.441870241041
2020-07-10,0.914285714285714,20.0628636394035,18.3431896131689
2020-07-11,1.05714285714286,23.4066742459707,24.7441984885976
2020-07-12,1.05714285714286,23.4066742459707,24.7441984885976
2020-07-13,1,26.750484852538,26.750484852538
2020-07-14,0.904761904761905,30.0942954591052,27.2281720820476
2020-07-15,0.833333333333333,30.0942954591052,25.0785795492543
2020-07-16,0.678571428571429,26.750484852538,18.152114721365
2020-07-17,0.464285714285714,25.0785795492543,11.6436262192967
2020-07-18,0.321428571428571,23.4066742459707,7.5235738647763
2020-07-19,0.25,18.3909583361198,4.59773958402996
2020-07-20,0.392857142857143,16.7190530328362,6.56819940575709
2020-07-21,0.535714285714286,15.0471477295526,8.0609719979746
2020-07-22,0.678571428571429,15.0471477295526,10.2105645307678
2020-07-23,0.642857142857143,13.375242426269,8.59837013117291
2020-07-24,0.571428571428571,13.375242426269,7.6429956721537
2020-07-25,0.571428571428571,10.0314318197017,5.73224675411528
2020-07-26,0.714285714285714,10.0314318197017,7.16530844264409
2020-07-27,0.857142857142857,6.68762121313449,5.73224675411528
2020-07-28,0.857142857142857,3.34381060656724,2.86612337705764
2020-07-29,0.857142857142857,5.01571590985087,4.29918506558646
2020-07-30,0.857142857142857,5.01571590985087,4.29918506558646
2020-07-31,0.857142857142857,6.68762121313449,5.73224675411528
2020-08-01,0.857142857142857,6.68762121313449,5.73224675411528
2020-08-02,1,6.68762121313449,6.68762121313449
2020-08-03,1,5.01571590985087,5.01571590985087
2020-08-04,1,5.01571590985087,5.01571590985087
2020-08-05,1.14285714285714,8.35952651641811,9.55374459019213
2020-08-06,1.5,8.35952651641811,12.5392897746272
2020-08-07,1.85714285714286,6.68762121313449,12.4198679672498
2020-08-08,2,8.35952651641811,16.7190530328362
2020-08-09,2.14285714285714,10.0314318197017,21.4959253279323
2020-08-10,2.07142857142857,15.0471477295526,31.1690917255018
2020-08-11,2.07142857142857,16.7190530328362,34.6323241394465
2020-08-12,1.98571428571429,15.0471477295526,29.8793362058259
2020-08-13,1.91428571428571,18.3909583361198,35.205548814858
2020-08-14,1.89047619047619,18.3909583361198,34.7676688544742
2020-08-15,1.89047619047619,21.7347689426871,41.0890631916513
2020-08-16,1.8047619047619,28.4223901558216,51.2956469955066
2020-08-17,1.87619047619048,31.7662007623888,59.5994433351485
2020-08-18,1.96547619047619,33.4381060656724,65.7218013266967
2020-08-19,1.90833333333333,35.1100113689561,67.0016050290912
2020-08-20,1.74166666666667,48.485253795225,84.4451503600169
2020-08-21,1.46785714285714,53.5009697050759,78.5317805313793
2020-08-22,1.24336734693878,55.1728750083595,68.6001512221287
2020-08-23,1.01040031397174,56.8447803116431,57.435983874539
2020-08-24,0.928767660910518,53.5009697050759,49.6899704894278
2020-08-25,0.982339089481947,55.1728750083595,54.1984717998131
2020-08-26,1.06805337519623,60.1885909182104,64.2846276784999
2020-08-27,1.18710099424385,65.2043068280612,77.4040974645727
2020-08-28,1.25614861329147,66.8762121313449,84.0064611309751
2020-08-29,1.33778126635269,68.5481174346285,91.7023873477906
2020-08-30,1.32789115646259,66.8762121313449,88.8043306669287
2020-08-31,1.23095238095238,70.2200227379121,86.4375041797633
2020-09-01,1.00238095238095,71.8919280411958,72.0630992984367
2020-09-02,0.869047619047619,73.5638333444794,63.9304742160356
2020-09-03,0.773809523809524,61.860496221494,47.8682411237751
2020-09-04,0.930952380952381,58.5166856149268,54.476247798658
2020-09-05,1.19285714285714,58.5166856149268,69.8020464120912
2020-09-06,1.66428571428571,60.1885909182104,100.171012028164
2020-09-07,2.1047619047619,66.8762121313449,140.758503628831
2020-09-08,2.49047619047619,73.5638333444794,183.208975424584
2020-09-09,2.82380952380952,78.5795492543302,221.893679561037
2020-09-10,3.1515406162465,85.2671704674647,268.722950960629
2020-09-11,3.26038415366146,95.2986022871665,310.710052763164
2020-09-12,3.2345042364772,113.689560623286,367.729365479251
2020-09-13,2.99487290007167,142.111950779108,425.607230164669
2020-09-14,2.68534909054786,172.206246238213,462.433886722446
2020-09-15,2.41851235585398,195.612920484184,473.092265155681
2020-09-16,2.11309363664216,227.379121246573,480.473374211419
2020-09-17,1.76428526083282,280.880090951648,495.552604527375
2020-09-18,1.46298140595754,302.614859894336,442.719913191858
2020-09-19,1.18614023470643,336.052965960008,398.605943917595
2020-09-20,0.964073848544669,354.443924296128,341.710118189443
2020-09-21,0.87455003902086,372.834882632248,326.06276115437
2020-09-22,0.855123037451001,391.225840968368,334.546229458193
2020-09-23,0.89914358037103,409.616799304487,368.304315506759
2020-09-24,0.957363720886253,426.335852337324,408.158477940872
2020-09-25,1.02853023780749,439.711094763593,452.256156863788
2020-09-26,1.11879711378865,453.086337189862,506.911686345088
2020-09-27,1.18951739274691,448.070621280011,532.987797191488
2020-09-28,1.23575115898068,451.414431886578,557.835907384444
2020-09-29,1.26509879547117,458.102053099712,579.544355579318
2020-09-30,1.30401453616578,463.117769009563,603.912302745135
2020-10-01,1.31789208718619,451.414431886578,594.915507824968
2020-10-02,1.32013826867765,466.461579616131,615.79378211908
2020-10-03,1.29544962398901,484.85253795225,628.102037980358
2020-10-04,1.26308211986284,514.946833411356,650.42013796187
2020-10-05,1.2241210809018,538.353507657326,659.00987770076
2020-10-06,1.18404469947203,546.713034173744,647.332670245694
2020-10-07,1.14972441398079,578.479234936133,665.091699386999
2020-10-08,1.11169101880453,591.854477362402,657.959306923034
2020-10-09,1.10973023449081,620.276867518224,688.339993640223
2020-10-10,1.08050404401462,645.355447067478,697.309170383272
2020-10-11,1.07675031722845,668.762121313449,720.08982627463
2020-10-12,1.05386231414243,675.449742526583,711.831028745975
2020-10-13,1.05234289058353,707.215943288972,744.233670027478
2020-10-14,1.01468497027255,707.215943288972,717.601388392446
2020-10-15,0.994017465734081,718.919280411957,714.618321182463
2020-10-16,0.95467601486802,738.982144051361,705.488528341579
2020-10-17,0.945462489032154,732.294522838226,692.357002267243
2020-10-18,0.913061899930534,725.606901625092,662.524016200515
2020-10-19,0.879484629159979,727.278806928376,639.630531807314
2020-10-20,0.817931598856948,735.638333444794,601.701838254961
2020-10-21,0.748604864841083,720.591185715241,539.438067188034
2020-10-22,0.662167709333719,712.231659198823,471.616806286638
2020-10-23,0.587555157546086,682.137363739718,400.793326220162
2020-10-24,0.514179397667667,643.683541764195,330.968815792904
2020-10-25,0.497488185100166,608.573530395238,302.758141136328
2020-10-26,0.507999413002698,570.119708419715,289.620477218485
2020-10-27,0.572990456442017,524.978265231057,300.807535816882
2020-10-28,0.635190530269998,494.883969771952,314.345611181568
2020-10-29,0.740736748757393,463.117769009563,343.048350507921
2020-10-30,0.782421843848061,417.976325820906,327.033807533631
2020-10-31,0.840903986705204,382.866314451949,321.953810197772
2020-11-01,0.864713510514728,349.428208386277,302.155292746569
2020-11-02,0.951251972053189,315.990102320605,300.586207981764
2020-11-03,0.962198879551821,275.864375041798,265.436392573481
2020-11-04,1.0430069603599,247.441984885976,258.083712521343
2020-11-05,1.09705457940752,230.72293185314,253.115648963816
2020-11-06,1.2446176046176,224.035310640005,278.838291678524
2020-11-07,1.30782106782107,212.33197351702,277.692228337584
2020-11-08,1.35544011544012,219.019594730154,296.867944764688
2020-11-09,1.31526154401154,234.066742459707,307.858985089307
2020-11-10,1.29530689548547,237.410553066274,307.519526447763
2020-11-11,1.19635822510822,245.770079582692,294.029056194257
2020-11-12,1.0646799440397,235.738647762991,250.986210308296
2020-11-13,0.898149331794802,245.770079582692,220.738232752351
2020-11-14,0.794129542060727,252.457700795827,200.484118322694
2020-11-15,0.715698169511707,249.11389018926,178.290355208394
2020-11-16,0.630876740940279,237.410553066274,149.77679598328
2020-11-17,0.583010321645288,245.770079582692,143.286493148294
2020-11-18,0.593214403277941,239.082458369558,141.82715787592
2020-11-19,0.64354347799726,230.72293185314,148.480238018494
2020-11-20,0.672114906568688,217.347689426871,146.082621972062
2020-11-21,0.705788375956443,212.33197351702,149.861438752204
2020-11-22,0.709389816532674,202.300541697318,143.509944159121
2020-11-23,0.714151721294578,185.581488664482,132.53333957015
2020-11-24,0.676814058956916,167.190530328362,113.156901450698
2020-11-25,0.624433106575964,153.815287902093,96.0473580635803
2020-11-26,0.568877551020408,142.111950779108,80.8442985299517
2020-11-27,0.530328798185941,122.049087139704,64.7261457024906
2020-11-28,0.530328798185941,107.001939410152,56.7462099309507
2020-11-29,0.628968253968254,100.314318197017,63.0945215643938
2020-11-30,0.736451247165533,95.2986022871665,70.1827745075158
2020-12-01,0.873356009070295,83.5952651641811,73.0084271609622
2020-12-02,1.02097505668934,80.2514545576139,81.934733366362
2020-12-03,1.14002267573696,73.5638333444794,83.8644381268413
2020-12-04,1.16581632653061,71.8919280411958,83.8127834561899
2020-12-05,1.13803854875283,70.2200227379121,79.9130927700445
2020-12-06,0.98327664399093,58.5166856149268,57.5380902489175
2020-12-07,0.847222222222222,58.5166856149268,49.5766364237574
2020-12-08,0.674603174603175,53.5009697050759,36.0919240073925
2020-12-09,0.546031746031746,46.8133484919414,25.5615744146474
2020-12-10,0.46984126984127,46.8133484919414,21.9948431009757
2020-12-11,0.737698412698413,43.4695378853742,32.067409098774
2020-12-12,0.801190476190476,38.4538219755233,30.8088359399133
2020-12-13,0.908333333333333,40.1257272788069,36.447535611583
2020-12-14,0.908333333333333,40.1257272788069,36.447535611583
2020-12-15,0.997619047619048,40.1257272788069,40.030189832905
2020-12-16,1.02619047619048,33.4381060656724,34.31386598644
2020-12-17,1.12619047619048,28.4223901558216,32.0090251040562
2020-12-18,1.0547619047619,26.750484852538,28.2153923563674
2020-12-19,1.19761904761905,25.0785795492543,30.0345845554165
2020-12-20,1.19761904761905,25.0785795492543,30.0345845554165
2020-12-21,1.25714285714286,18.3909583361198,23.1200619082649
2020-12-22,1.2452380952381,20.0628636394035,24.9830421033524
2020-12-23,1.3452380952381,20.0628636394035,26.9893284672928
2020-12-24,1.48809523809524,20.0628636394035,29.8554518443504
2020-12-25,1.48809523809524,21.7347689426871,32.3434061647129
2020-12-26,1.53571428571429,21.7347689426871,33.3783951619837
2020-12-27,1.82142857142857,20.0628636394035,36.5430730574849
2020-12-28,2.14285714285714,23.4066742459707,50.1571590985087
2020-12-29,2.27619047619048,23.4066742459707,53.2780489979714
2020-12-30,2.3,28.4223901558216,65.3714973583896
2020-12-31,2.06530612244898,31.7662007623888,65.6069289215051
2021-01-01,1.94625850340136,36.7819166722397,71.5871180947468
2021-01-02,1.66054421768707,36.7819166722397,61.0779990455354
2021-01-03,1.28554421768707,41.7976325820906,53.7327048789154
2021-01-04,0.885544217687075,41.7976325820906,37.0136518460792
2021-01-05,0.728401360544218,45.1414431886578,32.8810886355478
2021-01-06,0.612755102040816,43.4695378853742,26.6361811226196
2021-01-07,0.823639455782313,41.7976325820906,34.4261793529021
2021-01-08,0.99030612244898,43.4695378853742,43.0481495079139
2021-01-09,1.22840136054422,45.1414431886578,55.4518102298767
2021-01-10,1.27006802721088,46.8133484919414,59.4561371662957
2021-01-11,1.33673469387755,46.8133484919414,62.5770270657584
2021-01-12,1.40816326530612,46.8133484919414,65.9208376723257
2021-01-13,1.44897959183673,41.7976325820906,60.5639165985394
2021-01-14,1.29421768707483,40.1257272788069,51.9314259509729
2021-01-15,1.38945578231293,38.4538219755233,53.4298852959227
2021-01-16,1.38945578231293,40.1257272788069,55.7529237870498
2021-01-17,1.45748299319728,36.7819166722397,53.6090180069888
2021-01-18,1.48724489795918,36.7819166722397,54.7037179079483
2021-01-19,1.45867346938775,38.4538219755233,56.0915699122557
2021-01-20,1.46207482993197,45.1414431886578,66.0001678729407
2021-01-21,1.37278911564626,45.1414431886578,61.9696818739534
2021-01-22,1.08707482993197,46.8133484919414,50.8896128504234
2021-01-23,0.94421768707483,46.8133484919414,44.2019916372889
2021-01-24,1.06666666666667,46.8133484919414,49.9342383914042
2021-01-25,1.10493197278912,43.4695378853742,48.0308822519177
2021-01-26,1.1906462585034,48.485253795225,57.7287860238725
2021-01-27,1.18469387755102,51.8290644017923,61.4015752760008
2021-01-28,1.21785714285714,53.5009697050759,65.1565381051103
2021-01-29,1.16428571428571,55.1728750083595,64.2369901883043
2021-01-30,1.11071428571429,51.8290644017923,57.5672822462764
2021-01-31,0.947448979591837,55.1728750083595,52.2734841278182
2021-02-01,0.879421768707483,56.8447803116431,49.9905372434535
2021-02-02,0.822278911564626,50.1571590985087,41.2431741906955
2021-02-03,0.804421768707483,50.1571590985087,40.347510635365
2021-02-04,0.881972789115646,53.5009697050759,47.1863994711775
2021-02-05,0.864115646258503,48.485253795225,41.8968664172684
2021-02-06,0.917687074829932,53.5009697050759,49.0971483892159
2021-02-07,0.985714285714286,50.1571590985087,49.4406282542443
2021-02-08,1.17619047619048,51.8290644017923,60.9608519392509
2021-02-09,1.21700680272109,45.1414431886578,54.9374434452441
2021-02-10,1.40748299319728,48.485253795225,68.2421701376331
2021-02-11,1.35034013605442,51.8290644017923,69.9868658758896
2021-02-12,1.40391156462585,48.485253795225,68.0690085169358
2021-02-13,1.40391156462585,51.8290644017923,72.7634228974142
2021-02-14,1.38803854875283,48.485253795225,67.299401313837
2021-02-15,1.38803854875283,48.485253795225,67.299401313837
2021-02-16,1.49007936507937,55.1728750083595,82.2119625620595
2021-02-17,1.46286848072562,56.8447803116431,83.1564374116753
2021-02-18,1.46286848072562,56.8447803116431,83.1564374116753
2021-02-19,1.46773861059575,68.5481174346285,100.610718642456
2021-02-20,1.42692228406514,66.8762121313449,95.4271573640836
2021-02-21,1.35946196660482,73.5638333444794,100.007233549475
2021-02-22,1.21660482374768,73.5638333444794,89.4981145002641
2021-02-23,1.08803339517625,78.5795492543302,85.4971737666085
2021-02-24,0.939053803339518,80.2514545576139,75.3604336258557
2021-02-25,0.839053803339518,75.235738647763,63.1268326594635
2021-02-26,0.788548752834467,86.9390757707483,68.5556997716048
2021-02-27,0.734126984126984,83.5952651641811,61.3695399022758
2021-02-28,0.76984126984127,81.9233598608975,63.0679833849766
2021-03-01,0.808802308802309,81.9233598608975,66.2598026003363
2021-03-02,1.22308802308802,80.2514545576139,98.1545929048102
2021-03-03,1.43737373737374,73.5638333444794,105.738722069893
2021-03-04,1.76594516594517,81.9233598608975,144.672161324338
2021-03-05,1.90735930735931,80.2514545576139,153.068358779587
2021-03-06,2.08423005565863,80.2514545576139,167.262493599301
2021-03-07,2.1556586270872,78.5795492543302,169.39068326272
2021-03-08,2.21559868702726,85.2671704674647,188.917830934244
2021-03-09,1.83098330241187,91.9547916805992,168.367688143939
2021-03-10,1.58560515115137,98.6424128937337,156.407918006304
2021-03-11,1.3180726836189,110.345750016719,145.443718850477
2021-03-12,1.20443631998254,103.658128803585,124.849615192465
2021-03-13,1.09682964094729,108.673844713435,119.196694077399
2021-03-14,1.01699770817418,117.033371229854,119.022670320659
2021-03-15,0.927620418796889,125.392897746272,116.317012321552
2021-03-16,0.946164374840845,130.408613656122,123.387984413806
2021-03-17,1.01059014514897,138.768140172541,140.23771491902
2021-03-18,1.09717023172906,133.75242426269,146.749178322618
2021-03-19,1.15967023172906,133.75242426269,155.108704839036
2021-03-20,1.22135854341737,150.471477295526,183.779624335523
2021-03-21,1.19870600414079,152.14338259881,182.375186211482
2021-03-22,1.16537267080745,152.14338259881,177.303740124855
2021-03-23,1.1504917184265,153.815287902093,176.963214898746
2021-03-24,1.23821101667211,148.799571992242,184.24526931689
2021-03-25,1.33344911191021,142.111950779108,189.499054558229
2021-03-26,1.44952054048164,150.471477295526,218.111497096481
2021-03-27,1.5566633976245,173.878151541497,270.669754151253
2021-03-28,1.61450501253133,178.893867451348,288.825045711316
2021-03-29,1.62673152475784,190.597204574333,310.050481211787
2021-03-30,1.56125533428165,203.972447000602,318.453070926171
2021-03-31,1.42988524238524,215.675784123587,308.391620858183
2021-04-01,1.28345667095667,227.379121246573,291.831250000179
2021-04-02,1.14435892659577,234.066742459707,267.856366152959
2021-04-03,1.06452699382266,235.738647762991,250.950154030955
2021-04-04,1.10712903463899,249.11389018926,275.801220760397
2021-04-05,1.18048810799806,259.145322008961,305.917970874907
2021-04-06,1.21299726550722,269.176753828663,326.510666332278
2021-04-07,1.21635501886497,297.599143984485,361.986212395447
2021-04-08,1.19660283227605,315.990102320605,378.114651408034
2021-04-09,1.1818544227908,324.349628837023,383.334043371589
2021-04-10,1.10804754154773,315.990102320605,350.132056029763
2021-04-11,1.06191560039918,322.677723533739,342.656508521772
2021-04-12,1.02104546196807,326.021534140306,332.882807937827
2021-04-13,1.02381505010351,336.052965960008,344.056084181779
2021-04-14,1.01351285230131,337.724871263292,342.288497567152
2021-04-15,1.03100556367157,346.08439777971,356.814939610807
2021-04-16,1.04485171751773,357.787734902695,373.835129319858
2021-04-17,1.06171241603238,356.115829599411,378.092597831367
2021-04-18,1.05398455238945,362.803450812546,382.38923271001
2021-04-19,1.04523668375575,371.162977328964,387.953159556237
2021-04-20,1.05213119039079,376.178693238815,395.789336317005
2021-04-21,1.05510738086698,362.803450812546,382.796598756326
2021-04-22,1.06385373655211,369.49107202568,393.084457597164
2021-04-23,1.04699099145407,372.834882632248,390.354763415798
2021-04-24,1.04371308454662,382.866314451949,399.602582025642
2021-04-25,1.00480851085944,386.210125058517,388.067220638887
2021-04-26,0.987048215251837,387.8820303618,382.858265796874
2021-04-27,0.939874962972202,379.522503845382,356.703699248796
2021-04-28,0.949191733158537,391.225840968368,371.348334045171
2021-04-29,0.918803753790966,381.194409148666,350.242854049924
2021-04-30,0.91107022559708,382.866314451949,348.81809948126
2021-05-01,0.844129163457938,384.538219755233,324.59992575959
2021-05-02,0.809682657582861,384.538219755233,311.353927713599
2021-05-03,0.756975860578345,374.506787935531,283.492598089931
2021-05-04,0.762826200714399,364.47535611583,278.031351159866
2021-05-05,0.757172434191068,347.756303082993,263.311486510637
2021-05-06,0.890465067483701,331.037250050157,294.777107205532
2021-05-07,1.0664899122042,327.69343944359,349.481747462086
2021-05-08,1.32767418887053,317.662007623888,421.75164830703
2021-05-09,1.50904944167435,312.646291714037,471.798711952625
2021-05-10,1.67807276528951,322.677723533739,541.476699827587
2021-05-11,1.7984230330562,327.69343944359,589.331429276758
2021-05-12,1.8991556337888,341.068681869859,647.742508682061
2021-05-13,1.85751772258567,361.131545509262,670.808245968207
2021-05-14,1.74671026916952,364.47535611583,636.632847386737
2021-05-15,1.57984702071326,406.27298869792,641.849170790682
2021-05-16,1.46334957088248,429.679662943891,628.771550385871
2021-05-17,1.3573971899301,461.44586370628,626.365318699772
2021-05-18,1.25262515345594,491.540159165385,615.715567304295
2021-05-19,1.16886446969525,528.322075837625,617.536903002239
2021-05-20,1.12129357075934,561.760181903297,629.898080276763
2021-05-21,1.08621867123431,598.542098575537,650.147602992515
2021-05-22,1.04221269992257,631.980204641209,658.657795376732
2021-05-23,1.01928501032821,667.090216010165,679.955057715771
2021-05-24,1.02007095577435,680.465458436434,694.123050558686
2021-05-25,1.04530905101245,695.512606165987,727.025622318562
2021-05-26,1.05642016212356,692.16879555942,731.22107122175
2021-05-27,1.06531907052413,712.231659198823,758.753969175547
2021-05-28,1.08613648840037,755.701197084197,820.794644480985
2021-05-29,1.0826048978926,743.997859961212,805.455727215617
2021-05-30,1.07296770968398,745.669765264495,800.079580216436
2021-05-31,1.02716011921619,754.029291780914,774.508817238186
2021-06-01,0.986034578090653,770.74834481375,759.984518992495
2021-06-02,0.921943532867532,759.045007690764,699.796635995886
2021-06-03,0.870597462524501,765.732628903899,666.64488369595
2021-06-04,0.825848732993163,747.341670567779,617.191171751394
2021-06-05,0.841396890029549,738.982144051361,621.777277792183
2021-06-06,0.843918588364055,730.622617534943,616.58600801694
2021-06-07,0.859788084721357,715.57546980539,615.243262657561
2021-06-08,0.860406513911214,725.606901625092,624.316904697163
2021-06-09,0.885782886273321,720.591185715241,638.287340305961
2021-06-10,0.891472232388199,690.496890256136,615.558804213746
2021-06-11,0.910914077023611,660.402594797031,601.570020103535
2021-06-12,0.912722395287625,647.027352370762,590.556354872452
2021-06-13,0.942013422043155,636.99592055106,600.058706945834
2021-06-14,0.948088647630576,606.901625091955,575.39654097823
2021-06-15,0.971182824242876,595.198287968969,578.046354294229
2021-06-16,0.993389560595954,593.526382665686,589.602912478372
2021-06-17,1.03034280343155,571.791613722999,589.141374262004
2021-06-18,1.03850134371434,576.80732963285,599.015186887996
2021-06-19,1.03429966304207,565.103992509864,584.486869036683
2021-06-20,1.03616040733979,573.463519026282,594.200193468784
2021-06-21,1.03382138090438,575.135424329566,594.587298587419
2021-06-22,1.02554509317012,556.744465993446,570.966555249197
2021-06-23,0.978767109249279,553.400655386879,541.650359729672
2021-06-24,0.931657356257173,576.80732963285,537.3867917955
2021-06-25,0.871322373386979,561.760181903297,489.474214970282
2021-06-26,0.837294677801702,565.103992509864,473.158565333002
2021-06-27,0.785321888686056,546.713034173744,429.345712566609
2021-06-28,0.767880695341248,536.681602354043,412.107441992478
2021-06-29,0.728551603380577,521.63445462449,380.037618295225
2021-06-30,0.736767876902973,519.962549321206,383.091703532443
2021-07-01,0.728609368744465,504.915401591654,367.886092023053
2021-07-02,0.74390488403998,481.508727345683,358.196693980329
2021-07-03,0.798368026531292,464.789674312847,371.073215033269
2021-07-04,0.892370600533866,434.695378853742,387.90937627701
2021-07-05,0.958340403089034,417.976325820906,400.56360056888
2021-07-06,0.973233404824141,402.929178091353,392.14413589684
2021-07-07,0.953699877127348,406.27298869792,387.462499401367
2021-07-08,0.933852377688012,377.850598542099,352.856679859377
2021-07-09,0.906819410655045,366.147261419113,332.029443813039
2021-07-10,0.835192058415448,332.709155353441,277.876044313305
2021-07-11,0.775782418360647,324.349628837023,251.624739453564
2021-07-12,0.768316017166022,327.69343944359,251.772118244734
2021-07-13,0.799557915014091,299.271049287768,239.284536192607
2021-07-14,0.852267274620002,287.567712164783,245.084550315389
2021-07-15,0.929623931568496,289.239617468067,268.884070356032
2021-07-16,0.999476148317264,279.208185648365,279.061921970479
2021-07-17,1.03254830575167,275.864375041798,284.843293066651
2021-07-18,1.00366965751818,272.52056443523,273.520621573369
2021-07-19,0.95561172466762,272.52056443523,260.423846587344
2021-07-20,0.89606376755374,260.817227312245,233.70886734833
2021-07-21,0.840128601496216,235.738647762991,198.05078046373
2021-07-22,0.78404394541156,225.707215943289,176.964376096035
2021-07-23,0.780685235156298,220.691500033438,172.290595600601
2021-07-24,0.808720949442012,219.019594730154,177.125734596575
2021-07-25,0.942054282775345,214.003878820304,201.603270573203
2021-07-26,1.07174486868713,205.644352303886,220.398279356178
2021-07-27,1.18350957456948,208.988162910453,247.339491776208
2021-07-28,1.19853662325712,207.316257607169,248.4761273388
2021-07-29,1.1751340998546,215.675784123587,253.447968436506
2021-07-30,1.09517120560599,215.675784123587,236.201908518646
2021-07-31,1.02596485639964,203.972447000602,209.268562296456
2021-08-01,0.889910434630931,193.9410151809,172.590133112399
2021-08-02,0.827552157986941,183.909583361198,152.194772585039
2021-08-03,0.798980729415512,180.565772754631,144.268572822971
2021-08-04,0.821633268692092,182.237678057915,149.732539101582
2021-08-05,0.846358543417367,180.565772754631,152.823384419641
2021-08-06,0.898399359743898,177.221962148064,159.216097326378
2021-08-07,0.937046702739067,177.221962148064,166.065255283791
2021-08-08,0.977863029269679,172.206246238213,168.394121605659
2021-08-09,0.938180489587139,168.862435631646,158.423442533774
2021-08-10,0.900085251491901,167.190530328362,150.485730537668
2021-08-11,0.858068444769212,160.502909115228,137.722481605438
2021-08-12,0.841151151536129,140.440045475824,118.131305973776
2021-08-13,0.822897183282161,133.75242426269,110.064493182928
2021-08-14,0.87452761806477,137.096234869257,119.89444372586
2021-08-15,0.884731699697423,128.736708352839,113.897446794459
2021-08-16,0.910705725671449,128.736708352839,117.241257401026
2021-08-17,0.872610487576211,130.408613656122,113.795923946607
2021-08-18,0.846107578720361,127.064803049555,107.510492848839
2021-08-19,0.808513593757955,120.377181836421,97.3265878930193
2021-08-20,0.800577085821447,113.689560623286,91.0172571321112
2021-08-21,0.762802360546721,110.345750016719,84.1719985890517
2021-08-22,0.770455421771211,103.658128803585,79.8639673473803
2021-08-23,0.696862348178138,100.314318197017,69.9052713346624
2021-08-24,0.683256906001267,98.6424128937337,67.398109834272
2021-08-25,0.703037125781487,91.9547916805992,64.6476324449638
2021-08-26,0.757548403976975,85.2671704674647,64.5940088992606
2021-08-27,0.884532530961102,78.5795492543302,69.5061675837153
2021-08-28,1.21695011337868,75.235738647763,91.5581406775243
2021-08-29,1.41337868480726,76.9076439510466,108.699624659155
2021-08-30,1.43718820861678,73.5638333444794,105.725073863336
2021-08-31,1.45079365079365,76.9076439510466,111.577121541677
2021-09-01,1.43650793650794,66.8762121313449,96.0682094902653
2021-09-02,1.42826617826618,65.2043068280612,93.1291061198103
2021-09-03,1.33461538461538,63.5324015247776,84.7913204965301
2021-09-04,1.18461538461538,63.5324015247776,75.2614602678135
2021-09-05,1.04175824175824,66.8762121313449,69.6688451654011
2021-09-06,1.06556776556777,66.8762121313449,71.2611359304331
2021-09-07,1.04969474969475,61.860496221494,64.9346380972142
2021-09-08,1.05763125763126,65.2043068280612,68.9621130335368
2021-09-09,1.03665223665224,66.8762121313449,69.3273748847881
2021-09-10,0.971572871572872,66.8762121313449,64.9751134603673
2021-09-11,0.718511647083076,66.8762121313449,48.0513373291698
2021-09-12,0.589940218511647,65.2043068280612,38.4666430180469
2021-09-13,0.589940218511647,61.860496221494,36.4939946581471
2021-09-14,0.629622758194187,50.1571590985087,31.5800888547877
2021-09-15,0.657400535971965,48.485253795225,31.8742318317177
2021-09-16,0.674716553287982,50.1571590985087,33.8418655096627
2021-09-17,0.658843537414966,50.1571590985087,33.0457201271467
2021-09-18,0.626190476190476,46.8133484919414,29.3140729842395
2021-09-19,0.563605442176898,43.4695378853742,24.4996681211117
2021-09-20,0.490873015873048,38.4538219755233,18.8759435649704
2021-09-21,0.42238095238099,33.4381060656724,14.1236190858353
2021-09-22,0.340476190476238,26.750484852538,9.10790317598443
