"fecha","rho7dpromedio","incidenciaAcum14d","riesgopor10"
2020-01-29,0.5,0.0590090260206201,0.0295045130103101
2020-01-30,0.4,0.0590090260206201,0.023603610408248
2020-01-31,0.333333333333333,0.0590090260206201,0.0196696753402067
2020-02-01,0.285714285714286,0.0590090260206201,0.0168597217201772
2020-02-02,0.142857142857143,0.0590090260206201,0.00842986086008859
2020-02-03,0,0.0590090260206201,0
2020-02-04,0,0.0590090260206201,0
2020-02-05,0,0.0590090260206201,0
2020-02-06,0,0.0590090260206201,0
2020-02-07,0,0.0590090260206201,0
2020-02-08,0,0.0590090260206201,0
2020-02-09,0,0.0590090260206201,0
2020-02-10,0,0.0590090260206201,0
2020-02-11,0,0.0590090260206201,0
2020-02-12,0,0,0
2020-02-13,0,0,0
2020-02-14,0,0,0
2020-02-15,0,0,0
2020-02-16,0,0,0
2020-02-17,0,0,0
2020-02-18,0,0,0
2020-02-19,0,0,0
2020-02-20,0,0,0
2020-02-21,0,0,0
2020-02-22,0,0,0
2020-02-23,0,0,0
2020-02-24,0,0,0
2020-02-25,0,0,0
2020-02-26,0,0,0
2020-02-27,0,0,0
2020-02-28,0,0,0
2020-02-29,0,0,0
2020-03-01,0,0,0
2020-03-02,0.142857142857143,0,0
2020-03-03,0.285714285714286,0,0
2020-03-04,0.428571428571429,0,0
2020-03-05,0.428571428571429,0,0
2020-03-06,0.428571428571429,0.0590090260206201,0.0252895825802658
2020-03-07,0.571428571428571,0.0590090260206201,0.0337194434403544
2020-03-08,0.714285714285714,0.0590090260206201,0.0421493043004429
2020-03-09,1,0.0590090260206201,0.0590090260206201
2020-03-10,1.28571428571429,0.0590090260206201,0.0758687477407973
2020-03-11,1.71428571428571,0.11801805204124,0.202316660642126
2020-03-12,2.14285714285714,0.11801805204124,0.252895825802658
2020-03-13,2.71428571428571,0.23603610408248,0.640669425366733
2020-03-14,2.95238095238095,0.295045130103101,0.871085622209154
2020-03-15,3.38095238095238,0.413063182144341,1.39654694915468
2020-03-16,3.23809523809524,0.413063182144341,1.33753792313406
2020-03-17,3.23809523809524,0.708108312247441,2.2929221539441
2020-03-18,2.80952380952381,0.885135390309302,2.48680895372613
2020-03-19,2.4702380952381,1.12117149439178,2.76956053674161
2020-03-20,1.99404761904762,1.23918954643302,2.47100296461347
2020-03-21,1.71309523809524,1.35720759847426,2.32502587405293
2020-03-22,1.25277777777778,1.4752256505155,1.84812991217359
2020-03-23,1.0078798185941,1.53423467653612,1.54632416746801
2020-03-24,0.722165532879819,1.82927980663922,1.32104282634791
2020-03-25,0.66859410430839,1.82927980663922,1.22304569384938
2020-03-26,0.701757369614512,1.88828883265984,1.32512060427983
2020-03-27,0.667743764172336,1.7702707806186,1.18208727465457
2020-03-28,0.78202947845805,1.94729785868046,1.52284432882636
2020-03-29,0.728061224489796,1.88828883265984,1.37478987969673
2020-03-30,0.744387755102041,1.94729785868046,1.44954468153816
2020-03-31,0.649149659863946,1.71126175459798,1.11086498593546
2020-04-01,0.655102040816327,1.59324370255674,1.04373720106268
2020-04-02,0.580272108843537,1.35720759847426,0.787549715305133
2020-04-03,0.519047619047619,1.23918954643302,0.643198383624759
2020-04-04,0.376190476190476,1.1801805204124,0.443972671964666
2020-04-05,0.39047619047619,1.06216246837116,0.414749154316359
2020-04-06,0.404761904761905,1.00315344235054,0.406038298094267
2020-04-07,0.5,0.708108312247441,0.354054156123721
2020-04-08,0.547619047619048,0.708108312247441,0.387773599564075
2020-04-09,0.785714285714286,0.649099286226821,0.51000658203536
2020-04-10,1.21428571428571,0.649099286226821,0.788191990418283
2020-04-11,1.71428571428571,0.472072208164961,0.809266642568504
2020-04-12,2.21428571428571,0.413063182144341,0.914639903319612
2020-04-13,2.71428571428571,0.413063182144341,1.12117149439178
2020-04-14,2.92857142857143,0.472072208164961,1.38249718105453
2020-04-15,3.11904761904762,0.590090260206201,1.84051962111934
2020-04-16,3,0.649099286226821,1.94729785868046
2020-04-17,2.66666666666667,0.649099286226821,1.73093142993819
2020-04-18,2.15238095238095,0.767117338268061,1.65112874712935
2020-04-19,1.66666666666667,0.944144416329922,1.57357402721654
2020-04-20,1.17687074829932,1.00315344235054,1.18058194235812
2020-04-21,0.880952380952381,1.00315344235054,0.883730413499287
2020-04-22,0.619047619047619,1.00315344235054,0.620999750026526
2020-04-23,0.80952380952381,1.12117149439178,0.907615019269538
2020-04-24,1.04761904761905,1.1801805204124,1.23637959281299
2020-04-25,1.24047619047619,1.12117149439178,1.39078654423362
2020-04-26,1.29761904761905,1.1801805204124,1.53142472291609
2020-04-27,1.35884353741497,1.35720759847426,1.84423277411724
2020-04-28,1.44047619047619,1.35720759847426,1.95502523113554
2020-04-29,1.51190476190476,1.23918954643302,1.87353657615469
2020-04-30,1.33843537414966,1.1801805204124,1.57959535640231
2020-05-01,1.38605442176871,1.1801805204124,1.6357944288029
2020-05-02,1.56462585034014,1.23918954643302,1.93886799782038
2020-05-03,1.50748299319728,1.1801805204124,1.77910206342441
2020-05-04,1.40544217687075,1.29819857245364,1.82454302767975
2020-05-05,1.32607709750567,1.4752256505155,1.95626294880151
2020-05-06,1.2546485260771,1.41621662449488,1.77685410052839
2020-05-07,1.14240362811791,1.29819857245364,1.48306675918854
2020-05-08,0.856689342403628,1.35720759847426,1.16270528504212
2020-05-09,0.570975056689342,1.4752256505155,0.842317049432661
2020-05-10,0.556689342403628,1.41621662449488,0.788392701391142
2020-05-11,0.658730158730159,1.23918954643302,0.816291526618578
2020-05-12,0.976190476190476,1.1801805204124,1.15208098421211
2020-05-13,1.4047619047619,1.12117149439178,1.57497900402655
2020-05-14,1.9047619047619,1.1801805204124,2.24796289602362
2020-05-15,2.38095238095238,1.29819857245364,3.09094898203248
2020-05-16,2.5952380952381,1.29819857245364,3.36913439041541
2020-05-17,2.61309523809524,1.1801805204124,3.08392409798241
2020-05-18,2.57227891156463,1.35720759847426,3.49111648417062
2020-05-19,2.29132653061225,1.29819857245364,2.97459683106597
2020-05-20,1.8984693877551,1.41621662449488,2.6886439080334
2020-05-21,1.42704081632653,1.4752256505155,2.10520721657748
2020-05-22,1.02704081632653,1.4752256505155,1.51511695637128
2020-05-23,0.869897959183673,1.59324370255674,1.38595944533635
2020-05-24,0.88265306122449,1.59324370255674,1.40628143133835
2020-05-25,0.852040816326531,1.71126175459798,1.45806486233604
2020-05-26,0.833673469387755,1.82927980663922,1.52502204288188
2020-05-27,0.845578231292517,1.88828883265984,1.59669593128992
2020-05-28,0.929251700680272,1.88828883265984,1.75469560912473
2020-05-29,0.986394557823129,1.7702707806186,1.74618546387549
2020-05-30,1.16734693877551,1.65225272857736,1.92875216478827
2020-05-31,1.45816326530612,1.7702707806186,2.58134382194284
2020-06-01,1.84387755102041,1.71126175459798,3.15535713322302
2020-06-02,2.03208616780045,1.65225272857736,3.35751991545262
2020-06-03,2.12732426303855,1.65225272857736,3.51487731817427
2020-06-04,2.10436507936508,2.0653159107217,4.34617868037984
2020-06-05,1.96670274170274,2.30135201480418,4.52607531713852
2020-06-06,1.70182178932179,2.24234298878356,3.81606815744481
2020-06-07,1.42661170528818,2.41937006684542,3.45150165678552
2020-06-08,1.15994503862151,2.41937006684542,2.80633630562674
2020-06-09,1.06470694338341,2.30135201480418,2.45026546933142
2020-06-10,1.05450286175076,2.77342422296915,2.92458377996984
2020-06-11,1.04763472988263,2.95045130103101,3.09099525178747
2020-06-12,1.08937870019803,3.06846935307225,3.34272515544733
2020-06-13,1.08937870019803,3.18648740511349,3.47129150757992
2020-06-14,1.06264073228359,3.24549643113411,3.44879670420412
2020-06-15,0.972164541807399,3.36351448317535,3.26988951639871
2020-06-16,0.899602183530755,3.48153253521659,3.13199427071421
2020-06-17,0.816399671756815,3.54054156123721,2.89049696843542
2020-06-18,0.783432638789782,3.12747837909287,2.45016863929071
2020-06-19,0.814044883687741,2.95045130103101,2.40179978617413
2020-06-20,0.881646924504067,3.12747837909287,2.75733169438019
2020-06-21,0.905023547880691,3.06846935307225,2.77703702048061
2020-06-22,0.895932638789782,3.06846935307225,2.74914184454359
2020-06-23,0.910774939346368,3.18648740511349,2.9021728731202
2020-06-24,0.950610104181533,2.83243324898977,2.6925396659094
2020-06-25,1.05195320552463,2.71441519694853,2.85543776755478
2020-06-26,1.13868789940219,2.65540617092791,3.0236788748335
2020-06-27,1.26113687899402,2.71441519694853,3.42324910977361
2020-06-28,1.32145433931148,2.65540617092791,3.50899800720717
2020-06-29,1.3416563595135,2.65540617092791,3.56264257631682
2020-06-30,1.27579365079365,2.77342422296915,3.53831701462135
2020-07-01,1.2171201814059,2.77342422296915,3.37559059337571
2020-07-02,1.10918367346939,2.89144227501039,3.2071405642207
2020-07-03,1.04100185528757,2.77342422296915,2.88713976161037
2020-07-04,1.00018552875696,2.47837909286604,2.47883890345841
2020-07-05,1.19701092558235,2.83243324898977,3.39045354502347
2020-07-06,1.32875695732839,2.83243324898977,3.7636153857634
2020-07-07,1.44440321583179,2.83243324898977,4.09117569346969
2020-07-08,1.49542362399505,3.06846935307225,4.58866156008905
2020-07-09,1.51300604157747,3.12747837909287,4.73189368247042
2020-07-10,1.46305599162742,3.42252350919597,5.00734352661486
2020-07-11,1.29018684396836,3.36351448317535,4.33956213568986
2020-07-12,1.01059500723366,3.48153253521659,3.51841939761144
2020-07-13,0.872499769138425,3.30450545715473,2.88318024848416
2020-07-14,0.896309292947948,3.24549643113411,2.9089686114549
2020-07-15,0.993248068458152,3.24549643113411,3.22358306141178
2020-07-16,1.12112019633028,3.18648740511349,3.5724353852248
2020-07-17,1.44956952477961,3.48153253521659,5.04672346257865
2020-07-18,1.8636260564832,3.89459571736093,7.2580700583417
2020-07-19,2.26286075036075,3.83558669134031,8.67939857844003
2020-07-20,2.53224850546279,3.95360474338155,10.0115097026185
2020-07-21,2.77748660070089,4.77973110767023,13.2756391065073
2020-07-22,2.84768364503586,5.36982136787643,15.2915524860658
2020-07-23,2.8883096856619,6.43198383624759,18.5775612122547
2020-07-24,2.69812209547431,7.02207409645379,18.9464132756998
2020-07-25,2.4825376798899,8.14324559084558,20.2159140158714
2020-07-26,2.2607870944098,9.3824351372786,21.2116882724965
2020-07-27,2.12180226971069,11.1527059178972,23.6638367300102
2020-07-28,1.88643641605216,13.5720759847426,25.6028583790454
2020-07-29,1.71733827281608,15.3423467653612,26.3479992949709
2020-07-30,1.55600258469468,17.4076626760829,27.0863681174781
2020-07-31,1.40264290090021,19.2369424827222,26.9825608084159
2020-08-01,1.24925049890968,21.1842403414026,26.4644228155198
2020-08-02,1.10042655022828,22.6594659919181,24.9350779915016
2020-08-03,1.00552145532319,24.4887457985573,24.623959314405
2020-08-04,0.942787702166522,25.0198270327429,23.5883852368035
2020-08-05,0.96798059438069,26.4360436572378,25.5895772524069
2020-08-06,1.01618992665729,26.9671248914234,27.4037206655735
2020-08-07,1.12180560188301,28.1473054118358,31.5758048889092
2020-08-08,1.19725187592741,29.0324408021451,34.7591442131197
2020-08-09,1.29308151212972,29.976585218475,38.762168142791
2020-08-10,1.3646444319685,31.2747837909287,42.6789595613095
2020-08-11,1.42068054672021,31.8058650251142,45.1859737127885
2020-08-12,1.42792706939579,32.8680274934854,46.9331461755928
2020-08-13,1.44121951174208,33.8711809358359,48.8158068504732
2020-08-14,1.47399986761133,35.6414517164545,52.5354951115296
2020-08-15,1.54425949601049,36.8806412628876,56.9532804891706
2020-08-16,1.63706645485961,38.827939121568,63.56391664725
2020-08-17,1.75072243982736,42.5455077608671,74.4853751507991
2020-08-18,1.86111715818668,48.0923562068054,89.5055093141111
2020-08-19,1.93713618626242,52.8720873144756,102.420433580097
2020-08-20,1.98670853337033,60.1892065410325,119.578410251859
2020-08-21,1.98154231593996,67.8013708976925,134.351285512518
2020-08-22,1.97175217448087,75.0594810982288,147.998695070839
2020-08-23,1.92130594370677,83.7928169492806,160.991637244586
2020-08-24,1.85690149576121,95.063540919219,176.523631325255
2020-08-25,1.76510771861589,107.042373201405,188.941319156763
2020-08-26,1.7003555693567,124.213999773405,211.207966306782
2020-08-27,1.61556660707975,137.077967445901,221.458586771962
2020-08-28,1.54368699415536,152.538332263303,235.47143962501
2020-08-29,1.44719743169362,165.756354091922,239.882169928728
2020-08-30,1.38644864941158,181.393745987386,251.493114135919
2020-08-31,1.31509478486835,196.97212885683,259.037019424033
2020-09-01,1.29721048032603,213.081592960459,276.411675552874
2020-09-02,1.28314719554452,230.194210506439,295.373055641921
2020-09-03,1.29897134556788,246.126647532007,319.711462524762
2020-09-04,1.29927708891189,261.055931115223,339.18399022257
2020-09-05,1.30298303470907,280.410891649987,365.370634567575
2020-09-06,1.28104198430128,296.756391857699,380.157397079473
2020-09-07,1.264226621572,313.219910117452,395.980948776872
2020-09-08,1.2345162762307,330.096491559349,407.509491556668
2020-09-09,1.20649656257743,340.482080138978,410.790459306891
2020-09-10,1.16956404026121,358.656860153329,419.472166428326
2020-09-11,1.13059991036391,372.582990294195,421.242295429736
2020-09-12,1.09151967088886,388.869481475887,424.458688439282
2020-09-13,1.05519920530653,399.727142263681,421.791762856087
2020-09-14,1.02314911488725,409.345613505042,418.821602140662
2020-09-15,0.999208990847741,419.318138902526,418.986454416946
2020-09-16,0.988719717609136,428.051474753578,423.222933240532
2020-09-17,0.996211347329462,435.309584954115,433.660348132567
2020-09-18,1.02168985866196,440.738415348012,450.297969283808
2020-09-19,1.05388075633418,442.567695154651,466.413577298657
2020-09-20,1.08141364563843,448.350579704672,484.852434922535
2020-09-21,1.10410556423907,456.611843347558,504.147676937499
2020-09-22,1.11261309309331,465.699233354734,518.143064473994
2020-09-23,1.11820432297508,470.833018618528,526.487516818643
2020-09-24,1.12540482927279,468.767702707806,527.553436434476
2020-09-25,1.1529772727896,475.317704596095,548.03051075382
2020-09-26,1.1985105367913,477.973110767023,572.855809557193
2020-09-27,1.27043791745644,489.597888893085,622.003722356401
2020-09-28,1.34360124981806,509.956002870199,685.177522808621
2020-09-29,1.41985479957053,530.314116847313,752.969044085665
2020-09-30,1.47785053980153,557.753313946901,824.276036092518
2020-10-01,1.50905344563951,592.037558064882,893.416316945813
2020-10-02,1.49688596178981,629.803334718079,942.743770427901
2020-10-03,1.43822101679869,668.513255787605,961.469814482252
2020-10-04,1.34388428258951,709.524528871936,953.518862462722
2020-10-05,1.23855810566818,746.641206238906,924.758518013064
2020-10-06,1.13831943800795,782.754730163526,891.024924537812
2020-10-07,1.05342702525598,812.61329732996,856.02880848975
2020-10-08,0.993453405374567,844.301144303033,838.773846969492
2020-10-09,0.955679525596119,869.616016465879,831.074222066898
2020-10-10,0.954022519966678,897.704312851694,856.430130731728
2020-10-11,0.965097952144356,919.596661505344,887.500854817594
2020-10-12,0.99085685581737,940.13180256052,931.536041939033
2020-10-13,1.00839019585085,957.067393028438,965.097375898411
2020-10-14,1.02721337957245,970.757487065222,997.175079033526
2020-10-15,1.02635664849946,970.108387778995,995.677193562063
2020-10-16,1.01659255195135,974.357037652479,990.524107418895
2020-10-17,0.982726000679202,966.449828165716,949.755374490396
2020-10-18,0.951205905729944,960.253880433551,913.399162068489
2020-10-19,0.909928172056773,950.222346010046,864.634082352419
2020-10-20,0.879514044038424,934.230899958458,821.669196888119
2020-10-21,0.851396094411432,926.913780731901,789.170772771275
2020-10-22,0.840854162834078,917.29530949054,771.311579533294
2020-10-23,0.833677490620057,903.251161297632,753.020161550262
2020-10-24,0.833347849408649,888.085841610333,740.084426196241
2020-10-25,0.832761431887654,877.287189848559,730.570936394983
2020-10-26,0.835833698188691,858.050247365837,717.187311487509
2020-10-27,0.83310078273459,834.623664035651,695.325627796912
2020-10-28,0.8299490039748,803.643925374825,666.983475415235
2020-10-29,0.824289507035369,781.043468408928,643.80593554799
2020-10-30,0.825607740300452,749.709675591978,618.966111146878
2020-10-31,0.837930969884358,722.624532648514,605.5094755044
2020-11-01,0.867329441365623,695.303353600967,603.057069258371
2020-11-02,0.90810720927547,666.861003059028,605.581284462574
2020-11-03,0.95885116598463,645.558744665584,618.994755034169
2020-11-04,0.998697288479314,631.632614524718,630.809779440935
2020-11-05,1.03069112279123,620.243872502738,639.279853354226
2020-11-06,1.04189036207469,611.628554703727,637.249896315486
2020-11-07,1.03530077441469,604.488462555232,625.827373408176
2020-11-08,1.00009624339694,590.503323388346,590.560155434092
2020-11-09,0.944308288781503,581.238906303108,548.86871698432
2020-11-10,0.875576459968503,574.629895388799,503.132409596595
2020-11-11,0.811057096591894,566.073586615809,459.117999617978
2020-11-12,0.750867387057266,552.560519657087,414.899673585922
2020-11-13,0.709350653550025,536.923127761622,380.86677158383
2020-11-14,0.684645089032399,527.127629442199,360.895342790892
2020-11-15,0.677028020941994,508.657804297745,344.375586580402
2020-11-16,0.681471170928064,494.200592922693,336.783456732371
2020-11-17,0.700598552405722,479.389327391518,335.85946880925
2020-11-18,0.725181634736213,452.835265682239,328.387818233653
2020-11-19,0.753322721184073,428.582555987764,322.860977328728
2020-11-20,0.776104375503601,404.38885531931,313.847960018209
2020-11-21,0.797748133598908,380.431190754938,303.488272387562
2020-11-22,0.808019605960818,359.187941387515,290.230898865817
2020-11-23,0.812274566192822,332.810906756297,270.333834909711
2020-11-24,0.81081917970207,308.912251217946,250.471978132455
2020-11-25,0.810678361422329,289.498281657162,234.689992608408
2020-11-26,0.80562586722836,274.03791683976,220.772034407485
2020-11-27,0.793218321272113,261.70503040145,207.589224883505
2020-11-28,0.773262435726209,250.080252275388,193.377665001491
2020-11-29,0.761937731538068,240.874844216171,183.531632386655
2020-11-30,0.757321076263518,228.187903621738,172.811508761131
2020-12-01,0.752696999216969,213.671683220665,160.830034777834
2020-12-02,0.750918346692048,206.413573020129,154.999738987074
2020-12-03,0.769968434994517,197.444201064995,152.025802492757
2020-12-04,0.810755470942538,188.41582008384,152.759156945098
2020-12-05,0.86988386084374,178.8563578685,155.5842591191
2020-12-06,0.940565851201393,169.35590467918,159.290380640555
2020-12-07,1.01112862176416,164.281128441406,166.109350982821
2020-12-08,1.0611800622156,159.265361229654,169.009225938475
2020-12-09,1.08775937859084,154.898693304128,168.492506373031
2020-12-10,1.08372087464761,152.2432871332,164.989228291219
2020-12-11,1.06467290711037,148.997790702066,158.633910979791
2020-12-12,1.02439733630953,145.457249140829,149.006018566777
2020-12-13,0.96040803122777,142.919861021942,137.26138234743
2020-12-14,0.883714804136136,141.680671475509,125.205306842856
2020-12-15,0.822219736653045,141.621662449488,116.444126003585
2020-12-16,0.782850432487822,139.438328486725,109.159355761212
2020-12-17,0.761238836230206,135.897786925488,103.450673165419
2020-12-18,0.756776434481769,133.301389780581,100.879350469612
2020-12-19,0.778078703531462,131.708146078024,102.479303544921
2020-12-20,0.81936688056776,130.291929453529,106.756891799493
2020-12-21,0.862021565556335,125.099135163715,107.838152343569
2020-12-22,0.919573129095922,121.617602628498,111.836279402232
2020-12-23,0.988935288675473,117.782015937158,116.478791931592
2020-12-24,1.07058350476352,112.29417651724,120.220293060361
2020-12-25,1.14392021533428,109.815797424374,125.620510636795
2020-12-26,1.19337601417069,108.340571773859,129.291039716461
2020-12-27,1.22407202024091,107.455436383549,131.53319309988
2020-12-28,1.26117178683377,108.222553721817,136.487231453058
2020-12-29,1.29542937172426,107.042373201405,138.66583426417
2020-12-30,1.33146793591893,107.101382227426,142.602056328415
2020-12-31,1.36574326767325,111.29102307489,151.994965516999
2021-01-01,1.38466557343767,117.427961781034,162.598456037152
2021-01-02,1.37349242806814,124.036972695343,170.363842797548
2021-01-03,1.33582496951948,132.121209260168,176.490810332842
2021-01-04,1.27769993276126,139.969409720911,178.838905389042
2021-01-05,1.20097545319393,144.808149854602,173.911033397805
2021-01-06,1.10784579169077,151.29914271687,167.616118545306
2021-01-07,0.998472545989615,156.845991162808,156.606416124594
2021-01-08,0.890511466821105,159.85545148986,142.353112585585
2021-01-09,0.817678401010511,162.392839608747,132.785117426836
2021-01-10,0.789676220981846,163.573020129159,129.169724390182
2021-01-11,0.787088882902489,162.864911816912,128.189161505985
2021-01-12,0.796313147193841,161.979776426602,128.986625548022
2021-01-13,0.810523699031684,163.514011103138,132.531981122824
2021-01-14,0.83283559387671,162.569866686808,135.393971468566
2021-01-15,0.852218845497628,157.141036292911,133.918552529846
2021-01-16,0.869970636479507,152.774368367385,132.909214486329
2021-01-17,0.886559239133684,145.988330375014,129.427303099669
2021-01-18,0.907458400550297,139.969409720911,127.016416671307
2021-01-19,0.927485737120029,135.13066958722,125.331768689626
2021-01-20,0.947465322144532,129.40679406322,122.6084498248
2021-01-21,0.973899523590175,126.633369840251,123.328178558039
2021-01-22,1.00648021544138,123.918954643302,124.721976166662
2021-01-23,1.03660879612036,121.617602628498,126.069876647772
2021-01-24,1.04777129469293,119.493277691756,125.201626274193
2021-01-25,1.04707949254835,119.729313795838,125.366109132508
2021-01-26,1.03190516326082,120.496431134106,124.340889441787
2021-01-27,1.00495877135409,118.726160353488,119.314896236429
2021-01-28,0.964563693691929,117.841024963178,113.665174306926
2021-01-29,0.924045568633686,117.900033989199,108.94500394948
2021-01-30,0.89262177960588,116.188772234601,103.712628642272
2021-01-31,0.869636128464656,115.539672948374,100.477473866897
2021-02-01,0.862198330541172,114.536519506024,98.7531959040899
2021-02-02,0.858335336285451,113.061293855508,97.0445036823358
2021-02-03,0.868974614104169,112.943275803467,98.1448395069784
2021-02-04,0.866223439924423,110.169851580498,95.4317078120219
2021-02-05,0.87253921352185,109.520752294271,95.5611510711645
2021-02-06,0.873191474426212,106.747328071302,93.2108567896386
2021-02-07,0.897224639204878,104.623003134559,93.8703362399359
2021-02-08,0.910870222830178,100.079308130972,91.1592616979482
2021-02-09,0.9327567890068,96.9518297518788,90.4324774076965
2021-02-10,0.942908313384667,96.1847124136108,90.693364955307
2021-02-11,0.967325834353913,93.7063333207447,90.6445570637352
2021-02-12,0.983408210551896,92.2901166962499,90.7588585118847
2021-02-13,1.01125884016544,90.2838098115488,91.3003007957443
2021-02-14,1.06035766521583,88.5725480569508,93.9185802598848
2021-02-15,1.13900531817563,88.2775029268477,100.548545308944
2021-02-16,1.20219552932502,87.9824577967446,105.772117422274
2021-02-17,1.24927677317008,88.2184939008271,110.209315394349
2021-02-18,1.28010555030427,91.7590354620643,117.461250585555
2021-02-19,1.305935276134,94.1193965028891,122.913840061566
2021-02-20,1.30804418980913,95.7126402054458,125.196362912025
2021-02-21,1.26306937286909,97.541920012085,123.202211738111
2021-02-22,1.18953576570803,102.144624041693,121.504683572395
2021-02-23,1.12379170910018,105.803183654972,118.900740587862
2021-02-24,1.07000715500021,108.753634956003,116.367167535204
2021-02-25,1.03007136808154,110.818950866725,114.151428328648
2021-02-26,1.00287759749155,112.648230673364,112.972386939377
2021-02-27,1.00130145250601,116.188772234601,116.339986403396
2021-02-28,1.01819558288368,118.96219645757,121.126782963239
2021-03-01,1.04322510548409,121.558593602477,126.812976633442
2021-03-02,1.07497475624879,124.568053929529,133.907513409282
2021-03-03,1.11663260033423,126.633369840251,141.402949053805
2021-03-04,1.1633435669604,127.164451074436,147.935946103497
2021-03-05,1.21056908358215,128.934721855055,156.084388077993
2021-03-06,1.25382143048618,132.888326598436,166.618231750566
2021-03-07,1.27882103572233,135.425714717323,173.185252758244
2021-03-08,1.3008803872906,139.379319460705,181.315823080342
2021-03-09,1.30776910287202,143.627969334189,187.832220603503
2021-03-10,1.31615259216173,149.41085388421,196.6474826368
2021-03-11,1.30856091757414,155.606801616375,203.620979103902
2021-03-12,1.29219769568965,163.277974999056,210.987423050652
2021-03-13,1.25745298453105,169.178877601118,212.734484559139
2021-03-14,1.23443157780322,178.797348842479,220.713093438655
2021-03-15,1.2008031193746,187.943747875675,225.683438716064
2021-03-16,1.18539215541581,194.788794894067,230.901109430327
2021-03-17,1.16670966670088,203.345103667057,237.244698124648
2021-03-18,1.16297357131408,212.373484648212,246.984749893746
2021-03-19,1.16391759970061,219.690603874769,255.701760338697
2021-03-20,1.17531872462088,229.545111220212,269.788667362297
2021-03-21,1.18293661667153,238.80952830545,282.496535442572
2021-03-22,1.19470974543915,245.595566297821,293.415416492653
2021-03-23,1.202278351259,255.922145851429,307.689655564923
2021-03-24,1.21439279910822,264.832508780543,321.610691632856
2021-03-25,1.22722252564597,275.454133464255,338.043517369626
2021-03-26,1.23525539163997,283.774406133162,350.533865185418
2021-03-27,1.24064486532418,293.451886400544,364.069576082528
2021-03-28,1.25025620018696,305.194682578647,381.571544158046
2021-03-29,1.26254509072455,318.82576758941,402.531907666496
2021-03-30,1.27052872255702,334.05009630273,424.420242125558
2021-03-31,1.26782848872919,346.441991767061,439.229026854364
2021-04-01,1.26143879290564,362.492446844669,457.262034585152
2021-04-02,1.25060332044417,381.729389327392,477.392041803959
2021-04-03,1.22501437196375,395.419483364175,484.394550075595
2021-04-04,1.1755260806769,413.771290456588,486.398943367056
2021-04-05,1.11796765429968,433.421296121455,484.55098974843
2021-04-06,1.06945459012058,446.344272819971,477.344931341349
2021-04-07,1.03177591547571,458.67715925828,473.252045901508
2021-04-08,0.999585688932105,465.758242380755,465.565273585973
2021-04-09,0.983769520221715,475.081668492013,467.370865078519
2021-04-10,0.991111376013587,487.532572982363,483.199079259995
2021-04-11,1.01657715787678,493.787529740549,501.973123578644
2021-04-12,1.04427179691494,499.688432342611,521.810537140029
2021-04-13,1.06594986883861,508.598795271725,542.14081911137
2021-04-14,1.08934476072512,517.6861852789,563.938733633345
2021-04-15,1.09665309199264,521.226726840137,571.604901618439
2021-04-16,1.09403628107462,523.705105933004,572.952386474734
2021-04-17,1.0706164139107,527.18663846822,564.414668338485
2021-04-18,1.04205904707027,534.503757694777,556.9844763989
2021-04-19,1.00404988905564,531.553306393746,533.706038311802
2021-04-20,0.974843235467573,537.454208995808,523.933600013139
2021-04-21,0.938862488884867,537.867272177952,504.983405846707
2021-04-22,0.920564178765712,538.457362438159,495.684559653235
2021-04-23,0.897006938450202,540.817723478983,485.117250397491
2021-04-24,0.893345279095784,538.516371464179,481.081058163316
2021-04-25,0.889059315299733,536.68709165754,477.146658239258
2021-04-26,0.896316003794395,534.975829902942,479.507397985195
2021-04-27,0.895563714041604,525.180331583519,470.332448294537
2021-04-28,0.90322731759719,520.51861852789,470.146635572341
2021-04-29,0.907862077167886,512.198345858983,465.005454193491
2021-04-30,0.926232263466896,500.750594810982,463.811356864171
2021-05-01,0.940800168388062,492.253295064013,463.111982885802
2021-05-02,0.970803330819365,477.67806563692,463.731457179673
2021-05-03,1.00836597010604,474.432569205786,478.401657897092
2021-05-04,1.04503674324208,464.578061860342,485.501144748247
2021-05-05,1.07540963219591,460.56544809094,495.296519133622
2021-05-06,1.11490299463589,462.925809131765,516.117370895246
2021-05-07,1.15529773829916,463.102836209827,535.021659273137
2021-05-08,1.19316038265028,462.217700819517,551.499848777549
2021-05-09,1.22009313380054,466.407341666981,569.060395122048
2021-05-10,1.24492887643483,479.094282261415,596.438306522052
2021-05-11,1.26752485829484,493.84653876657,625.962764069492
2021-05-12,1.28211341202127,503.287982929869,645.272273023519
2021-05-13,1.27167801380365,522.111862230447,663.958175944541
2021-05-14,1.2532801781429,544.063219910117,681.863649169954
2021-05-15,1.22951291031448,567.13574908418,697.300725399873
2021-05-16,1.21117295947311,591.86053098682,716.845470910633
2021-05-17,1.18018620463844,606.553778465954,715.846401716841
2021-05-18,1.16147978115116,632.694776993089,734.862191117413
2021-05-19,1.14710259798415,659.956947014615,757.038328478156
2021-05-20,1.14846834661781,689.225423920843,791.55358305733
2021-05-21,1.14256237052269,707.341194909173,808.181432423774
2021-05-22,1.14235395369487,732.71507609804,837.019964112434
2021-05-23,1.1329461331242,760.980399561917,862.149801066982
2021-05-24,1.11761888891086,778.388062238,869.941201259907
2021-05-25,1.08399356659302,809.426809924846,877.413454586447
2021-05-26,1.04187811492146,830.72906831829,865.518435709922
2021-05-27,0.991640646089514,841.527720080064,834.49309204243
2021-05-28,0.944823449224378,847.546640734167,800.78194047699
2021-05-29,0.901295045044045,849.257902488765,765.431939477622
2021-05-30,0.867782899948765,849.966010801012,737.585969710786
2021-05-31,0.850607349337823,854.627723856641,726.952622860314
2021-06-01,0.854116222399242,848.962857358662,725.112948684447
2021-06-02,0.876676761447939,838.636277805053,735.212936058888
2021-06-03,0.909700627508378,825.713301106537,751.151908158631
2021-06-04,0.939276142305568,820.343479738661,770.529059014455
2021-06-05,0.952316713899685,811.905189017712,773.19088160345
2021-06-06,0.951107433149865,802.935817062578,763.678223950478
2021-06-07,0.936924279006597,788.419596661505,738.689462156753
2021-06-08,0.916636152470009,760.213282223649,696.838978074082
2021-06-09,0.88314232585789,737.376789153669,651.208652606794
2021-06-10,0.851658699470311,721.32633407606,614.323847572904
2021-06-11,0.82743621943792,702.620472827524,581.37362773609
2021-06-12,0.835924552758967,690.169568337173,576.9296877401
2021-06-13,0.86000690955808,667.98217455342,574.469285577573
2021-06-14,0.916025252030962,652.639827788058,597.834562735
2021-06-15,0.977939087546057,640.897031609955,626.758258303616
2021-06-16,1.06943918633471,637.061444918615,681.298473298975
2021-06-17,1.16435616877545,629.449280561955,732.903152753584
2021-06-18,1.2676208445874,626.439820234903,794.088174009349
2021-06-19,1.35512326511007,624.846576532346,846.744132983362
2021-06-20,1.4284487372924,628.97720835379,898.461699058667
2021-06-21,1.45677375661369,651.400638241625,948.943354831809
2021-06-22,1.44827218839595,674.591185467729,976.991652449967
2021-06-23,1.40660191299776,706.515068544885,993.785446976979
2021-06-24,1.34440902157273,734.367328826617,987.29006202277
2021-06-25,1.26385722868632,766.468238981835,968.706424395668
2021-06-26,1.16200342129877,795.146625627856,923.963099413739
2021-06-27,1.05625930355895,842.825918652517,890.242717857341
2021-06-28,0.962715158661896,878.939442577137,846.168324914847
2021-06-29,0.891455971456399,900.18269194456,802.473236135674
2021-06-30,0.828797868412927,914.285849163488,757.758162906802
2021-07-01,0.77715800657045,925.674591185468,719.395420018614
2021-07-02,0.736496828095247,927.680898070169,683.234038913229
2021-07-03,0.712076084597466,922.901166962499,657.175849441088
2021-07-04,0.704989967503622,908.148910457344,640.235870871773
2021-07-05,0.717567042124886,873.923675365384,627.098826774848
2021-07-06,0.751061898887591,844.183126250991,634.033781810932
2021-07-07,0.802518345989609,808.423656482496,648.774815659204
2021-07-08,0.865164772788167,771.897069375732,667.818152642306
2021-07-09,0.934311325418435,741.212375845009,692.523117292298
2021-07-10,0.995981718875151,712.061916990823,709.200652030054
2021-07-11,1.04371988213192,677.54163676876,707.163677267762
2021-07-12,1.06241681913018,648.273159862533,688.736308428623
2021-07-13,1.0677898852675,632.576758941048,675.459064852547
2021-07-14,1.05935559637992,613.103780354243,649.494920879952
2021-07-15,1.04477954785577,599.944767551645,626.81002298104
2021-07-16,1.0147239925106,591.388458778655,600.096058016566
2021-07-17,0.986360979963121,589.618187998036,581.576373717823
2021-07-18,0.961533371825773,592.037558064882,569.263869453623
2021-07-19,0.949742501234938,593.689810793459,563.852445860677
2021-07-20,0.93423587307548,590.562332414366,551.724516228627
2021-07-21,0.918880381383029,589.913233128139,542.05969663968
2021-07-22,0.910073091000417,594.75197326183,541.267766684991
2021-07-23,0.904040643305171,590.385305336304,533.732311234152
2021-07-24,0.901058439360717,582.419086823521,524.793633427095
2021-07-25,0.901598261956568,573.980796102572,517.500088162526
2021-07-26,0.915936162546398,568.492956682654,520.703257178566
2021-07-27,0.930187891505287,554.035745307602,515.357341746239
2021-07-28,0.949040212676941,548.783941991767,520.818029021557
2021-07-29,0.964767818993094,541.584840817251,522.503625674982
2021-07-30,0.987326076612933,536.156010423354,529.360810223733
2021-07-31,1.0108187138111,527.717719702406,533.426946684911
2021-08-01,1.02904779789569,517.863212356962,532.90599828712
2021-08-02,1.03084208184744,516.210959628385,532.131980295791
2021-08-03,1.01661566339,512.965463197251,521.488724664431
2021-08-04,0.987058310592356,515.384833264096,508.714882826582
2021-08-05,0.937558729968756,509.483930662034,477.671106970987
2021-08-06,0.882154931822649,504.409154424261,444.967023231854
2021-08-07,0.823817475867967,499.275369160467,411.311774384823
2021-08-08,0.784033728528761,488.653744476755,383.121017241651
2021-08-09,0.757220638159758,474.432569205786,359.250132817778
2021-08-10,0.758679378140654,467.410495109332,354.614703765963
2021-08-11,0.773462321091421,454.782563540919,351.757177188266
2021-08-12,0.822772074931959,445.046074247517,366.171481948952
2021-08-13,0.886235129907947,432.00507949696,382.858077748881
2021-08-14,0.964277364765962,420.203274292836,405.192506001124
2021-08-15,1.01740256614285,406.277144151969,413.347409025401
2021-08-16,1.05286856742571,396.363627780505,417.318804960919
2021-08-17,1.05790554984963,391.760923750897,414.446055450292
2021-08-18,1.04645353726205,376.123531855433,393.595800357614
2021-08-19,1.00347026629491,365.088843989577,366.35579949952
2021-08-20,0.951721730574539,357.77172476302,340.499125042099
2021-08-21,0.893901380996691,350.867668718607,313.641093614652
2021-08-22,0.846768441111733,345.792892480834,292.806508513513
2021-08-23,0.805700723224872,340.423071112957,274.279114598142
2021-08-24,0.784131057888146,334.758204614978,262.494305121479
2021-08-25,0.774229006792966,331.689735261906,256.803814295247
2021-08-26,0.774641748368182,322.838381358813,250.084088176145
2021-08-27,0.775118530798003,316.760451678689,245.526895920097
2021-08-28,0.786939184755754,309.974413686317,243.931012401453
2021-08-29,0.822450879185411,299.529816080668,246.34856057779
2021-08-30,0.871269275420333,283.833415159183,247.29533396582
2021-08-31,0.916414010843757,268.963140601986,246.4815904482
2021-09-01,0.958534966397485,260.465840855017,249.665616011657
2021-09-02,0.986832688452933,254.505929226935,251.154770366228
2021-09-03,1.00154327668331,247.070791948336,247.452090540678
2021-09-04,0.990009848010864,239.871690773821,237.475336125099
2021-09-05,0.945365073096879,233.203670833491,220.462605323964
2021-09-06,0.884679261575781,227.479795309491,201.24665733781
2021-09-07,0.818770462714676,221.578892707429,181.422252509867
2021-09-08,0.75527651103896,214.615827636995,162.094293511409
2021-09-09,0.699931568421648,207.003663280335,144.888398708832
2021-09-10,0.658864821421925,201.633841912459,132.849445244269
2021-09-11,0.636852295802223,194.257713659881,123.713470921586
2021-09-12,0.630735986942586,187.294648589448,118.13347502713
2021-09-13,0.631425438336262,179.682484232788,113.456091368037
2021-09-14,0.64730200632515,170.949148381736,110.655726727074
2021-09-15,0.682554867159406,161.330677140375,110.117038904286
2021-09-16,0.732540531391422,148.348691415839,108.671429240981
2021-09-17,0.808688982250768,138.671211148457,112.141880611127
2021-09-18,0.891093211238823,130.645983609653,116.41774907018
2021-09-19,1.00056507210908,120.555440160127,120.623562676959
2021-09-20,1.09075874939953,113.23832093357,123.515689325604
2021-09-21,1.17161086636572,106.688319045281,124.997193907744
2021-09-22,1.20741041537305,100.197326183013,120.979295225901
2021-09-23,1.21327381502088,100.610389365157,122.0679509358
2021-09-24,1.16055162009216,99.6072359228068,115.599339023115
2021-09-25,1.08067466397733,99.4302088447449,107.45170753249
2021-09-26,0.955250609821242,98.1320102722913,93.7406626555907
2021-09-27,0.848626334704844,96.774802673817,82.1256460848659
2021-09-28,0.738766712890017,95.4766041013633,70.5349369698657
2021-09-29,0.649248079349644,93.5883152687035,60.7620339377747
2021-09-30,0.581307292783139,93.4702972166623,54.3349654306533
2021-10-01,0.550498970507138,91.1689452018581,50.1884104758445
2021-10-02,0.556535551542589,87.451376562559,48.6698000884024
2021-10-03,0.614398170850991,83.2027266890744,51.1196030875822
2021-10-04,0.718799621353673,79.5441670757959,57.1763171749754
2021-10-05,0.819736789294865,74.5874088900638,61.1420430853642
2021-10-06,0.914260598818674,71.0468673288266,64.9553514682439
2021-10-07,0.990834998177362,65.6770459609502,65.0751157150126
2021-10-08,1.06944756011656,61.0153329053212,65.2526989052955
2021-10-09,1.11569890051928,56.1765927716304,62.6761627902272
2021-10-10,1.13592039681439,52.4590241323313,59.5892755088936
2021-10-11,1.10091498360617,50.0396540654858,55.0894049351625
2021-10-12,1.06349390006483,48.623437440991,51.710729118678
2021-10-13,1.02730342387436,46.4991125042487,47.7686974827336
2021-10-14,1.00164807247625,45.9090222440424,45.9846836400142
2021-10-15,0.959550641398551,45.8500132180218,43.9954095914849
2021-10-16,0.908945909872767,45.7910041920012,41.6215459692862
2021-10-17,0.845247628924396,47.3252388685373,40.0015459419118
2021-10-18,0.773950521124221,47.0301937384342,36.3990429524342
2021-10-19,0.7004522538928,46.3220854261868,32.4464091417874
2021-10-20,0.611952703129098,44.9058688016919,27.480267799556
2021-10-21,0.545710013383074,43.5486612032176,23.7649404880229
2021-10-22,0.49864084894692,41.1292911363722,20.5087446488257
2021-10-23,0.452170188326947,39.0049661996299,17.6368829121729
2021-10-24,0.382206199460972,35.9364968465577,13.735151881664
