"fecha","rho7dpromedio","incidenciaAcum14d","riesgopor10"
2020-01-20,0.5,0.545238432766649,0.272619216383324
2020-01-21,0.4,0.545238432766649,0.21809537310666
2020-01-22,0.333333333333333,0.545238432766649,0.18174614425555
2020-01-23,0.285714285714286,0.545238432766649,0.1557824093619
2020-01-24,0.142857142857143,0.545238432766649,0.0778912046809498
2020-01-25,0,0.545238432766649,0
2020-01-26,0,0.545238432766649,0
2020-01-27,0,0.545238432766649,0
2020-01-28,0,0.545238432766649,0
2020-01-29,0,0.545238432766649,0
2020-01-30,0,0.545238432766649,0
2020-01-31,0,0.545238432766649,0
2020-02-01,0,0.545238432766649,0
2020-02-02,0,0.545238432766649,0
2020-02-03,0,0,0
2020-02-04,0,0,0
2020-02-05,0,0,0
2020-02-06,0,0,0
2020-02-07,0,0,0
2020-02-08,0,0,0
2020-02-09,0,0,0
2020-02-10,0,0,0
2020-02-11,0,0,0
2020-02-12,0,0,0
2020-02-13,0,0,0
2020-02-14,0,0,0
2020-02-15,0,0,0
2020-02-16,0,0,0
2020-02-17,0,0,0
2020-02-18,0,0,0
2020-02-19,0,0,0
2020-02-20,0,0,0
2020-02-21,0,0,0
2020-02-22,0,0,0
2020-02-23,0,0,0
2020-02-24,0,0,0
2020-02-25,0,0,0
2020-02-26,0,0,0
2020-02-27,0,0,0
2020-02-28,0,0,0
2020-02-29,0,0,0
2020-03-01,0,0,0
2020-03-02,0,0,0
2020-03-03,0,0,0
2020-03-04,0,0,0
2020-03-05,0,0,0
2020-03-06,0,0,0
2020-03-07,0,0,0
2020-03-08,0,0,0
2020-03-09,0,0,0
2020-03-10,0,0,0
2020-03-11,0,0,0
2020-03-12,0,0,0
2020-03-13,0,0,0
2020-03-14,0,0,0
2020-03-15,0,0,0
2020-03-16,0,0,0
2020-03-17,0,0,0
2020-03-18,0,0,0
2020-03-19,0,0,0
2020-03-20,0,0,0
2020-03-21,0.428571428571429,0,0
2020-03-22,0.857142857142857,0,0
2020-03-23,1.28571428571429,0,0
2020-03-24,1.28571428571429,0,0
2020-03-25,1.28571428571429,1.63571529829995,2.10306252638565
2020-03-26,1.28571428571429,1.63571529829995,2.10306252638565
2020-03-27,1.28571428571429,1.63571529829995,2.10306252638565
2020-03-28,0.857142857142857,1.63571529829995,1.4020416842571
2020-03-29,0.428571428571429,1.63571529829995,0.701020842128549
2020-03-30,0,1.63571529829995,0
2020-03-31,0.142857142857143,1.63571529829995,0.23367361404285
2020-04-01,0.285714285714286,1.63571529829995,0.467347228085699
2020-04-02,0.428571428571429,1.63571529829995,0.701020842128549
2020-04-03,0.428571428571429,1.63571529829995,0.701020842128549
2020-04-04,0.428571428571429,2.1809537310666,0.934694456171398
2020-04-05,0.571428571428571,2.1809537310666,1.2462592748952
2020-04-06,0.857142857142857,2.1809537310666,1.8693889123428
2020-04-07,1,2.1809537310666,2.1809537310666
2020-04-08,1,0.545238432766649,0.545238432766649
2020-04-09,0.857142857142857,1.0904768655333,0.934694456171398
2020-04-10,0.857142857142857,1.63571529829995,1.4020416842571
2020-04-11,0.857142857142857,1.63571529829995,1.4020416842571
2020-04-12,0.785714285714286,1.63571529829995,1.28520487723567
2020-04-13,0.642857142857143,1.63571529829995,1.05153126319282
2020-04-14,0.5,1.63571529829995,0.817857649149973
2020-04-15,0.357142857142857,1.63571529829995,0.584184035107124
2020-04-16,0.357142857142857,2.1809537310666,0.778912046809498
2020-04-17,0.357142857142857,2.1809537310666,0.778912046809498
2020-04-18,0.357142857142857,1.63571529829995,0.584184035107124
2020-04-19,0.285714285714286,1.63571529829995,0.467347228085699
2020-04-20,0.142857142857143,1.63571529829995,0.23367361404285
2020-04-21,0.142857142857143,1.63571529829995,0.23367361404285
2020-04-22,0.285714285714286,1.63571529829995,0.467347228085699
2020-04-23,0.428571428571429,1.0904768655333,0.467347228085699
2020-04-24,0.428571428571429,0.545238432766649,0.23367361404285
2020-04-25,0.428571428571429,1.0904768655333,0.467347228085699
2020-04-26,0.428571428571429,1.0904768655333,0.467347228085699
2020-04-27,0.428571428571429,1.0904768655333,0.467347228085699
2020-04-28,0.285714285714286,1.0904768655333,0.311564818723799
2020-04-29,0.142857142857143,1.0904768655333,0.1557824093619
2020-04-30,0,0.545238432766649,0
2020-05-01,0.142857142857143,0.545238432766649,0.0778912046809498
2020-05-02,0.285714285714286,0.545238432766649,0.1557824093619
2020-05-03,0.428571428571429,0.545238432766649,0.23367361404285
2020-05-04,0.428571428571429,0.545238432766649,0.23367361404285
2020-05-05,0.428571428571429,1.0904768655333,0.467347228085699
2020-05-06,0.428571428571429,1.0904768655333,0.467347228085699
2020-05-07,0.571428571428571,1.0904768655333,0.623129637447599
2020-05-08,0.571428571428571,1.0904768655333,0.623129637447599
2020-05-09,0.714285714285714,0.545238432766649,0.389456023404749
2020-05-10,0.714285714285714,0.545238432766649,0.389456023404749
2020-05-11,0.857142857142857,1.0904768655333,0.934694456171398
2020-05-12,0.857142857142857,1.0904768655333,0.934694456171398
2020-05-13,0.857142857142857,1.63571529829995,1.4020416842571
2020-05-14,0.714285714285714,1.63571529829995,1.16836807021425
2020-05-15,0.714285714285714,1.63571529829995,1.16836807021425
2020-05-16,0.571428571428571,1.63571529829995,0.934694456171398
2020-05-17,0.714285714285714,1.63571529829995,1.16836807021425
2020-05-18,0.714285714285714,1.63571529829995,1.16836807021425
2020-05-19,1.28571428571429,1.63571529829995,2.10306252638565
2020-05-20,1.71428571428571,1.63571529829995,2.80408336851419
2020-05-21,2.28571428571429,2.1809537310666,4.98503709958079
2020-05-22,2.42857142857143,2.1809537310666,5.29660191830459
2020-05-23,2.85714285714286,3.81666902936654,10.904768655333
2020-05-24,2.64285714285714,3.81666902936654,10.086911006183
2020-05-25,2.5,4.36190746213319,10.904768655333
2020-05-26,1.95714285714286,5.45238432766649,10.6710950412901
2020-05-27,1.56428571428571,4.90714589489984,7.67617822130761
2020-05-28,1.06428571428571,4.90714589489984,5.22260527385769
2020-05-29,0.921428571428571,4.90714589489984,4.52158443172914
2020-05-30,0.778571428571429,5.45238432766649,4.24507065511177
2020-05-31,1.13571428571429,5.45238432766649,6.19235077213551
2020-06-01,1.70714285714286,5.99762276043314,10.2387988553109
2020-06-02,1.89285714285714,5.99762276043314,11.3526430822484
2020-06-03,2.14285714285714,6.54286119319979,14.020416842571
2020-06-04,2.16666666666667,6.54286119319979,14.1761992519329
2020-06-05,2.16666666666667,7.63333805873308,16.538899127255
2020-06-06,1.77380952380952,5.99762276043314,10.6386403726731
2020-06-07,1.39285714285714,7.08809962596643,9.87271019331039
2020-06-08,0.821428571428571,5.99762276043314,4.92661869607008
2020-06-09,0.607142857142857,5.45238432766649,3.31037619894037
2020-06-10,0.321428571428571,5.45238432766649,1.75255210532137
2020-06-11,0.226190476190476,5.45238432766649,1.23327740744837
2020-06-12,0.0833333333333333,5.45238432766649,0.454365360638874
2020-06-13,0.0476190476190476,4.90714589489984,0.233673614042849
2020-06-14,0.142857142857143,4.90714589489984,0.701020842128548
2020-06-15,0.428571428571429,4.36190746213319,1.8693889123428
2020-06-16,0.714285714285714,3.81666902936654,2.72619216383324
2020-06-17,0.857142857142857,3.27143059659989,2.80408336851419
2020-06-18,1,3.27143059659989,3.27143059659989
2020-06-19,1.42857142857143,2.72619216383324,3.89456023404749
2020-06-20,1.64285714285714,2.72619216383324,4.47874426915462
2020-06-21,1.64285714285714,1.63571529829995,2.68724656149277
2020-06-22,1.64285714285714,2.1809537310666,3.58299541532369
2020-06-23,1.92857142857143,2.72619216383324,5.25765631596411
2020-06-24,2.26190476190476,2.72619216383324,6.16638703724186
2020-06-25,2.54761904761905,2.72619216383324,6.94529908405136
2020-06-26,2.69047619047619,3.81666902936654,10.2686571504386
2020-06-27,3.04761904761905,5.99762276043314,18.2784693651296
2020-06-28,3.47619047619048,8.17857649149973,28.4302897085467
2020-06-29,3.64761904761905,8.72381492426638,31.8211534856574
2020-06-30,3.6,11.4500070880996,41.2200255171587
2020-07-01,3.5952380952381,15.8119145502328,56.8475975496466
2020-07-02,3.53401360544218,21.2642988778993,75.148321544685
2020-07-03,3.21853741496599,27.8071600710991,89.4983850927807
2020-07-04,2.85693027210884,32.7143059659989,93.4624910452933
2020-07-05,2.44567486085343,38.7119287264321,94.6767909013847
2020-07-06,2.10541512059369,46.8905052179318,98.723978698111
2020-07-07,1.64509766027623,54.5238432766649,89.6970470037094
2020-07-08,1.22018071675464,62.7024197681646,76.5082834949692
2020-07-09,0.892347455790677,65.9738503647645,58.8715975217124
2020-07-10,0.702032140475362,68.1548040958311,47.8468630030753
2020-07-11,0.571575791269012,68.1548040958311,38.9556360798592
2020-07-12,0.545331202524424,68.1548040958311,37.1669412753961
2020-07-13,0.520284820335184,70.3357578268977,36.5946271241065
2020-07-14,0.610638910689275,71.9714731251976,43.9485819498731
2020-07-15,0.67337098026129,68.7000425285977,46.2606149814741
2020-07-16,0.748143016735454,65.4286119319979,48.9499591116182
2020-07-17,0.749172617765055,59.4309891715647,44.5240697340278
2020-07-18,0.749172617765055,58.3405123060314,43.707114326064
2020-07-19,0.686672617765055,54.5238432766649,37.4400301933991
2020-07-20,0.660769949005243,46.3452667851652,30.623559570268
2020-07-21,0.554542842778137,38.7119287264321,21.4674230053803
2020-07-22,0.52693179836037,31.6238291004656,16.6636011389494
2020-07-23,0.52693179836037,29.9881138021657,15.8016907352106
2020-07-24,0.58271411128554,27.2619216383324,15.8859064394169
2020-07-25,0.598587127158556,25.0809679072658,15.0131445259662
2020-07-26,0.741444270015699,24.5357294744992,18.1918760295227
2020-07-27,0.889795918367347,22.3547757434326,19.8911882125237
2020-07-28,1.0921768707483,19.0833451468327,20.8423881858775
2020-07-29,1.15340136054422,18.5381067140661,21.3818775059177
2020-07-30,1.2891156462585,17.4476298485328,22.4920126278705
2020-07-31,1.28571428571429,17.4476298485328,22.4326669481136
2020-08-01,1.26190476190476,14.7214376846995,18.5770523164065
2020-08-02,1.06802721088435,13.6309608191662,14.558237065368
2020-08-03,0.948979591836735,14.7214376846995,13.9703439252761
2020-08-04,0.821428571428571,13.6309608191662,11.1968606728865
2020-08-05,0.85,12.5404839536329,10.659411360588
2020-08-06,0.933333333333333,11.4500070880996,10.6866732822263
2020-08-07,1.38571428571429,12.5404839536329,17.3775277643199
2020-08-08,1.52857142857143,13.6309608191662,20.8358972521541
2020-08-09,1.57959183673469,12.5404839536329,19.808846081861
2020-08-10,1.50816326530612,14.1761992519329,21.3800229534253
2020-08-11,1.4469387755102,14.1761992519329,20.5120923869804
2020-08-12,1.31632653061224,13.6309608191662,17.9427953640045
2020-08-13,1.03061224489796,12.5404839536329,12.9243763195605
2020-08-14,0.459183673469388,11.4500070880996,5.25765631596411
2020-08-15,0.387755102040816,11.4500070880996,4.43979866681414
2020-08-16,0.41156462585034,10.3595302225663,4.2636161800358
2020-08-17,0.602040816326531,8.72381492426638,5.2520926584869
2020-08-18,0.755102040816326,8.72381492426638,6.58737045301747
2020-08-19,1.28571428571429,9.26905335703303,11.9173543161853
2020-08-20,1.66666666666667,9.26905335703303,15.4484222617217
2020-08-21,1.88095238095238,8.17857649149973,15.3835129244876
2020-08-22,1.92857142857143,7.63333805873308,14.7214376846995
2020-08-23,2.21428571428571,8.17857649149973,18.1097050883208
2020-08-24,2.35714285714286,5.99762276043314,14.1372536495924
2020-08-25,2.66666666666667,5.45238432766649,14.539691540444
2020-08-26,2.66666666666667,7.08809962596643,18.9015990025772
2020-08-27,2.80952380952381,8.72381492426638,24.5097657396055
2020-08-28,2.9702380952381,10.3595302225663,30.7702713158369
2020-08-29,3.09404761904762,11.4500070880996,35.426867169013
2020-08-30,2.93387445887446,14.1761992519329,41.5911889091611
2020-08-31,2.73149350649351,18.5381067140661,50.6367181121551
2020-09-01,2.31692768016297,22.9000141761992,53.0576767209606
2020-09-02,1.8407372039725,25.6262063400325,47.1711114067737
2020-09-03,1.3407372039725,26.7166832055658,35.8200511404493
2020-09-04,1.04977081741788,28.3523985038657,29.7635205531605
2020-09-05,0.834386202033261,31.078590667699,25.9315472317677
2020-09-06,0.789431157078216,32.1690675332323,25.3952642048868
2020-09-07,0.79793455843876,32.7143059659989,26.1038752856099
2020-09-08,0.948431120700028,34.8952596970655,33.0957502616064
2020-09-09,1.09605016831908,34.8952596970655,38.2469552645065
2020-09-10,1.38970096196987,37.0762134281321,51.5248494672754
2020-09-11,1.51102449138163,38.1666902936654,57.6708037887062
2020-09-12,1.66212339248054,39.8024055919654,66.1565094114037
2020-09-13,1.65772778808493,39.8024055919654,65.981553782428
2020-09-14,1.6541263475087,41.4381208902653,68.5438875558385
2020-09-15,1.51239851012869,40.8928824574987,61.8463345035886
2020-09-16,1.39376496975602,43.0738361885653,60.0348039926313
2020-09-17,1.17664478835012,45.2547899196319,53.2488127068145
2020-09-18,1.13200193120727,44.1643130540986,49.9940876676818
2020-09-19,1.13012223195915,46.3452667851652,52.3758163399929
2020-09-20,1.17673877331253,48.5262205162318,57.1026852037638
2020-09-21,1.2027891934806,53.9786048438982,64.9248825854001
2020-09-22,1.17837283023365,55.6143201421982,65.5344038274823
2020-09-23,1.14938732298727,61.6119429026313,70.8159861169
2020-09-24,1.07935021723588,61.0667044698647,65.9123607354277
2020-09-25,1.02701031575805,61.0667044698647,62.7161354398991
2020-09-26,0.954714190830343,61.0667044698647,58.3012493446226
2020-09-27,1.02238336376267,61.6119429026313,62.991025432746
2020-09-28,1.11444685582617,58.3405123060314,65.0174005067445
2020-09-29,1.22720000306207,60.521466037098,74.2719433060478
2020-09-30,1.29429957016164,63.7928966336979,82.5671186923611
2020-10-01,1.38155606366813,65.9738503647645,91.1465730149744
2020-10-02,1.43859521326627,69.2452809613644,99.6159297322965
2020-10-03,1.45052613948291,67.6095656630645,98.0694422733609
2020-10-04,1.37909756805433,68.7000425285977,94.7440615764185
2020-10-05,1.31846264741941,73.6071884234976,97.0483285179443
2020-10-06,1.23952656848334,76.8786190200975,95.2930908237191
2020-10-07,1.18108501004178,75.7881421545642,89.5122386376711
2020-10-08,1.10907414047656,79.0595727511641,87.6829276954413
2020-10-09,1.08285474583611,83.4214802132973,90.3333457536423
2020-10-10,1.08306956860733,83.4214802132973,90.3512665872005
2020-10-11,1.11986610540386,86.6929108098972,97.084452394804
2020-10-12,1.17950896254672,89.9643414064971,106.113746998576
2020-10-13,1.28542916846693,92.1452951375637,118.446250106818
2020-10-14,1.35822479389413,96.5072025996968,131.078475360272
2020-10-15,1.40791423488792,100.86911006183,142.015055916527
2020-10-16,1.43374472623565,106.866732822263,153.219614593954
2020-10-17,1.42089000879689,109.04768655333,154.944768306042
2020-10-18,1.39721300552805,112.864355582696,157.695545480686
2020-10-19,1.39398352224538,113.95483244823,158.851158713065
2020-10-20,1.42922161748347,121.588170506963,173.776441718818
2020-10-21,1.49986464295761,129.221508565696,193.814771807331
2020-10-22,1.5825714098749,135.219131326129,213.993931304851
2020-10-23,1.67945154123779,149.940569010828,251.817919719307
2020-10-24,1.75512998465817,162.481052964461,285.175367996758
2020-10-25,1.78000437210312,181.019159678527,322.214895662211
2020-10-26,1.70226094898185,199.012027959827,338.770403573697
2020-10-27,1.60035618707709,219.731088404959,351.64800682206
2020-10-28,1.48389056314878,239.904910417326,355.992632621322
2020-10-29,1.37586734053528,257.897778698625,354.833130908034
2020-10-30,1.21981455797648,272.619216383324,332.544888928518
2020-10-31,1.07773609136971,289.521607799091,312.027885956465
2020-11-01,0.934640129580737,303.697807051023,283.848157735554
2020-11-02,0.854421651033751,316.238291004656,270.20084272029
2020-11-03,0.803139599751699,320.054960034023,257.048812500271
2020-11-04,0.796544568766424,328.233536525523,261.452640806401
2020-11-05,0.817138474285531,332.050205554889,271.330998353319
2020-11-06,0.895532155820751,328.778774958289,294.431965126502
2020-11-07,0.976843925811766,334.231159285956,326.491677765511
2020-11-08,1.03908882377095,327.143059659989,339.930697066928
2020-11-09,1.0690218642626,327.143059659989,349.723083518292
2020-11-10,1.08550538074611,331.504967122122,359.850425555128
2020-11-11,1.0688917363488,317.874006302956,339.772898537317
2020-11-12,1.01788986909935,305.333522349323,310.795899095797
2020-11-13,0.911875500735183,304.24304548379,277.431779445728
2020-11-14,0.80572796988625,300.426376454424,242.061934400905
2020-11-15,0.720278234436515,290.612084664624,209.32155924815
2020-11-16,0.666783831643047,280.252554442058,186.867872078627
2020-11-17,0.647872510406144,270.983501085024,175.562761126601
2020-11-18,0.664435657404074,259.533493996925,172.443307702223
2020-11-19,0.724624360544904,257.352540265858,186.483919924754
2020-11-20,0.795843617478447,249.719202207125,198.73743323835
2020-11-21,0.880407690951188,239.359671984559,210.734096118759
2020-11-22,0.960395241526974,231.726333925826,222.548868438854
2020-11-23,1.03740989354163,221.912042136026,230.21374800794
2020-11-24,1.06298122143854,201.192981690893,213.864361422647
2020-11-25,1.03119459374398,197.921551094294,204.095633473858
2020-11-26,0.958014213997144,196.285835795994,188.044620698871
2020-11-27,0.870046485523086,180.473921245761,157.020700908444
2020-11-28,0.816291117494016,173.931060052561,141.978379377224
2020-11-29,0.82666401665368,163.571529829995,135.218697859451
2020-11-30,0.933590423580087,155.938191771262,145.582402508045
2020-12-01,1.0947138529962,154.847714905728,169.513938612107
2020-12-02,1.30059620593738,159.754860800628,207.776565837351
2020-12-03,1.39938748793985,163.571529829995,228.899952227275
2020-12-04,1.4554453541243,164.662006695528,239.65655264579
2020-12-05,1.46344630098192,169.569152590428,248.155349119099
2020-12-06,1.4366086763972,169.569152590428,243.604515860729
2020-12-07,1.36184189388394,166.297721993828,226.471204668659
2020-12-08,1.27130005678855,167.933437292128,213.493788366178
2020-12-09,1.16638732246405,166.297721993828,193.967554688251
2020-12-10,1.15979550044324,172.295344754261,199.827365593309
2020-12-11,1.15812782915532,183.745351842361,212.800605446573
2020-12-12,1.13972446781078,186.471544006194,212.526181254314
2020-12-13,1.09489041629932,196.285835795994,214.911480468335
2020-12-14,1.03491693907232,207.735842884093,214.989342653214
2020-12-15,0.992193762845305,207.735842884093,206.11420762901
2020-12-16,0.988611044194094,205.00965072026,202.674804868423
2020-12-17,1.02187914595535,205.00965072026,209.495086790623
2020-12-18,1.11836134243754,208.826319749626,233.543283291484
2020-12-19,1.22097217987597,212.097750346226,258.965452587021
2020-12-20,1.29956575351904,219.185849972193,284.846424279825
2020-12-21,1.35126276784493,226.819188030926,306.492323819007
2020-12-22,1.35994624123428,236.633479820726,321.808811432384
2020-12-23,1.3662262625828,248.083486908825,338.938175127952
2020-12-24,1.35255869509918,246.993010043292,334.072543362774
2020-12-25,1.3539267673334,253.535871236492,343.269002546279
2020-12-26,1.34441298551111,261.169209295225,351.119276392169
2020-12-27,1.33372323082136,281.343031307591,375.233736684634
2020-12-28,1.26945848621251,296.609707425057,376.533710183749
2020-12-29,1.19630483450793,324.962105928923,388.753738354648
2020-12-30,1.10696785569727,340.228782046389,376.622325308384
2020-12-31,1.03625964607824,338.593066748089,350.870331512922
2021-01-01,0.987153201602346,351.678789134489,347.160842629747
2021-01-02,0.967291440103854,350.043073836189,338.593668989387
2021-01-03,1.03892025573267,363.128796222588,377.261861835468
2021-01-04,1.13661236867523,375.669280176221,426.990350379612
2021-01-05,1.27735744050951,384.938333533254,491.703844476032
2021-01-06,1.37830809300281,386.574048831554,532.818140049393
2021-01-07,1.47102115979152,415.471685768186,611.167641059257
2021-01-08,1.48711860539228,436.190746213319,648.667374193769
2021-01-09,1.45943886683019,453.638376061852,662.057477510396
2021-01-10,1.3408146594963,471.086005910385,631.639022608206
2021-01-11,1.22343448914614,480.900297700184,588.350010047051
2021-01-12,1.08181833717249,487.988397326151,527.914796554843
2021-01-13,0.962186594602213,501.07411971255,482.12680088952
2021-01-14,0.837775803307458,517.43127269555,433.491400138915
2021-01-15,0.743562172901167,519.06698799385,385.958577473971
2021-01-16,0.706230155465523,532.152710380249,375.822291383243
2021-01-17,0.721048207269114,525.064610754283,378.596896284831
2021-01-18,0.775989642645332,514.705080531717,399.405811509544
2021-01-19,0.850927783331087,509.25269620405,433.337267936292
2021-01-20,0.950071393344262,515.79555739725,490.042603897185
2021-01-21,1.05544605882151,498.893165981484,526.554825808145
2021-01-22,1.16359870342998,484.171728296784,563.381595283589
2021-01-23,1.24662017728134,473.266959641451,589.984141129624
2021-01-24,1.30202440793912,455.274091360152,592.77797925322
2021-01-25,1.31316692630707,459.635998822285,603.578791793539
2021-01-26,1.2843050246353,462.362190986118,593.814085084859
2021-01-27,1.21356853651684,460.181237255052,558.461470628122
2021-01-28,1.13019812068133,467.814575313785,528.723153846975
2021-01-29,1.05142464909106,472.721721208685,497.031269839561
2021-01-30,0.976513868925716,478.174105536351,466.943645817396
2021-01-31,0.915291118956163,486.352682027851,445.154290540602
2021-02-01,0.882334449826692,496.16697381765,437.785213865571
2021-02-02,0.902537302964319,509.25269620405,459.619554959311
2021-02-03,0.926633923014341,501.07411971255,464.312277270198
2021-02-04,0.950384269122458,509.25269620405,483.985751480527
2021-02-05,0.934138140429977,514.705080531717,480.805646797759
2021-02-06,0.929164452841734,523.97413388875,486.858139417961
2021-02-07,0.900384031731534,516.340795830017,464.905007496899
2021-02-08,0.879630535086697,493.440781653817,434.045578799745
2021-02-09,0.840172107967128,471.086005910385,395.793322619543
2021-02-10,0.855044723680079,466.178860015485,398.603774547435
2021-02-11,0.863009920932165,452.002660763552,390.082780526681
2021-02-12,0.907143282262978,441.643130540986,400.633599027847
2021-02-13,0.944299917068799,432.374077183953,408.290805227505
2021-02-14,1.00796289689964,429.102646587353,432.51954672149
2021-02-15,1.03043352420898,423.10502382692,435.981600812495
2021-02-16,1.04250925397178,415.471685768186,433.13307717659
2021-02-17,1.02447925716293,423.650262259686,434.020905976684
2021-02-18,1.02247372122074,410.564539873287,419.791452885521
2021-02-19,1.00495250743231,393.662148457521,395.611763173575
2021-02-20,1.0017181663762,386.574048831554,387.238247364169
2021-02-21,0.989006070043417,392.026433159221,387.716522011939
2021-02-22,1.00401826268719,392.571671591987,394.149127691992
2021-02-23,1.00604085743937,395.29786375582,397.685801796859
2021-02-24,1.01710490997578,393.662148457521,400.395704067758
2021-02-25,1.03844895055059,393.116910024754,408.231842658896
2021-02-26,1.06771847407975,401.295486516254,428.470604518226
2021-02-27,1.05593521345808,401.295486516254,423.742035214305
2021-02-28,1.02407687263748,398.56929435242,408.165596489753
2021-03-01,0.989112087256303,414.381208902653,409.869462457494
2021-03-02,0.981650725518626,408.928824574987,401.425277329515
2021-03-03,0.962722591229415,395.29786375582,380.562183702456
2021-03-04,0.94197493397869,396.388340621354,373.387880986722
2021-03-05,0.933427703047341,402.385963381787,375.598205537953
2021-03-06,0.954140847286594,404.566917112853,386.013821078183
2021-03-07,0.970335676325675,398.56929435242,386.746005798103
2021-03-08,0.981081259856068,399.659771217954,392.098711860298
2021-03-09,0.96547234509605,399.659771217954,385.860456558349
2021-03-10,0.938801341680861,396.388340621354,372.129906001977
2021-03-11,0.890361607375773,400.20500965072,356.327175672452
2021-03-12,0.825154473891186,387.664525697087,319.883117747856
2021-03-13,0.76772503704867,380.031187638354,291.759457609306
2021-03-14,0.766177400805092,370.216895848555,283.651818995375
2021-03-15,0.804932335191095,345.135927941289,277.811068436127
2021-03-16,0.870370123209528,335.866874584256,292.328493013898
2021-03-17,0.924458891584011,338.047828315322,312.511320666765
2021-03-18,0.99501990951345,338.047828315322,336.36431954153
2021-03-19,1.06858770141008,329.324013391056,351.911590488692
2021-03-20,1.1435187023819,315.69305257189,361.000909827988
2021-03-21,1.20517429485145,307.51447608039,370.608541866796
2021-03-22,1.24894683299292,307.51447608039,384.069231000079
2021-03-23,1.24598149538522,312.42162197529,389.271559739448
2021-03-24,1.20161293381124,308.604952945923,370.82370289803
2021-03-25,1.14383142960116,312.966860408056,357.981331358335
2021-03-26,1.08909434739155,315.147814139123,343.225702971723
2021-03-27,1.05501164062464,317.874006302956,335.360776901608
2021-03-28,1.01918319965921,315.69305257189,321.749055430401
2021-03-29,1.0507175911936,323.326390630623,339.724726332729
2021-03-30,1.13522414743929,333.140682420422,378.189347178066
2021-03-31,1.29031392057482,341.319258911922,440.408991134334
2021-04-01,1.40677929058796,346.771643239589,487.831166272611
2021-04-02,1.52089594316616,367.490703684721,558.915120385369
2021-04-03,1.55679020008505,385.483571966021,600.117047130481
2021-04-04,1.54423555647336,413.835970469886,639.060220147259
2021-04-05,1.41086900606645,429.647885020119,606.176884496889
2021-04-06,1.26789056286967,449.276468599719,569.633394656994
2021-04-07,1.13122959927163,457.455045091218,517.486687343325
2021-04-08,1.06598285190568,454.728852927385,484.733159487332
2021-04-09,1.02203860295249,464.543144717185,474.781026637906
2021-04-10,1.0299413385148,485.262205162317,499.791605115518
2021-04-11,1.04174598460992,522.883657023216,544.711950122085
2021-04-12,1.06254810056398,540.876525304516,574.707324601959
2021-04-13,1.07790237581402,560.505108884115,604.169788522081
2021-04-14,1.09026926380516,568.138446942848,619.423886287784
2021-04-15,1.09881627235217,572.500354404981,629.072705347575
2021-04-16,1.09230640070552,579.043215598181,632.492610683002
2021-04-17,1.0642497726489,589.402745820747,627.271738238366
2021-04-18,1.04070916351184,591.583699551814,615.666577107809
2021-04-19,1.0258588077592,597.036083879481,612.474725197825
2021-04-20,1.0075663393313,593.219414850114,597.707914240783
2021-04-21,0.979643206215624,597.581322312247,585.416482564542
2021-04-22,0.933977760550178,609.031329400347,568.821717138233
2021-04-23,0.883044790473729,614.483713728013,542.616642238473
2021-04-24,0.856502592698655,610.12180626588,522.570908928713
2021-04-25,0.864132462828525,597.036083879481,515.918261560273
2021-04-26,0.901976300903819,586.131315224148,528.676555549767
2021-04-27,0.961320212950644,572.500354404981,550.356162610916
2021-04-28,1.02364188899206,579.043215598181,592.732891022957
2021-04-29,1.09414650875041,587.221792089681,642.506673677082
2021-04-30,1.14676409550099,579.588454030948,664.651229249616
2021-05-01,1.20896170552722,582.314646194781,703.996107817122
2021-05-02,1.25305947767377,574.136069703281,719.426643616066
2021-05-03,1.31922790640144,578.497977165414,763.170675273399
2021-05-04,1.35311442804307,585.040838358614,791.627199377452
2021-05-05,1.41483026779442,613.938475295247,868.618737411272
2021-05-06,1.43129779538558,630.295628278246,902.14074319582
2021-05-07,1.47749318204763,666.826603273612,985.231759944742
2021-05-08,1.48007635681555,705.538532000044,1044.25090003562
2021-05-09,1.49677654959067,758.426659978409,1135.19523924006
2021-05-10,1.45439740407251,804.226688330807,1169.66520779416
2021-05-11,1.4287105908857,871.836253993872,1245.60168959916
2021-05-12,1.35551180138805,924.724381972237,1253.47481279464
2021-05-13,1.3363544479403,989.607755471468,1322.46672574051
2021-05-14,1.29017550671721,1055.03636740347,1361.18207991985
2021-05-15,1.26740910942601,1111.19592597843,1408.33983894214
2021-05-16,1.21777379138127,1174.98882261213,1430.87059334299
2021-05-17,1.19714799758787,1264.95316401863,1514.33614734734
2021-05-18,1.15272662438743,1326.56510692126,1529.16691773148
2021-05-19,1.12320372962255,1378.90799646685,1548.79460443793
2021-05-20,1.07508340310313,1442.70089310055,1551.02378581446
2021-05-21,1.0515510196528,1480.86758339422,1557.20781728896
2021-05-22,1.02084010302975,1519.57951212065,1551.24770571514
2021-05-23,1.00361215922064,1544.66048002792,1550.24003962361
2021-05-24,0.993001141029989,1590.46050838031,1579.32909958479
2021-05-25,0.998502747556428,1608.45337666161,1606.04511591304
2021-05-26,1.00999843564385,1623.17481434631,1639.40402326627
2021-05-27,1.01689737485493,1631.89862927058,1659.4734321346
2021-05-28,1.02397610936704,1663.52245837105,1703.40725476747
2021-05-29,1.0229262262236,1670.61055799701,1708.91135358118
2021-05-30,1.01912620329045,1690.23914157661,1722.56699900788
2021-05-31,0.997947821504928,1661.34150463998,1657.93213533119
2021-06-01,0.979744231816106,1678.24389605575,1644.24977674121
2021-06-02,0.954617441262487,1675.51770389191,1599.47842327929
2021-06-03,0.941128223713119,1660.25102777445,1562.50910068724
2021-06-04,0.920110883141042,1661.88674307275,1529.12007884905
2021-06-05,0.919072565884879,1642.25815949315,1509.35442049074
2021-06-06,0.913081519893833,1632.44386770335,1490.55432786394
2021-06-07,0.914167162380084,1631.35339083781,1491.32970014133
2021-06-08,0.890029979113905,1606.27242293055,1429.63061103212
2021-06-09,0.867097506689907,1611.17956882545,1397.04978695826
2021-06-10,0.830893013694501,1576.28430912838,1309.72362005104
2021-06-11,0.810339365405917,1532.11999607428,1241.53714534455
2021-06-12,0.776351918625122,1483.59377555805,1151.79087411478
2021-06-13,0.776969894753302,1430.70564757969,1111.61521642294
2021-06-14,0.797232713761078,1395.26514944985,1112.35102151216
2021-06-15,0.866084828481658,1339.65082930766,1160.25125872623
2021-06-16,0.933725909409885,1285.67222446376,1200.46546699045
2021-06-17,1.00795403291013,1262.22697185479,1272.26676672897
2021-06-18,1.06680560752055,1240.41743454413,1323.28427483793
2021-06-19,1.11533245380859,1227.33171215773,1368.88289015798
2021-06-20,1.12651987358623,1208.24836701089,1361.11579766588
2021-06-21,1.11192852980234,1168.9911998517,1299.83466620296
2021-06-22,1.07350980566933,1167.90072298616,1253.75287817394
2021-06-23,1.02680271516662,1135.18641702016,1165.61249521656
2021-06-24,0.977591637157126,1136.2768938857,1110.81478895753
2021-06-25,0.918247406806717,1128.64355582696,1036.37401834722
2021-06-26,0.882219641468607,1135.73165545293,1001.96477387823
2021-06-27,0.86265011426925,1133.0054632891,977.387292374023
2021-06-28,0.856014851468477,1127.55307896143,965.202181409993
2021-06-29,0.845998848816245,1110.1054491129,939.147932014152
2021-06-30,0.860223041611866,1125.91736366313,968.540059173911
2021-07-01,0.880586092818597,1113.92211814226,980.904325719112
2021-07-02,0.91452865953072,1073.57447411753,981.814624721104
2021-07-03,0.937394452792649,1052.8554136724,986.940824369217
2021-07-04,0.966798701075146,1038.67921442047,1004.19371533546
2021-07-05,0.977397288336138,1022.86729987023,999.747725220873
2021-07-06,0.976175980099491,999.422047261267,975.611796518308
2021-07-07,0.96013411446792,980.338702114435,941.256631633273
2021-07-08,0.949437333304818,961.800595400369,913.169392467912
2021-07-09,0.936704983550713,932.35772003097,873.344122804989
2021-07-10,0.942043327641976,916.00056704797,862.912222303806
2021-07-11,0.950256690506501,913.819613316903,868.363201470451
2021-07-12,0.969323719492008,898.552937199437,870.988675246628
2021-07-13,0.989374594847388,900.188652497737,890.623783351165
2021-07-14,1.02481358787182,894.736268170071,916.937885182415
2021-07-15,1.04709301015124,888.738645409638,930.592023459716
2021-07-16,1.07330346810836,892.555314439004,957.982714465929
2021-07-17,1.07548100124105,888.193406976871,955.235134631188
2021-07-18,1.07801494654608,898.552937199437,968.653496563877
2021-07-19,1.07201706185502,889.829122275171,953.912001214457
2021-07-20,1.07252750671253,897.462460333904,962.553174950011
2021-07-21,1.05415863677649,901.279129363271,950.091178364688
2021-07-22,1.04582001243787,896.371983468371,937.443758899847
2021-07-23,1.0282381067081,925.269620405003,951.397482679759
2021-07-24,1.01166713291468,927.45057413607,938.27126325631
2021-07-25,0.98161142621692,930.176766299903,913.07214220149
2021-07-26,0.96084930716827,947.624396148436,910.524244494975
2021-07-27,0.94447486806125,945.988680850136,893.462534533368
2021-07-28,0.924577461944332,937.264865925869,866.573970907335
2021-07-29,0.89034093656495,938.355342791403,835.456174731622
2021-07-30,0.861018696305209,944.898203984602,813.575019735956
2021-07-31,0.83040645140725,937.810104358636,778.763560854318
2021-08-01,0.797331902203669,904.55055995987,721.227018612197
2021-08-02,0.763017214438876,893.100552871771,681.451096066038
2021-08-03,0.738015080039742,864.748154367905,638.197178360048
2021-08-04,0.722987674126585,839.121948027873,606.674825513241
2021-08-05,0.732260614071794,813.49574168784,595.690891353127
2021-08-06,0.755758649649661,764.969521171608,578.132332343802
2021-08-07,0.824599583152249,743.705222293709,613.259016291543
2021-08-08,0.890010171405477,708.264724163877,630.362808553545
2021-08-09,0.945767875003712,676.640895063411,639.945221464732
2021-08-10,0.964492535962483,661.919457378712,638.416376050104
2021-08-11,0.97649171198473,646.107542828479,630.918660622829
2021-08-12,0.967931487895094,610.667044698647,591.083861183661
2021-08-13,0.955217311315371,579.043215598181,553.112103539101
2021-08-14,0.920920927339912,561.050347316882,516.683006135442
2021-08-15,0.898686687347778,541.421763737282,486.568531311049
2021-08-16,0.893161105467516,533.788425678549,476.759060364818
2021-08-17,0.911905251434322,520.70270329215,474.831529568159
2021-08-18,0.940515411251673,509.25269620405,478.960009001376
2021-08-19,0.96834048413797,502.164596578084,486.26630856737
2021-08-20,0.981348111431312,505.98126560745,496.543759423496
2021-08-21,0.950728208685974,502.70983501085,477.940420928687
2021-08-22,0.898886051759071,503.255073443617,452.368965995454
2021-08-23,0.845197488411725,494.531258519351,417.976577641644
2021-08-24,0.805592866759417,473.812198074218,381.69972695219
2021-08-25,0.76416823967967,440.552653675452,336.656345845377
2021-08-26,0.748575971026176,434.555030915019,325.297454231521
2021-08-27,0.744338794061727,431.828838751186,321.426957077133
2021-08-28,0.765605473810549,416.016924200953,318.504834366078
2021-08-29,0.769571777776853,403.47644024732,310.504081412206
2021-08-30,0.787388167320991,391.481194726454,308.247660456295
2021-08-31,0.790771042210078,370.216895848555,292.756800573941
2021-09-01,0.801193685162841,358.766888760455,287.441765720396
2021-09-02,0.784178926042819,342.409735777455,268.51049886857
2021-09-03,0.777304991896157,321.690675332323,250.051767782261
2021-09-04,0.763744124000612,303.152568618257,231.530992957886
2021-09-05,0.771332920746035,284.069223471424,219.111943834272
2021-09-06,0.754718582703126,265.531116757358,200.401268102691
2021-09-07,0.751144004723786,254.081109669258,190.85150224163
2021-09-08,0.756574246996133,250.809679072658,189.756144083738
2021-09-09,0.763178595705745,232.816810791359,177.68080671644
2021-09-10,0.778375056803846,215.369180942826,167.63799845017
2021-09-11,0.810067190363551,210.462035047926,170.488389409469
2021-09-12,0.867637372570211,202.828696989193,175.981757737543
2021-09-13,0.888210117797334,184.835828707894,164.173053189806
2021-09-14,0.910917348837898,183.200113409594,166.88016161387
2021-09-15,0.897824271316508,172.295344754261,154.690942355221
2021-09-16,0.90547971000643,171.750106321494,155.51623646556
2021-09-17,0.856228414853495,160.300099233395,137.253499867468
2021-09-18,0.786495258433032,153.757238040195,120.929338668372
2021-09-19,0.685158171874271,148.850092145295,101.985857017587
2021-09-20,0.622068419844427,141.761992519329,88.1856586804963
2021-09-21,0.579135289145339,134.128654460596,77.6786370837123
2021-09-22,0.579258441854698,123.223885805263,71.3784760908377
2021-09-23,0.669844101405875,119.952455208663,80.3494445706752
2021-09-24,0.80095108965572,111.773878717163,89.5254099535581
2021-09-25,1.01103512326917,106.321494389497,107.494765186247
2021-09-26,1.07150375516637,101.959586927363,109.250080267882
2021-09-27,1.13038247906972,102.50482536013,115.869658607193
2021-09-28,1.11058667203987,92.1452951375637,102.335336670959
2021-09-29,1.10076524346845,87.7833876754305,96.6289021070301
2021-09-30,0.979237465690668,79.0595727511641,77.4180956594369
2021-10-01,0.898196353593655,76.8786190200975,69.0520952731674
2021-10-02,0.705649769742723,70.3357578268977,49.6324113152303
2021-10-03,0.718410429562207,67.6095656630645,48.5714171105164
2021-10-04,0.700348032189464,61.6119429026313,43.1498029712275
2021-10-05,0.788452909768026,60.521466037098,47.7183260003767
2021-10-06,0.81807953314465,61.0667044698647,49.9574210833892
2021-10-07,0.904686676001792,58.8857507387981,53.2731540997533
2021-10-08,0.919826427554587,59.4309891715647,54.6661944557158
2021-10-09,0.989924031813682,57.2500354404981,56.6731859047341
2021-10-10,0.955470250301077,53.4333664111316,51.0539919792731
2021-10-11,0.905344937017869,47.9809820834651,43.4393392024102
2021-10-12,0.802588044787293,49.0714589489984,39.3841662927365
2021-10-13,0.721228228133359,44.7095514868652,32.245790599509
2021-10-14,0.603371085276216,43.0738361885653,25.9895072881046
2021-10-15,0.482197615888461,39.8024055919654,19.1926250830712
2021-10-16,0.384408500242202,38.7119287264321,14.8811944632108
2021-10-17,0.331809916949236,34.3500212642989,11.3976777029115
2021-10-18,0.335014005602241,32.7143059659989,10.9597506821666
2021-10-19,0.335434173669468,28.3523985038657,9.51036336369166
