"fecha","rho7dpromedio","incidenciaAcum14d","riesgopor10"
2020-02-21,0,0,0
2020-02-22,0,0,0
2020-02-23,0,0,0
2020-02-24,0,0,0
2020-02-25,0,0,0
2020-02-26,0,0,0
2020-02-27,0,0,0
2020-02-28,0,0,0
2020-02-29,0,0,0
2020-03-01,0,0,0
2020-03-02,0,0,0
2020-03-03,0,0,0
2020-03-04,0,0,0
2020-03-05,0,0,0
2020-03-06,0,0,0
2020-03-07,0,0,0
2020-03-08,0,0,0
2020-03-09,0,0,0
2020-03-10,0,0,0
2020-03-11,0,0,0
2020-03-12,0,0,0
2020-03-13,0,0,0
2020-03-14,0,0,0
2020-03-15,0,0,0
2020-03-16,0,0,0
2020-03-17,0,0,0
2020-03-18,0,0,0
2020-03-19,0,0,0
2020-03-20,0,0,0
2020-03-21,0,0,0
2020-03-22,0,0,0
2020-03-23,0.142857142857143,0,0
2020-03-24,0.285714285714286,0,0
2020-03-25,0.428571428571429,0,0
2020-03-26,0.428571428571429,0,0
2020-03-27,0.428571428571429,0.523239690869991,0.224245581801425
2020-03-28,0.428571428571429,0.523239690869991,0.224245581801425
2020-03-29,0.428571428571429,0.523239690869991,0.224245581801425
2020-03-30,0.285714285714286,0.523239690869991,0.149497054534283
2020-03-31,0.142857142857143,0.523239690869991,0.0747485272671415
2020-04-01,0,0.523239690869991,0
2020-04-02,0,0.523239690869991,0
2020-04-03,0,0.523239690869991,0
2020-04-04,0,0.523239690869991,0
2020-04-05,0,0.523239690869991,0
2020-04-06,0,0.523239690869991,0
2020-04-07,0,0.523239690869991,0
2020-04-08,0,0.523239690869991,0
2020-04-09,0,0.523239690869991,0
2020-04-10,0,0,0
2020-04-11,0,0,0
2020-04-12,0,0,0
2020-04-13,0,0,0
2020-04-14,0,0,0
2020-04-15,0,0,0
2020-04-16,0,0,0
2020-04-17,0,0,0
2020-04-18,0,0,0
2020-04-19,0,0,0
2020-04-20,0,0,0
2020-04-21,0,0,0
2020-04-22,0,0,0
2020-04-23,0,0,0
2020-04-24,0,0,0
2020-04-25,0,0,0
2020-04-26,0,0,0
2020-04-27,0,0,0
2020-04-28,0,0,0
2020-04-29,0,0,0
2020-04-30,0,0,0
2020-05-01,0,0,0
2020-05-02,0.142857142857143,0,0
2020-05-03,0.285714285714286,0,0
2020-05-04,0.428571428571429,0,0
2020-05-05,0.428571428571429,0,0
2020-05-06,0.428571428571429,0.523239690869991,0.224245581801425
2020-05-07,0.571428571428571,0.523239690869991,0.298994109068566
2020-05-08,0.714285714285714,0.523239690869991,0.373742636335708
2020-05-09,0.714285714285714,0.523239690869991,0.373742636335708
2020-05-10,0.571428571428571,0.523239690869991,0.298994109068566
2020-05-11,0.428571428571429,1.04647938173998,0.448491163602849
2020-05-12,0.428571428571429,1.04647938173998,0.448491163602849
2020-05-13,0.428571428571429,1.04647938173998,0.448491163602849
2020-05-14,0.285714285714286,1.04647938173998,0.298994109068566
2020-05-15,0.142857142857143,1.04647938173998,0.149497054534283
2020-05-16,0,1.04647938173998,0
2020-05-17,0,1.04647938173998,0
2020-05-18,0,1.04647938173998,0
2020-05-19,0,1.04647938173998,0
2020-05-20,0,0.523239690869991,0
2020-05-21,0,0.523239690869991,0
2020-05-22,0,0.523239690869991,0
2020-05-23,0,0.523239690869991,0
2020-05-24,0.142857142857143,0.523239690869991,0.0747485272671415
2020-05-25,0.285714285714286,0,0
2020-05-26,0.428571428571429,0,0
2020-05-27,0.428571428571429,0,0
2020-05-28,0.428571428571429,0.523239690869991,0.224245581801425
2020-05-29,0.428571428571429,0.523239690869991,0.224245581801425
2020-05-30,0.428571428571429,0.523239690869991,0.224245581801425
2020-05-31,0.571428571428571,0.523239690869991,0.298994109068566
2020-06-01,0.714285714285714,0.523239690869991,0.373742636335708
2020-06-02,0.857142857142857,0.523239690869991,0.448491163602849
2020-06-03,1,0.523239690869991,0.523239690869991
2020-06-04,1.14285714285714,1.56971907260997,1.7939646544114
2020-06-05,1.21428571428571,1.56971907260997,1.90608744531211
2020-06-06,1.21428571428571,1.56971907260997,1.90608744531211
2020-06-07,0.928571428571429,2.09295876347996,1.94346170894568
2020-06-08,0.642857142857143,2.09295876347996,1.34547349080855
2020-06-09,0.357142857142857,2.09295876347996,0.747485272671415
2020-06-10,0.214285714285714,2.09295876347996,0.448491163602849
2020-06-11,0.0714285714285714,1.56971907260997,0.112122790900712
2020-06-12,0,1.56971907260997,0
2020-06-13,0,1.56971907260997,0
2020-06-14,0,1.56971907260997,0
2020-06-15,0,1.56971907260997,0
2020-06-16,0,1.56971907260997,0
2020-06-17,0,1.56971907260997,0
2020-06-18,0,0.523239690869991,0
2020-06-19,0,0.523239690869991,0
2020-06-20,0,0.523239690869991,0
2020-06-21,0.142857142857143,0,0
2020-06-22,0.428571428571429,0,0
2020-06-23,0.714285714285714,0,0
2020-06-24,0.857142857142857,0,0
2020-06-25,0.857142857142857,0.523239690869991,0.448491163602849
2020-06-26,0.857142857142857,1.04647938173998,0.896982327205698
2020-06-27,0.857142857142857,1.04647938173998,0.896982327205698
2020-06-28,0.714285714285714,1.04647938173998,0.747485272671415
2020-06-29,0.428571428571429,1.04647938173998,0.448491163602849
2020-06-30,0.285714285714286,1.04647938173998,0.298994109068566
2020-07-01,0.428571428571429,1.04647938173998,0.448491163602849
2020-07-02,0.714285714285714,1.04647938173998,0.747485272671415
2020-07-03,0.857142857142857,1.04647938173998,0.896982327205698
2020-07-04,0.857142857142857,1.56971907260997,1.34547349080855
2020-07-05,1,2.09295876347996,2.09295876347996
2020-07-06,1.14285714285714,2.09295876347996,2.39195287254853
2020-07-07,1.14285714285714,2.09295876347996,2.39195287254853
2020-07-08,1,2.09295876347996,2.09295876347996
2020-07-09,0.857142857142857,2.09295876347996,1.7939646544114
2020-07-10,0.857142857142857,2.09295876347996,1.7939646544114
2020-07-11,0.928571428571429,2.09295876347996,1.94346170894568
2020-07-12,0.785714285714286,2.09295876347996,1.64446759987711
2020-07-13,0.785714285714286,2.61619845434995,2.05558449984639
2020-07-14,0.785714285714286,2.61619845434995,2.05558449984639
2020-07-15,0.928571428571429,2.61619845434995,2.4293271361821
2020-07-16,0.928571428571429,2.61619845434995,2.4293271361821
2020-07-17,0.928571428571429,3.13943814521994,2.91519256341852
2020-07-18,0.857142857142857,2.61619845434995,2.24245581801425
2020-07-19,1,2.61619845434995,2.61619845434995
2020-07-20,0.928571428571429,2.61619845434995,2.4293271361821
2020-07-21,0.928571428571429,2.61619845434995,2.4293271361821
2020-07-22,0.785714285714286,2.61619845434995,2.05558449984639
2020-07-23,0.785714285714286,2.61619845434995,2.05558449984639
2020-07-24,0.785714285714286,2.09295876347996,1.64446759987711
2020-07-25,0.785714285714286,2.09295876347996,1.64446759987711
2020-07-26,0.928571428571429,2.61619845434995,2.4293271361821
2020-07-27,1.42857142857143,2.09295876347996,2.98994109068566
2020-07-28,1.85714285714286,2.09295876347996,3.88692341789136
2020-07-29,2.14285714285714,2.09295876347996,4.48491163602849
2020-07-30,2.28571428571429,3.13943814521994,7.17585861764558
2020-07-31,2.28571428571429,3.66267783608993,8.37183505391985
2020-08-01,2.35714285714286,4.18591752695993,9.86680559926268
2020-08-02,2.15714285714286,3.66267783608993,7.90091933213686
2020-08-03,1.91904761904762,4.18591752695993,8.03297506364214
2020-08-04,1.91904761904762,4.70915721782992,9.03709694659741
2020-08-05,2.06190476190476,4.70915721782992,9.70983369200169
2020-08-06,2.34761904761905,5.23239690869991,12.2836746475669
2020-08-07,2.72857142857143,7.84859536304986,21.415453062036
2020-08-08,2.77959183673469,9.41831443565983,26.1790699211606
2020-08-09,2.80816326530612,12.5577525808798,35.2642194924297
2020-08-10,2.54149659863946,13.6042319626198,34.5751092601003
2020-08-11,2.07721088435374,14.6507113443597,30.4326170680289
2020-08-12,1.6356524427953,15.6971907260997,25.6751483561687
2020-08-13,1.34993815708101,16.7436701078397,22.6029191681496
2020-08-14,0.968985776128633,16.2204304169697,15.7173663567279
2020-08-15,0.907761286332715,17.7901494895797,16.1492089847121
2020-08-16,0.841094619666048,20.4063479439296,17.1636694626725
2020-08-17,0.831570810142239,21.4528273256696,17.8395449990486
2020-08-18,0.819666048237477,20.9295876347996,17.1552723878562
2020-08-19,0.939795918367347,20.9295876347996,19.6695410322964
2020-08-20,1.22551020408163,21.4528273256696,26.2906587940094
2020-08-21,1.65408163265306,19.3598685621897,32.0228029992953
2020-08-22,2.16428571428571,19.8831082530596,43.0327271476934
2020-08-23,2.34880952380952,20.9295876347996,49.1596147660234
2020-08-24,2.36309523809524,22.4993067074096,53.1680045407239
2020-08-25,2.30753968253968,26.6852242343695,61.5772138582773
2020-08-26,2.09920634920635,26.6852242343695,56.0177921427836
2020-08-27,1.58660130718954,25.1155051617595,39.8482933203734
2020-08-28,1.11407383466207,26.6852242343695,29.7293100916013
2020-08-29,0.726318732621254,24.5922654708896,17.8618230891019
2020-08-30,0.665604446906968,23.5457860891496,15.6721799268582
2020-08-31,0.716624855070233,24.0690257800196,17.2484621112882
2020-09-01,0.758574968448918,25.1155051617595,19.0519935356604
2020-09-02,0.828019412893362,26.6852242343695,22.0958837034704
2020-09-03,0.864433978719693,25.6387448526295,22.1630022223376
2020-09-04,0.908390022675737,26.1619845434995,23.7652857327118
2020-09-05,0.819954648526077,24.5922654708896,20.1645423906432
2020-09-06,0.755668934240363,21.9760670165396,16.6066311411833
2020-09-07,0.755668934240363,19.8831082530596,15.0250472229753
2020-09-08,0.816893424036281,15.1739510352297,12.3955008173277
2020-09-09,0.848639455782313,15.1739510352297,12.8772135486048
2020-09-10,1.00340136054422,14.6507113443597,14.7005436958712
2020-09-11,1.19387755102041,14.6507113443597,17.4911553805111
2020-09-12,1.36054421768707,15.6971907260997,21.3567220763262
2020-09-13,1.42006802721088,14.1274716534897,20.0619708004489
2020-09-14,1.51190476190476,14.6507113443597,22.1504802468296
2020-09-15,1.53231292517007,14.6507113443597,22.4494743558982
2020-09-16,1.59353741496599,15.1739510352297,24.1802587075004
2020-09-17,1.51236858379716,15.1739510352297,22.9486068377578
2020-09-18,1.4443413729128,16.2204304169697,23.4278387376826
2020-09-19,1.35703978561121,17.2669097987097,23.4318835714092
2020-09-20,1.38680169037312,16.7436701078397,23.220150008602
2020-09-21,1.30108740465883,19.8831082530596,25.869661713524
2020-09-22,1.26969023040452,20.9295876347996,26.5740929463002
2020-09-23,1.18648771863058,20.4063479439296,24.2118812175748
2020-09-24,1.2124617446046,24.0690257800196,29.1827729881757
2020-09-25,1.14196081696082,22.4993067074096,25.6933266686455
2020-09-26,1.15783383283383,23.5457860891496,27.2621077546856
2020-09-27,1.12807192807193,26.6852242343695,30.102852353097
2020-09-28,1.16833166833167,26.6852242343695,31.1771925495456
2020-09-29,1.24598734598735,27.7317036161095,34.553351788344
2020-09-30,1.38225108225108,27.2084639252395,37.6089287070518
2020-10-01,1.55649350649351,30.3479020704595,47.236312508371
2020-10-02,1.68821892393321,29.8246623795895,50.3505594291418
2020-10-03,1.81642405213834,34.5338195974194,62.7280605289589
2020-10-04,1.90949764521193,39.2429768152493,74.9343718198249
2020-10-05,1.96288869860298,39.2429768152493,77.0295956901918
2020-10-06,2.01603770013908,44.4753737239492,89.6640301552567
2020-10-07,2.04460912871051,48.6612912509091,99.4933203064497
2020-10-08,2.04501963774171,54.416927850479,111.283686079803
2020-10-09,2.03634616835395,61.7422835226589,125.72866247679
2020-10-10,2.06800498572706,72.2070773400587,149.324595944021
2020-10-11,2.08896648037276,82.1486314665885,171.605737542199
2020-10-12,2.09665497243626,93.1366649748583,195.275451735666
2020-10-13,2.02445835185254,110.926814464438,224.566715986928
2020-10-14,1.88962689117838,129.763443335758,245.20449201915
2020-10-15,1.66857375616475,144.414154680117,240.965668517961
2020-10-16,1.49995130718516,158.018386642737,237.019885604063
2020-10-17,1.32436845268413,170.576139223617,225.905657568415
2020-10-18,1.19795241258388,179.471213968407,214.997973762811
2020-10-19,1.11545811167203,197.784603148856,220.620439946225
2020-10-20,1.0598283831451,215.051512947566,227.917697260128
2020-10-21,1.05546570462512,230.225463982796,242.995081565248
2020-10-22,1.05105164126515,233.364902128016,245.278563395332
2020-10-23,1.06451536008601,243.829695945416,259.560456578997
2020-10-24,1.06501581049138,253.248010381075,269.71313503133
2020-10-25,1.06773151063282,262.666324816735,280.457111788944
2020-10-26,1.05245795440182,271.038159870655,285.256267302302
2020-10-27,1.04584546320621,271.038159870655,283.464029856483
2020-10-28,1.03172949787073,271.038159870655,279.638064587158
2020-10-29,1.03059571102266,270.514920179785,278.791516504923
2020-10-30,1.03778146820841,275.224077397615,285.622447128003
2020-10-31,1.05686093058685,278.363515542835,294.191524078027
2020-11-01,1.10036076929252,280.979713997185,309.179054249535
2020-11-02,1.17749109510706,281.502953688055,331.467221214019
2020-11-03,1.24493539566193,286.212110905885,356.315587533853
2020-11-04,1.29002039196643,294.060706268935,379.344307562977
2020-11-05,1.3165104581916,308.711417613294,406.421809851056
2020-11-06,1.34126914545029,322.838889266784,433.013841124979
2020-11-07,1.33598242160069,326.501567102874,436.200354274517
2020-11-08,1.33881158038723,331.733964011574,444.129272626454
2020-11-09,1.29678578418941,350.047353192024,453.936431412547
2020-11-10,1.25354167090164,376.209337735523,471.594081833787
2020-11-11,1.1789358485894,385.104412480313,454.013397322999
2020-11-12,1.12206439904167,413.359355787293,463.815817139721
2020-11-13,1.03702745322886,418.591752695993,434.091139240931
2020-11-14,0.964048411312695,425.393868677302,410.100283280515
2020-11-15,0.864682098121823,435.858662494702,376.879182770491
2020-11-16,0.812084392890903,447.369935693842,363.302142625576
2020-11-17,0.773771745543388,449.462894457322,347.781688401226
2020-11-18,0.774419690526968,438.474860949052,339.56356612002
2020-11-19,0.793812062860517,436.381902185572,346.405217968926
2020-11-20,0.854812523575689,428.010067131652,365.868365600608
2020-11-21,0.941688940809249,425.917108368172,401.081430651762
2020-11-22,1.00216471875084,418.068513005122,418.973513754363
2020-11-23,1.04919831518453,409.696677951203,429.853064243101
2020-11-24,1.06305299498749,398.708644442933,423.84841860246
2020-11-25,1.07053718536053,396.092445988583,424.031692271187
2020-11-26,1.05598748924659,372.023420208563,392.852077446971
2020-11-27,1.03448826005852,374.639618662913,387.560287259583
2020-11-28,0.995923975897362,363.651585154643,362.169332528591
2020-11-29,0.985415439205121,357.372708864204,352.160584865343
2020-11-30,0.951085428130924,360.512147009424,342.877849684856
2020-12-01,0.946530034544918,357.895948555074,338.75926454932
2020-12-02,0.942443543155923,363.651585154643,342.72108838741
2020-12-03,0.945873406721461,360.512147009424,340.998852656272
2020-12-04,0.926262666742016,352.140311955504,326.17442441927
2020-12-05,0.970574757272094,357.372708864204,346.856930161545
2020-12-06,1.0382407176317,358.419188245944,372.12539521744
2020-12-07,1.17031602217212,351.093832573764,410.890737546892
2020-12-08,1.26621112065417,336.443121229404,426.00802156827
2020-12-09,1.38944085166833,352.663551646374,490.005145551916
2020-12-10,1.44301228023976,370.453701135953,534.569239999451
2020-12-11,1.45564785705749,378.825536189873,551.436579953445
2020-12-12,1.36715358940215,399.231884133803,545.81130339731
2020-12-13,1.2641670361158,409.173438260333,517.263572702877
2020-12-14,1.13633593126007,409.173438260333,464.958480012439
2020-12-15,1.0508179452955,414.405835169033,435.465088230788
2020-12-16,0.96205863204639,421.207951150342,405.226745290761
2020-12-17,0.920872785980214,431.149505276872,397.033846098305
2020-12-18,0.903444831541294,452.079092911672,408.428519938927
2020-12-19,0.92228088017781,455.218531056892,419.8393474964
2020-12-20,0.9428070378886,467.253043946902,440.52945830801
2020-12-21,0.959957730373202,470.915721782992,452.059187479859
2020-12-22,0.977042646005664,471.962201164732,461.127197840647
2020-12-23,1.03455823813763,474.578399619081,490.978992968095
2020-12-24,1.103936130253,465.683324874292,514.084647585076
2020-12-25,1.20383103547777,458.881208892982,552.41544086293
2020-12-26,1.2748360351374,458.881208892982,584.998300944186
2020-12-27,1.35530399359738,474.578399619081,643.198000278795
2020-12-28,1.40655583453994,486.612912509091,684.448231252137
2020-12-29,1.45168629853636,510.158698598241,740.590392834206
2020-12-30,1.44664884051518,530.041806851301,766.784365306003
2020-12-31,1.45192927436704,543.12279912305,788.575891622925
2021-01-01,1.4374143774992,573.47070119351,824.315030970099
2021-01-02,1.42078567381251,614.806636772239,873.508461690846
2021-01-03,1.3456521584518,650.386935751398,875.194583922721
2021-01-04,1.27096544165982,706.373582674487,897.776412480709
2021-01-05,1.18937014204126,754.511634234526,897.393609581305
2021-01-06,1.10977830530657,773.348263105846,858.245124841386
2021-01-07,1.01401076349586,795.847569813256,806.998001892667
2021-01-08,0.92922601160628,831.951108483285,773.070610387347
2021-01-09,0.859893915131327,856.020134263305,736.086504682917
2021-01-10,0.824836274949752,858.636332717655,708.234394215346
2021-01-11,0.800363327876186,868.054647153314,694.759106174015
2021-01-12,0.786862769650857,866.484928080704,681.804730370307
2021-01-13,0.776762678659046,862.299010553745,669.801689242772
2021-01-14,0.765301922451982,855.496894572435,654.713418067985
2021-01-15,0.749975686550221,830.904629101545,623.158269668188
2021-01-16,0.736013101516208,797.940528576736,587.294683263245
2021-01-17,0.732969214492139,766.546147124536,561.854727329847
2021-01-18,0.73568471117116,716.838376491887,527.367033965837
2021-01-19,0.737571018296256,682.304556894468,503.248066816829
2021-01-20,0.738427411809076,645.154538842698,476.399796334492
2021-01-21,0.742110606281744,619.515793990069,459.749241479086
2021-01-22,0.752569454147349,586.02845377439,441.027113571807
2021-01-23,0.756908237853603,544.69251819566,412.282254119518
2021-01-24,0.776697971929051,520.100252724771,403.960811491116
2021-01-25,0.795046901020338,485.566433127351,386.0480878974
2021-01-26,0.813936284395703,456.265010438632,371.370647296187
2021-01-27,0.80249032670228,430.626265586002,345.573412556694
2021-01-28,0.800284038781707,418.068513005122,334.573558075202
2021-01-29,0.773339540051982,397.662165061193,307.527875824498
2021-01-30,0.745935280155253,369.930461445083,275.944182396
2021-01-31,0.700521067039176,347.954394428544,243.749383666054
2021-02-01,0.671849387841181,335.396641847664,225.336028509341
2021-02-02,0.644893108253323,309.757896995034,199.76073299914
2021-02-03,0.637974416716266,291.967747505455,186.267953414755
2021-02-04,0.642160706616842,279.409994924575,179.426119776573
2021-02-05,0.687134850120397,255.340969144555,175.453678562741
2021-02-06,0.740634274083531,244.352935636286,180.97615910516
2021-02-07,0.807281222718057,229.178984601056,185.011890910023
2021-02-08,0.856905282868433,215.051512947566,184.278777533619
2021-02-09,0.885321150122776,201.447280984946,178.345538490699
2021-02-10,0.900684598873062,191.505726858417,172.486258777367
2021-02-11,0.918579272505441,177.901494895797,163.416625759011
2021-02-12,0.894403448329617,162.727543860567,145.5440763671
2021-02-13,0.896707595795054,157.495146951867,141.227094572598
2021-02-14,0.889315305545621,151.739510352297,134.944269012296
2021-02-15,0.949632765863082,140.751476844027,133.662214254707
2021-02-16,0.996291377258193,138.135278389678,137.622986754796
2021-02-17,1.05633847301957,139.181757771418,147.023045476439
2021-02-18,1.07771933866273,132.379641790108,142.668100002445
2021-02-19,1.1354452861846,139.181757771418,158.033270784443
2021-02-20,1.12428457189889,139.181757771418,156.479902952173
2021-02-21,1.08632538822542,134.995840244458,146.649408562377
2021-02-22,0.975160470280838,137.612038698808,134.193820373834
2021-02-23,0.906647850824822,137.088799007938,124.291264992703
2021-02-24,0.841412238979041,133.949360862718,112.706631633311
2021-02-25,0.79518320122458,127.147244881408,101.105353211683
2021-02-26,0.746981063226523,128.716963954018,96.1491345896622
2021-02-27,0.784457566985922,128.193724263148,100.562537038333
2021-02-28,0.839925908168549,124.531046427058,104.596852265426
2021-03-01,0.912201937224239,122.438087663578,111.688260756747
2021-03-02,0.943307417110206,121.391608281838,114.509604467194
2021-03-03,0.992975263388222,119.821889209228,118.980171997207
2021-03-04,0.998463560401943,119.298649518358,119.115354349243
2021-03-05,0.984288588087436,111.973293846178,110.214035303354
2021-03-06,0.92070571786841,106.740896937478,98.2769541407387
2021-03-07,0.883497312238952,109.357095391828,96.6166998529387
2021-03-08,0.847783026524666,100.462020647038,85.1699959149295
2021-03-09,0.840919970881122,93.1366649748583,78.3204815986227
2021-03-10,0.824269954231106,96.2761031200783,79.3574991123361
2021-03-11,0.816146704931386,93.6599046657283,76.4402225771219
2021-03-12,0.769012153436369,92.0901855931183,70.8184719333189
2021-03-13,0.730882408784886,91.0437062113784,66.5422433004757
2021-03-14,0.728808257890408,88.4275077570284,64.4466978779904
2021-03-15,0.771665400747551,82.6718711574585,63.7950225872701
2021-03-16,0.863515579554251,77.9627139396286,67.3220181112007
2021-03-17,1.08058422519433,73.7767964126687,79.7220423889031
2021-03-18,1.24444977141281,72.7303170309287,90.5092264039206
2021-03-19,1.36647358093662,72.7303170309287,99.384056755909
2021-03-20,1.42599739046043,72.2070773400587,102.967103859698
2021-03-21,1.42613813641399,69.5908788857088,99.2462063254761
2021-03-22,1.37655830448121,71.6838376491887,98.6769820130738
2021-03-23,1.27437437340528,71.1605979583187,90.6852424342772
2021-03-24,1.04725126609784,68.5443995039688,71.7832091644472
2021-03-25,0.925139921560022,70.1141185765787,64.8653701601861
2021-03-26,0.927808230262813,67.4979201222288,62.6251258150258
2021-03-27,1.04220341362351,66.4514407404888,69.2559183799381
2021-03-28,1.19812178097045,68.0211598130988,81.4976331389457
2021-03-29,1.37297633817795,71.6838376491887,98.4202129221259
2021-03-30,1.50200859624247,79.0091933213686,118.672487550879
2021-03-31,1.59647864232542,84.7648299209385,135.325240589125
2021-04-01,1.63592835078023,84.2415902300685,137.81320577218
2021-04-02,1.65706956588696,88.4275077570284,146.530531891405
2021-04-03,1.63791247776435,94.1831443565983,154.263747336754
2021-04-04,1.58465102223875,96.2761031200783,152.564025226395
2021-04-05,1.51100536964573,104.124698483128,157.332978520749
2021-04-06,1.46114512941002,114.589492300528,167.431878556484
2021-04-07,1.41828798655288,123.484567045318,175.136677965058
2021-04-08,1.3918059651729,131.856402099238,183.518526987955
2021-04-09,1.36117298027162,145.983873752727,198.709304507596
2021-04-10,1.32996199400446,153.832469115777,204.591337367848
2021-04-11,1.3017088195817,162.204304169697,211.142773311807
2021-04-12,1.29633825030135,176.331775823187,228.585625743161
2021-04-13,1.2961803680289,187.319809331457,242.800259398351
2021-04-14,1.3040235052838,198.831082530596,259.280405200922
2021-04-15,1.30512394545987,209.819116038866,273.839952557548
2021-04-16,1.29451543376251,226.039546455836,292.611681527758
2021-04-17,1.2776113406646,234.411381509756,299.48663939772
2021-04-18,1.27492290095535,246.969134090636,314.866604881264
2021-04-19,1.25143225469685,260.573366053255,326.089914993972
2021-04-20,1.23606338928817,266.329002652825,329.199529684789
2021-04-21,1.21818753665704,284.642391833275,346.747814135545
2021-04-22,1.22323570977244,301.909301631985,369.306238868702
2021-04-23,1.23094422796232,310.804376376774,382.58285312642
2021-04-24,1.24402920333178,324.408608339394,403.573782586429
2021-04-25,1.23903191360036,335.396641847664,415.567142963645
2021-04-26,1.23595517614862,354.233270718984,437.816444509184
2021-04-27,1.21657097126725,374.116378972043,455.139126533007
2021-04-28,1.21326068446799,392.429768152493,476.119609114309
2021-04-29,1.2098868653047,403.417801660763,488.089899459453
2021-04-30,1.20637638555349,410.743157332943,495.510845534144
2021-05-01,1.21903996718259,429.579786204262,523.674928476748
2021-05-02,1.21252604085734,450.509373839062,546.254347430198
2021-05-03,1.1904758123851,473.008680546472,563.105393238763
2021-05-04,1.18315603819068,490.275590345181,580.072525094399
2021-05-05,1.19800279976466,513.821376434331,615.55944754726
2021-05-06,1.23159309318775,514.344616125201,633.463276738102
2021-05-07,1.29720797991914,534.227724378261,693.004467157523
2021-05-08,1.33710864772679,567.71506459394,759.096722313328
2021-05-09,1.38372805885001,593.353809446569,821.040314956763
2021-05-10,1.41723862486955,634.689745025299,899.506821458463
2021-05-11,1.44209153038448,672.886242458808,970.363551162086
2021-05-12,1.43678303301039,700.617946074917,1006.63597754303
2021-05-13,1.41401945996793,743.000361035387,1050.61696926724
2021-05-14,1.3569832556557,791.138412595426,1073.56157879802
2021-05-15,1.30085222491958,836.137026010245,1087.69071062307
2021-05-16,1.24956065668517,873.287044062014,1091.22513225278
2021-05-17,1.20605068002185,924.041294076403,1114.44063108912
2021-05-18,1.17504911016314,978.981461617753,1150.35129534015
2021-05-19,1.14506263934753,1013.51528121517,1160.53848292729
2021-05-20,1.11561827393689,1085.72235855523,1211.25170362608
2021-05-21,1.07262195157725,1116.07026062569,1197.12146104966
2021-05-22,1.03707353772695,1143.8019642418,1186.20674951528
2021-05-23,1.01274094225217,1191.41677611097,1206.59654845366
2021-05-24,0.997953753094235,1196.1259333288,1193.67836433882
2021-05-25,0.969389508827863,1210.77664467316,1173.71417687996
2021-05-26,0.954239924571815,1246.88018334319,1189.82285210349
2021-05-27,0.944616744905572,1259.96117561494,1190.18042441678
2021-05-28,0.942590971621947,1253.6822993245,1181.70961662551
2021-05-29,0.929748379431529,1233.27595138057,1146.63631718796
2021-05-30,0.921358174034301,1251.58934056102,1153.16206946009
2021-05-31,0.900293556358029,1240.60130705275,1116.90536274894
2021-06-01,0.884211184083047,1225.42735601752,1083.53657347201
2021-06-02,0.861016192123232,1217.0555209636,1047.90451026263
2021-06-03,0.841891735139289,1173.10338693052,987.626045920711
2021-06-04,0.834256157543765,1156.88295651355,965.136730028864
2021-06-05,0.82755653102744,1126.01181475222,931.838431312259
2021-06-06,0.82075903458079,1094.61743330002,898.417147790627
2021-06-07,0.818012909883446,1073.68784566522,878.290518939095
2021-06-08,0.836372215969891,1046.47938173998,875.24627947267
2021-06-09,0.848996923818827,995.725131725592,845.367573804124
2021-06-10,0.863859520214379,959.621593055563,828.978248964337
2021-06-11,0.858775720132832,936.599046657283,804.328520768833
2021-06-12,0.85331051383215,930.320170366843,793.851982604145
2021-06-13,0.822264873023898,876.949721898104,721.084951724888
2021-06-14,0.809057501454752,843.985621373295,682.832898092014
2021-06-15,0.784263316224138,807.882082703265,633.592281298926
2021-06-16,0.784628373350645,759.744031143226,596.116723318771
2021-06-17,0.781763227292221,737.767964126687,576.75986462849
2021-06-18,0.820268137753404,719.454574946237,590.145664389317
2021-06-19,0.84135448383975,687.013714112298,578.022068827782
2021-06-20,0.877992290477557,665.560886786628,584.357327442065
2021-06-21,0.888769124404898,643.061580079219,571.533277465437
2021-06-22,0.90907973060255,618.992554299199,562.7135845073
2021-06-23,0.89925619559905,598.586206355269,538.282354665107
2021-06-24,0.897605805713366,578.70309810221,519.447260640855
2021-06-25,0.865839790361432,556.2037913948,481.583374139507
2021-06-26,0.865352777374419,531.088286233041,459.578723522782
2021-06-27,0.845682389282978,516.960814579551,437.184656839309
2021-06-28,0.843559173799602,495.507987253881,417.990308338987
2021-06-29,0.825661303475855,480.857275909521,397.025245213304
2021-06-30,0.849732899327311,476.148118691691,404.598721405135
2021-07-01,0.866594797545141,457.311489820372,396.303757935952
2021-07-02,0.914316119750999,440.044580021662,402.339852922864
2021-07-03,0.932619119568084,437.428381567312,407.954072091398
2021-07-04,0.989737722527094,426.963587749912,422.581968941595
2021-07-05,1.00745990817555,415.975554241643,419.078693679558
2021-07-06,1.02888942530214,402.894561969893,414.53395432256
2021-07-07,1.01471836361904,395.045966606843,400.860396789597
2021-07-08,1.02359649114123,395.045966606843,404.367665258261
2021-07-09,1.01212978324595,386.674131552923,391.364404955478
2021-07-10,0.996955981816689,377.779056808133,376.629090489935
2021-07-11,0.928232279151892,376.732577426393,349.695338975268
2021-07-12,0.872142746564664,375.686098044653,327.651905394825
2021-07-13,0.816381101938243,379.348775880743,309.693171672445
2021-07-14,0.763411599530538,362.081866082034,276.417496546687
2021-07-15,0.683833459549714,355.279750100724,242.952180619336
2021-07-16,0.609869328442726,344.814956283324,210.292065825519
2021-07-17,0.596529945502617,334.350162465924,199.449884194589
2021-07-18,0.638739725924277,312.897335140254,199.859958089923
2021-07-19,0.696323840651249,292.490987196325,203.66844756042
2021-07-20,0.76752386216183,276.270556779355,212.04424474089
2021-07-21,0.831801191406457,265.805762961955,221.097550314457
2021-07-22,0.883210317302775,251.155051617596,221.822732831371
2021-07-23,0.887291949955836,237.027579964106,210.312663619664
2021-07-24,0.853833303339295,226.039546455836,193.000092635702
2021-07-25,0.804310359222984,208.249396966256,167.497147281899
2021-07-26,0.799717096009031,182.610652113627,146.036860408625
2021-07-27,0.778299916697115,159.064866024477,123.800171976288
2021-07-28,0.797489682155537,155.925427879257,124.348919919395
2021-07-29,0.813996888659869,150.693030970557,122.663658352759
2021-07-30,0.871356196019176,147.030353134467,128.115809206606
2021-07-31,0.88186832539923,142.321195916637,125.508554711821
2021-08-01,0.885247741681872,138.135278389678,122.283943241059
2021-08-02,0.826134441189261,136.042319626198,112.38924570248
2021-08-03,0.802241375190932,131.856402099238,105.780661347821
2021-08-04,0.747530128990324,122.438087663578,91.526159464483
2021-08-05,0.738286013225552,114.066252609658,84.2135188827631
2021-08-06,0.728545753485292,108.310616010088,78.9092393515257
2021-08-07,0.829462195533809,104.647938173998,86.8015085558908
2021-08-08,0.903271719343333,98.8923015744282,89.3266192729532
2021-08-09,1.00918304939259,96.7993428109483,97.6882559571519
2021-08-10,1.04274314009554,95.7528634292083,99.8456414853123
2021-08-11,1.10178339062515,92.6134252839883,102.039933726802
2021-08-12,1.09952329080408,92.0901855931183,101.255303914104
2021-08-13,1.08319676019183,86.8577886844185,94.084075300389
2021-08-14,0.955101522096596,84.7648299209385,80.9590180777474
2021-08-15,0.857482474477548,83.7183505391985,71.7870183795307
2021-08-16,0.751571144428287,79.5324330122386,59.7742816981742
2021-08-17,0.716679768523086,76.3929948670186,54.7493138780802
2021-08-18,0.6524429300927,73.2535567217987,47.7937651872821
2021-08-19,0.655200789993417,71.1605979583187,46.6244799986943
2021-08-20,0.679930681950199,72.2070773400587,49.0958073374569
2021-08-21,0.781471298196698,68.5443995039688,53.5654808644796
2021-08-22,0.84337606010146,65.4049613587488,55.1609786218298
2021-08-23,0.938614155339555,63.3120025952689,59.425541838814
2021-08-24,0.993913694510062,60.6958041409189,60.3263909349598
2021-08-25,1.05382152861144,57.556365995699,60.6541375949073
2021-08-26,1.03526865291571,54.940167541349,56.8778332414959
2021-08-27,0.996790103601249,52.8472087778691,52.6775747127289
2021-08-28,0.893548807082642,51.2774897052591,45.8189397563267
2021-08-29,0.814183727717562,46.5683324874292,37.9151785382059
2021-08-30,0.734818648352483,44.9986134148192,33.0658202872133
2021-08-31,0.708032934066769,42.9056546513392,30.3786165508432
2021-09-01,0.727080553114388,41.8591752695992,30.4349923079323
2021-09-02,0.777946353980189,40.2894561969893,31.3430355522923
2021-09-03,0.933021541950113,39.7662165061193,37.1027366420615
2021-09-04,1.02022005772006,38.7197371243793,39.5026524439397
2021-09-05,1.0666181041181,39.7662165061193,42.415366457707
2021-09-06,1.02133332353921,37.1500180517693,37.9425514063551
2021-09-07,0.949217938923821,37.1500180517693,35.2634635660832
2021-09-08,0.863503653209536,35.0570592882894,30.2718987662212
2021-09-09,0.80764284734873,32.4408608339394,26.2006292143667
2021-09-10,0.68264284734873,28.7781829978495,19.6452207831748
2021-09-11,0.713811678517561,27.7317036161095,19.7952139063666
2021-09-12,0.78249299719888,27.2084639252395,21.2904324860383
2021-09-13,0.758333333333333,25.1155051617595,19.0459247476677
2021-09-14,0.730250305250305,25.1155051617595,18.3406053108905
2021-09-15,0.711202686202686,24.5922654708896,17.4900852627062
2021-09-16,0.693934240362812,23.5457860891496,16.3392271835193
2021-09-17,0.636791383219955,19.8831082530596,12.6613920071779
2021-09-18,0.865362811791383,18.3133891804497,15.8477259546238
2021-09-19,1.11536281179138,16.7436701078397,18.6752669711874
2021-09-20,1.24036281179138,15.1739510352297,18.8212045720423
2021-09-21,1.29591836734694,12.0345128900098,15.5957462962372
2021-09-22,1.33401360544218,11.5112731991398,15.3561950636144
2021-09-23,1.3,11.5112731991398,14.9646551588817
2021-09-24,1.26190476190476,11.5112731991398,14.5261304655812
2021-09-25,0.869047619047619,10.4647938173998,9.09440415083555
2021-09-26,0.654761904761905,8.37183505391985,5.48155866625704
2021-09-27,0.654761904761905,7.32535567217987,4.79636383297491
2021-09-28,1.01190476190476,5.7556365995699,5.82415608289811
2021-09-29,1.05952380952381,5.23239690869991,5.54384910564633
2021-09-30,1.1547619047619,6.27887629043989,7.25060714491273
2021-10-01,1.10714285714286,6.27887629043989,6.95161303584416
2021-10-02,1.07142857142857,6.27887629043989,6.72736745404274
2021-10-03,0.857142857142857,4.70915721782992,4.03642047242564
2021-10-04,0.714285714285714,4.70915721782992,3.36368372702137
2021-10-05,0.285714285714286,4.70915721782992,1.34547349080855
2021-10-06,0.142857142857143,3.13943814521994,0.448491163602849
2021-10-07,0,3.13943814521994,0
2021-10-08,0.142857142857143,2.61619845434995,0.373742636335708
2021-10-09,0.285714285714286,2.09295876347996,0.597988218137132
2021-10-10,0.714285714285714,2.09295876347996,1.49497054534283
2021-10-11,1.14285714285714,2.09295876347996,2.39195287254853
2021-10-12,1.71428571428571,2.09295876347996,3.58792930882279
2021-10-13,2.28571428571429,2.09295876347996,4.78390574509706
2021-10-14,2.85714285714286,2.09295876347996,5.97988218137132
2021-10-15,2.76190476190476,2.61619845434995,7.22569096915701
2021-10-16,2.61904761904762,4.70915721782992,12.3335069990784
2021-10-17,2.20833333333333,5.23239690869991,11.5548765067123
2021-10-18,1.80017006802721,5.23239690869991,9.41920429907968
2021-10-19,1.26927437641725,5.23239690869991,6.64134732345762
2021-10-20,0.814153439153458,5.23239690869991,4.25997393823395
2021-10-21,0.17698412698415,5.7556365995699,1.0186563188129
2021-10-22,0.137896825396854,5.7556365995699,0.793684015218634
