"fecha","rho7dpromedio","incidenciaAcum14d","riesgopor10"
2020-01-03,0.5,0.0830191749388356,0.0415095874694178
2020-01-04,0.6,0.0830191749388356,0.0498115049633014
2020-01-05,0.666666666666667,0.0830191749388356,0.0553461166258904
2020-01-06,0.714285714285714,0.0830191749388356,0.0592994106705969
2020-01-07,0.571428571428571,0.0830191749388356,0.0474395285364775
2020-01-08,0.428571428571429,0.166038349877671,0.0711592928047162
2020-01-09,0.571428571428571,0.166038349877671,0.094879057072955
2020-01-10,0.714285714285714,0.166038349877671,0.118598821341194
2020-01-11,0.714285714285714,0.166038349877671,0.118598821341194
2020-01-12,0.571428571428571,0.166038349877671,0.094879057072955
2020-01-13,0.428571428571429,0.249057524816507,0.106738939207074
2020-01-14,0.428571428571429,0.249057524816507,0.106738939207074
2020-01-15,0.428571428571429,0.249057524816507,0.106738939207074
2020-01-16,0.285714285714286,0.249057524816507,0.0711592928047163
2020-01-17,0.142857142857143,0.166038349877671,0.0237197642682387
2020-01-18,0,0.166038349877671,0
2020-01-19,0,0.166038349877671,0
2020-01-20,0,0.166038349877671,0
2020-01-21,0.142857142857143,0.166038349877671,0.0237197642682387
2020-01-22,0.285714285714286,0.0830191749388356,0.0237197642682387
2020-01-23,0.428571428571429,0.0830191749388356,0.0355796464023581
2020-01-24,0.428571428571429,0.0830191749388356,0.0355796464023581
2020-01-25,0.428571428571429,0.166038349877671,0.0711592928047162
2020-01-26,0.428571428571429,0.166038349877671,0.0711592928047162
2020-01-27,0.428571428571429,0.0830191749388356,0.0355796464023581
2020-01-28,0.285714285714286,0.0830191749388356,0.0237197642682387
2020-01-29,0.142857142857143,0.0830191749388356,0.0118598821341194
2020-01-30,0,0.0830191749388356,0
2020-01-31,0,0.0830191749388356,0
2020-02-01,0,0.0830191749388356,0
2020-02-02,0,0.0830191749388356,0
2020-02-03,0,0.0830191749388356,0
2020-02-04,0,0.0830191749388356,0
2020-02-05,0,0.0830191749388356,0
2020-02-06,0,0.0830191749388356,0
2020-02-07,0,0.0830191749388356,0
2020-02-08,0,0,0
2020-02-09,0,0,0
2020-02-10,0,0,0
2020-02-11,0,0,0
2020-02-12,0,0,0
2020-02-13,0,0,0
2020-02-14,0,0,0
2020-02-15,0,0,0
2020-02-16,0,0,0
2020-02-17,0,0,0
2020-02-18,0,0,0
2020-02-19,0,0,0
2020-02-20,0,0,0
2020-02-21,0,0,0
2020-02-22,0,0,0
2020-02-23,0,0,0
2020-02-24,0,0,0
2020-02-25,0,0,0
2020-02-26,0.142857142857143,0,0
2020-02-27,0.428571428571429,0,0
2020-02-28,0.714285714285714,0,0
2020-02-29,1,0,0
2020-03-01,1.57142857142857,0.0830191749388356,0.130458703475313
2020-03-02,2.14285714285714,0.166038349877671,0.355796464023581
2020-03-03,2.57142857142857,0.166038349877671,0.426955756828298
2020-03-04,2.78571428571429,0.249057524816507,0.693803104845984
2020-03-05,2.85714285714286,0.498115049633014,1.42318585609433
2020-03-06,2.78571428571429,0.664153399510685,1.85014161292262
2020-03-07,2.66666666666667,0.747172574449521,1.99246019853205
2020-03-08,2.33333333333333,0.913210924327192,2.13082549009678
2020-03-09,2.1047619047619,1.07924927420486,2.27156275808833
2020-03-10,2.19047619047619,1.24528762408253,2.72777289084746
2020-03-11,2.19047619047619,1.49434514889904,3.27332746901695
2020-03-12,2.15986394557823,1.90944102359322,4.12413282306699
2020-03-13,2.08843537414966,2.24151772334856,4.68126490522455
2020-03-14,2.11224489795918,2.98869029779808,6.31284583310411
2020-03-15,2.00907029478458,3.07170947273692,6.17128025588415
2020-03-16,1.90430839002268,3.40378617249226,6.48185856612018
2020-03-17,1.66680839002268,3.65284369730877,6.0885905221157
2020-03-18,1.75252267573696,4.23397792188062,7.42014231666544
2020-03-19,1.69384920634921,4.48303544669712,7.59358603342328
2020-03-20,1.77788281979458,5.23020802114664,9.29869698474845
2020-03-21,1.74740662931839,6.30945729535151,11.0251875052985
2020-03-22,1.7184767778079,6.64153399510685,11.4133219396128
2020-03-23,1.56333084846842,7.30568739461753,11.4212064732725
2020-03-24,1.35321180084937,8.05285996906706,10.897225140729
2020-03-25,0.973846721484293,8.3849366688224,8.16564308478612
2020-03-26,0.762112027606742,8.3849366688224,6.39026108603036
2020-03-27,0.615966612919127,8.55097501870007,5.26711511942475
2020-03-28,0.582950739903254,8.05285996906706,4.69442067730494
2020-03-29,0.650429344248218,8.13587914400589,5.29181453651851
2020-03-30,0.82938479739722,8.13587914400589,6.74777447549959
2020-03-31,1.10038046839289,8.30191749388356,9.13526786047873
2020-04-01,1.32260269061511,8.13587914400589,10.7605356463816
2020-04-02,1.46290881306409,8.13587914400589,11.9020493017906
2020-04-03,1.53342397565087,8.05285996906706,12.3484485491265
2020-04-04,1.5622840045109,7.72078326931171,12.062056203941
2020-04-05,1.54266077060195,7.72078326931171,11.910549467887
2020-04-06,1.47306370100488,7.38870656955637,10.8840354449898
2020-04-07,1.36916759710877,6.97361069486219,9.54804179825651
2020-04-08,1.35329458123576,7.38870656955637,9.99909656292168
2020-04-09,1.34734220028338,7.80380244425055,10.5143923558133
2020-04-10,1.35934700220414,8.3849366688224,11.3980385244353
2020-04-11,1.32187019329876,9.21512841821075,12.1812035834532
2020-04-12,1.25135737278594,9.63022429290493,12.0508521705089
2020-04-13,1.13047825190682,10.1283393425379,11.4498673546714
2020-04-14,0.95921201814059,10.7924927420486,10.3522887438681
2020-04-15,0.769727891156463,10.7094735671098,8.2433805042073
2020-04-16,0.65806943467042,10.4604160422933,6.88368007136934
2020-04-17,0.65806943467042,10.3773968673545,6.82904768985053
2020-04-18,0.732979398656014,9.71324346784377,7.11960735605958
2020-04-19,0.843523616343089,9.7962626427826,8.26337889108669
2020-04-20,0.883206156025629,9.87928181772144,8.72544251852364
2020-04-21,0.9546347274542,10.2113585174768,9.74811745526857
2020-04-22,0.999277584597057,9.71324346784377,9.70622647115007
2020-04-23,1.0757393537125,9.13210924327192,9.82376929538928
2020-04-24,1.10796276939456,8.46795584376123,9.38217980776456
2020-04-25,1.21060382581713,7.96984079412822,9.64831975652506
2020-04-26,1.33101198908244,8.05285996906706,10.7184531652303
2020-04-27,1.51241788477405,7.88682161918938,11.9281700708846
2020-04-28,1.66420359905976,7.47172574449521,12.4344728751764
2020-04-29,1.83590689576306,8.05285996906706,14.7843011478245
2020-04-30,1.96634167837175,8.88305171845541,17.4671148251307
2020-05-01,2.00029018600447,9.63022429290493,19.2632431421196
2020-05-02,1.9070296259665,11.0415502668651,21.0565634755102
2020-05-03,1.75274391168079,11.8717420162535,20.8081235400333
2020-05-04,1.64012108477225,13.117029640336,21.5135168826977
2020-05-05,1.48494867097914,13.4491063400914,19.9712325855759
2020-05-06,1.36344753061008,15.0264706639292,20.4878043205191
2020-05-07,1.22059038775294,16.1887391130729,19.7598193512568
2020-05-08,1.18758172974428,17.9321417867885,21.2958839611739
2020-05-09,1.13408358630085,18.181199311605,20.6189997185556
2020-05-10,1.14389490705557,19.8415828103817,22.696685524717
2020-05-11,1.12883589199656,20.9208320845866,23.6161861475145
2020-05-12,1.15988652593017,22.4151772334856,25.9990620494568
2020-05-13,1.13125208759223,23.3283881578128,26.3902878036877
2020-05-14,1.12521587028841,23.4114073327516,26.3428870765986
2020-05-15,1.07844716280542,25.0717908315284,27.0386016887126
2020-05-16,1.04928749893987,24.9057524816507,26.1332947306867
2020-05-17,0.989207027046437,25.4868867062225,25.2118074273317
2020-05-18,0.93287095805214,25.9019825809167,24.1632073057096
2020-05-19,0.897328872365406,25.9850017558556,23.317092323995
2020-05-20,0.882795786403749,25.6529250561002,22.6462941484564
2020-05-21,0.916042888061314,25.6529250561002,23.4991795556105
2020-05-22,0.9901027006656,25.3208483563449,25.0702403407612
2020-05-23,1.08200746257036,26.2340592806721,28.3854479152004
2020-05-24,1.16275280418527,25.3208483563449,29.44188743069
2020-05-25,1.22287197532332,26.4831168054886,32.3854613606461
2020-05-26,1.23586917420288,26.7321743303051,33.0374702142414
2020-05-27,1.23120115146256,26.8151935052439,33.0148971203478
2020-05-28,1.22004163147479,27.8944427794488,34.0323814777189
2020-05-29,1.19096481206779,26.4831168054886,31.5404602292179
2020-05-30,1.21318703429001,27.1472702049992,32.9347162290725
2020-05-31,1.22819029586861,27.4793469047546,33.7498672052268
2020-06-01,1.29316276248042,29.0567112285925,37.5750569609625
2020-06-02,1.32006030937797,30.7170947273692,40.5484175690034
2020-06-03,1.34079330689885,32.0454015263905,42.9662598834707
2020-06-04,1.31505671250867,33.3737083254119,43.8883191546394
2020-06-05,1.27687644039982,35.7812643986382,45.6882535183381
2020-06-06,1.18678723667426,36.6114561480265,43.4500088725371
2020-06-07,1.11546927530269,37.6907054222314,42.0428238629837
2020-06-08,1.03737790960071,38.6869355214974,40.1329723001483
2020-06-09,1.05065352287632,39.2680697460693,41.2571358152607
2020-06-10,1.09013155581267,40.4303381952129,44.0743874787799
2020-06-11,1.14665519333103,41.0114724197848,47.0260178362985
2020-06-12,1.20447832258273,43.5020476679499,52.3972734040062
2020-06-13,1.26949977563079,45.8265845662373,58.1768388247636
2020-06-14,1.31546250855004,47.4039488900751,62.3581175221164
2020-06-15,1.32363390698107,48.7322556890965,64.5036659937593
2020-06-16,1.28991577326294,50.2266008379955,64.7880846583118
2020-06-17,1.24343160793819,52.5511377362829,65.3437456944076
2020-06-18,1.17675193060278,54.4605787598762,64.0865911974288
2020-06-19,1.07822976311509,54.543597934815,58.8105306807003
2020-06-20,0.972391008608636,56.7020964832247,55.1366087895471
2020-06-21,0.885773278512645,58.3624799820014,51.695925235786
2020-06-22,0.8194239407643,58.2794608070626,47.7555854401418
2020-06-23,0.786363691575019,58.8605950316345,46.2858347973783
2020-06-24,0.784074675101605,58.611537506818,45.9558222278638
2020-06-25,0.827915944942875,58.2794608070626,48.2504948648405
2020-06-26,0.893369329361777,57.6983265824908,51.5459153242965
2020-06-27,0.97756693691941,57.2832307077966,55.9981923798686
2020-06-28,1.02925950664477,57.1171923579189,58.7884132272458
2020-06-29,1.05706842218178,56.3700197834694,59.5869678708679
2020-06-30,1.04443033115218,55.2077513343257,57.6606500082768
2020-07-01,1.01928593576396,54.045482885182,55.0878005964375
2020-07-02,0.964316904794924,52.2190610365276,50.3557233100415
2020-07-03,0.919044674038823,50.8077350625674,46.6945783092281
2020-07-04,0.88400753991912,48.8152748640353,43.1530710430315
2020-07-05,0.944690829628446,47.985083114647,45.3310679773658
2020-07-06,1.02139534790532,47.2379105401975,48.2485820705254
2020-07-07,1.11801961405013,46.9058338404421,52.4416422469909
2020-07-08,1.17264042315566,48.2341406394635,56.5613030900103
2020-07-09,1.22927909698184,50.4756583628121,62.0486717318014
2020-07-10,1.24396607776494,50.6416967126897,62.9965528310461
2020-07-11,1.24928456879771,50.8907542375062,63.5770339633933
2020-07-12,1.18440407114411,50.6416967126897,59.9802317561548
2020-07-13,1.13570384390781,51.0567925873839,57.9853955990956
2020-07-14,1.08970100568643,52.3850993864053,57.0840954843492
2020-07-15,1.06796391281757,52.8832144360383,56.4773646114819
2020-07-16,1.0372522531537,53.3813294856713,55.3699042853527
2020-07-17,1.0322972636391,54.7926554596315,56.5623082984976
2020-07-18,1.02320759970763,57.6153074075519,58.9524203988986
2020-07-19,1.02326594208403,57.5322882326131,58.870831118595
2020-07-20,1.00310525122971,59.109652556451,59.2932028777396
2020-07-21,0.992052340322171,60.6870168802888,60.2046971232617
2020-07-22,0.98283575046042,59.7738059559616,58.7478334346031
2020-07-23,0.996172698142719,59.9398443058393,59.7104364284024
2020-07-24,1.01246142952532,60.1889018306558,60.9389415890247
2020-07-25,1.03277056896197,60.2719210055947,62.247066149379
2020-07-26,1.02653179986943,60.7700360552277,62.382374489903
2020-07-27,1.02586849795249,61.2681511048607,62.8530661462694
2020-07-28,1.01541553628001,62.1813620291879,63.1399210714894
2020-07-29,1.00810439870429,61.1851319299219,61.6810006338563
2020-07-30,1.00144212088993,61.1851319299219,61.2733682868314
2020-07-31,1.00125531651028,61.2681511048607,61.3450620264967
2020-08-01,1.03005896487914,60.2719210055947,62.0836325623002
2020-08-02,1.07187846294864,61.4341894547384,65.8499845652405
2020-08-03,1.10887998988305,62.3474003790656,69.1357847015729
2020-08-04,1.12039596460696,61.600227804616,69.0166466511615
2020-08-05,1.13240163421169,64.4228797525364,72.9525743123953
2020-08-06,1.11431423171142,64.5058989274753,71.8798412042242
2020-08-07,1.07821867308845,65.2530715019248,70.3570801697511
2020-08-08,0.998055629610189,65.5851482016801,65.4576263815054
2020-08-09,0.964271845826405,66.2493016011908,63.8823363396905
2020-08-10,0.950421861388185,65.668167376619,62.4124618720371
2020-08-11,0.976511807947493,64.1738222277199,62.6664951664918
2020-08-12,1.00307926177876,64.8379756272306,65.0376287273916
2020-08-13,1.03400055732992,67.5776084002122,69.8752847488423
2020-08-14,1.05610074845215,68.0757234498452,71.8948224868034
2020-08-15,1.06749875360016,68.9059151992336,73.5569785908601
2020-08-16,1.06024712198305,69.9021452984996,74.1135483731749
2020-08-17,1.03410824537977,67.8266659250287,70.1401144896914
2020-08-18,1.0145446966385,69.6530877736831,70.6661708052865
2020-08-19,0.992780918663547,67.9096850999675,67.4194395596979
2020-08-20,1.01253165227769,68.1587426247841,69.0128842870426
2020-08-21,1.04198293122187,67.9927042749064,70.8472373020689
2020-08-22,1.11485264478926,68.3247809746617,76.1720627742486
2020-08-23,1.18994146714859,69.4040302488666,82.5867335803616
2020-08-24,1.26139035965012,71.1474329225821,89.7446860023985
2020-08-25,1.30559444808209,74.2191423953191,96.9001002527427
2020-08-26,1.32933555371975,76.4606601186676,101.641873956627
2020-08-27,1.3462646584732,78.6191586670773,105.842194792384
2020-08-28,1.35571843998581,80.4455805157317,109.061556920541
2020-08-29,1.33575932932902,83.1021941137745,111.004531075186
2020-08-30,1.27720527422373,85.841826886756,109.637634048765
2020-08-31,1.23476210903688,93.3965718061901,115.322547980226
2020-09-01,1.18905033289033,96.8003579786823,115.100497878455
2020-09-02,1.15637202918504,99.4569715767251,115.009260038776
2020-09-03,1.11385749623747,102.362642699584,114.01739690561
2020-09-04,1.09327087946441,108.007946595425,118.081942763526
2020-09-05,1.07240786625612,112.490982042122,120.636214024848
2020-09-06,1.04951928844233,114.649480590532,120.326841289658
2020-09-07,1.01131037297709,119.962707786617,121.319530755026
2020-09-08,0.975745937412659,121.706110460333,118.754242839966
2020-09-09,0.966137622036819,123.200455609232,119.028595216156
2020-09-10,0.95048677793654,123.283474784171,117.179312720427
2020-09-11,0.93711064693106,123.36649395911,115.608054963638
2020-09-12,0.932738181332443,122.61932138466,114.371722824546
2020-09-13,0.949518226683916,125.857069207275,119.503581169327
2020-09-14,0.976429646452479,123.283474784171,120.377639696941
2020-09-15,0.992462246071705,120.958937885884,120.047179176672
2020-09-16,1.00791862642604,123.864609008743,124.845446574891
2020-09-17,1.03029359851953,121.706110460333,125.393026507992
2020-09-18,1.06649143005489,121.789129635272,129.887063029862
2020-09-19,1.08110708704324,120.045726961556,129.782286187396
2020-09-20,1.11241524248932,121.2079954107,134.833621606439
2020-09-21,1.13663752523061,120.875918710945,137.392105103585
2020-09-22,1.1939080930322,121.872148810211,145.504144779735
2020-09-23,1.22747124221179,124.03064735862,152.244052785618
2020-09-24,1.25271676644583,125.524992507519,157.247262722156
2020-09-25,1.26577749798482,131.17029640336,166.032409591372
2020-09-26,1.28257583516557,137.811830398467,176.754123469009
2020-09-27,1.2677523163876,137.562772873651,174.395523959272
2020-09-28,1.24156314213354,144.370345218635,179.244899440553
2020-09-29,1.2015197477266,153.087358587213,183.937484469839
2020-09-30,1.15500899605127,154.913780435867,178.926810015738
2020-10-01,1.10084160081901,162.634563705179,179.03489345771
2020-10-02,1.03105793466437,164.959100603466,170.082389572303
2020-10-03,1.00201749861418,171.434596248696,171.780465309049
2020-10-04,0.998426035575424,174.174229021677,173.900084981519
2020-10-05,1.02902049204317,175.502535820699,180.595705765039
2020-10-06,1.07094249656654,179.238398692946,191.954018176812
2020-10-07,1.13498732427715,185.132760113603,210.123336037382
2020-10-08,1.20156660860716,190.778064009444,229.232551368467
2020-10-09,1.24820018139111,194.264869356875,242.481445169172
2020-10-10,1.26595786948797,199.163000678267,252.13196801949
2020-10-11,1.26264097816216,205.140381273863,259.018651672188
2020-10-12,1.22732874689221,212.030972793786,260.231708141335
2020-10-13,1.15865897586698,213.442298767746,247.306835296932
2020-10-14,1.07353809442581,221.163082037058,237.426993647403
2020-10-15,0.987681663083882,225.563098308816,222.784536068005
2020-10-16,0.931761134781514,226.310270883266,210.867114810904
2020-10-17,0.884613960243201,228.053673556981,201.739463313252
2020-10-18,0.862372565274534,230.29519128033,198.600254874808
2020-10-19,0.846035525079681,232.868785703434,197.015265387272
2020-10-20,0.844233094705822,237.019744450376,200.099912363724
2020-10-21,0.840844498281774,234.114073327516,196.853530527778
2020-10-22,0.839125324784994,232.038593954046,194.709460514342
2020-10-23,0.820813210592162,227.140462632654,186.439892388898
2020-10-24,0.803531287615601,220.249871112731,176.977662532383
2020-10-25,0.780406011065666,215.102682266523,167.867426237143
2020-10-26,0.767093537199334,203.978112824719,156.470292077959
2020-10-27,0.769008542153852,196.174310380469,150.859720433721
2020-10-28,0.793119313676632,185.879932688053,147.424964639807
2020-10-29,0.839686327578967,177.328957669353,148.900701238785
2020-10-30,0.915558309241787,172.264787998084,157.718458041421
2020-10-31,1.01204832180907,167.034579976937,169.047066349743
2020-11-01,1.11215893186608,163.547774629506,181.891118341026
2020-11-02,1.20914464558285,159.064739182809,192.332277683926
2020-11-03,1.29454948210099,155.4118954855,201.188388813088
2020-11-04,1.36451617155653,156.906240634399,214.101102763779
2020-11-05,1.40600808212829,156.906240634399,220.611442468332
2020-11-06,1.4139486576037,160.808141856525,227.374456309778
2020-11-07,1.38871866848762,165.955330702732,230.465265881921
2020-11-08,1.34316168724985,171.600634598573,230.487397900564
2020-11-09,1.2859675241088,180.234628792212,231.775879346589
2020-11-10,1.22212149084575,189.117680510668,231.124781650988
2020-11-11,1.16287140470902,197.336578829612,229.477064624064
2020-11-12,1.11130229984125,204.559247049291,227.327161699672
2020-11-13,1.07434861873444,214.355509692074,230.292545755795
2020-11-14,1.02659259813963,221.412139561875,227.30006361248
2020-11-15,0.989131695743291,229.880095405636,227.381688586206
2020-11-16,0.95840972566368,238.348051249397,228.435090410407
2020-11-17,0.940158716632903,241.502779897073,227.05094361131
2020-11-18,0.913250337325086,240.008434748174,219.187783994636
2020-11-19,0.897751301128898,243.16316339585,218.300046325243
2020-11-20,0.893691336856584,244.491470194871,218.499908848486
2020-11-21,0.92284609723163,241.668818246951,223.023125741778
2020-11-22,0.959281225380294,237.849936199764,228.164978254334
2020-11-23,1.01815246961732,235.027284251844,239.293609888467
2020-11-24,1.07117923460754,234.529169202211,251.222775959166
2020-11-25,1.11447047456319,235.691437651354,262.671148369786
2020-11-26,1.11199554699466,236.604648575682,263.103315614395
2020-11-27,1.08415568367777,237.683897849886,257.68634877264
2020-11-28,1.03319158697376,237.517859500009,245.401454191424
2020-11-29,0.984012503874259,235.110303426782,231.351478361625
2020-11-30,0.910964381740399,228.800846131431,208.429421337799
2020-12-01,0.839797280676901,227.140462632654,190.751942850596
2020-12-02,0.786517235782231,229.631037880819,180.608769163827
2020-12-03,0.773671136063443,225.563098308816,174.511658522572
2020-12-04,0.785853716291564,220.581947812486,173.345143435274
2020-12-05,0.820083551723495,216.181931540728,177.287246236366
2020-12-06,0.873394658002637,214.106452167257,186.99943156678
2020-12-07,0.925415247204258,210.868704344643,195.141114158739
2020-12-08,0.977321293912157,208.046052396722,203.327837121681
2020-12-09,1.01592423508863,201.902633451248,205.117778451339
2020-12-10,1.05551651743668,196.423367905285,207.328109234569
2020-12-11,1.09124048444283,188.868622985851,206.101087643131
2020-12-12,1.11584484673569,185.38181763842,206.857345890327
2020-12-13,1.10296544622893,183.306338264949,202.180557180991
2020-12-14,1.07909965088259,185.713894338175,200.40379854437
2020-12-15,1.05007427451894,186.544086087564,195.885145864197
2020-12-16,1.02959296371505,182.974261565194,188.389012248481
2020-12-17,1.00487696471901,183.22331909001,184.116892752912
2020-12-18,0.975668098073762,184.800683413848,180.304131309121
2020-12-19,0.95413881196522,187.789373711646,179.177129932923
2020-12-20,0.946602321933705,189.947872260056,179.805096927736
2020-12-21,0.963485081029388,189.117680510668,182.21206373091
2020-12-22,0.9997112633445,187.374277836952,187.320176014643
2020-12-23,1.05553560949143,188.95164216079,199.445186772595
2020-12-24,1.11312024672846,189.283718860545,210.69553983973
2020-12-25,1.16165232382944,192.853543382915,224.028766829504
2020-12-26,1.18747213893497,195.593176155897,232.261447250926
2020-12-27,1.20860070887242,198.747904803572,240.206858632506
2020-12-28,1.21963976047632,200.989422526921,245.134691149009
2020-12-29,1.22055868509695,201.155460876799,245.522044827856
2020-12-30,1.21995850689677,206.634726422762,252.085792319735
2020-12-31,1.21730432788076,212.44606866848,258.611518831395
2021-01-01,1.21116654907801,219.751756063098,266.155976044775
2021-01-02,1.19349057834607,227.306500982532,271.288167319465
2021-01-03,1.16974022778189,237.268801975192,277.542862467997
2021-01-04,1.13695754714207,246.816007093158,280.619322020036
2021-01-05,1.09394187374887,254.038675312837,277.903544476405
2021-01-06,1.02859947915716,260.182094258311,267.623166640117
2021-01-07,0.969215536450789,267.072685778234,258.850996417904
2021-01-08,0.921527106922763,270.393452775788,249.174896267328
2021-01-09,0.899811262916439,270.974587000359,243.825985347054
2021-01-10,0.885187220471634,269.646280201338,238.687441281938
2021-01-11,0.888066874924754,272.967047198892,242.412992563358
2021-01-12,0.88625773878726,274.876488222485,243.611414897842
2021-01-13,0.882631085759922,273.880258123219,241.735229595504
2021-01-14,0.863695839962488,270.808548650482,233.8962168957
2021-01-15,0.843094037296633,266.823628253418,224.95740999031
2021-01-16,0.826588407146283,259.600960033739,214.583144047934
2021-01-17,0.815661055500368,248.725448116751,202.875661540712
2021-01-18,0.806346394612241,241.502779897073,194.734895858838
2021-01-19,0.803978021502385,232.702747353556,187.087894415482
2021-01-20,0.813450260293518,226.808385932899,184.497340573869
2021-01-21,0.825406927108484,219.004583488648,180.767900280039
2021-01-22,0.848299729768198,210.868704344643,178.87986491213
2021-01-23,0.859136913109265,204.559247049291,175.744400057883
2021-01-24,0.877324743797095,199.495077378022,175.021967649455
2021-01-25,0.88654964587914,189.781833910178,168.251017647362
2021-01-26,0.906095422865908,184.219549189276,166.920490322824
2021-01-27,0.91847065257037,176.996880969598,162.566440767066
2021-01-28,0.942860687486721,171.185538723879,161.404114728981
2021-01-29,0.951947071485997,166.204388227549,158.217780641337
2021-01-30,0.969755290664079,163.796832154323,158.842844575671
2021-01-31,0.964238792726321,161.14021855628,155.377649800363
2021-02-01,0.962235240722769,158.151528258482,152.178973864474
2021-02-02,0.951131365307446,156.325106409827,148.685711891411
2021-02-03,0.941842808551354,151.925090138069,143.089553585057
2021-02-04,0.915299368430891,149.932629939537,137.233241490841
2021-02-05,0.888652800712894,149.351495714965,132.721624957764
2021-02-06,0.859816023373679,147.442054691372,126.77304114278
2021-02-07,0.856651679032329,144.453364393574,123.746217149624
2021-02-08,0.869838492219142,141.298635745898,122.906992269834
2021-02-09,0.895286839939624,136.068427724752,121.820272673246
2021-02-10,0.927791557099957,135.736351024996,125.935040472548
2021-02-11,0.969678912564336,135.238235975363,131.137665597709
2021-02-12,1.01819289857832,133.162756601892,135.58537312716
2021-02-13,1.07634830249644,130.755200528666,140.738138131611
2021-02-14,1.12643435171814,128.762740330134,145.042773929225
2021-02-15,1.16169076197455,127.185376006296,147.750076364773
2021-02-16,1.17648923211282,128.596701980256,151.292635164993
2021-02-17,1.17667107743573,131.336334753238,154.539666520553
2021-02-18,1.15824457640054,131.336334753238,152.119597412263
2021-02-19,1.12529804531968,131.502373103116,147.979363407835
2021-02-20,1.08048784266886,133.909929176342,144.688050487685
2021-02-21,1.03420863042123,136.400504424507,141.066578869634
2021-02-22,0.992010312967156,139.223156372427,138.110806925287
2021-02-23,0.953184959216429,140.966559046143,134.367203835278
2021-02-24,0.936070437374634,141.87976997047,132.80945833087
2021-02-25,0.940991864249019,142.377885020103,133.976431452899
2021-02-26,0.971811236774149,144.453364393574,140.381402707506
2021-02-27,0.996770859896969,144.287326043696,143.82140205281
2021-02-28,1.02128772234487,146.279786242228,149.393749716419
2021-03-01,1.02982135258272,147.60809304125,152.009966027896
2021-03-02,1.03820721828526,147.525073866311,153.16159656607
2021-03-03,1.0307985473542,146.362805417167,150.870567210702
2021-03-04,1.02072358709161,146.19676706729,149.22648850212
2021-03-05,1.00840447762964,145.366575317901,146.588305448258
2021-03-06,1.01274935074284,143.457134294308,145.286119615989
2021-03-07,1.02937424631511,143.955249343941,148.183826296522
2021-03-08,1.04701329250568,144.204306868757,150.983826128158
2021-03-09,1.05710646020755,146.279786242228,154.633307034439
2021-03-10,1.06886394939452,148.106208090883,158.305386509867
2021-03-11,1.08640002777397,149.683572414721,162.616237228659
2021-03-12,1.09466497711035,149.683572414721,163.853364371155
2021-03-13,1.09732832007745,151.260936738559,165.982909604664
2021-03-14,1.09255909460828,153.419435286968,167.619799312444
2021-03-15,1.09313030557553,155.660953010317,170.157705130346
2021-03-16,1.09345498090021,156.574163934644,171.206799434622
2021-03-17,1.0884570721068,158.898700832931,172.954414670186
2021-03-18,1.07189930554903,161.804371955791,173.437993934209
2021-03-19,1.05970874556435,164.627023903711,174.456696986994
2021-03-20,1.04674647885959,167.117599151876,174.929758467694
2021-03-21,1.03291478024985,168.445905950897,173.990265929258
2021-03-22,1.02147830841734,170.023270274735,173.675082511821
2021-03-23,1.01863076964265,172.596864697839,175.812477125068
2021-03-24,1.0196608125611,174.921401596127,178.360498485834
2021-03-25,1.0062879833988,175.253478295882,176.355469257989
2021-03-26,0.985501473480522,177.328957669353,174.757949073912
2021-03-27,0.963088363925877,179.65349456764,173.022190156715
2021-03-28,0.959446414904428,179.570475392701,172.288248838211
2021-03-29,0.962985668443681,175.585554995637,169.086373046529
2021-03-30,0.997557628381934,176.332727570087,175.902057520934
2021-03-31,1.05357372496141,175.41951664576,184.817393583403
2021-04-01,1.13326720281095,176.664804269842,200.208428570028
2021-04-02,1.21081728444794,179.155379518007,216.924430122233
2021-04-03,1.28079747223328,181.396897241356,232.332687457688
2021-04-04,1.3306092676394,187.623335361769,249.653348857783
2021-04-05,1.35689895017908,191.857313283649,260.330986978762
2021-04-06,1.34795216392186,198.083751404062,267.007421342866
2021-04-07,1.30208822287916,204.310189524474,266.029891594027
2021-04-08,1.23997258559118,212.113991968725,263.015535061526
2021-04-09,1.17289433013821,219.668736888159,257.648216004744
2021-04-10,1.10791893062784,225.812155833633,250.181562213966
2021-04-11,1.04335173612644,232.121613128984,242.184488050595
2021-04-12,0.996753930337456,240.921645672501,240.139597227433
2021-04-13,0.964762731217544,248.227333067119,239.48047981268
2021-04-14,0.951293662708687,254.038675312837,241.665381908012
2021-04-15,0.946360466408585,257.691519010146,243.869066119978
2021-04-16,0.956994235904415,261.67643940721,250.422844184691
2021-04-17,0.969287801843988,264.000976305497,255.892926007822
2021-04-18,0.985305502547708,264.000976305497,260.121614631774
2021-04-19,0.991517803418977,265.412302279457,263.161022956501
2021-04-20,1.00194279061816,265.91041732909,266.427025593148
2021-04-21,1.01240460446905,262.838707856354,266.099118066468
2021-04-22,1.04053837184156,261.593420232271,272.197991572952
2021-04-23,1.06056131424198,258.604729934473,274.266172248497
2021-04-24,1.08560215460366,259.019825809167,281.192480983496
2021-04-25,1.09564606326322,262.340592806721,287.432437742822
2021-04-26,1.10066998492629,266.65758990354,293.50200545961
2021-04-27,1.09376749135323,267.40476247799,292.478636231457
2021-04-28,1.08427091454684,269.314203501583,292.009557731114
2021-04-29,1.07398383443116,272.967047198892,293.162196024017
2021-04-30,1.06580489372637,272.717989674075,290.664168001847
2021-05-01,1.06488329455711,278.446312744855,296.51282687302
2021-05-02,1.0741344965413,281.268964692775,302.120697782965
2021-05-03,1.10454631620256,287.32936446331,317.368591054771
2021-05-04,1.14169713019049,290.152016411231,331.265724455687
2021-05-05,1.18921887414529,296.876569581276,353.051219837561
2021-05-06,1.23400835774792,305.427544599976,376.900142722797
2021-05-07,1.2746468254255,313.812481268799,400.000083028172
2021-05-08,1.30780486210295,326.182338334685,426.582848006211
2021-05-09,1.33608995754701,335.81256262759,448.675792544849
2021-05-10,1.36094762211172,348.929592267926,474.874898881448
2021-05-11,1.38056786566988,364.37115880655,503.039113025219
2021-05-12,1.39373169922239,381.888204718644,532.249696475505
2021-05-13,1.39175677019833,404.386401127068,562.807511544735
2021-05-14,1.38283702103778,429.790268658352,594.329894782544
2021-05-15,1.35800863363825,455.111117014697,618.044826170708
2021-05-16,1.32643245511845,484.748962467861,642.986756402369
2021-05-17,1.28161914624753,511.89623267286,656.056012685517
2021-05-18,1.23218112965332,543.360499974679,669.518554667791
2021-05-19,1.17310554201399,571.005885229311,669.850168485107
2021-05-20,1.12410903846881,596.990886985167,671.08285194354
2021-05-21,1.08670579614226,622.47777369139,676.450204640166
2021-05-22,1.06666979765799,639.911800428545,682.574590682076
2021-05-23,1.05004744119859,658.840172314599,691.813437097782
2021-05-24,1.04847316210322,684.576116545639,717.75968561495
2021-05-25,1.05157967279967,707.738466353574,744.243384875831
2021-05-26,1.06609460586299,723.67814794183,771.509369901707
2021-05-27,1.06908027490647,729.655528537426,780.060333035819
2021-05-28,1.08617880031868,745.76124847556,810.030058193343
2021-05-29,1.09004815070379,755.806568643159,823.865552439257
2021-05-30,1.09585998567673,768.757559933618,842.450648617733
2021-05-31,1.07423455469266,777.474573302196,835.190052036147
2021-06-01,1.05681250970707,793.165197365635,838.226902840281
2021-06-02,1.03084328188859,798.395405386782,823.020539933678
2021-06-03,1.01470411286792,802.79542165854,814.599816148455
2021-06-04,0.975681764555766,806.36524618091,786.755866270235
2021-06-05,0.945337601587448,812.259607601568,767.859549316428
2021-06-06,0.915060386109683,822.8030428188,752.914470053993
2021-06-07,0.901925106569165,819.23321829643,738.887007717008
2021-06-08,0.886151974196836,811.263377502302,718.902643567258
2021-06-09,0.873647941155429,806.282227005971,704.406807613981
2021-06-10,0.862707588573411,805.452035256583,694.869583047753
2021-06-11,0.860678052274525,791.338775516981,681.087916001263
2021-06-12,0.858618681775453,779.134956800972,668.979829533625
2021-06-13,0.864785493967127,758.297143891325,655.764370153921
2021-06-14,0.879733568334374,744.017845801845,654.537474391711
2021-06-15,0.903643585094725,719.776246719705,650.421188051819
2021-06-16,0.935714957750828,702.840335032182,657.658214400216
2021-06-17,0.968191038293286,690.387458791357,668.426950551867
2021-06-18,0.996337923382525,677.602505850776,675.121073558158
2021-06-19,1.02437056685483,667.308128158361,683.570805508416
2021-06-20,1.04031945100978,657.096769640884,683.590550653102
2021-06-21,1.04100289743899,646.221257723897,672.718201677246
2021-06-22,1.0249491209201,641.572183927322,657.578845923097
2021-06-23,1.00290718155918,640.575953828056,642.438224428278
2021-06-24,0.978092943322423,634.764611582337,620.858787259483
2021-06-25,0.957957938999967,628.704211811802,602.272190987833
2021-06-26,0.944603426959483,623.224946265839,588.700420009351
2021-06-27,0.949255803501331,624.719291414738,593.01841293468
2021-06-28,0.967512921722529,622.311735341512,602.094645282483
2021-06-29,0.99422615570939,620.485313492857,616.902727908139
2021-06-30,1.02493589959926,626.213636563637,641.828836932678
2021-07-01,1.04856602908722,623.723061315472,654.014813653692
2021-07-02,1.06575952148275,627.541943362658,668.808801268544
2021-07-03,1.06582490835244,629.617422736129,671.061931884834
2021-07-04,1.04971592642892,629.036288511558,660.309410352319
2021-07-05,1.02086045722082,628.040058412292,641.141261183765
2021-07-06,0.993141691268286,628.455154286986,624.145014814849
2021-07-07,0.962596527610618,624.470233889922,601.112878738629
2021-07-08,0.933523952352128,620.817390192613,579.547903781541
2021-07-09,0.90252425109717,622.892869566084,562.175920618897
2021-07-10,0.872241967549667,623.88909966535,544.182255824895
2021-07-11,0.845422728690444,619.987198443224,524.151269061014
2021-07-12,0.819869828309875,613.511702797995,502.999734439091
2021-07-13,0.802992919269909,604.296574379784,485.245870366029
2021-07-14,0.79535136664033,587.858777741895,467.554282268531
2021-07-15,0.813674612165213,576.236093250458,468.868679691164
2021-07-16,0.850272597335214,556.228472090199,472.945827675931
2021-07-17,0.91189272847103,540.786905551575,493.139646824831
2021-07-18,0.972211697842744,524.847223963319,510.262610717429
2021-07-19,1.02783338356301,514.220769571148,528.533273486687
2021-07-20,1.0575506919506,503.926391878732,532.927704423523
2021-07-21,1.07061897796262,494.296167585827,529.202857751578
2021-07-22,1.05774968754826,489.14897873962,517.397179426381
2021-07-23,1.0291886904058,478.273466822632,492.233642975027
2021-07-24,0.984818435273087,467.647012430461,460.5473990419
2021-07-25,0.95245340428823,461.586612659926,439.639740601819
2021-07-26,0.930422032755951,455.941308764085,424.217839317689
2021-07-27,0.924921625073491,451.707330842205,417.793878500181
2021-07-28,0.922601450340021,452.620541766532,417.588368287488
2021-07-29,0.930278957200571,453.782810215676,422.144599482983
2021-07-30,0.930591218632635,455.194136189636,423.599665911143
2021-07-31,0.925522989488185,452.703560941471,418.987553074497
2021-08-01,0.903019633735989,448.303544669712,404.826902710189
2021-08-02,0.88265854428623,442.907298298688,390.935911170067
2021-08-03,0.853279630776059,431.865748031823,368.50224602542
2021-08-04,0.830124901794321,421.654389514346,350.025808686741
2021-08-05,0.799688842478508,409.367551623399,327.366663505977
2021-08-06,0.784496671844768,400.401480730004,314.113629034405
2021-08-07,0.772095256227548,388.363700363873,299.853770741923
2021-08-08,0.777113206611797,375.246670723537,291.609143556369
2021-08-09,0.784562005782893,363.457947882222,285.155296608211
2021-08-10,0.804391577341045,349.759784017314,281.343824356151
2021-08-11,0.820181703058778,337.472946126367,276.789135690187
2021-08-12,0.837835807487373,323.359686386765,270.922323952719
2021-08-13,0.852444123819827,312.401155294838,266.30452910561
2021-08-14,0.86434415410221,300.114317403891,259.402055810428
2021-08-15,0.870077279441031,286.333134364044,249.131954561291
2021-08-16,0.866572687361843,271.306663700115,235.106944661784
2021-08-17,0.855638891320757,262.589650331537,224.681917281982
2021-08-18,0.833223337521527,252.461310988999,210.356656137314
2021-08-19,0.800041774258122,244.491470194871,195.603389605681
2021-08-20,0.753000377895545,234.778226727027,176.788093447097
2021-08-21,0.709620863927796,226.808385932899,160.947962771773
2021-08-22,0.665372293900894,215.268720616401,143.233842441645
2021-08-23,0.641026870294061,204.476227874352,131.074756403831
2021-08-24,0.628883430392985,194.513926881692,122.326585596569
2021-08-25,0.645259844704368,183.804453314582,118.601633001739
2021-08-26,0.670872285361057,172.762903047717,115.901843593232
2021-08-27,0.707232283380597,163.547774629506,115.666266093041
2021-08-28,0.729991091295655,153.668492811785,112.176630765433
2021-08-29,0.756293970649593,144.868460268268,109.563143038181
2021-08-30,0.768223997028537,134.989178450547,103.701926224878
2021-08-31,0.77554216572727,122.702340559599,95.1608389373964
2021-09-01,0.769362388166801,113.985327191021,87.6960235436583
2021-09-02,0.766228216638847,105.51737134726,80.8503872718301
2021-09-03,0.749799165179553,98.1286647777037,73.5767909305065
2021-09-04,0.727040357264496,91.6531691324745,66.6355528304975
2021-09-05,0.695009451107715,86.0078652366337,59.7762792090591
2021-09-06,0.671206870874689,81.0267147403036,54.3856876580952
2021-09-07,0.642286003529181,76.2116025938511,48.9496456525588
2021-09-08,0.626845607857084,71.3964904473986,44.7545764533621
2021-09-09,0.633076682481941,67.4115700503345,42.6766931283648
2021-09-10,0.683133451332539,62.5134387289432,42.7050211535682
2021-09-11,0.739478650534881,57.9473841073073,42.850853401698
2021-09-12,0.795638836502759,53.547367835549,42.6043654424615
2021-09-13,0.850038885155681,50.8077350625674,43.18855046987
2021-09-14,0.888696377137981,48.1511214645247,42.791727200654
2021-09-15,0.897976877659358,44.9963928168489,40.4057203276079
2021-09-16,0.872147151829632,41.5926066443566,36.2748734220459
2021-09-17,0.836867648724042,39.6001464458246,33.140081445245
2021-09-18,0.798367821025608,37.0265520227207,29.5608076584708
2021-09-19,0.781856079342633,33.9548425499838,26.5478000708267
2021-09-20,0.755372382415587,31.796344001574,24.0180801205745
2021-09-21,0.772768950475383,30.8831330772469,23.8655263354956
2021-09-22,0.761204324625042,29.7208646281032,22.6236506865076
2021-09-23,0.747456678674007,29.1397304035313,21.7806861048795
2021-09-24,0.71079001200734,27.7284044295711,19.7090729174392
2021-09-25,0.713123849361886,27.5623660796934,19.6553805962725
2021-09-26,0.704172628081898,25.1548100064672,17.7133286711548
2021-09-27,0.713225479991892,22.8302731081798,16.2831324959275
2021-09-28,0.71667400886415,22.1661197086691,15.8858818725745
2021-09-29,0.722116185734898,20.9208320845866,15.1072714673219
2021-09-30,0.71181010763221,20.0076211602594,14.2416269715487
2021-10-01,0.684225903218737,18.0151609617273,12.3264397806688
2021-10-02,0.668390323703913,17.4340267371555,11.65273477431
2021-10-03,0.675132088510193,16.1057199381341,10.8734883387927
2021-10-04,0.713195474399666,14.6943939641739,10.4799752742946
2021-10-05,0.729372280050156,13.5321255150302,9.86995724082248
2021-10-06,0.849780443315462,12.8679721155195,10.9349510488972
2021-10-07,0.965897659432678,11.7887228413147,11.3866998001264
2021-10-08,1.09300567336996,11.2075886167428,12.2499579428965
2021-10-09,1.15800567336996,10.0453201675991,11.6325377448975
2021-10-10,1.19279830009807,10.5434352172321,12.5761916043086
2021-10-11,1.13275689223058,10.626454392171,12.0371894527055
2021-10-12,1.05380952380952,9.7962626427826,10.3233948707038
2021-10-13,0.915416666666667,9.5472051179661,8.73967068507146
2021-10-14,0.830231481481482,8.96607089339425,7.4439143208907
2021-10-15,0.803836923658352,8.46795584376123,6.8068555751238
2021-10-16,0.899551209372638,8.05285996906706,7.24395992408277
2021-10-17,1.03526549508692,8.46795584376123,8.76658249896568
2021-10-18,1.14170807211774,8.46795584376123,9.66793354115875
2021-10-19,1.19058025256886,8.63399419363891,10.2794629877407
2021-10-20,1.23269981778626,9.13210924327192,11.2571494001855
2021-10-21,1.20359928868573,8.55097501870007,10.2919474500768
2021-10-22,1.10757626409127,8.55097501870007,9.47085696554963
2021-10-23,0.96471912123413,8.80003254351658,8.48955966221306
2021-10-24,0.875433406948416,8.13587914400589,7.12242039755764
2021-10-25,0.846685065506576,7.55474491943404,6.39648969699648
2021-10-26,0.859037374851366,7.05662986980103,6.06190879865161
2021-10-27,0.831934043400209,7.38870656955637,6.14691653190872
2021-10-28,0.808124519590685,7.63776409437288,6.17226443951206
2021-10-29,0.79313950460567,7.63776409437288,6.05781243010588
2021-10-30,0.754319628829273,7.38870656955637,5.57344639707617
2021-10-31,0.689759189268833,6.80757234498452,4.69558558156545
2021-11-01,0.782132980890745,6.55851482016801,5.12963074651414
2021-11-02,0.887575157761493,6.060399770535,5.37906028243032
2021-11-03,1.02115586277077,5.39624637102431,5.51040861872697
2021-11-04,1.0514588930738,5.39624637102431,5.67393123603074
2021-11-05,1.11314720476211,5.14718884620781,5.72957887653894
2021-11-06,1.13273631130774,4.8981313213913,5.54829120529369
2021-11-07,1.20086817943961,4.73209297151363,5.68261987164054
2021-11-08,1.13036725179582,4.48303544669712,5.06747645758629
2021-11-09,1.24941487084344,4.73209297151363,5.91234732882286
2021-11-10,1.26302031302031,3.90190122212527,4.92818050294301
2021-11-11,1.47081252081252,3.81888204718644,5.61685953050797
2021-11-12,1.53713905142477,4.06793957200295,6.25298877496187
2021-11-13,1.5730364873222,4.06793957200295,6.39901737498249
2021-11-14,1.47779839208411,4.48303544669712,6.62502257478506
2021-11-15,1.37823129251701,4.8981313213913,6.75075786199917
2021-11-16,1.11930272108844,4.8981313213913,5.48249171628178
2021-11-17,0.973644457783113,4.6490737965748,4.52654493585975
2021-11-18,0.852765336903992,4.81511214645247,4.10616073180004
2021-11-19,0.887088156941098,4.6490737965748,4.12413830568669
2021-11-20,1.06327863313157,4.73209297151363,5.03153334660254
2021-11-21,1.29617906603201,4.81511214645247,6.24124756482813
2021-11-22,1.57756434741729,5.39624637102431,8.51292588480788
2021-11-23,1.73649291884586,5.31322719608548,9.22638140222168
2021-11-24,2.01012737262737,5.89436142065733,11.8484172358221
2021-11-25,2.24665275200989,6.39247647029034,14.3616748541363
2021-11-26,2.42347592883307,6.47549564522918,15.6932078234763
2021-11-27,2.41904243129613,6.89059151992336,16.6686332634239
2021-11-28,2.36709437934807,8.55097501870007,20.2409649047107
2021-11-29,2.20301455673167,10.0453201675991,22.129986556251
2021-11-30,2.0863075349399,11.2906077916816,23.5556801098365
2021-12-01,1.83452182065418,12.4528762408253,22.8450731937001
2021-12-02,1.55697080024602,13.615144689969,21.1983827234065
2021-12-03,1.38928663256185,15.5245857135623,21.5680994079128
2021-12-04,1.33493792869365,16.3547774629506,21.8326127506368
2021-12-05,1.32754876613207,17.3510075622166,23.0343086803689
2021-12-06,1.39051541620673,18.5962951862992,25.8584351408801
2021-12-07,1.54678287755894,21.8340430089138,33.7725238740733
2021-12-08,1.66594664062514,24.1585799072012,40.2469050386759
2021-12-09,1.74324668685723,25.8189634059779,45.008822415559
2021-12-10,1.74755440797911,28.3925578290818,49.6175395880136
2021-12-11,1.77088687393453,30.8831330772469,54.6905349924696
2021-12-12,1.80869931691938,33.5397466752896,60.6633169012454
2021-12-13,1.80077973117464,35.5322068738217,63.9856779422821
2021-12-14,1.75727840491469,39.6001464458246,69.5884821807068
2021-12-15,1.77770647858318,45.1624311667266,80.2855464736568
2021-12-16,1.85588262282729,50.8907542375062,94.447266451962
2021-12-17,1.95502623109816,55.3737896842034,108.25721134793
2021-12-18,2.08774403712274,61.6832469795549,128.778831071935
2021-12-19,2.24297945597683,72.0606438469093,161.630543733081
2021-12-20,2.40258222303269,83.5172899884686,200.657156242161
2021-12-21,2.49866779369274,99.3739524017862,248.302494398298
2021-12-22,2.54782862220325,121.457052935517,309.451755837564
2021-12-23,2.56776517562117,144.536383568513,371.135492337452
2021-12-24,2.57790823576621,167.615714201509,432.097930083905
2021-12-25,2.54899653999935,191.857313283649,489.043627733593
2021-12-26,2.51650580246734,227.804616032165,573.271638073788
2021-12-27,2.50908877088789,276.951967595956,694.89707197032
2021-12-28,2.542642738481,340.212578899348,865.039043278322
2021-12-29,2.56602055233875,410.280762547726,1052.78886892668
2021-12-30,2.57836744941528,500.937701580934,1291.60146394119
2021-12-31,2.53083226076816,596.74182946035,1510.25347334807
2022-01-01,2.43224114016122,714.213961998803,1737.14058125103
2022-01-02,2.23743385806291,847.293699425756,1895.76361081856
2022-01-03,2.03571938882945,998.471616989376,2032.60802990117
2022-01-04,1.8390292049076,1152.72124402573,2119.88803288075
2022-01-05,1.67749539623631,1313.11429000756,2202.7431762198
2022-01-06,1.51992392183043,1483.80171368181,2255.26571987797
2022-01-07,1.38390947396032,1643.61362543907,2274.6124677754
2022-01-08,1.25739801404332,1799.5236359742,2262.71744609797
2022-01-09,1.15393724006653,1946.88267149063,2246.58041667326
2022-01-10,1.07147795095526,2086.85300043751,2236.01697685362
2022-01-11,1.0153285166589,2208.39307254797,2242.24446254991
2022-01-12,0.978803907460612,2317.4802684176,2268.35874219001
2022-01-13,0.957587163915646,2399.91830913186,2298.13096727081
2022-01-14,0.947675679865572,2460.19023013745,2331.46244894415
2022-01-15,0.938493336565435,2506.01681470369,2351.88008192035
2022-01-16,0.918069344382232,2541.46600240257,2333.24202659546
2022-01-17,0.878551336594892,2555.49624296724,2245.13463992209
2022-01-18,0.824233717943864,2557.32266481589,2107.83156800331
2022-01-19,0.757449235508318,2514.31873219758,1904.4688015273
2022-01-20,0.676203847737115,2432.04672983319,1644.55935658967
2022-01-21,0.578482004980637,2334.74825680487,1350.60985272153
2022-01-22,0.467407739415827,2229.06484710774,1041.88216119791
2022-01-23,0.385667812303201,2104.86816139924,811.779898993506
2022-01-24,0.337847095392304,1949.29022756386,658.562041459054
2022-01-25,0.299458533912596,1776.36128616627,531.946546454444
2022-01-26,0.266569904494537,1590.81343017797,424.062984151167
