"fecha","rho7dpromedio","incidenciaAcum14d","riesgopor10"
2020-01-09,0,0,0
2020-01-10,0,0,0
2020-01-11,0,0,0
2020-01-12,0,0,0
2020-01-13,0,0,0
2020-01-14,0,0,0
2020-01-15,0,0,0
2020-01-16,0,0,0
2020-01-17,0,0,0
2020-01-18,0,0,0
2020-01-19,0,0,0
2020-01-20,0,0,0
2020-01-21,0,0,0
2020-01-22,0,0,0
2020-01-23,0,0,0
2020-01-24,0,0,0
2020-01-25,0,0,0
2020-01-26,0,0,0
2020-01-27,0,0,0
2020-01-28,0,0,0
2020-01-29,0,0,0
2020-01-30,0,0,0
2020-01-31,0,0,0
2020-02-01,0,0,0
2020-02-02,0,0,0
2020-02-03,0,0,0
2020-02-04,0,0,0
2020-02-05,0,0,0
2020-02-06,0,0,0
2020-02-07,0,0,0
2020-02-08,0,0,0
2020-02-09,0,0,0
2020-02-10,0,0,0
2020-02-11,0,0,0
2020-02-12,0,0,0
2020-02-13,0,0,0
2020-02-14,0,0,0
2020-02-15,0,0,0
2020-02-16,0,0,0
2020-02-17,0,0,0
2020-02-18,0,0,0
2020-02-19,0,0,0
2020-02-20,0,0,0
2020-02-21,0,0,0
2020-02-22,0,0,0
2020-02-23,0,0,0
2020-02-24,0,0,0
2020-02-25,0,0,0
2020-02-26,0,0,0
2020-02-27,0,0,0
2020-02-28,0,0,0
2020-02-29,0,0,0
2020-03-01,0,0,0
2020-03-02,0,0,0
2020-03-03,0,0,0
2020-03-04,0,0,0
2020-03-05,0,0,0
2020-03-06,0,0,0
2020-03-07,0,0,0
2020-03-08,0,0,0
2020-03-09,0,0,0
2020-03-10,0,0,0
2020-03-11,0,0,0
2020-03-12,0,0,0
2020-03-13,0,0,0
2020-03-14,0,0,0
2020-03-15,0,0,0
2020-03-16,0,0,0
2020-03-17,0,0,0
2020-03-18,0,0,0
2020-03-19,0,0,0
2020-03-20,0,0,0
2020-03-21,0,0,0
2020-03-22,0,0,0
2020-03-23,0,0,0
2020-03-24,0,0,0
2020-03-25,0,0,0
2020-03-26,0.142857142857143,0,0
2020-03-27,0.285714285714286,0,0
2020-03-28,0.428571428571429,0,0
2020-03-29,0.428571428571429,0,0
2020-03-30,0.428571428571429,0.857875728122024,0.36766102633801
2020-03-31,0.428571428571429,0.857875728122024,0.36766102633801
2020-04-01,0.428571428571429,0.857875728122024,0.36766102633801
2020-04-02,0.285714285714286,0.857875728122024,0.245107350892007
2020-04-03,0.142857142857143,0.857875728122024,0.122553675446003
2020-04-04,0.142857142857143,0.857875728122024,0.122553675446003
2020-04-05,0.285714285714286,0.857875728122024,0.245107350892007
2020-04-06,0.571428571428571,0.857875728122024,0.490214701784014
2020-04-07,0.714285714285714,0.857875728122024,0.612768377230017
2020-04-08,0.857142857142857,1.71575145624405,1.47064410535204
2020-04-09,0.857142857142857,1.71575145624405,1.47064410535204
2020-04-10,0.857142857142857,2.57362718436607,2.20596615802806
2020-04-11,0.714285714285714,2.57362718436607,1.83830513169005
2020-04-12,0.571428571428571,2.57362718436607,1.47064410535204
2020-04-13,0.285714285714286,1.71575145624405,0.490214701784014
2020-04-14,0.142857142857143,1.71575145624405,0.245107350892007
2020-04-15,0,1.71575145624405,0
2020-04-16,0,1.71575145624405,0
2020-04-17,0,1.71575145624405,0
2020-04-18,0,1.71575145624405,0
2020-04-19,0,1.71575145624405,0
2020-04-20,0,1.71575145624405,0
2020-04-21,0,1.71575145624405,0
2020-04-22,0,0.857875728122024,0
2020-04-23,0,0.857875728122024,0
2020-04-24,0,0,0
2020-04-25,0,0,0
2020-04-26,0,0,0
2020-04-27,0,0,0
2020-04-28,0,0,0
2020-04-29,0,0,0
2020-04-30,0,0,0
2020-05-01,0,0,0
2020-05-02,0,0,0
2020-05-03,0,0,0
2020-05-04,0,0,0
2020-05-05,0,0,0
2020-05-06,0,0,0
2020-05-07,0,0,0
2020-05-08,0,0,0
2020-05-09,0,0,0
2020-05-10,0,0,0
2020-05-11,0,0,0
2020-05-12,0,0,0
2020-05-13,0.142857142857143,0,0
2020-05-14,0.285714285714286,0,0
2020-05-15,0.428571428571429,0,0
2020-05-16,0.428571428571429,0,0
2020-05-17,0.428571428571429,0.857875728122024,0.36766102633801
2020-05-18,0.428571428571429,0.857875728122024,0.36766102633801
2020-05-19,0.428571428571429,0.857875728122024,0.36766102633801
2020-05-20,0.285714285714286,0.857875728122024,0.245107350892007
2020-05-21,0.142857142857143,0.857875728122024,0.122553675446003
2020-05-22,0,0.857875728122024,0
2020-05-23,0,0.857875728122024,0
2020-05-24,0.142857142857143,0.857875728122024,0.122553675446003
2020-05-25,0.285714285714286,0.857875728122024,0.245107350892007
2020-05-26,0.428571428571429,0.857875728122024,0.36766102633801
2020-05-27,0.428571428571429,0.857875728122024,0.36766102633801
2020-05-28,0.428571428571429,1.71575145624405,0.735322052676021
2020-05-29,0.428571428571429,1.71575145624405,0.735322052676021
2020-05-30,0.428571428571429,1.71575145624405,0.735322052676021
2020-05-31,0.714285714285714,0.857875728122024,0.612768377230017
2020-06-01,1,0.857875728122024,0.857875728122024
2020-06-02,1.28571428571429,0.857875728122024,1.10298307901403
2020-06-03,1.42857142857143,0.857875728122024,1.22553675446003
2020-06-04,1.57142857142857,3.4315029124881,5.39236171962415
2020-06-05,1.61904761904762,3.4315029124881,5.55576662021882
2020-06-06,1.66666666666667,3.4315029124881,5.7191715208135
2020-06-07,1.28571428571429,4.28937864061012,5.51491539507016
2020-06-08,1.14285714285714,4.28937864061012,4.90214701784014
2020-06-09,0.857142857142857,4.28937864061012,3.6766102633801
2020-06-10,0.857142857142857,5.14725436873215,4.41193231605612
2020-06-11,0.714285714285714,4.28937864061012,3.06384188615009
2020-06-12,0.666666666666667,5.14725436873215,3.4315029124881
2020-06-13,0.69047619047619,5.14725436873215,3.5540565879341
2020-06-14,1.07142857142857,5.14725436873215,5.51491539507016
2020-06-15,1.35714285714286,5.14725436873215,6.9855595004222
2020-06-16,1.78571428571429,5.14725436873215,9.19152565845026
2020-06-17,2.07142857142857,6.00513009685417,12.4391980577694
2020-06-18,2.35714285714286,5.14725436873215,12.1328138691543
2020-06-19,2.54761904761905,6.86300582497619,17.4843243636298
2020-06-20,2.61904761904762,6.86300582497619,17.9745390654138
2020-06-21,2.4047619047619,6.86300582497619,16.5038949600618
2020-06-22,2.02380952380952,7.72088155309822,15.6255936193654
2020-06-23,1.80952380952381,9.43663300934227,17.0758121121432
2020-06-24,1.5952380952381,10.2945087374643,16.4221925097645
2020-06-25,1.82380952380952,12.0102601937083,21.9044269247157
2020-06-26,2.18095238095238,11.1523844655863,24.3228194535168
2020-06-27,2.60952380952381,13.7260116499524,35.8183542103519
2020-06-28,2.96666666666667,16.2996388343185,48.3555952084781
2020-06-29,3.34761904761905,26.5941475717827,89.0270749664918
2020-06-30,3.22857142857143,33.4571533967589,108.018809538107
2020-07-01,3.20062111801242,47.1831650467113,151.01543446317
2020-07-02,2.79830451569582,53.1882951435655,148.837046482401
2020-07-03,2.3557274848835,56.6197980560536,133.380814469199
2020-07-04,1.87358462774064,69.487933977884,130.19152491442
2020-07-05,1.42596558012159,76.3509398028602,108.873812168814
2020-07-06,1.0354893896454,79.7824427153483,82.613872911735
2020-07-07,1.02399513677184,87.5033242684465,89.6029785022582
2020-07-08,1.0890883044737,89.2190757246905,97.1674519077139
2020-07-09,1.23426204964745,96.9399572777887,119.649310362419
2020-07-10,1.3105387141594,116.671099024595,152.901992095258
2020-07-11,1.37914773671579,124.391980577694,171.554918479321
2020-07-12,1.40440653588764,129.539234946426,181.925748212644
2020-07-13,1.43124636272746,132.112862130792,189.086053394211
2020-07-14,1.52210569496611,132.970737858914,202.395517358898
2020-07-15,1.66894552180593,133.828613587036,223.35266533558
2020-07-16,1.77914960343859,144.1231223245,256.416595929965
2020-07-17,1.90735473164371,160.422761158819,305.983112559622
2020-07-18,1.98160285194447,176.722399993137,350.193611828871
2020-07-19,2.01646310039167,197.311417468066,397.871192610331
2020-07-20,1.9763727559535,228.194943680458,450.998269736402
2020-07-21,1.79251032209107,244.494582514777,438.259062853084
2020-07-22,1.51237379195454,269.372978630316,407.392633141219
2020-07-23,1.24392795208013,294.251374745854,366.027509984372
2020-07-24,1.02455670843704,304.545883483319,312.024527949719
2020-07-25,0.873101681982011,316.556143677027,276.385701486151
2020-07-26,0.78959743870054,330.282155326979,260.789943894677
2020-07-27,0.748141422522583,335.429409695712,250.94863572566
2020-07-28,0.771289570670731,344.008166976932,265.329911414863
2020-07-29,0.811399460780621,346.581794161298,281.216280898857
2020-07-30,0.888142389982567,355.160551442518,315.433140985684
2020-07-31,0.950907329132026,354.302675714396,336.909011067907
2020-08-01,1.02623453603818,345.723918433176,354.793825030572
2020-08-02,1.08313389686034,338.003036880078,366.102546486547
2020-08-03,1.1433959861922,325.992776686369,372.738832390843
2020-08-04,1.15045947825569,321.703398045759,370.106723468806
2020-08-05,1.14447335911167,319.987646589515,366.217336766541
2020-08-06,1.12029232584512,312.266765036417,349.830060486778
2020-08-07,1.12665232492003,309.693137852051,348.916493772792
2020-08-08,1.12413272805553,307.119510667685,345.243093365943
2020-08-09,1.12129408892015,307.977386395807,345.333222886696
2020-08-10,1.12349867445807,323.419149502003,363.360985759858
2020-08-11,1.14150733246673,334.571533967589,381.915859258645
2020-08-12,1.17629145772834,342.292415520688,402.635644422184
2020-08-13,1.20870399330203,342.292415520688,413.730209516854
2020-08-14,1.27830513743043,361.165681539372,461.679946175342
2020-08-15,1.31306069803606,370.602314548714,486.623333835115
2020-08-16,1.31801442371238,389.475580567399,513.334432871584
2020-08-17,1.24853699727957,408.348846586084,509.838642759165
2020-08-18,1.17001551875809,433.227242701622,506.882597109676
2020-08-19,1.07789425871322,439.232372798476,473.446052880461
2020-08-20,0.996349022122689,440.94812425472,439.338232408025
2020-08-21,0.901184659603488,443.521751439086,399.694998597376
2020-08-22,0.86387705449479,446.095378623453,385.371561708966
2020-08-23,0.885289342814373,456.389887360917,404.037103448872
2020-08-24,0.949315430462508,454.674135904673,431.629173046513
2020-08-25,1.02423654894798,463.252893185893,474.480544606888
2020-08-26,1.07095418626965,465.826520370259,498.878862065952
2020-08-27,1.08341981081734,476.978904835845,516.768394841113
2020-08-28,1.07215450469489,480.410407748334,515.074182769684
2020-08-29,1.03594676651122,477.836780563968,495.013467745373
2020-08-30,0.977544682273268,467.542271826503,457.043461561961
2020-08-31,0.908815518716518,446.095378623453,405.418402920715
2020-09-01,0.862343728680372,437.516621342232,377.289714607899
2020-09-02,0.829951284523222,434.085118429744,360.269501633181
2020-09-03,0.817396262514418,431.511491245378,352.715880175995
2020-09-04,0.799444637419936,426.364236876646,340.854602758678
2020-09-05,0.806060745890248,424.648485420402,342.292474899133
2020-09-06,0.809257205196863,413.496100954816,334.624699018494
2020-09-07,0.808278299045543,402.343716489229,325.205694795576
2020-09-08,0.793949097045108,392.049207751765,311.267114491764
2020-09-09,0.805862723255085,385.186201926789,310.407201645005
2020-09-10,0.806695967945367,362.881432995616,292.7349888398
2020-09-11,0.79613207724449,336.287285423834,267.729095095387
2020-09-12,0.748513029625442,328.566403870735,245.936234394421
2020-09-13,0.732391400250801,320.845522317637,234.984501354414
2020-09-14,0.729712487124126,307.977386395807,224.734944604872
2020-09-15,0.747634003243191,282.241114552146,211.013054352441
2020-09-16,0.757429060506603,260.794221349095,197.533122061996
2020-09-17,0.792747776600635,254.789091252241,201.983485592311
2020-09-18,0.801298784853847,247.068209699143,197.975456207939
2020-09-19,0.815478153871926,235.915825233557,192.384201630633
2020-09-20,0.790610429004201,225.621316496092,178.378565827468
2020-09-21,0.790125838967372,211.037429118018,166.746125735391
2020-09-22,0.783819751167227,196.453541739944,153.984166202523
2020-09-23,0.821698539046015,185.301157274357,152.261690215875
2020-09-24,0.8261628247603,175.864524265015,145.292732141911
2020-09-25,0.884392638424896,172.433021352527,152.498494705538
2020-09-26,0.914127609336338,157.849133974452,144.294251475878
2020-09-27,0.982532749170049,151.844003877598,149.191706574844
2020-09-28,0.996685263322563,150.986128149476,150.485648892715
2020-09-29,1.0060458624009,147.554625236988,148.446720197788
2020-09-30,0.956262312617355,148.41250096511,141.921281394222
2020-10-01,0.930752108535722,137.260116499524,127.755142849791
2020-10-02,0.884323537107151,132.112862130792,116.830513536851
2020-10-03,0.863315133745806,128.681359218304,111.092564844142
2020-10-04,0.820852987597024,125.249856305816,102.811718744727
2020-10-05,0.805834672578709,125.249856305816,100.930676946727
2020-10-06,0.810298958292995,120.960477665205,98.014149046739
2020-10-07,0.810298958292995,117.528974752717,95.2336058113705
2020-10-08,0.829597982250404,118.386850480839,98.2134922838845
2020-10-09,0.84626464891707,111.523844655863,94.3786872435759
2020-10-10,0.898694316436252,113.239596112107,101.767781421487
2020-10-11,0.918530020703934,102.087211646521,93.7701686272857
2020-10-12,0.916149068322981,102.945087374643,94.313045886707
2020-10-13,0.870694522868436,101.229335918399,88.1398283377589
2020-10-14,0.849049501223414,98.6557087340328,83.763580293473
2020-10-15,0.825498776585733,95.2242058215447,78.6074654070332
2020-10-16,0.803389933048318,84.9296970840804,68.2316636541933
2020-10-17,0.768607324352666,84.9296970840804,65.2775872338775
2020-10-18,0.761982065553494,82.3560698997143,62.7538482530523
2020-10-19,0.759601113172542,81.4981941715923,61.9061190142935
2020-10-20,0.774980470657162,78.0666912591042,60.500161134628
2020-10-21,0.775792158968851,72.9194368903721,56.5703273759746
2020-10-22,0.805554063730755,72.06156116225,58.0494834330329
2020-10-23,0.773633603238866,67.7721825216399,52.4308377635784
2020-10-24,0.763243992849256,66.0564310653959,50.4171741997244
2020-10-25,0.725148754754018,64.3406796091518,46.6565636986037
2020-10-26,0.724282953888217,59.1934252404197,42.8727888838925
2020-10-27,0.659120046620047,53.1882951435655,35.0574715746677
2020-10-28,0.560905760905761,50.6146679591994,28.3900588446472
2020-10-29,0.435905760905761,48.8989165029554,21.315319405688
2020-10-30,0.406601731601732,47.1831650467113,19.1847566104431
2020-10-31,0.356277056277056,41.1780349498572,14.6707890752088
2020-11-01,0.449134199134199,36.030780581125,16.1826557804836
2020-11-02,0.916666666666667,31.7414019405149,29.0962851121387
2020-11-03,1.44047619047619,30.0256504842708,43.2512346261521
2020-11-04,1.96428571428571,28.3098990280268,55.6087302336241
2020-11-05,2.4702380952381,24.8783961155387,61.4555618330272
2020-11-06,2.79404761904762,27.4520232999048,76.7022603391387
2020-11-07,2.99047619047619,24.8783961155387,74.3982512407538
2020-11-08,2.96774891774892,24.8783961155387,73.8328331472189
2020-11-09,2.48722943722944,26.5941475717827,66.1457466985618
2020-11-10,1.98073593073593,30.0256504842708,59.472884757914
2020-11-11,1.47890442890443,30.0256504842708,44.4050674819246
2020-11-12,0.985707149992864,29.1677747561488,28.7508841265173
2020-11-13,0.638088102373817,29.1677747561488,18.6116100446179
2020-11-14,0.53094524523096,30.8835262123929,16.3974613984357
2020-11-15,0.575101089386804,30.8835262123929,17.761149568853
2020-11-16,1.05562056990628,30.8835262123929,32.6012855410418
2020-11-17,1.2763997906855,30.0256504842708,38.3247339933194
2020-11-18,1.61156462585034,34.315029124881,55.3008870726823
2020-11-19,1.62176870748299,32.5992776686369,52.8684884095445
2020-11-20,1.61836734693878,30.8835262123929,49.9808903804644
2020-11-21,1.52312925170068,30.0256504842708,45.7329465539336
2020-11-22,1.39455782312925,27.4520232999048,38.2834338536087
2020-11-23,0.880272108843537,23.1626446592947,20.3894300606308
2020-11-24,0.594557823129252,19.7311417468066,11.731304684836
2020-11-25,0.380272108843537,18.0153902905625,6.85075045743159
2020-11-26,0.387074829931973,15.4417631061964,5.9771178281808
2020-11-27,0.414285714285714,15.4417631061964,6.39730185828138
2020-11-28,0.438095238095238,13.7260116499524,6.0133003418839
2020-11-29,0.509523809523809,14.5838873780744,7.43083785454268
2020-11-30,0.595238095238095,13.7260116499524,8.17024502973356
2020-12-01,0.595238095238095,12.8681359218304,7.65960471537522
2020-12-02,0.452380952380952,9.43663300934227,4.26895302803579
2020-12-03,0.404761904761905,8.57875728122024,3.47235413763677
2020-12-04,0.357142857142857,6.00513009685417,2.14468932030506
2020-12-05,0.285714285714286,4.28937864061012,1.22553675446003
2020-12-06,0.285714285714286,4.28937864061012,1.22553675446003
2020-12-07,0.428571428571429,4.28937864061012,1.83830513169005
2020-12-08,0.714285714285714,3.4315029124881,2.45107350892007
2020-12-09,0.857142857142857,1.71575145624405,1.47064410535204
2020-12-10,0.857142857142857,2.57362718436607,2.20596615802806
2020-12-11,1.28571428571429,3.4315029124881,4.41193231605613
2020-12-12,1.5,3.4315029124881,5.14725436873215
2020-12-13,1.57142857142857,2.57362718436607,4.04427128971811
2020-12-14,1.28571428571429,2.57362718436607,3.30894923704209
2020-12-15,1.14285714285714,5.14725436873215,5.88257642140817
2020-12-16,1.04761904761905,4.28937864061012,4.49363476635346
2020-12-17,1.0952380952381,4.28937864061012,4.6978908920968
2020-12-18,0.666666666666667,4.28937864061012,2.85958576040675
2020-12-19,0.595238095238095,5.14725436873215,3.06384188615009
2020-12-20,0.523809523809524,5.14725436873215,2.69618085981208
2020-12-21,0.666666666666667,5.14725436873215,3.4315029124881
2020-12-22,0.523809523809524,5.14725436873215,2.69618085981208
2020-12-23,0.476190476190476,6.00513009685417,2.85958576040675
2020-12-24,0.571428571428571,5.14725436873215,2.94128821070408
2020-12-25,0.857142857142857,4.28937864061012,3.6766102633801
2020-12-26,1,4.28937864061012,4.28937864061012
2020-12-27,1.14285714285714,4.28937864061012,4.90214701784014
2020-12-28,1.28571428571429,5.14725436873215,6.61789847408419
2020-12-29,1.71428571428571,3.4315029124881,5.88257642140817
2020-12-30,1.92857142857143,3.4315029124881,6.61789847408419
2020-12-31,2.07142857142857,4.28937864061012,8.88514146983525
2021-01-01,2.07142857142857,5.14725436873215,10.6621697638023
2021-01-02,2.21428571428571,5.14725436873215,11.3974918164783
2021-01-03,2.16666666666667,6.00513009685417,13.0111152098507
2021-01-04,2.21428571428571,7.72088155309822,17.0962377247175
2021-01-05,1.92857142857143,8.57875728122024,16.5447461852105
2021-01-06,1.92857142857143,10.2945087374643,19.8536954222526
2021-01-07,1.71428571428571,11.1523844655863,19.1183733695765
2021-01-08,1.6,13.7260116499524,21.9616186399238
2021-01-09,1.2734693877551,13.7260116499524,17.4796556521843
2021-01-10,1.24965986394558,16.2996388343185,20.3690044480565
2021-01-11,0.987755102040816,15.4417631061964,15.2526802926512
2021-01-12,0.987755102040816,17.1575145624405,16.9474225473902
2021-01-13,0.868707482993197,18.8732660186845,16.3953474189525
2021-01-14,0.91156462585034,18.8732660186845,17.2042016768961
2021-01-15,0.835374149659864,18.0153902905625,15.0495913447692
2021-01-16,0.876190476190476,18.8732660186845,16.5365759401807
2021-01-17,0.9,19.7311417468066,17.7580275721259
2021-01-18,0.935714285714286,18.0153902905625,16.8572580575978
2021-01-19,0.9,18.8732660186845,16.9859394168161
2021-01-20,1.01904761904762,17.1575145624405,17.4843243636298
2021-01-21,1.19047619047619,18.0153902905625,21.4468932030506
2021-01-22,1.35238095238095,15.4417631061964,20.883146295999
2021-01-23,1.44761904761905,16.2996388343185,23.5956676458705
2021-01-24,1.4952380952381,18.0153902905625,26.9372978630316
2021-01-25,1.45952380952381,18.0153902905625,26.29389106694
2021-01-26,1.42380952380952,18.8732660186845,26.8719359027937
2021-01-27,1.27301587301587,18.0153902905625,22.9338777984621
2021-01-28,1.13015873015873,18.0153902905625,20.360250614096
2021-01-29,1.01587301587302,18.8732660186845,19.1728416697748
2021-01-30,1.06349206349206,18.0153902905625,19.1592245947252
2021-01-31,1.11111111111111,18.0153902905625,20.0171003228472
2021-02-01,1.36111111111111,19.7311417468066,26.8562762664867
2021-02-02,1.57539682539683,19.7311417468066,31.0843780693738
2021-02-03,1.77380952380952,20.5890174749286,36.520995282909
2021-02-04,1.79761904761905,21.4468932030506,38.5533437340553
2021-02-05,1.79761904761905,24.8783961155387,44.7218787315041
2021-02-06,1.57539682539683,26.5941475717827,41.8963356587212
2021-02-07,1.32777777777778,25.7362718436607,34.1720498368606
2021-02-08,1.05829725829726,25.7362718436607,27.2366259309391
2021-02-09,0.935848278705422,24.8783961155387,23.2824041816785
2021-02-10,0.837208822923109,24.8783961155387,20.828412728105
2021-02-11,1.0276850133993,25.7362718436607,26.4487808745005
2021-02-12,1.05149453720882,25.7362718436607,27.0615492517305
2021-02-13,1.20228818800247,29.1677747561488,35.0680710596345
2021-02-14,1.31300247371676,29.1677747561488,38.2973604076367
2021-02-15,1.47534013605442,30.0256504842708,44.2980472705867
2021-02-16,1.49778911564626,30.0256504842708,44.9720924855397
2021-02-17,1.47738095238095,29.1677747561488,43.0919148480723
2021-02-18,1.21547619047619,33.4571533967589,40.6663733548701
2021-02-19,1.16569264069264,32.5992776686369,38.000738070226
2021-02-20,1.09426406926407,31.7414019405149,34.7334756515743
2021-02-21,1.05168165168165,30.0256504842708,31.5774256941139
2021-02-22,1.00066124351839,30.0256504842708,30.0455047510389
2021-02-23,1.0649469578041,33.4571533967589,35.6300937266636
2021-02-24,1.11256600542315,36.888656309247,41.0410649954064
2021-02-25,1.20780410066124,36.888656309247,44.5542703581918
2021-02-26,1.23377812663527,36.888656309247,45.5124172753151
2021-02-27,1.23377812663527,36.030780581125,44.4539889665869
2021-02-28,1.16156462585034,40.3201592217351,46.8344706606209
2021-03-01,1.04591836734694,42.0359106779792,43.9661310662537
2021-03-02,0.858418367346939,42.0359106779792,36.0843978141326
2021-03-03,0.749574829931973,42.0359106779792,31.5090605974818
2021-03-04,0.684098639455782,36.030780581125,24.6486079740774
2021-03-05,0.755527210884354,35.172904853003,26.5740867022901
2021-03-06,0.934098639455782,36.888656309247,34.4576436698196
2021-03-07,1.05654761904762,36.888656309247,38.9746219934009
2021-03-08,1.13392857142857,37.7465320373691,42.8018711495167
2021-03-09,1.11224489795918,34.315029124881,38.1667160674697
2021-03-10,1.10204081632653,34.315029124881,37.8165627090525
2021-03-11,1.07227891156463,34.315029124881,36.7952820803358
2021-03-12,0.957993197278912,33.4571533967589,32.0517253544121
2021-03-13,0.738605442176871,30.0256504842708,22.177108852583
2021-03-14,0.677380952380952,26.5941475717827,18.0143690099338
2021-03-15,0.742857142857143,24.8783961155387,18.4810942572573
2021-03-16,0.797278911564626,24.0205203874167,19.1510543496955
2021-03-17,0.807482993197279,24.0205203874167,19.3961617005875
2021-03-18,0.826530612244898,23.1626446592947,19.1446348714578
2021-03-19,1.08367346938775,24.0205203874167,26.0304006647311
2021-03-20,1.26734693877551,21.4468932030506,27.1806544471315
2021-03-21,1.48163265306122,19.7311417468066,29.2343038942481
2021-03-22,1.75544217687075,21.4468932030506,37.6487808914776
2021-03-23,2.12448979591837,20.5890174749286,43.7411575334707
2021-03-24,2.41428571428571,18.8732660186845,45.5654565308241
2021-03-25,2.49642857142857,21.4468932030506,53.5406369604728
2021-03-26,2.28214285714286,25.7362718436607,58.7338489574972
2021-03-27,2.09532967032967,28.3098990280268,59.3185713974617
2021-03-28,1.83708791208791,30.0256504842708,55.1597595572305
2021-03-29,1.51565934065934,30.0256504842708,45.5086576158578
2021-03-30,1.19423076923077,30.8835262123929,36.8820572651846
2021-03-31,1.00851648351648,33.4571533967589,33.7420906921709
2021-04-01,0.986691086691087,36.030780581125,35.5512500459183
2021-04-02,1.05018315018315,38.6044077654911,40.5416985581183
2021-04-03,1.09413919413919,39.4622834936131,43.1772310605943
2021-04-04,1.13809523809524,43.7516621342232,49.7935583337112
2021-04-05,1.10512820512821,44.6095378623453,49.2992585094123
2021-04-06,1.15707625707626,46.3252893185893,53.601892372728
2021-04-07,1.18015318015318,48.0410407748334,56.6957870482882
2021-04-08,1.22533022533023,45.4674135904673,55.7125961399898
2021-04-09,1.2007992007992,43.7516621342232,52.5369609244119
2021-04-10,1.22937062937063,49.7567922310774,61.1695389805833
2021-04-11,1.21984681984682,50.6146679591994,61.7421417476321
2021-04-12,1.24529505582137,51.4725436873215,64.098504164371
2021-04-13,1.18620414673046,53.1882951435655,63.0921762568211
2021-04-14,1.16108640732701,53.1882951435655,61.7562065200911
2021-04-15,1.13178237802298,55.7619223279316,63.1103610554391
2021-04-16,1.13363766559255,57.4776737841756,65.1588559323831
2021-04-17,1.09712972908462,60.0513009685417,65.8840675627949
2021-04-18,1.08409714763098,60.0513009685417,65.1014440915257
2021-04-19,1.06780642081394,61.7670524247857,65.9552551739374
2021-04-20,1.14637784938537,64.3406796091518,73.7587299183325
2021-04-21,1.16111707841031,63.4828038810298,73.7109677716361
2021-04-22,1.15551483751395,66.0564310653959,76.3291862092825
2021-04-23,1.11469851098334,68.6300582497619,76.5018237397096
2021-04-24,1.14168263796747,71.203685434128,81.292011419441
2021-04-25,1.15828664799253,71.203685434128,82.4742781262107
2021-04-26,1.1649533146592,70.345809706006,81.9495841893968
2021-04-27,1.10001824972413,72.9194368903721,80.2127113390164
2021-04-28,1.06231983702572,75.4930640747381,80.197779524448
2021-04-29,1.05391647568118,78.0666912591042,82.275772119886
2021-04-30,1.02286057506006,76.3509398028602,78.0963661931299
2021-05-01,0.984332436531925,78.9245669872262,77.6880113247635
2021-05-02,0.946806556614741,78.0666912591042,73.9140551373385
2021-05-03,1.00363195344014,80.6403184434703,80.9332003254548
2021-05-04,1.00394116803507,78.9245669872262,79.2356219678177
2021-05-05,1.04163958073348,79.7824427153483,83.1045501799082
2021-05-06,1.00050733836285,80.6403184434703,80.6812303706088
2021-05-07,1.11192038184111,85.7875728122024,95.388950718566
2021-05-08,1.18109034231542,78.0666912591042,92.2038151026473
2021-05-09,1.30249068110706,80.6403184434703,105.033263294126
2021-05-10,1.3085224271388,82.3560698997143,107.764764474787
2021-05-11,1.37314827747894,85.7875728122024,117.799057836175
2021-05-12,1.34616415049481,92.6505786371786,124.722887483971
2021-05-13,1.35829124241817,91.7927029090566,124.681224479265
2021-05-14,1.27793409956103,95.2242058215447,121.69025972297
2021-05-15,1.25421868454127,96.0820815496667,120.50794192921
2021-05-16,1.28211671243929,102.087211646521,130.887720178332
2021-05-17,1.3268786172012,104.660838830887,138.872229103045
2021-05-18,1.3581286172012,109.808093199619,149.133513774699
2021-05-19,1.43459920543649,119.244726208961,171.068389471868
2021-05-20,1.5179029984177,131.25498640267,199.232337417887
2021-05-21,1.59085132668518,132.112862130792,210.171921992947
2021-05-22,1.64359450187734,147.554625236988,242.519970766085
2021-05-23,1.62348868177152,160.422761158819,260.444537039877
2021-05-24,1.60323040897087,170.717269896283,273.699118434208
2021-05-25,1.55497360624978,187.016908730601,290.806356998509
2021-05-26,1.50224547274286,199.02716892431,298.987663469372
2021-05-27,1.46884466302626,217.042559214872,318.801804752326
2021-05-28,1.45109113995359,234.200073777313,339.845652034735
2021-05-29,1.41782848424195,250.499712611631,355.165627835193
2021-05-30,1.36495492102356,274.520232999048,374.707742952585
2021-05-31,1.29473700334802,296.82500193022,384.310313517903
2021-06-01,1.23079142511672,325.992776686369,401.229114195574
2021-06-02,1.16091313900662,340.576664064444,395.379924151456
2021-06-03,1.10270727953034,348.297545617542,384.070238995015
2021-06-04,1.05018270130483,367.170811636226,385.596434804419
2021-06-05,1.00620090990036,377.465320373691,379.805948815838
2021-06-06,0.967529283614376,389.475580567399,376.829029451669
2021-06-07,0.955513262252561,410.064598042328,391.822161809709
2021-06-08,0.956187514254246,410.064598042328,392.09864868576
2021-06-09,0.981615613001641,408.348846586084,400.841603360112
2021-06-10,1.00134517970517,415.21185241106,415.770386968269
2021-06-11,1.01083300744712,418.643355323548,423.178521909457
2021-06-12,0.990409816079266,424.648485420402,420.576028343559
2021-06-13,0.9679388330769,430.653615517256,416.846358064121
2021-06-14,0.948898953817598,422.074858236036,400.506391412886
2021-06-15,0.922361879622815,407.490970857961,375.854137809875
2021-06-16,0.899092021220739,404.059467945473,363.286643728472
2021-06-17,0.884737708066906,403.201592217351,356.727652587307
2021-06-18,0.894428392851458,401.485840761107,359.100335304574
2021-06-19,0.908616925407337,390.333456295521,354.663584942856
2021-06-20,0.952598254708501,389.475580567399,371.013758300084
2021-06-21,0.961676133351597,378.323196101813,363.824388384409
2021-06-22,1.01201293118146,380.896823286179,385.472510611553
2021-06-23,1.02887681959397,380.038947558057,391.013263685372
2021-06-24,1.0764572310689,375.749568917447,404.478340532209
2021-06-25,1.08129608968927,362.881432995616,392.382274519
2021-06-26,1.15470363452539,370.602314548714,427.935839572923
2021-06-27,1.15255802660315,362.023557267494,417.253156748074
2021-06-28,1.17165004569517,369.744438820592,433.21108863968
2021-06-29,1.12129084417317,375.749568917447,421.32455132915
2021-06-30,1.10263735102988,386.901953383033,426.612544986555
2021-07-01,1.03959180613316,386.044077654911,401.328259936278
2021-07-02,1.00328882340161,381.754699014301,383.010222802092
2021-07-03,0.94937072382813,392.049207751765,372.200040139538
2021-07-04,0.95694078534556,389.475580567399,372.705067941085
2021-07-05,0.988398216802992,396.338586392375,391.740352040442
2021-07-06,1.02935510242007,391.191332023643,402.674793641041
2021-07-07,1.06864218036694,406.633095129839,434.54527738891
2021-07-08,1.08376175500447,404.917343673595,438.833931011445
2021-07-09,1.10327812971887,422.932733964158,466.612435724863
2021-07-10,1.08228492505773,416.927603867304,451.234460506023
2021-07-11,1.0371489862302,416.069728139182,431.526296740628
2021-07-12,0.961383680107752,415.21185241106,399.177898695301
2021-07-13,0.898957523021401,416.927603867304,374.800206051799
2021-07-14,0.822633408037492,411.780349498572,338.74427227088
2021-07-15,0.768873654972243,402.343716489229,309.35148385219
2021-07-16,0.720449390394902,398.054337848619,286.778005047084
2021-07-17,0.703857911698161,392.049207751765,275.946936651076
2021-07-18,0.699318525850363,378.323196101813,264.568419792918
2021-07-19,0.701736283998399,368.88656309247,258.861086001451
2021-07-20,0.694432396259729,364.59718445186,253.188096468456
2021-07-21,0.711302563129895,340.576664064444,242.253054091268
2021-07-22,0.736516318356757,326.850652414491,240.730839168825
2021-07-23,0.780534098329593,306.261634939563,239.047649080498
2021-07-24,0.815813601435183,281.383238824024,229.556273448523
2021-07-25,0.874460217976536,271.946605814682,237.806488198686
2021-07-26,0.916260146903331,257.362718436607,235.811202202166
2021-07-27,0.977641221072129,235.057949505435,229.802340777204
2021-07-28,1.00971285314376,221.331937855482,223.481702463897
2021-07-29,1.04263802321179,220.47406212736,229.874640305944
2021-07-30,1.06198823821418,211.037429118018,224.119267546293
2021-07-31,1.05868441899916,208.463801933652,220.697379032485
2021-08-01,1.01718065960067,207.60592620553,211.172732954749
2021-08-02,0.98169531161532,196.453541739944,192.857520876327
2021-08-03,0.946034893601961,199.02716892431,188.286646577209
2021-08-04,0.911643359210427,196.453541739944,179.095566720588
2021-08-05,0.860214787781855,191.306287371211,164.564497392361
2021-08-06,0.791891806415396,192.164163099333,152.173226245034
2021-08-07,0.771495069893239,196.453541739944,151.562938915432
2021-08-08,0.760367250344367,183.585405818113,139.592330225273
2021-08-09,0.795165785142902,177.580275721259,141.205759369788
2021-08-10,0.867240768982592,177.580275721259,154.004854872645
2021-08-11,0.96049473723656,170.717269896283,163.973039290773
2021-08-12,1.03886208417534,165.570015527551,172.004411407894
2021-08-13,1.10019748790204,169.859394168161,186.878878760374
2021-08-14,1.10395688639828,163.854264071307,180.888043187242
2021-08-15,1.07549286921246,158.707009702574,170.688257229152
2021-08-16,1.02071431443391,162.138512615063,165.497100747217
2021-08-17,0.914011168059079,148.41250096511,135.650683361689
2021-08-18,0.792979422027333,146.696749508866,116.327503638829
2021-08-19,0.676993027469509,145.838873780744,98.7319006835696
2021-08-20,0.585061810538292,138.117992227646,80.8075626006203
2021-08-21,0.537635552585719,132.112862130792,71.0285716353691
2021-08-22,0.547839634218372,128.681359218304,70.4967487648784
2021-08-23,0.583724801682487,121.818353393327,71.1083941758071
2021-08-24,0.647290693155355,115.813223296473,74.9648215841301
2021-08-25,0.791674087538749,112.381720383985,88.9696959410263
2021-08-26,0.91965027801494,107.234466015253,98.6182064837111
2021-08-27,1.01277197113663,96.9399572777887,98.1780716141271
2021-08-28,1.0320027403674,88.3611999965685,91.1890005386108
2021-08-29,1.0115945771021,86.6454485403245,87.6500658739709
2021-08-30,0.934150968079539,78.0666912591042,72.9260752144587
2021-08-31,0.834831240188383,72.06156116225,60.1592424749922
2021-09-01,0.682277911164466,66.0564310653959,45.0688438062778
2021-09-02,0.601920768307323,61.7670524247857,37.1788716516057
2021-09-03,0.61858743497399,54.9040465998096,33.9629533558686
2021-09-04,0.749539815926371,52.3304194154435,39.2237329360013
2021-09-05,0.953621448579432,52.3304194154435,49.9034103677244
2021-09-06,1.10719287715086,49.7567922310774,55.0903659481242
2021-09-07,1.18429038281979,49.7567922310774,58.9264905192276
2021-09-08,1.27420634920635,47.1831650467113,60.1210884781707
2021-09-09,1.29563492063492,45.4674135904673,58.9091687987602
2021-09-10,1.23134920634921,45.4674135904673,55.986263639373
2021-09-11,1.08416305916306,41.1780349498572,44.6437043415605
2021-09-12,0.961714079571222,37.7465320373691,36.3013713153241
2021-09-13,0.869181612038755,35.172904853003,30.5716421402189
2021-09-14,0.821562564419707,33.4571533967589,27.4871447428248
2021-09-15,0.66441970727685,33.4571533967589,22.2295920661913
2021-09-16,0.617480931766646,35.172904853003,21.7185980615719
2021-09-17,0.574623788909503,35.172904853003,20.211187853586
2021-09-18,0.555143269428984,32.5992776686369,18.0972695859904
2021-09-19,0.499020820449392,28.3098990280268,14.1272290398054
2021-09-20,0.966553287981859,30.8835262123929,29.8505738050623
2021-09-21,1.18877551020408,27.4520232999048,32.6342930044786
2021-09-22,1.47448979591837,23.1626446592947,34.153083196613
2021-09-23,1.67857142857143,24.8783961155387,41.7601649082257
2021-09-24,2.03571428571429,22.3047689311726,45.4061367527443
2021-09-25,2.16428571428571,24.0205203874167,51.9872691241947
2021-09-26,2.14642857142857,22.3047689311726,47.8755933129813
2021-09-27,1.59285714285714,21.4468932030506,34.1618370305735
2021-09-28,1.30714285714286,24.8783961155387,32.519617779597
2021-09-29,1.03730158730159,22.3047689311726,23.1367722167005
2021-09-30,0.771995464852608,18.8732660186845,14.5700757733813
2021-10-01,0.400566893424036,18.8732660186845,7.56000553786989
2021-10-02,0.486281179138322,18.8732660186845,9.17771405375714
2021-10-03,0.825566893424036,19.7311417468066,16.2893773956204
2021-10-04,1.37913832199546,16.2996388343185,22.4794565510941
2021-10-05,1.95056689342404,17.1575145624405,33.4668798789372
2021-10-06,2.36326530612245,18.0153902905625,42.5751468499416
2021-10-07,2.62857142857143,16.2996388343185,42.8447649359228
2021-10-08,2.66666666666667,16.2996388343185,43.4657035581826
2021-10-09,2.48809523809524,15.4417631061964,38.4205772523221
2021-10-10,2.17380952380952,14.5838873780744,31.7025932766237
2021-10-11,1.72142857142857,12.8681359218304,22.1515768368651
2021-10-12,1.22142857142857,9.43663300934227,11.5261731756966
2021-10-13,1.00714285714286,11.1523844655863,11.2320443546262
2021-10-14,0.816666666666667,12.0102601937083,9.80837915819514
2021-10-15,0.792857142857143,12.8681359218304,10.2025934808798
2021-10-16,0.742857142857143,12.8681359218304,9.55918668478827
2021-10-17,0.842857142857143,13.7260116499524,11.5690669621027
2021-10-18,0.866666666666667,13.7260116499524,11.8958767632921
2021-10-19,0.866666666666667,12.8681359218304,11.1523844655863
2021-10-20,0.652380952380952,13.7260116499524,8.95458855258799
2021-10-21,0.596258503401311,13.7260116499524,8.18425116406957
2021-10-22,0.61230158730153,12.0102601937083,7.35390138051199
2021-10-23,0.654761904761835,10.2945087374643,6.74045214952948
2021-10-24,0.443452380952294,8.57875728122024,3.80427034196895
