"fecha","rho7dpromedio","incidenciaAcum14d","riesgopor10"
2020-02-19,0.5,0.0282772002630911,0.0141386001315455
2020-02-20,0.4,0.0282772002630911,0.0113108801052364
2020-02-21,0.333333333333333,0.0282772002630911,0.00942573342103036
2020-02-22,0.285714285714286,0.0282772002630911,0.00807920007516888
2020-02-23,0.142857142857143,0.0282772002630911,0.00403960003758444
2020-02-24,0,0.0282772002630911,0
2020-02-25,0,0.0282772002630911,0
2020-02-26,0,0.0282772002630911,0
2020-02-27,0,0.0282772002630911,0
2020-02-28,0,0.0282772002630911,0
2020-02-29,0,0.0282772002630911,0
2020-03-01,0,0.0282772002630911,0
2020-03-02,0.142857142857143,0.0282772002630911,0.00403960003758444
2020-03-03,0.285714285714286,0.0282772002630911,0.00807920007516888
2020-03-04,0.428571428571429,0,0
2020-03-05,0.571428571428571,0,0
2020-03-06,0.714285714285714,0.0282772002630911,0.0201980001879222
2020-03-07,1.14285714285714,0.0282772002630911,0.0323168003006755
2020-03-08,1.42857142857143,0.0282772002630911,0.0403960003758444
2020-03-09,1.71428571428571,0.0565544005261821,0.0969504009020265
2020-03-10,2,0.0565544005261821,0.113108801052364
2020-03-11,2.42857142857143,0.113108801052364,0.274692802555742
2020-03-12,2.85714285714286,0.113108801052364,0.323168003006755
2020-03-13,3.28571428571429,0.141386001315455,0.46455400432221
2020-03-14,3.42857142857143,0.197940401841638,0.678652806314186
2020-03-15,3.71428571428571,0.311049202894002,1.15532561074915
2020-03-16,3.85714285714286,0.508989604735639,1.96324561826604
2020-03-17,3.96703296703297,0.650375606051095,2.58006147015874
2020-03-18,3.81524725274725,0.904870408418914,3.45230433981255
2020-03-19,3.55674385138671,1.2724740118391,4.52586411765809
2020-03-20,3.19695549159835,1.69663201578546,5.42405704008692
2020-03-21,2.80221864949309,2.26217602104729,6.33911183461477
2020-03-22,2.34449270197122,2.57322522394129,6.03290775805861
2020-03-23,1.87944710926605,2.96910602762456,5.5802777407234
2020-03-24,1.44036445279209,3.36498683130784,4.84680741592931
2020-03-25,1.15286445279209,3.81742203551729,4.40097016605312
2020-03-26,0.955440802480903,4.01536243735893,3.83644110940189
2020-03-27,0.853690700730802,4.26985723972675,3.64513741900282
2020-03-28,0.783121420387085,4.63746084314694,3.63169492247472
2020-03-29,0.767633082194665,4.86367844525166,3.73352047573229
2020-03-30,0.734609176830334,4.97678724630403,3.65599358226711
2020-03-31,0.680343076797644,5.03334164683021,3.42439914257819
2020-04-01,0.586295457750025,5.00506444656712,2.93444655076844
2020-04-02,0.498266465465714,4.83540124498857,2.40931828744897
2020-04-03,0.433830901030149,4.49607484183148,1.95053619973074
2020-04-04,0.395377624982888,3.95880803683275,1.5652241193661
2020-04-05,0.416210958316221,3.73259043472802,1.55354504184011
2020-04-06,0.485709027814291,3.33670963104475,1.62066999099333
2020-04-07,0.669167674430832,3.02566042815074,2.02467415232303
2020-04-08,0.794337742458043,2.65805682473056,2.11139485748167
2020-04-09,0.925595373715674,2.51667082341511,2.32941887131824
2020-04-10,1.00871225683256,2.26217602104729,2.2818846795431
2020-04-11,1.10175736961451,1.97940401841638,2.18082296473482
2020-04-12,1.10770975056689,1.69663201578546,1.87937582700952
2020-04-13,1.08985260770975,1.47041441368074,1.60253498316395
2020-04-14,1.00413832199546,1.38558281289146,1.39131680072259
2020-04-15,1.01547619047619,1.21591961131292,1.23473741482133
2020-04-16,1.01547619047619,1.04625640973437,1.06244847321835
2020-04-17,1.07057823129252,1.04625640973437,1.12009933661188
2020-04-18,1.07312925170068,1.15936521078673,1.24414872109937
2020-04-19,1.03384353741497,1.13108801052364,1.16936802992742
2020-04-20,0.947804576376005,1.18764241104982,1.12565291229126
2020-04-21,0.833518862090291,1.21591961131292,1.01349193081481
2020-04-22,0.674788703360132,1.10281081026055,0.744164276707254
2020-04-23,0.516058544629973,1.07453360999746,0.554522250931281
2020-04-24,0.356194599051742,1.07453360999746,0.382743068380666
2020-04-25,0.383405483405483,0.933147608682005,0.357773909995395
2020-04-26,0.654834054834055,0.876593208155823,0.57402308493667
2020-04-27,1.18730158730159,0.79176160736655,0.940059813190761
2020-04-28,1.58730158730159,0.706930006577277,1.12211112155123
2020-04-29,1.85714285714286,0.735207206840368,1.36538481270354
2020-04-30,2,0.735207206840368,1.47041441368074
2020-05-01,2.11904761904762,0.650375606051095,1.37817687948922
2020-05-02,2.07142857142857,0.53726680499873,1.11290981035451
2020-05-03,1.9047619047619,0.480712404472548,0.915642675185806
2020-05-04,1.47619047619048,0.480712404472548,0.709623073269
2020-05-05,1.11904761904762,0.424158003946366,0.474653004416172
2020-05-06,0.861904761904762,0.395880803683275,0.341211549841299
2020-05-07,0.804761904761905,0.424158003946366,0.341346203175885
2020-05-08,0.769047619047619,0.395880803683275,0.304451189499281
2020-05-09,0.84047619047619,0.395880803683275,0.332728389762372
2020-05-10,0.792857142857143,0.424158003946366,0.336296703128905
2020-05-11,1.22142857142857,0.480712404472548,0.587155865462898
2020-05-12,1.43571428571429,0.452435204209457,0.649567686043578
2020-05-13,1.78809523809524,0.395880803683275,0.70787257991938
2020-05-14,2.03571428571429,0.395880803683275,0.805900207498096
2020-05-15,2.5,0.424158003946366,1.06039500986592
2020-05-16,2.53571428571429,0.480712404472548,1.2189493113411
2020-05-17,2.60714285714286,0.565544005261821,1.47445401371832
2020-05-18,2.08928571428571,0.508989604735639,1.0634247098941
2020-05-19,1.88520408163265,0.622098405788004,1.17278245376871
2020-05-20,1.5328231292517,0.622098405788004,0.953566825062462
2020-05-21,1.28112244897959,0.650375606051095,0.833210789180765
2020-05-22,0.757312925170068,0.650375606051095,0.49253785267781
2020-05-23,0.745408163265306,0.678652806314186,0.505873341849503
2020-05-24,0.70969387755102,0.678652806314186,0.481635741623996
2020-05-25,1.22755102040816,0.678652806314186,0.833080944893842
2020-05-26,1.36020408163265,0.678652806314186,0.92310631716001
2020-05-27,1.66496598639456,0.735207206840368,1.22409499234136
2020-05-28,1.81190476190476,0.763484407103459,1.38336103287079
2020-05-29,2.10714285714286,0.79176160736655,1.66835481552237
2020-05-30,2.08333333333333,0.735207206840368,1.53168168091743
2020-05-31,2.21428571428571,0.735207206840368,1.62795881514653
2020-06-01,1.86734693877551,0.820038807629641,1.53129695710433
2020-06-02,1.81377551020408,0.79176160736655,1.43607781336127
2020-06-03,1.53996598639456,0.876593208155823,1.34992372446445
2020-06-04,1.37091836734694,0.933147608682005,1.27926919618803
2020-06-05,1.07201726844584,1.01797920947128,1.09129129147206
2020-06-06,0.948640645069217,1.01797920947128,0.965696453939885
2020-06-07,0.766100962529534,1.01797920947128,0.779874852211001
2020-06-08,0.913039738039738,1.04625640973437,0.955273678266266
2020-06-09,1.0951825951826,1.04625640973437,1.14584181003931
2020-06-10,1.60708735708736,1.07453360999746,1.72686937939236
2020-06-11,2.0577676291962,1.13108801052364,2.32751629382748
2020-06-12,2.56738301381159,1.18764241104982,3.04913295261156
2020-06-13,2.86108930751788,1.24419681157601,3.55975819404795
2020-06-14,3.13886708529566,1.38558281289146,4.34916028533638
2020-06-15,3.13350994243851,1.66835481552237,5.22780640195453
2020-06-16,3.09350994243851,1.78146361657474,5.51097540996642
2020-06-17,2.75249611755372,2.03595841894256,5.6039676436402
2020-06-18,2.41372060734964,2.26217602104729,5.46026087945404
2020-06-19,1.99040127961855,2.62977962446747,5.23431672965483
2020-06-20,1.69986255005543,3.28015523051856,5.57581303472694
2020-06-21,1.3597906722477,3.53465003288638,4.80638414437893
2020-06-22,1.03657638653341,3.67603603420184,3.81049214909957
2020-06-23,0.771134209662666,4.04363963762202,3.11818885611829
2020-06-24,0.586802412427643,4.1001940381482,2.40600375300681
2020-06-25,0.484156909782141,4.1284712384113,1.99882787691366
2020-06-26,0.478904808941805,4.1001940381482,1.96360264246369
2020-06-27,0.632447201508587,4.07191683788511,2.57527240889614
2020-06-28,0.983341590138825,3.95880803683275,3.89286058999348
2020-06-29,1.38334159013883,3.76086763499111,5.20256461449025
2020-06-30,1.69757497580078,3.7891448352542,6.43235745201231
2020-07-01,1.84877093805665,3.70431323446493,6.8484266533374
2020-07-02,1.97229556158128,3.70431323446493,7.30600055104196
2020-07-03,2.03925984729556,3.50637283262329,7.15040532721668
2020-07-04,2.02666384115117,3.11049202894002,6.30392172324167
2020-07-05,1.88786513985247,3.11049202894002,5.87218946922483
2020-07-06,1.78983558320222,3.30843243078166,5.92155008923323
2020-07-07,1.75247294583958,3.44981843209711,6.04571347030892
2020-07-08,1.79439669208227,3.7891448352542,6.79922895820075
2020-07-09,1.79536631069894,4.38296604077912,7.86902957055236
2020-07-10,1.77851723235793,5.00506444656712,8.90159336728163
2020-07-11,1.72104521129144,5.65544005261821,9.73326802030438
2020-07-12,1.63164354153263,6.13615245709076,10.0120135264717
2020-07-13,1.5050699235797,6.58858766130022,9.91628512789126
2020-07-14,1.42680905401448,7.21068606708822,10.2882721661775
2020-07-15,1.41129060673349,7.86106167313932,11.0942424982542
2020-07-16,1.4413302087812,8.5397144794535,12.3085484536026
2020-07-17,1.48403678358615,9.44458488787242,14.0161113793045
2020-07-18,1.51038186707409,10.1797920947128,15.3753733904384
2020-07-19,1.51347401302338,11.0846625031317,16.7763486416245
2020-07-20,1.49209879627001,12.3005821144446,18.3536837663832
2020-07-21,1.44304874146548,13.3185613239159,19.2193331566076
2020-07-22,1.40025506897256,14.0820457310194,19.7184559163632
2020-07-23,1.37530030340721,14.8455301381228,20.4170621032011
2020-07-24,1.39995972423651,15.9766181486465,22.3666219376111
2020-07-25,1.44083713950417,16.9380429575916,24.4049613638149
2020-07-26,1.47427748193327,18.323625770483,27.0141088607953
2020-07-27,1.49278334581729,20.189920987847,30.139177804025
2020-07-28,1.53123450609792,22.0844934054741,33.8165383521538
2020-07-29,1.56020000350195,23.8094026215227,37.147430053479
2020-07-30,1.58502036753396,25.2232626346772,39.9793850116216
2020-07-31,1.57807423877119,27.2874982538829,43.0616980349664
2020-08-01,1.56653687121092,30.3131586820336,47.4866807582732
2020-08-02,1.52825156754151,32.5753347030809,49.7833063231727
2020-08-03,1.47570147910751,35.8554899335995,52.9119995291374
2020-08-04,1.40322053379215,38.9659819625395,54.6778660092098
2020-08-05,1.34088002630503,41.7088703880593,55.9265912230939
2020-08-06,1.27662608629486,44.1972640112113,56.4233801795733
2020-08-07,1.2191031565052,46.5442716330479,56.7422684650843
2020-08-08,1.19287758691229,49.9658128648819,59.6030982783713
2020-08-09,1.19721596253963,52.1148800848768,62.3927663234532
2020-08-10,1.22265211228074,55.4798669161847,67.8325764741274
2020-08-11,1.23824643324221,58.4206957435462,72.3392181319743
2020-08-12,1.25923565009826,61.8705141756433,77.9095571398797
2020-08-13,1.27283104033103,65.2637782072142,83.069762711422
2020-08-14,1.30327603873308,67.8087262308924,88.373488113733
2020-08-15,1.33268718196211,69.9577934508873,93.2318546103503
2020-08-16,1.41686723696283,73.1248398803535,103.608189834626
2020-08-17,1.49995990012759,76.7725987142923,115.155819500026
2020-08-18,1.59086879801884,82.7390879698045,131.627033427698
2020-08-19,1.6446384893027,88.8469632266321,146.121135380181
2020-08-20,1.70212004336116,98.3198253147676,167.352145328034
2020-08-21,1.71155253774849,105.813283384487,181.104993704219
2020-08-22,1.70647238760045,114.381275064203,195.188487555595
2020-08-23,1.64530784895178,125.013502363126,205.685696663003
2020-08-24,1.59784463997217,137.879628482832,220.310225332647
2020-08-25,1.52844437786892,150.774031802802,230.449721237622
2020-08-26,1.48985447850011,164.460196730138,245.021760633405
2020-08-27,1.42787045143515,178.089807256948,254.289173483976
2020-08-28,1.3979911428947,195.960997823221,273.95173930967
2020-08-29,1.34650568291104,209.392667948189,281.948417352141
2020-08-30,1.32182932368636,226.556928507886,299.469591586038
2020-08-31,1.27416586208707,241.798339449692,308.091189636138
2020-09-01,1.26495809517961,259.782638817018,328.614151958708
2020-09-02,1.2443343284232,276.437909771978,343.981180806828
2020-09-03,1.24559855405408,290.322015101156,361.624682220066
2020-09-04,1.22291179067362,307.203503658221,375.682786759884
2020-09-05,1.21443540694543,322.699409402395,391.897588578649
2020-09-06,1.19272209669485,337.149058736835,402.125132235293
2020-09-07,1.18954001510601,353.860884092322,420.931681408605
2020-09-08,1.17433316232714,366.274575007819,430.12837994896
2020-09-09,1.17746779223553,379.225532728314,446.52585078095
2020-09-10,1.17127290561744,395.202150876961,462.889571563921
2020-09-11,1.17327417846511,408.718652602718,479.539041355821
2020-09-12,1.16039876156285,425.260814756627,493.472122784797
2020-09-13,1.15207134799729,439.512523689225,506.349785628335
2020-09-14,1.13692868079031,454.782211831294,517.054940144251
2020-09-15,1.13155494943006,465.301330329164,526.514023310356
2020-09-16,1.13098346335576,477.206031639925,539.712130398383
2020-09-17,1.13968068311131,492.588828583047,561.393972652528
2020-09-18,1.14718992686004,505.681172304858,580.112347070907
2020-09-19,1.15779722670438,519.197674030615,601.125627104012
2020-09-20,1.16791242967685,540.37729702767,631.113361913795
2020-09-21,1.17114576477897,552.395107139484,646.935190211031
2020-09-22,1.16817273079732,570.973227712335,666.995354628876
2020-09-23,1.15334855407096,586.865014260192,676.859915631827
2020-09-24,1.14218815766938,602.954741209891,688.687765020543
2020-09-25,1.12641985422241,617.630608146435,695.711379591607
2020-09-26,1.11087634621289,632.815464687715,702.979731239301
2020-09-27,1.0884047592013,647.293391222418,704.51720760603
2020-09-28,1.07079123523489,668.190242216842,715.492254835272
2020-09-29,1.05192371282641,683.375098758122,718.858471138758
2020-09-30,1.0325728930622,693.809385655203,716.408764579699
2020-10-01,1.00918996339747,705.714086965964,712.199573594262
2020-10-02,0.994514952503656,716.713917868306,712.782707987508
2020-10-03,0.991499475052018,725.479849949865,719.312890386108
2020-10-04,0.99409410622382,724.43359354013,720.155165688786
2020-10-05,1.00760783513441,733.142971221162,738.720602076165
2020-10-06,1.03412688733051,737.723877663783,762.900097317846
2020-10-07,1.07297359756668,743.577258118243,797.8387657119
2020-10-08,1.11367545792998,748.384382162968,833.457319512988
2020-10-09,1.14988784319522,754.43570301927,867.516443374297
2020-10-10,1.17657768356496,770.072994764759,906.050700356255
2020-10-11,1.18535022490785,783.108784086044,928.258173343703
2020-10-12,1.17442891050395,795.946633005487,934.782737019919
2020-10-13,1.13995466688286,811.923251154134,925.555699303861
2020-10-14,1.09561264658752,829.030957313304,908.29680124501
2020-10-15,1.04222699434587,837.429285791442,872.791407507621
2020-10-16,0.993365824008743,850.267134710885,844.626312899631
2020-10-17,0.948112735896643,857.817147181131,813.307362312955
2020-10-18,0.919258861857338,867.912107675054,797.835896293574
2020-10-19,0.89594134799409,875.801446548457,784.666728595798
2020-10-20,0.8831896460113,882.078985006863,779.043026522218
2020-10-21,0.86988395638912,883.012132615545,768.118087459204
2020-10-22,0.859604251656942,879.364373781606,755.905354458313
2020-10-23,0.846207024025773,871.503312108467,737.47222416791
2020-10-24,0.832882061464595,852.161707128513,709.750199334384
2020-10-25,0.817174027136797,834.036021759871,681.552574678667
2020-10-26,0.804203962517962,810.113510337296,651.49649510259
2020-10-27,0.790091992544658,783.193615686833,618.795004366265
2020-10-28,0.784926792645194,756.075780634529,593.464137490172
2020-10-29,0.787360930039403,729.240717584856,574.175649620214
2020-10-30,0.800808358194741,699.973815312556,560.544881819757
2020-10-31,0.816310153651742,672.940811861041,549.328417528814
2020-11-01,0.838943800296851,650.375606051095,545.628582560873
2020-11-02,0.860777231117036,624.784739812997,537.800478380409
2020-11-03,0.885729647117593,598.402111967533,530.022491467425
2020-11-04,0.901803042612752,575.186530551535,518.704963321247
2020-11-05,0.910092500213863,555.109718364741,505.201191479581
2020-11-06,0.898123889836166,537.125418997415,482.405170639839
2020-11-07,0.865730355696913,521.375018450873,451.370180174959
2020-11-08,0.805510516558467,504.691470295649,406.534286940501
2020-11-09,0.725001125708439,484.840875710959,351.510180679911
2020-11-10,0.628395288966348,464.679231923376,292.00224022115
2020-11-11,0.525775975821386,442.340243715534,232.571873284604
2020-11-12,0.438986975194284,416.975595079541,183.046855213804
2020-11-13,0.372357302963943,387.030040000927,144.113461860772
2020-11-14,0.304347011731914,358.441790534942,109.090687829146
2020-11-15,0.248954994533121,324.056715015024,80.6755377149863
