"fecha","rho7dpromedio","incidenciaAcum14d","riesgopor10"
2020-03-02,0,0,0
2020-03-03,0,0,0
2020-03-04,0.166666666666667,0,0
2020-03-05,0.428571428571429,0,0
2020-03-06,0.714285714285714,0,0
2020-03-07,0.857142857142857,0,0
2020-03-08,0.857142857142857,0.840103164668621,0.720088426858818
2020-03-09,0.857142857142857,1.68020632933724,1.44017685371764
2020-03-10,0.928571428571429,1.68020632933724,1.56019159152744
2020-03-11,0.857142857142857,1.68020632933724,1.44017685371764
2020-03-12,1,1.68020632933724,1.68020632933724
2020-03-13,1,1.68020632933724,1.68020632933724
2020-03-14,1.14285714285714,2.52030949400586,2.88035370743527
2020-03-15,1.28571428571429,2.52030949400586,3.24039792086468
2020-03-16,1.42857142857143,4.20051582334311,6.00073689049015
2020-03-17,1.4047619047619,4.20051582334311,5.90072460898198
2020-03-18,1.33333333333333,4.20051582334311,5.60068776445748
2020-03-19,0.904761904761905,5.04061898801173,4.56056003677252
2020-03-20,0.761904761904762,5.04061898801173,3.8404716099137
2020-03-21,0.619047619047619,5.04061898801173,3.12038318305488
2020-03-22,0.619047619047619,4.20051582334311,2.6003193192124
2020-03-23,0.476190476190476,3.36041265867448,1.60019650413071
2020-03-24,0.428571428571429,4.20051582334311,1.80022106714705
2020-03-25,0.428571428571429,4.20051582334311,1.80022106714705
2020-03-26,0.428571428571429,4.20051582334311,1.80022106714705
2020-03-27,0.285714285714286,4.20051582334311,1.20014737809803
2020-03-28,0.285714285714286,3.36041265867448,0.960117902478424
2020-03-29,0.428571428571429,3.36041265867448,1.44017685371764
2020-03-30,0.857142857142857,1.68020632933724,1.44017685371764
2020-03-31,1.42857142857143,1.68020632933724,2.40029475619606
2020-04-01,2,2.52030949400586,5.04061898801173
2020-04-02,2.57142857142857,2.52030949400586,6.48079584172936
2020-04-03,2.71428571428571,3.36041265867448,9.12112007354503
2020-04-04,2.61904761904762,5.04061898801173,13.2016211590783
2020-04-05,2.33333333333333,5.88072215268035,13.7216850229208
2020-04-06,1.9047619047619,6.72082531734897,12.8015720330457
2020-04-07,1.33333333333333,5.88072215268035,7.84096287024047
2020-04-08,0.761904761904762,5.88072215268035,4.48055021156598
2020-04-09,0.19047619047619,5.88072215268035,1.1201375528915
2020-04-10,0.0476190476190476,5.88072215268035,0.280034388222874
2020-04-11,0,5.88072215268035,0
2020-04-12,0,5.88072215268035,0
2020-04-13,0.142857142857143,5.88072215268035,0.840103164668621
2020-04-14,0.285714285714286,5.88072215268035,1.68020632933724
2020-04-15,0.428571428571429,5.04061898801173,2.16026528057645
2020-04-16,0.428571428571429,4.20051582334311,1.80022106714705
2020-04-17,0.428571428571429,4.20051582334311,1.80022106714705
2020-04-18,0.428571428571429,2.52030949400586,1.08013264028823
2020-04-19,0.428571428571429,1.68020632933724,0.720088426858818
2020-04-20,0.428571428571429,0.840103164668621,0.360044213429409
2020-04-21,0.428571428571429,0.840103164668621,0.360044213429409
2020-04-22,0.428571428571429,0.840103164668621,0.360044213429409
2020-04-23,0.714285714285714,0.840103164668621,0.600073689049015
2020-04-24,1,1.68020632933724,1.68020632933724
2020-04-25,1.28571428571429,1.68020632933724,2.16026528057645
2020-04-26,1.28571428571429,1.68020632933724,2.16026528057645
2020-04-27,1.14285714285714,3.36041265867448,3.8404716099137
2020-04-28,1,3.36041265867448,3.36041265867448
2020-04-29,0.857142857142857,3.36041265867448,2.88035370743527
2020-04-30,0.571428571428571,3.36041265867448,1.92023580495685
2020-05-01,0.285714285714286,2.52030949400586,0.720088426858818
2020-05-02,0,2.52030949400586,0
2020-05-03,0,2.52030949400586,0
2020-05-04,0,2.52030949400586,0
2020-05-05,0,2.52030949400586,0
2020-05-06,0,2.52030949400586,0
2020-05-07,0.571428571428571,2.52030949400586,1.44017685371764
2020-05-08,1.14285714285714,1.68020632933724,1.92023580495685
2020-05-09,1.71428571428571,1.68020632933724,2.88035370743527
2020-05-10,1.85714285714286,1.68020632933724,3.12038318305488
2020-05-11,2.28571428571429,3.36041265867448,7.68094321982739
2020-05-12,2.42857142857143,3.36041265867448,8.16100217106661
2020-05-13,2.57142857142857,3.36041265867448,8.64106112230582
2020-05-14,2.07142857142857,4.20051582334311,8.70106849121072
2020-05-15,1.64285714285714,5.88072215268035,9.66118639368915
2020-05-16,1.07142857142857,6.72082531734897,7.20088426858818
2020-05-17,0.928571428571429,7.56092848201759,7.02086216187348
2020-05-18,0.5,7.56092848201759,3.7804642410088
2020-05-19,0.357142857142857,7.56092848201759,2.70033160072057
2020-05-20,0.214285714285714,7.56092848201759,1.62019896043234
2020-05-21,0.142857142857143,7.56092848201759,1.08013264028823
2020-05-22,0,7.56092848201759,0
2020-05-23,0,7.56092848201759,0
2020-05-24,0,7.56092848201759,0
2020-05-25,0,4.20051582334311,0
2020-05-26,0,4.20051582334311,0
2020-05-27,0,4.20051582334311,0
2020-05-28,0,3.36041265867448,0
2020-05-29,0,1.68020632933724,0
2020-05-30,0,0.840103164668621,0
2020-05-31,0,0,0
2020-06-01,0,0,0
2020-06-02,0,0,0
2020-06-03,0,0,0
2020-06-04,0,0,0
2020-06-05,0,0,0
2020-06-06,0,0,0
2020-06-07,0,0,0
2020-06-08,0,0,0
2020-06-09,0.142857142857143,0,0
2020-06-10,0.428571428571429,0,0
2020-06-11,0.857142857142857,0,0
2020-06-12,1.14285714285714,0,0
2020-06-13,1.28571428571429,0.840103164668621,1.08013264028823
2020-06-14,1.28571428571429,1.68020632933724,2.16026528057645
2020-06-15,1.35714285714286,2.52030949400586,3.42042002757939
2020-06-16,1.26190476190476,2.52030949400586,3.18039055195978
2020-06-17,1.04761904761905,2.52030949400586,2.64032423181567
2020-06-18,0.619047619047619,2.52030949400586,1.56019159152744
2020-06-19,0.476190476190476,3.36041265867448,1.60019650413071
2020-06-20,0.476190476190476,3.36041265867448,1.60019650413071
2020-06-21,0.619047619047619,3.36041265867448,2.08025545536992
2020-06-22,0.547619047619048,3.36041265867448,1.84022597975031
2020-06-23,0.5,4.20051582334311,2.10025791167155
2020-06-24,0.428571428571429,4.20051582334311,1.80022106714705
2020-06-25,0.428571428571429,4.20051582334311,1.80022106714705
2020-06-26,0.285714285714286,4.20051582334311,1.20014737809803
2020-06-27,0.142857142857143,3.36041265867448,0.480058951239212
2020-06-28,0,2.52030949400586,0
2020-06-29,0,1.68020632933724,0
2020-06-30,0,1.68020632933724,0
2020-07-01,0.142857142857143,1.68020632933724,0.240029475619606
2020-07-02,0.285714285714286,1.68020632933724,0.480058951239212
2020-07-03,0.428571428571429,0.840103164668621,0.360044213429409
2020-07-04,0.428571428571429,0.840103164668621,0.360044213429409
2020-07-05,0.428571428571429,1.68020632933724,0.720088426858818
2020-07-06,0.428571428571429,1.68020632933724,0.720088426858818
2020-07-07,0.428571428571429,0.840103164668621,0.360044213429409
2020-07-08,0.285714285714286,0.840103164668621,0.240029475619606
2020-07-09,0.285714285714286,0.840103164668621,0.240029475619606
2020-07-10,0.428571428571429,0.840103164668621,0.360044213429409
2020-07-11,0.714285714285714,0.840103164668621,0.600073689049015
2020-07-12,0.857142857142857,0.840103164668621,0.720088426858818
2020-07-13,0.857142857142857,1.68020632933724,1.44017685371764
2020-07-14,0.857142857142857,2.52030949400586,2.16026528057645
2020-07-15,1.07142857142857,2.52030949400586,2.70033160072057
2020-07-16,1.21428571428571,2.52030949400586,3.06037581414998
2020-07-17,1.5,2.52030949400586,3.7804642410088
2020-07-18,1.78571428571429,2.52030949400586,4.50055266786761
2020-07-19,2.21428571428571,4.20051582334311,9.30114218025974
2020-07-20,2.35714285714286,5.04061898801173,11.8814590431705
2020-07-21,2.53571428571429,8.40103164668621,21.30261596124
2020-07-22,2.42857142857143,9.24113481135483,22.4427559704332
2020-07-23,2.35714285714286,10.0812379760235,23.762918086341
2020-07-24,1.97619047619048,10.9213411406921,21.5826503494629
2020-07-25,1.88095238095238,13.4416506346979,25.2831047652652
2020-07-26,1.53809523809524,15.1218569640352,23.2588561875398
2020-07-27,1.56190476190476,17.642166458041,27.5553838011308
2020-07-28,1.47857142857143,18.4822696227097,27.3273557992922
2020-07-29,1.53214285714286,21.8426822813842,33.4661096382636
2020-07-30,1.50357142857143,23.5228886107214,35.368343232549
2020-07-31,1.52738095238095,24.36299177539,37.2115695807445
2020-08-01,1.33690476190476,26.8833012693959,35.9404134827757
2020-08-02,1.48928571428571,28.5635075987331,42.5392238166847
2020-08-03,1.62420634920635,31.9239202574076,51.8510339736386
2020-08-04,1.70479242979243,30.2437139280704,51.5592545533822
2020-08-05,1.81788766788767,35.2843329160821,64.1429536777886
2020-08-06,1.89747950462236,40.3249519040938,76.5157697629005
2020-08-07,1.95105093319379,43.6853645627683,85.2323712971
2020-08-08,1.84578777529905,44.5254677274369,82.1845640207756
2020-08-09,1.73269253720382,54.6067057034604,94.6166314536708
2020-08-10,1.611229459219,57.9671183621349,93.3983287711063
2020-08-11,1.6167239647135,63.0077373501466,101.866118936356
2020-08-12,1.48100967899922,66.3681500088211,98.291872540336
2020-08-13,1.40617974702643,76.4493879848445,107.501581056854
2020-08-14,1.32879879464548,81.4900069728563,108.283823041183
2020-08-15,1.41435751904268,89.0509354548739,125.949860138385
2020-08-16,1.44953067921584,93.251451278217,135.170839509176
2020-08-17,1.5994557166971,97.4519671015601,155.870105883968
2020-08-18,1.66813703537841,112.573824065595,187.788565137993
2020-08-19,1.68361322585461,126.855577864962,213.575728666878
2020-08-20,1.59366613590752,142.817537993666,227.60347391419
2020-08-21,1.48278178216602,152.898775969689,226.715519523338
2020-08-22,1.30419197259319,160.459704451707,209.270258470592
2020-08-23,1.11085554711391,159.619601287038,177.314319517817
2020-08-24,0.907052133206246,162.980013945713,147.831369319442
2020-08-25,0.758555892604743,168.020632933724,127.453041191055
2020-08-26,0.685570544619395,173.901355086405,119.221646716637
2020-08-27,0.65472785524012,173.901355086405,113.858061239072
2020-08-28,0.654870237774529,175.581561415742,114.98313887315
2020-08-29,0.650156962047899,168.860736098393,109.785983190903
2020-08-30,0.66215620619,168.020632933724,111.255904865037
2020-08-31,0.66578048888405,165.500323439718,110.186886250164
2020-09-01,0.721419586628411,155.419085463695,112.122372389385
2020-09-02,0.736071601280426,141.137331664328,103.887181718609
2020-09-03,0.744307268052678,126.015474700293,93.7942337065366
2020-09-04,0.689417769280469,115.93423672427,79.9271228656799
2020-09-05,0.620996716648891,112.573824065595,69.9079751253445
2020-09-06,0.505797101449275,103.33268925424,52.2653747097535
2020-09-07,0.397610645048478,94.0915544428856,37.4118036556497
2020-09-08,0.280545752556557,83.1702133021935,23.3330500811533
2020-09-09,0.203321569734535,70.5686658321642,14.3481319110675
2020-09-10,0.117788325804533,58.8072215268035,6.92680416885846
