"fecha","rho7dpromedio","incidenciaAcum14d","riesgopor10"
2020-02-09,0,0,0
2020-02-10,0,0,0
2020-02-11,0,0,0
2020-02-12,0,0,0
2020-02-13,0,0,0
2020-02-14,0,0,0
2020-02-15,0,0,0
2020-02-16,0,0,0
2020-02-17,0,0,0
2020-02-18,0,0,0
2020-02-19,0,0,0
2020-02-20,0,0,0
2020-02-21,0,0,0
2020-02-22,0,0,0
2020-02-23,0,0,0
2020-02-24,0,0,0
2020-02-25,0,0,0
2020-02-26,0,0,0
2020-02-27,0,0,0
2020-02-28,0,0,0
2020-02-29,0,0,0
2020-03-01,0,0,0
2020-03-02,0,0,0
2020-03-03,0,0,0
2020-03-04,0,0,0
2020-03-05,0,0,0
2020-03-06,0,0,0
2020-03-07,0,0,0
2020-03-08,0,0,0
2020-03-09,0,0,0
2020-03-10,0,0,0
2020-03-11,0,0,0
2020-03-12,0,0,0
2020-03-13,0,0,0
2020-03-14,0,0,0
2020-03-15,0,0,0
2020-03-16,0,0,0
2020-03-17,0,0,0
2020-03-18,0,0,0
2020-03-19,0,0,0
2020-03-20,0,0,0
2020-03-21,0,0,0
2020-03-22,0,0,0
2020-03-23,0,0,0
2020-03-24,0,0,0
2020-03-25,0,0,0
2020-03-26,0,0,0
2020-03-27,0,0,0
2020-03-28,0,0,0
2020-03-29,0,0,0
2020-03-30,0,0,0
2020-03-31,0,0,0
2020-04-01,0,0,0
2020-04-02,0,0,0
2020-04-03,0,0,0
2020-04-04,0,0,0
2020-04-05,0,0,0
2020-04-06,0,0,0
2020-04-07,0,0,0
2020-04-08,0,0,0
2020-04-09,0,0,0
2020-04-10,0,0,0
2020-04-11,0,0,0
2020-04-12,0,0,0
2020-04-13,0,0,0
2020-04-14,0,0,0
2020-04-15,0,0,0
2020-04-16,0,0,0
2020-04-17,0,0,0
2020-04-18,0,0,0
2020-04-19,0,0,0
2020-04-20,0,0,0
2020-04-21,0,0,0
2020-04-22,0,0,0
2020-04-23,0,0,0
2020-04-24,0,0,0
2020-04-25,0,0,0
2020-04-26,0,0,0
2020-04-27,0,0,0
2020-04-28,0,0,0
2020-04-29,0,0,0
2020-04-30,0,0,0
2020-05-01,0.142857142857143,0,0
2020-05-02,0.285714285714286,0,0
2020-05-03,0.428571428571429,0,0
2020-05-04,0.428571428571429,0,0
2020-05-05,0.428571428571429,6.38406537282942,2.73602801692689
2020-05-06,0.428571428571429,6.38406537282942,2.73602801692689
2020-05-07,0.428571428571429,6.38406537282942,2.73602801692689
2020-05-08,0.285714285714286,6.38406537282942,1.82401867795126
2020-05-09,0.142857142857143,6.38406537282942,0.912009338975631
2020-05-10,0,6.38406537282942,0
2020-05-11,0,6.38406537282942,0
2020-05-12,0,6.38406537282942,0
2020-05-13,0,6.38406537282942,0
2020-05-14,0,6.38406537282942,0
2020-05-15,0,6.38406537282942,0
2020-05-16,0,6.38406537282942,0
2020-05-17,0,6.38406537282942,0
2020-05-18,0,6.38406537282942,0
2020-05-19,0,0,0
2020-05-20,0,0,0
2020-05-21,0,0,0
2020-05-22,0,0,0
2020-05-23,0,0,0
2020-05-24,0,0,0
2020-05-25,0,0,0
2020-05-26,0,0,0
2020-05-27,0,0,0
2020-05-28,0,0,0
2020-05-29,0,0,0
2020-05-30,0,0,0
2020-05-31,0,0,0
2020-06-01,0,0,0
2020-06-02,0,0,0
2020-06-03,0.142857142857143,0,0
2020-06-04,0.285714285714286,0,0
2020-06-05,0.428571428571429,0,0
2020-06-06,0.428571428571429,0,0
2020-06-07,0.428571428571429,6.38406537282942,2.73602801692689
2020-06-08,0.428571428571429,6.38406537282942,2.73602801692689
2020-06-09,0.428571428571429,6.38406537282942,2.73602801692689
2020-06-10,0.285714285714286,6.38406537282942,1.82401867795126
2020-06-11,0.142857142857143,6.38406537282942,0.912009338975631
2020-06-12,0,6.38406537282942,0
2020-06-13,0,6.38406537282942,0
2020-06-14,0,6.38406537282942,0
2020-06-15,0,6.38406537282942,0
2020-06-16,0,6.38406537282942,0
2020-06-17,0,6.38406537282942,0
2020-06-18,0,6.38406537282942,0
2020-06-19,0,6.38406537282942,0
2020-06-20,0,6.38406537282942,0
2020-06-21,0,0,0
2020-06-22,0,0,0
2020-06-23,0,0,0
2020-06-24,0,0,0
2020-06-25,0,0,0
2020-06-26,0.285714285714286,0,0
2020-06-27,0.571428571428571,0,0
2020-06-28,0.857142857142857,0,0
2020-06-29,0.857142857142857,0,0
2020-06-30,1,12.7681307456588,12.7681307456588
2020-07-01,1.07142857142857,12.7681307456588,13.6801400846345
2020-07-02,1.14285714285714,12.7681307456588,14.5921494236101
2020-07-03,0.857142857142857,12.7681307456588,10.9441120677076
2020-07-04,0.571428571428571,19.1521961184883,10.9441120677076
2020-07-05,0.285714285714286,19.1521961184883,5.47205603385379
2020-07-06,0.285714285714286,19.1521961184883,5.47205603385379
2020-07-07,0.142857142857143,19.1521961184883,2.73602801692689
2020-07-08,0.0714285714285714,19.1521961184883,1.36801400846345
2020-07-09,0,19.1521961184883,0
2020-07-10,0.142857142857143,19.1521961184883,2.73602801692689
2020-07-11,0.285714285714286,19.1521961184883,5.47205603385379
2020-07-12,0.428571428571429,19.1521961184883,8.20808405078068
2020-07-13,0.571428571428571,19.1521961184883,10.9441120677076
2020-07-14,0.714285714285714,12.7681307456588,9.12009338975631
2020-07-15,0.857142857142857,12.7681307456588,10.9441120677076
2020-07-16,0.857142857142857,12.7681307456588,10.9441120677076
2020-07-17,0.714285714285714,19.1521961184883,13.6801400846345
2020-07-18,0.571428571428571,12.7681307456588,7.29607471180505
2020-07-19,0.571428571428571,12.7681307456588,7.29607471180505
2020-07-20,0.571428571428571,12.7681307456588,7.29607471180505
2020-07-21,0.571428571428571,12.7681307456588,7.29607471180505
2020-07-22,0.428571428571429,12.7681307456588,5.47205603385379
2020-07-23,0.428571428571429,19.1521961184883,8.20808405078068
2020-07-24,0.428571428571429,19.1521961184883,8.20808405078068
2020-07-25,0.428571428571429,19.1521961184883,8.20808405078068
2020-07-26,0.428571428571429,19.1521961184883,8.20808405078068
2020-07-27,0.571428571428571,19.1521961184883,10.9441120677076
2020-07-28,0.857142857142857,12.7681307456588,10.9441120677076
2020-07-29,1.28571428571429,12.7681307456588,16.4161681015614
2020-07-30,1.85714285714286,19.1521961184883,35.5683642200496
2020-07-31,2.42857142857143,19.1521961184883,46.5124762877572
2020-08-01,2.78571428571429,25.5362614913177,71.1367284400992
2020-08-02,3.02380952380952,31.9203268641471,96.520988374921
2020-08-03,3.30952380952381,44.6884576098059,147.897514470548
2020-08-04,3.3452380952381,51.0725229826353,170.849749501435
2020-08-05,3.38095238095238,63.8406537282942,215.842210224233
2020-08-06,3.23809523809524,89.3769152196119,289.410963568267
2020-08-07,2.98809523809524,121.297242083759,362.447711464565
2020-08-08,2.8452380952381,140.449438202247,399.612092027822
2020-08-09,2.72802197802198,172.369765066394,470.228507447609
2020-08-10,2.40934065934066,217.0582226762,522.967201337988
2020-08-11,2.14505494505494,255.362614913177,547.766839901671
2020-08-12,1.7521978021978,287.282941777324,503.376539191146
2020-08-13,1.37918192918193,363.891726251277,501.872893024578
2020-08-14,1.11132478632479,389.427987742594,432.78097526693
2020-08-15,0.983995593778202,402.196118488253,395.759208427137
2020-08-16,0.822300146368469,402.196118488253,330.725927101721
2020-08-17,0.791775115843439,408.580183861083,323.503622407942
2020-08-18,0.857081238292418,434.1164453524,372.073060545738
2020-08-19,0.992001873213053,459.652706843718,455.976346216419
2020-08-20,1.03848713398403,453.268641470889,470.713652405937
2020-08-21,1.09920141969831,446.884576098059,491.216160488266
2020-08-22,1.13469387755102,459.652706843718,521.565112255321
2020-08-23,1.17551020408163,453.268641470889,532.821913239249
2020-08-24,1.06317809174952,414.964249233912,441.180898644783
2020-08-25,0.912157683586255,421.348314606742,384.336102634658
2020-08-26,0.801046572475144,414.964249233912,332.405689548547
2020-08-27,0.746624803767661,344.739530132789,257.391084036349
2020-08-28,0.687284144427002,338.355464759959,232.546346109749
2020-08-29,0.707692307692308,331.97139938713,234.933605720123
2020-08-30,0.832692307692308,338.355464759959,281.745992771274
2020-08-31,1.00851648351648,319.203268641471,321.921758017264
2020-09-01,1.39423076923077,306.435137895812,427.241298027815
2020-09-02,1.64184981684982,312.819203268642,513.602151593725
2020-09-03,1.73708791208791,319.203268641471,554.48413945605
2020-09-04,1.75833333333333,319.203268641471,561.265747361253
2020-09-05,1.68690476190476,319.203268641471,538.465513886862
2020-09-06,1.5108843537415,312.819203268642,472.633639768471
2020-09-07,1.36802721088435,319.203268641471,436.67875730476
2020-09-08,1.0108843537415,293.667007150153,296.863382738182
2020-09-09,0.864455782312925,287.282941777324,248.343400179275
2020-09-10,0.900170068027211,293.667007150153,264.350249803701
2020-09-11,1.06207482993197,306.435137895812,325.457046965875
2020-09-12,1.19302721088435,300.051072522983,357.969094174953
2020-09-13,1.30119047619048,312.819203268642,407.037368062649
2020-09-14,1.31417748917749,344.739530132789,453.048930130135
2020-09-15,1.27132034632035,363.891726251277,462.622955440882
2020-09-16,1.14155844155844,357.507660878447,408.115888197604
2020-09-17,0.996600458365164,338.355464759959,337.205211270133
2020-09-18,0.799321546800538,338.355464759959,270.454813460346
2020-09-19,0.62075011822911,312.819203268642,194.182557413345
2020-09-20,0.481974608025028,306.435137895812,147.693955472429
2020-09-21,0.387354941976791,300.051072522983,116.226265787214
2020-09-22,0.394497799119648,287.282941777324,113.332488255772
2020-09-23,0.363545418167267,268.130745658836,97.4777040540424
2020-09-24,0.472789115646258,261.746680286006,123.750981495765
2020-09-25,0.622448979591837,229.826353421859,143.055179170749
2020-09-26,0.789115646258503,223.44228804903,176.321805535289
2020-09-27,0.918367346938775,197.906026557712,181.750432553001
2020-09-28,1.28571428571429,178.753830439224,229.826353421859
2020-09-29,1.39285714285714,153.217568947906,213.410185320298
2020-09-30,1.39285714285714,114.91317671093,160.057638990223
2020-10-01,1.25,114.91317671093,143.641470888662
2020-10-02,1.05952380952381,95.7609805924413,101.461038961039
2020-10-03,0.869047619047619,89.3769152196119,77.6727953694246
2020-10-04,0.821428571428571,76.608784473953,62.9286443893185
2020-10-05,0.821428571428571,70.2247191011236,57.6845906902087
2020-10-06,1.03571428571429,63.8406537282942,66.1206770757333
2020-10-07,1.28571428571429,63.8406537282942,82.0808405078068
2020-10-08,1.57142857142857,70.2247191011236,110.353130016051
2020-10-09,1.71428571428571,63.8406537282942,109.441120677076
2020-10-10,1.80952380952381,63.8406537282942,115.521182936913
2020-10-11,1.80952380952381,76.608784473953,138.625419524296
2020-10-12,1.52380952380952,63.8406537282942,97.2809961574007
2020-10-13,1.16666666666667,57.4565883554648,67.0326864147089
2020-10-14,0.928571428571429,63.8406537282942,59.280607033416
2020-10-15,0.714285714285714,57.4565883554648,41.0404202539034
2020-10-16,0.666666666666667,51.0725229826353,34.0483486550902
2020-10-17,0.714285714285714,51.0725229826353,36.4803735590252
2020-10-18,0.857142857142857,57.4565883554648,49.2485043046841
2020-10-19,1,57.4565883554648,57.4565883554648
2020-10-20,1.07142857142857,63.8406537282942,68.4007004231723
2020-10-21,1.16666666666667,70.2247191011236,81.9288389513109
2020-10-22,1.30952380952381,51.0725229826353,66.8806848582129
2020-10-23,1.42857142857143,57.4565883554648,82.0808405078068
2020-10-24,1.42857142857143,57.4565883554648,82.0808405078068
2020-10-25,1.14285714285714,51.0725229826353,58.3685976944404
2020-10-26,0.857142857142857,63.8406537282942,54.7205603385379
2020-10-27,0.714285714285714,57.4565883554648,41.0404202539034
2020-10-28,0.571428571428571,51.0725229826353,29.1842988472202
2020-10-29,0.357142857142857,44.6884576098059,15.9601634320735
2020-10-30,0.142857142857143,44.6884576098059,6.38406537282942
2020-10-31,0,44.6884576098059,0
2020-11-01,0,38.3043922369765,0
2020-11-02,0.142857142857143,38.3043922369765,5.47205603385379
2020-11-03,0.285714285714286,31.9203268641471,9.12009338975631
2020-11-04,0.428571428571429,25.5362614913177,10.9441120677076
2020-11-05,0.428571428571429,25.5362614913177,10.9441120677076
2020-11-06,0.428571428571429,25.5362614913177,10.9441120677076
2020-11-07,0.428571428571429,25.5362614913177,10.9441120677076
2020-11-08,0.428571428571429,19.1521961184883,8.20808405078068
2020-11-09,0.285714285714286,6.38406537282942,1.82401867795126
2020-11-10,0.142857142857143,6.38406537282942,0.912009338975631
2020-11-11,0,6.38406537282942,0
2020-11-12,0,6.38406537282942,0
2020-11-13,0,6.38406537282942,0
2020-11-14,0.142857142857143,6.38406537282942,0.912009338975631
2020-11-15,0.285714285714286,6.38406537282942,1.82401867795126
2020-11-16,0.428571428571429,6.38406537282942,2.73602801692689
2020-11-17,0.428571428571429,6.38406537282942,2.73602801692689
2020-11-18,0.571428571428571,12.7681307456588,7.29607471180505
2020-11-19,0.714285714285714,12.7681307456588,9.12009338975631
2020-11-20,0.857142857142857,6.38406537282942,5.47205603385379
2020-11-21,0.714285714285714,6.38406537282942,4.56004669487816
2020-11-22,0.571428571428571,12.7681307456588,7.29607471180505
2020-11-23,0.428571428571429,12.7681307456588,5.47205603385379
2020-11-24,0.428571428571429,12.7681307456588,5.47205603385379
2020-11-25,0.285714285714286,12.7681307456588,3.64803735590252
2020-11-26,0.142857142857143,12.7681307456588,1.82401867795126
2020-11-27,0,12.7681307456588,0
2020-11-28,0,12.7681307456588,0
2020-11-29,0,12.7681307456588,0
2020-11-30,0,12.7681307456588,0
2020-12-01,0.142857142857143,12.7681307456588,1.82401867795126
2020-12-02,0.285714285714286,6.38406537282942,1.82401867795126
2020-12-03,0.428571428571429,6.38406537282942,2.73602801692689
2020-12-04,0.428571428571429,6.38406537282942,2.73602801692689
2020-12-05,0.428571428571429,12.7681307456588,5.47205603385379
2020-12-06,0.428571428571429,6.38406537282942,2.73602801692689
2020-12-07,0.428571428571429,6.38406537282942,2.73602801692689
2020-12-08,0.285714285714286,6.38406537282942,1.82401867795126
2020-12-09,0.142857142857143,6.38406537282942,0.912009338975631
2020-12-10,0,6.38406537282942,0
2020-12-11,0,6.38406537282942,0
2020-12-12,0,6.38406537282942,0
2020-12-13,0.285714285714286,6.38406537282942,1.82401867795126
2020-12-14,0.857142857142857,6.38406537282942,5.47205603385379
2020-12-15,1.42857142857143,6.38406537282942,9.12009338975631
2020-12-16,1.85714285714286,6.38406537282942,11.8561214066832
2020-12-17,2.14285714285714,19.1521961184883,41.0404202539034
2020-12-18,2.21428571428571,31.9203268641471,70.6807237706114
2020-12-19,2.32142857142857,31.9203268641471,74.10075879177
2020-12-20,2.09285714285714,31.9203268641471,66.804684079965
2020-12-21,1.61666666666667,38.3043922369765,61.9254341164454
2020-12-22,1.11666666666667,38.3043922369765,42.7732379979571
2020-12-23,0.830952380952381,51.0725229826353,42.438834573666
2020-12-24,0.64047619047619,51.0725229826353,32.710734957926
2020-12-25,0.64047619047619,51.0725229826353,32.710734957926
2020-12-26,0.604761904761905,57.4565883554648,34.7475558149715
2020-12-27,0.547619047619048,57.4565883554648,31.4643221946593
2020-12-28,0.452380952380952,63.8406537282942,28.8802957342283
2020-12-29,0.380952380952381,63.8406537282942,24.3202490393502
2020-12-30,0.380952380952381,63.8406537282942,24.3202490393502
2020-12-31,0.428571428571429,51.0725229826353,21.8882241354151
2021-01-01,0.5,38.3043922369765,19.1521961184883
2021-01-02,0.428571428571429,31.9203268641471,13.6801400846345
2021-01-03,0.428571428571429,38.3043922369765,16.4161681015614
2021-01-04,0.571428571428571,31.9203268641471,18.2401867795126
2021-01-05,1,31.9203268641471,31.9203268641471
2021-01-06,1.42857142857143,19.1521961184883,27.3602801692689
2021-01-07,1.71428571428571,19.1521961184883,32.8323362031227
2021-01-08,1.85714285714286,25.5362614913177,47.4244856267328
2021-01-09,2.14285714285714,31.9203268641471,68.4007004231723
2021-01-10,2.23809523809524,38.3043922369765,85.7288778637093
2021-01-11,2.20238095238095,31.9203268641471,70.3007198793716
2021-01-12,1.86904761904762,38.3043922369765,71.592733109587
2021-01-13,1.58333333333333,44.6884576098059,70.7567245488594
2021-01-14,1.29761904761905,44.6884576098059,57.9885938032006
2021-01-15,1.22619047619048,57.4565883554648,70.4527214358675
2021-01-16,1.03571428571429,57.4565883554648,59.5086093681599
2021-01-17,1.22619047619048,63.8406537282942,78.2808015954083
2021-01-18,1.29761904761905,63.8406537282942,82.8408482902865
2021-01-19,1.70238095238095,70.2247191011236,119.549224184056
2021-01-20,1.89285714285714,76.608784473953,145.009484897125
2021-01-21,2.32142857142857,89.3769152196119,207.482124616956
2021-01-22,2.42857142857143,95.7609805924413,232.562381438786
2021-01-23,2.47619047619048,102.145045965271,252.930590009242
2021-01-24,2.29251700680272,127.681307456588,292.711568795036
2021-01-25,2.21394557823129,140.449438202247,310.947412672934
2021-01-26,1.81394557823129,146.833503575077,266.347984546219
2021-01-27,1.44886621315193,146.833503575077,212.742102288651
2021-01-28,1.07743764172336,159.601634320735,171.960808497727
2021-01-29,0.984580498866213,172.369765066394,169.711909278522
2021-01-30,1.00498866213152,178.753830439224,179.645572904
2021-01-31,1.02539682539683,178.753830439224,183.293610259902
2021-02-01,1.04784580498866,204.290091930541,214.064515830166
2021-02-02,1.02947845804989,210.674157303371,216.884506611633
2021-02-03,1.00765306122449,217.0582226762,218.71938254362
2021-02-04,0.914795918367347,217.0582226762,198.563976152259
2021-02-05,0.829081632653061,217.0582226762,179.958985637156
2021-02-06,0.737244897959184,197.906026557712,145.905208355048
2021-02-07,0.650510204081633,185.137895812053,120.434090387943
2021-02-08,0.585204081632653,191.521961184883,112.079433407684
2021-02-09,0.575,178.753830439224,102.783452502554
2021-02-10,0.533333333333333,172.369765066394,91.9305413687436
2021-02-11,0.473809523809524,165.985699693565,78.6456053309986
2021-02-12,0.473809523809524,146.833503575077,69.5711124081911
2021-02-13,0.545238095238095,146.833503575077,80.0592198064108
2021-02-14,0.604761904761905,134.065372829418,81.0776302349336
2021-02-15,0.619047619047619,108.5291113381,67.1846879712048
2021-02-16,0.833333333333333,102.145045965271,85.1208716377256
2021-02-17,1.07142857142857,95.7609805924413,102.601050634759
2021-02-18,1.30952380952381,82.9928498467824,108.681112894596
2021-02-19,1.30952380952381,70.2247191011236,91.9609416800428
2021-02-20,1.45238095238095,82.9928498467824,120.537234301279
2021-02-21,1.42857142857143,63.8406537282942,91.2009338975631
2021-02-22,1.42857142857143,57.4565883554648,82.0808405078068
2021-02-23,1.21428571428571,57.4565883554648,69.7687144316358
2021-02-24,1,57.4565883554648,57.4565883554648
2021-02-25,0.857142857142857,57.4565883554648,49.2485043046841
2021-02-26,1,51.0725229826353,51.0725229826353
2021-02-27,1,51.0725229826353,51.0725229826353
2021-02-28,1.14285714285714,51.0725229826353,58.3685976944404
2021-03-01,1.35714285714286,57.4565883554648,77.9767984824165
2021-03-02,1.42857142857143,57.4565883554648,82.0808405078068
2021-03-03,1.42857142857143,51.0725229826353,72.9607471180505
2021-03-04,1.35714285714286,63.8406537282942,86.640887202685
2021-03-05,1.16666666666667,63.8406537282942,74.4807626830099
2021-03-06,0.952380952380952,51.0725229826353,48.6404980787003
2021-03-07,0.80952380952381,57.4565883554648,46.5124762877572
2021-03-08,0.523809523809524,44.6884576098059,23.4082397003745
2021-03-09,0.380952380952381,51.0725229826353,19.4561992314801
2021-03-10,0.30952380952381,51.0725229826353,15.8081618755776
2021-03-11,0.380952380952381,44.6884576098059,17.0241743275451
2021-03-12,0.428571428571429,44.6884576098059,19.1521961184883
2021-03-13,0.5,38.3043922369765,19.1521961184883
2021-03-14,0.571428571428571,38.3043922369765,21.8882241354151
2021-03-15,0.714285714285714,38.3043922369765,27.3602801692689
2021-03-16,1,31.9203268641471,31.9203268641471
2021-03-17,1.14285714285714,31.9203268641471,36.4803735590252
2021-03-18,1.14285714285714,25.5362614913177,29.1842988472202
2021-03-19,1.14285714285714,25.5362614913177,29.1842988472202
2021-03-20,1.14285714285714,31.9203268641471,36.4803735590252
2021-03-21,1.21428571428571,25.5362614913177,31.0083175251715
2021-03-22,1.64285714285714,25.5362614913177,41.952429592879
2021-03-23,1.92857142857143,25.5362614913177,49.2485043046841
2021-03-24,2.35714285714286,25.5362614913177,60.1926163723917
2021-03-25,2.78571428571429,38.3043922369765,106.705092660149
2021-03-26,2.83333333333333,51.0725229826353,144.705481784133
2021-03-27,2.76190476190476,57.4565883554648,158.68962498176
2021-03-28,2.63333333333333,76.608784473953,201.73646578141
2021-03-29,2.13333333333333,70.2247191011236,149.812734082397
2021-03-30,1.63333333333333,76.608784473953,125.127681307457
2021-03-31,1.24047619047619,82.9928498467824,102.950654214699
2021-04-01,1.16904761904762,82.9928498467824,97.0225935113575
2021-04-02,1.50238095238095,89.3769152196119,134.278175008512
2021-04-03,1.9547619047619,82.9928498467824,162.231261248115
2021-04-04,2.44047619047619,108.5291113381,264.862712194173
2021-04-05,2.6547619047619,127.681307456588,338.963470985943
2021-04-06,2.74659863945578,146.833503575077,403.292701145831
2021-04-07,2.63296227581942,172.369765066394,453.843088911672
2021-04-08,2.19789734075448,185.137895812053,406.914088878192
2021-04-09,1.72170686456401,185.137895812053,318.753186110548
2021-04-10,1.25504019789734,191.521961184883,240.367760067162
2021-04-11,0.719325912183055,178.753830439224,128.58226213691
2021-04-12,0.462183055040198,191.521961184883,88.5182051277192
2021-04-13,0.298917748917749,191.521961184883,57.2493135056976
2021-04-14,0.233982683982684,191.521961184883,44.8128225196662
2021-04-15,0.169047619047619,185.137895812053,31.2971204825137
2021-04-16,0.137585034013565,178.753830439224,24.5938518410357
2021-04-17,0.0938492063491594,178.753830439224,16.7759051185934
2021-04-18,0.0626190476189913,153.217568947906,9.59433824601501
2021-04-19,0.0282738095237391,134.065372829418,3.79053881510803
