"fecha","rho7dpromedio","incidenciaAcum14d","riesgopor10"
2020-01-01,1.25,0,0
2020-01-02,1.2,0.322481820087393,0.386978184104871
2020-01-03,1,0.322481820087393,0.322481820087393
2020-01-04,0.857142857142857,0.644963640174785,0.552825977292673
2020-01-05,0.714285714285714,0.644963640174785,0.460688314410561
2020-01-06,0.571428571428571,0.644963640174785,0.368550651528449
2020-01-07,0.285714285714286,0.644963640174785,0.184275325764224
2020-01-08,0.142857142857143,0.644963640174785,0.0921376628821122
2020-01-09,0.142857142857143,0.644963640174785,0.0921376628821122
2020-01-10,0.285714285714286,0.644963640174785,0.184275325764224
2020-01-11,0.428571428571429,0.644963640174785,0.276412988646336
2020-01-12,0.428571428571429,0.644963640174785,0.276412988646336
2020-01-13,0.428571428571429,0.967445460262178,0.414619482969505
2020-01-14,0.428571428571429,0.967445460262178,0.414619482969505
2020-01-15,0.571428571428571,0.967445460262178,0.552825977292673
2020-01-16,0.571428571428571,0.644963640174785,0.368550651528449
2020-01-17,0.571428571428571,0.644963640174785,0.368550651528449
2020-01-18,0.428571428571429,0.322481820087393,0.138206494323168
2020-01-19,0.428571428571429,0.644963640174785,0.276412988646336
2020-01-20,0.428571428571429,0.644963640174785,0.276412988646336
2020-01-21,0.428571428571429,0.644963640174785,0.276412988646336
2020-01-22,0.285714285714286,0.644963640174785,0.184275325764224
2020-01-23,0.142857142857143,0.644963640174785,0.0921376628821122
2020-01-24,0,0.644963640174785,0
2020-01-25,0,0.644963640174785,0
2020-01-26,0,0.644963640174785,0
2020-01-27,0,0.322481820087393,0
2020-01-28,0,0.322481820087393,0
2020-01-29,0,0.322481820087393,0
2020-01-30,0,0.322481820087393,0
2020-01-31,0,0.322481820087393,0
2020-02-01,0,0.322481820087393,0
2020-02-02,0,0,0
2020-02-03,0,0,0
2020-02-04,0,0,0
2020-02-05,0,0,0
2020-02-06,0.142857142857143,0,0
2020-02-07,0.285714285714286,0,0
2020-02-08,0.428571428571429,0,0
2020-02-09,0.428571428571429,0,0
2020-02-10,0.428571428571429,0.322481820087393,0.138206494323168
2020-02-11,0.428571428571429,0.322481820087393,0.138206494323168
2020-02-12,0.428571428571429,0.322481820087393,0.138206494323168
2020-02-13,0.285714285714286,0.322481820087393,0.0921376628821122
2020-02-14,0.142857142857143,0.322481820087393,0.0460688314410561
2020-02-15,0,0.322481820087393,0
2020-02-16,0,0.322481820087393,0
2020-02-17,0,0.322481820087393,0
2020-02-18,0,0.322481820087393,0
2020-02-19,0,0.322481820087393,0
2020-02-20,0,0.322481820087393,0
2020-02-21,0,0.322481820087393,0
2020-02-22,0,0.322481820087393,0
2020-02-23,0,0.322481820087393,0
2020-02-24,0,0,0
2020-02-25,0.142857142857143,0,0
2020-02-26,0.285714285714286,0,0
2020-02-27,0.428571428571429,0,0
2020-02-28,0.428571428571429,0,0
2020-02-29,0.428571428571429,0.322481820087393,0.138206494323168
2020-03-01,0.428571428571429,0.322481820087393,0.138206494323168
2020-03-02,0.428571428571429,0.322481820087393,0.138206494323168
2020-03-03,0.285714285714286,0.322481820087393,0.0921376628821122
2020-03-04,0.142857142857143,0.322481820087393,0.0460688314410561
2020-03-05,0,0.322481820087393,0
2020-03-06,0,0.322481820087393,0
2020-03-07,0,0.322481820087393,0
2020-03-08,0.142857142857143,0.322481820087393,0.0460688314410561
2020-03-09,0.285714285714286,0.322481820087393,0.0921376628821122
2020-03-10,0.571428571428571,0.322481820087393,0.184275325764224
2020-03-11,0.714285714285714,0.322481820087393,0.23034415720528
2020-03-12,1,0.644963640174785,0.644963640174785
2020-03-13,1.14285714285714,0.644963640174785,0.737101303056897
2020-03-14,1.57142857142857,0.644963640174785,1.01351429170323
2020-03-15,1.57142857142857,0.644963640174785,1.01351429170323
2020-03-16,1.71428571428571,0.967445460262178,1.65847793187802
2020-03-17,1.57142857142857,0.967445460262178,1.52027143755485
2020-03-18,1.85714285714286,1.61240910043696,2.99447404366865
2020-03-19,1.71428571428571,1.61240910043696,2.76412988646336
2020-03-20,1.64285714285714,1.61240910043696,2.64895780786072
2020-03-21,1.21428571428571,2.25737274061175,2.74109547074284
2020-03-22,1.14285714285714,2.57985456069914,2.94840521222759
2020-03-23,0.904761904761905,2.57985456069914,2.33415412634684
2020-03-24,0.80952380952381,2.57985456069914,2.08845369199454
2020-03-25,0.523809523809524,2.57985456069914,1.35135238893765
2020-03-26,0.523809523809524,2.57985456069914,1.35135238893765
2020-03-27,0.880952380952381,2.57985456069914,2.27272901775877
2020-03-28,1.16666666666667,2.25737274061175,2.63360153071371
2020-03-29,1.66666666666667,2.57985456069914,4.29975760116523
2020-03-30,1.9047619047619,2.25737274061175,4.29975760116523
2020-03-31,2.14285714285714,2.90233638078653,6.21929224454257
2020-04-01,2,2.25737274061175,4.5147454812235
2020-04-02,1.92857142857143,2.90233638078653,5.59736302008831
2020-04-03,1.67857142857143,2.90233638078653,4.87177892489168
2020-04-04,1.96428571428571,2.25737274061175,4.43412502620165
2020-04-05,1.96428571428571,1.93489092052436,3.80067859388713
2020-04-06,2.25,2.25737274061175,5.07908866637643
2020-04-07,2.53571428571429,3.54730002096132,8.9949393388662
2020-04-08,2.62142857142857,4.83722730131089,12.6804458541507
2020-04-09,2.61349206349206,5.48219094148567,14.3276625161209
2020-04-10,2.47388167388167,6.12715458166046,15.1578554326099
2020-04-11,1.95007215007215,6.44963640174785,12.57725632514
2020-04-12,1.37864357864358,6.12715458166046,8.44716231936277
2020-04-13,0.902453102453102,7.09460004192264,6.40254381849699
2020-04-14,0.438167388167388,6.44963640174785,2.82602033678317
2020-04-15,0.59054834054834,6.44963640174785,3.80882207419236
2020-04-16,0.717532467532467,5.80467276157307,4.16504116983002
2020-04-17,1.10714285714286,6.44963640174785,7.14066887336369
2020-04-18,1.20238095238095,6.77211822183524,8.14266595720666
2020-04-19,1.29761904761905,7.41708186201003,9.62454670189397
2020-04-20,1.25952380952381,7.41708186201003,9.34199120238882
2020-04-21,1.22380952380952,6.12715458166046,7.49847013088923
2020-04-22,1.03333333333333,5.15970912139828,5.33169942544489
2020-04-23,0.914285714285714,4.5147454812235,4.12776729711863
2020-04-24,0.485714285714286,3.86978184104871,1.87960832279509
2020-04-25,0.342857142857143,3.86978184104871,1.32678234550242
2020-04-26,0.247619047619048,3.86978184104871,0.958231693973967
2020-04-27,0.19047619047619,2.90233638078653,0.552825977292673
2020-04-28,0.119047619047619,2.90233638078653,0.345516235807921
2020-04-29,0.214285714285714,2.90233638078653,0.621929224454257
2020-04-30,0.714285714285714,2.90233638078653,2.07309741484752
2020-05-01,1.28571428571429,2.25737274061175,2.90233638078653
2020-05-02,1.71428571428571,1.93489092052436,3.31695586375604
2020-05-03,1.71428571428571,1.61240910043696,2.76412988646336
2020-05-04,2.14285714285714,2.25737274061175,4.83722730131089
2020-05-05,2.28571428571429,2.25737274061175,5.15970912139828
2020-05-06,2.39285714285714,1.93489092052436,4.62991755982614
2020-05-07,2.05952380952381,1.61240910043696,3.32079493304279
2020-05-08,2.05952380952381,2.57985456069914,5.31327189286847
2020-05-09,1.82142857142857,2.57985456069914,4.69902080698772
2020-05-10,1.96428571428571,3.54730002096132,6.96791075545973
2020-05-11,1.63775510204082,3.86978184104871,6.33775495396243
2020-05-12,1.63775510204082,4.1922636611361,6.86590120012597
2020-05-13,1.55918367346939,4.83722730131089,7.54212583306432
2020-05-14,1.53537414965986,5.15970912139828,7.92208400475913
2020-05-15,1.10680272108844,5.80467276157307,6.42462760753699
2020-05-16,1.00204081632653,6.44963640174785,6.46279892501672
2020-05-17,0.916326530612245,6.77211822183524,6.20547159511025
2020-05-18,0.90952380952381,6.44963640174785,5.86609787016114
2020-05-19,0.838095238095238,6.44963640174785,5.40540955575058
2020-05-20,0.738095238095238,6.77211822183524,4.99846821135458
2020-05-21,0.571428571428571,7.09460004192264,4.05405716681293
2020-05-22,0.714285714285714,6.77211822183524,4.83722730131089
2020-05-23,0.807142857142857,6.44963640174785,5.20577795283934
2020-05-24,1.08333333333333,5.48219094148567,5.93904018660948
2020-05-25,1.27380952380952,5.48219094148567,6.98326703260675
2020-05-26,1.77380952380952,6.12715458166046,10.8684051508025
2020-05-27,1.73809523809524,5.80467276157307,10.0890740855913
2020-05-28,1.74761904761905,6.44963640174785,11.2715074259117
2020-05-29,1.48231292517007,5.80467276157307,8.60434146086239
2020-05-30,1.37517006802721,5.48219094148567,7.53894488994101
2020-05-31,1.07755102040816,4.83722730131089,5.21235921447377
2020-06-01,0.93469387755102,4.5147454812235,4.21990496000074
2020-06-02,0.363265306122449,4.5147454812235,1.6400503993016
2020-06-03,0.470408163265306,4.5147454812235,2.12377312943269
2020-06-04,0.48469387755102,4.1922636611361,2.0319645296323
2020-06-05,0.892857142857143,3.54730002096132,3.16723216157261
2020-06-06,1.10714285714286,3.54730002096132,3.92736788035003
2020-06-07,1.35714285714286,3.86978184104871,5.25184678428039
2020-06-08,1.35714285714286,3.54730002096132,4.81419288559036
2020-06-09,1.64285714285714,3.22481820087393,5.29791561572145
2020-06-10,1.64285714285714,2.90233638078653,4.7681240541493
2020-06-11,1.85714285714286,1.93489092052436,3.59336885240237
2020-06-12,2,2.25737274061175,4.5147454812235
2020-06-13,2.28571428571429,2.25737274061175,5.15970912139828
2020-06-14,2.57142857142857,2.57985456069914,6.63391172751208
2020-06-15,2.85714285714286,2.90233638078653,8.29238965939009
2020-06-16,2.85714285714286,4.83722730131089,13.8206494323168
2020-06-17,2.79365079365079,5.48219094148567,15.3153270746266
2020-06-18,2.5988455988456,6.77211822183524,17.5996896356786
2020-06-19,2.12631812631813,7.41708186201003,15.7710756075773
2020-06-20,1.6977466977467,8.06204550218481,13.6873111284179
2020-06-21,1.30488955488955,8.06204550218481,10.5200789668453
2020-06-22,1.19060384060384,9.35197278253438,11.134494712108
2020-06-23,1.25182833039976,9.99693642270917,12.5144482311526
2020-06-24,1.42643150500293,10.3194182427966,14.719943294827
2020-06-25,1.65298273155416,11.9318273432335,19.7231045542508
2020-06-26,1.86836734693878,13.2217546235831,24.7030946079394
2020-06-27,2.21901669758813,15.1566455441074,33.6328495417991
2020-06-28,2.4185965295209,16.1240910043696,38.9976705448475
2020-06-29,2.54181081523519,18.3814637449814,46.7222033468471
2020-06-30,2.53058632543927,19.3489092052436,48.9640850469553
2020-07-01,2.55583885069179,24.8311001467292,63.4642904604292
2020-07-02,2.41507026255478,28.7008819877779,69.3146465977767
2020-07-03,2.21824486572939,32.2481820087393,71.5343641699926
2020-07-04,1.82386373665438,37.4078911301375,68.2268960969729
2020-07-05,1.54905594119577,40.9551911510989,63.4418821754181
2020-07-06,1.24776856578049,45.147454812235,56.3335749397018
2020-07-07,1.06706947763459,46.4373820925845,49.5519130522521
2020-07-08,1.00792591849103,49.0172366532837,49.4057432756532
2020-07-09,1.07072998748705,52.8870184943324,56.627716650664
2020-07-10,1.17175706498472,56.1118366952063,65.7494410768767
2020-07-11,1.21200452285288,59.981618536255,72.6979929539773
2020-07-12,1.2151036348381,66.1087731179155,80.3290105102665
2020-07-13,1.16911657416316,68.0436640384398,79.5509753941297
2020-07-14,1.10182067484038,69.6560731388768,76.7485015126083
2020-07-15,0.972402795422504,66.7537367580903,64.9115202284649
2020-07-16,0.868621282817462,65.7862912978281,57.1433727389227
2020-07-17,0.796750429212862,65.4638094777407,52.1583182992989
2020-07-18,0.859758559294163,62.8839549170415,54.0650184821947
2020-07-19,0.961479247569473,62.5614730969542,60.1515580800973
2020-07-20,1.11367792608394,62.5614730969542,69.6733316113722
2020-07-21,1.16881577069547,63.5289185572163,74.2536019049026
2020-07-22,1.21368756556726,68.0436640384398,82.5837489590909
2020-07-23,1.15920577285018,68.0436640384398,78.8766081592375
2020-07-24,1.11623068807943,68.3661458585272,76.3123900330024
2020-07-25,1.00058442957603,63.8514003773037,63.8887170241549
2020-07-26,0.924000111638325,61.594027636692,56.9128884125575
2020-07-27,0.816711004349218,59.3366548960802,48.4608990149006
2020-07-28,0.851193762969907,59.0141730759928,50.2324960491117
2020-07-29,0.858519770295915,59.6591367161676,51.2185483496168
2020-07-30,0.945354504189472,58.3692094358181,55.1795950461292
2020-07-31,0.988651823117043,58.6916912559055,58.0256475619735
2020-08-01,1.069264068015,59.981618536255,64.1361894422001
2020-08-02,1.09641527937674,59.6591367161676,65.411189050032
2020-08-03,1.12344230640377,59.3366548960802,66.6613084307367
2020-08-04,1.10324526206879,59.0141730759928,65.1071068409967
2020-08-05,1.14292780175133,56.4343185152937,64.5003516040191
2020-08-06,1.1246863588327,55.7893548751189,62.7455263961229
2020-08-07,1.11346186903678,54.4994275947693,60.6830345111066
2020-08-08,1.07196527039733,58.3692094358181,62.5697653757449
2020-08-09,1.03661173504379,58.6916912559055,60.8404959054386
2020-08-10,0.989356405179765,59.0141730759928,58.3860501291208
2020-08-11,0.941848099531925,58.6916912559055,55.278657867689
2020-08-12,0.887127965864423,59.6591367161676,52.9252886002413
2020-08-13,0.926491371081486,59.981618536255,55.5724519973416
2020-08-14,0.986265807171712,59.3366548960802,58.5217138359519
2020-08-15,1.12296372958392,58.6916912559055,65.9086405083195
2020-08-16,1.3026174092376,59.0141730759928,76.8728892405491
2020-08-17,1.54485343408232,62.2389912768668,96.1501194078872
2020-08-18,1.68594774556106,63.8514003773037,107.650124517032
2020-08-19,1.82735896591965,67.7211822183524,123.750909509385
2020-08-20,1.84195128933551,71.9134458794885,132.461064358283
2020-08-21,1.85870746549018,77.7181186410616,144.455247321993
2020-08-22,1.76590710210158,81.2654186620229,143.507179970525
2020-08-23,1.64227879242676,88.682500524033,145.641389869994
2020-08-24,1.45423214519644,95.1321369257808,138.344211558699
2020-08-25,1.37286999798115,102.549218787791,140.786745790162
2020-08-26,1.26710076721191,109.321337009626,138.521149997529
2020-08-27,1.25426692080206,117.705864331898,147.634572015915
2020-08-28,1.24440297522383,128.025282574695,159.315042539822
2020-08-29,1.29386689872427,135.764846256792,175.661640582053
2020-08-30,1.33558291779115,145.116819039327,193.815544593114
2020-08-31,1.38137266226036,155.758719102211,215.160836476485
2020-09-01,1.40036573486168,168.335510085619,235.731280284364
2020-09-02,1.40870625055514,180.58981924894,254.398007162604
2020-09-03,1.36703627296348,190.586755671649,260.539008149572
2020-09-04,1.31714328205925,198.648801173834,261.648933955239
2020-09-05,1.27909666291073,210.25814669698,268.940493789901
2020-09-06,1.2626335461545,218.320192199165,275.658398473563
2020-09-07,1.24728175326343,227.349683161612,283.5691114177
2020-09-08,1.24402181129381,237.991583224496,296.066720435618
2020-09-09,1.24815960676287,258.952901530176,323.21455174401
2020-09-10,1.2581015531499,274.754510714458,345.669076664801
2020-09-11,1.25407297542668,283.461519856818,355.481431625808
2020-09-12,1.23355257458325,299.585610861188,369.554601585915
2020-09-13,1.19428001442394,311.839920024509,372.42418418483
2020-09-14,1.16324402143143,321.51437462713,373.999674089273
2020-09-15,1.13398833088541,335.703574710976,380.683936358765
2020-09-16,1.1219298828786,347.635402054209,390.022545911135
2020-09-17,1.12781158253955,354.085038455957,399.34120757459
2020-09-18,1.16931635649214,366.984311259453,429.120757731681
2020-09-19,1.20949971117389,379.238620422774,458.689001867329
2020-09-20,1.23097037773747,392.782856866444,483.504061685688
2020-09-21,1.22694589344982,414.711620632387,508.828719900828
2020-09-22,1.22251320039438,437.607829858592,534.981348598065
2020-09-23,1.20148894163427,444.702429900514,534.305051843356
2020-09-24,1.17556286471472,448.894693561651,527.70393191857
2020-09-25,1.12133277903079,467.598639126719,524.333681482978
2020-09-26,1.05601482576252,481.14287557039,508.094009912344
2020-09-27,0.996280467759926,493.074702913623,491.240695659371
2020-09-28,0.9592615390365,507.908866637643,487.21744110111
2020-09-29,0.939369350624209,506.296457537206,475.599374540063
2020-09-30,0.935620912473439,506.941421177381,474.304995052563
2020-10-01,0.944896601385198,519.518212160789,490.890993028444
2020-10-02,0.965625114397051,524.032957642013,506.019384670894
2020-10-03,0.991962126543299,530.160112223673,525.898752329829
2020-10-04,1.01550029692542,529.192666763411,537.395310228999
2020-10-05,1.04501731218255,527.580257662974,551.330502823536
2020-10-06,1.06629306886203,521.775584901401,556.365689681795
2020-10-07,1.08412018196104,525.000403102275,569.163532540858
2020-10-08,1.09643114007923,529.515148583499,580.576898050626
2020-10-09,1.10501331954502,527.257775842887,582.626865140072
2020-10-10,1.11171417649736,529.837630403586,589.028004961437
2020-10-11,1.11630320022011,532.095003144198,593.979354830999
2020-10-12,1.10595789008652,541.446975926732,598.817555089654
2020-10-13,1.07841675205702,555.958657830665,599.555130055726
2020-10-14,1.04176395311956,564.665666973024,588.248337416712
2020-10-15,0.996145565348749,569.180412454248,566.986543749671
2020-10-16,0.95472032347096,574.662603395734,548.642066600639
2020-10-17,0.916910406735832,571.760267014947,524.252938984063
2020-10-18,0.891008197906794,576.597494316258,513.753094328302
2020-10-19,0.868431357144104,575.952530676083,500.175237865612
2020-10-20,0.85205998560767,572.405230655122,487.723592593758
2020-10-21,0.83922859292336,570.470339734597,478.755020519978
2020-10-22,0.836444626494066,565.633112433287,473.120777461936
2020-10-23,0.827537257390173,554.02376691014,458.47530859779
2020-10-24,0.80924149725844,537.254712265596,434.768807762963
2020-10-25,0.787309253521685,527.580257662974,415.368818833415
2020-10-26,0.772181363285131,508.231348457731,392.446775516331
2020-10-27,0.764319249958425,487.27003015205,372.429863973034
2020-10-28,0.76998498968028,466.631193666457,359.299014839764
2020-10-29,0.778234338415906,443.412502620165,345.078835621945
2020-10-30,0.814950756326354,425.998484335446,347.167787003052
2020-10-31,0.851826378677742,411.164320611425,350.240614267925
2020-11-01,0.885107633763508,396.97512052758,351.36570959315
2020-11-02,0.904958539967013,379.883584062948,343.778893591042
2020-11-03,0.955810531248963,367.629274899628,351.383932544484
2020-11-04,0.998353542701983,349.247811154646,348.672789547154
2020-11-05,1.04395343461335,334.736129250713,349.448931820461
2020-11-06,1.04124281190273,329.576420129315,343.169078432283
2020-11-07,1.04519860276179,334.091165610539,349.191619491191
2020-11-08,1.01996584465231,325.061674648092,331.551805546537
2020-11-09,1.00993161329012,317.322110965994,320.473631460512
2020-11-10,0.969039143006648,312.807365484771,303.12258137553
2020-11-11,0.955532178737531,312.807365484771,298.89750346681
2020-11-12,0.927326161453844,309.905029103984,287.383041054239
2020-11-13,0.935993200629357,310.549992744159,290.672681664029
2020-11-14,0.926320581581738,309.582547283897,286.772685247575
2020-11-15,0.93244124611103,306.357729083023,285.660582661919
2020-11-16,0.927564227796954,308.292620003547,285.96120600909
2020-11-17,0.92354768700563,304.100356342411,280.851180717622
2020-11-18,0.903738596260579,301.520501781712,272.49571502399
2020-11-19,0.879725459641174,297.005756300489,261.283525477522
2020-11-20,0.865197614604855,294.103419919702,254.457577361656
2020-11-21,0.863566255539489,278.946774375595,240.889021442351
2020-11-22,0.89634812453441,276.366919814895,247.720970259433
2020-11-23,0.907379809396651,265.725019752011,241.113517774502
2020-11-24,0.917299537909345,265.080056111837,243.157812980371
2020-11-25,0.897633786993594,261.532756090875,234.760638272724
2020-11-26,0.877394149687894,260.565310630613,228.618479158909
2020-11-27,0.813507725553023,250.245892387817,203.576966745399
2020-11-28,0.743944939151983,241.538883245457,179.691629798879
2020-11-29,0.667813815561607,232.50939228301,155.272984414427
2020-11-30,0.634846210399261,219.932601299602,139.623378478304
2020-12-01,0.615922277189613,207.355810316193,127.715062878447
2020-12-02,0.630418665632631,194.13405569261,122.385732343586
2020-12-03,0.704622333586299,190.586755671649,134.291684531999
2020-12-04,0.847183705961336,179.29989196859,151.899946956417
2020-12-05,1.00064538682028,169.302955545881,169.412221442024
2020-12-06,1.14662044350962,160.273464583434,183.77283104348
2020-12-07,1.26213137688833,157.693610022735,199.030053144486
2020-12-08,1.33001784181913,152.211419081249,202.44390310667
2020-12-09,1.34635423041216,146.406746319676,197.115342268376
2020-12-10,1.31393169798963,142.21448265854,186.860116678252
2020-12-11,1.23778519475578,139.312146277754,172.438512112256
2020-12-12,1.17498924516738,138.344700817491,162.553535586452
2020-12-13,1.1219285819582,137.377255357229,154.127469296246
2020-12-14,1.09306361131241,141.247037198278,154.391996567128
2020-12-15,1.09452813001831,146.729228139764,160.599267694845
2020-12-16,1.13244535298226,152.533900901337,172.736307247975
2020-12-17,1.15984219856093,158.016091842822,183.273731370984
2020-12-18,1.18092650444008,163.175800964221,192.698628241888
2020-12-19,1.18699658530262,171.237846466405,203.258739030197
2020-12-20,1.18618056963512,178.977410148503,212.299526321769
2020-12-21,1.17324061104298,179.622373788678,210.740263580819
2020-12-22,1.17777309383633,182.202228349377,214.59288218692
2020-12-23,1.20796559636926,188.974346571212,228.274509254386
2020-12-24,1.25546232568417,193.166610232348,242.513401726832
2020-12-25,1.2945223858586,199.616246634096,258.407699848909
2020-12-26,1.30841524300146,209.935664876893,274.683023974573
2020-12-27,1.32052963463392,225.092310421,297.241066439149
2020-12-28,1.31283068439619,234.121801383447,307.3622847423
2020-12-29,1.29433010506594,244.763701446331,316.805027409357
2020-12-30,1.27015938344268,252.180783308341,320.309788243015
2020-12-31,1.27018763469045,263.4676470114,334.653347374867
2021-01-01,1.27557412282191,275.399474354633,351.292442925527
2021-01-02,1.28734360334139,285.71889259743,367.818388739088
2021-01-03,1.27522921170893,308.292620003547,393.143754782804
2021-01-04,1.26995270021904,328.286492848966,416.908318038983
2021-01-05,1.24906096057161,341.185765652461,426.161820179222
2021-01-06,1.18845223306221,357.309856656831,424.645697038947
2021-01-07,1.0894278428183,368.274238539802,401.20820925797
2021-01-08,0.984502184179924,385.043293184347,379.07596314382
2021-01-09,0.893944093621833,394.072784146794,352.279037845138
2021-01-10,0.823614423292163,386.655702284784,318.455213249908
2021-01-11,0.779775379326201,390.203002305745,304.270694137185
2021-01-12,0.75416265503798,388.913075025395,293.303717240137
2021-01-13,0.747051879070419,390.203002305745,291.501886091426
2021-01-14,0.730200027218567,385.043293184347,281.158623163537
2021-01-15,0.716045978502306,380.851029523211,272.706848098558
2021-01-16,0.682861145317473,371.176574920589,253.46206106529
2021-01-17,0.626942777970534,346.990438414034,217.543149388508
2021-01-18,0.541486101196051,329.576420129315,178.461050781975
2021-01-19,0.442640502350452,310.872474564246,137.604748308046
2021-01-20,0.359054238307226,281.526628936294,101.083329315922
2021-01-21,0.30855710518559,257.018010609652,79.3047333342735
2021-01-22,0.24169709765128,223.80238314065,54.092386452535
2021-01-23,0.177762397705126,193.811573872523,34.4524100745837
