"fecha","rho7dpromedio","incidenciaAcum14d","riesgopor10"
2020-01-01,0,0,0
2020-01-02,0,0,0
2020-01-03,0,0,0
2020-01-04,0,0,0
2020-01-05,0,0,0
2020-01-06,0,0,0
2020-01-07,0,0,0
2020-01-08,0,0,0
2020-01-09,0,0,0
2020-01-10,0,0,0
2020-01-11,0,0,0
2020-01-12,0,0,0
2020-01-13,0,0,0
2020-01-14,0,0,0
2020-01-15,0,0,0
2020-01-16,0,0,0
2020-01-17,0,0,0
2020-01-18,0,0,0
2020-01-19,0,0,0
2020-01-20,0,0,0
2020-01-21,0,0,0
2020-01-22,0.142857142857143,0,0
2020-01-23,0.285714285714286,0,0
2020-01-24,0.428571428571429,0,0
2020-01-25,0.428571428571429,0,0
2020-01-26,0.571428571428571,0.426626620647875,0.243786640370214
2020-01-27,0.714285714285714,0.426626620647875,0.304733300462768
2020-01-28,0.857142857142857,0.426626620647875,0.365679960555322
2020-01-29,0.714285714285714,0.426626620647875,0.304733300462768
2020-01-30,0.571428571428571,0.85325324129575,0.487573280740429
2020-01-31,0.428571428571429,0.85325324129575,0.365679960555322
2020-02-01,0.428571428571429,0.85325324129575,0.365679960555322
2020-02-02,0.285714285714286,0.85325324129575,0.243786640370214
2020-02-03,0.142857142857143,0.85325324129575,0.121893320185107
2020-02-04,0,0.85325324129575,0
2020-02-05,0,0.85325324129575,0
2020-02-06,0,0.85325324129575,0
2020-02-07,0,0.85325324129575,0
2020-02-08,0,0.85325324129575,0
2020-02-09,0,0.426626620647875,0
2020-02-10,0,0.426626620647875,0
2020-02-11,0,0.426626620647875,0
2020-02-12,0,0.426626620647875,0
2020-02-13,0,0,0
2020-02-14,0,0,0
2020-02-15,0,0,0
2020-02-16,0,0,0
2020-02-17,0,0,0
2020-02-18,0,0,0
2020-02-19,0,0,0
2020-02-20,0,0,0
2020-02-21,0,0,0
2020-02-22,0,0,0
2020-02-23,0,0,0
2020-02-24,0,0,0
2020-02-25,0,0,0
2020-02-26,0,0,0
2020-02-27,0,0,0
2020-02-28,0,0,0
2020-02-29,0,0,0
2020-03-01,0,0,0
2020-03-02,0,0,0
2020-03-03,0,0,0
2020-03-04,0,0,0
2020-03-05,0,0,0
2020-03-06,0,0,0
2020-03-07,0,0,0
2020-03-08,0,0,0
2020-03-09,0,0,0
2020-03-10,0,0,0
2020-03-11,0,0,0
2020-03-12,0,0,0
2020-03-13,0,0,0
2020-03-14,0,0,0
2020-03-15,0,0,0
2020-03-16,0,0,0
2020-03-17,0,0,0
2020-03-18,0,0,0
2020-03-19,0,0,0
2020-03-20,0,0,0
2020-03-21,0,0,0
2020-03-22,0,0,0
2020-03-23,0.142857142857143,0,0
2020-03-24,0.285714285714286,0,0
2020-03-25,0.428571428571429,0,0
2020-03-26,0.428571428571429,0,0
2020-03-27,0.428571428571429,0.426626620647875,0.182839980277661
2020-03-28,0.428571428571429,0.426626620647875,0.182839980277661
2020-03-29,0.428571428571429,0.426626620647875,0.182839980277661
2020-03-30,0.285714285714286,0.426626620647875,0.121893320185107
2020-03-31,0.285714285714286,0.426626620647875,0.121893320185107
2020-04-01,0.285714285714286,0.426626620647875,0.121893320185107
2020-04-02,0.428571428571429,0.426626620647875,0.182839980277661
2020-04-03,0.571428571428571,0.426626620647875,0.243786640370214
2020-04-04,0.714285714285714,0.85325324129575,0.609466600925536
2020-04-05,1,0.85325324129575,0.85325324129575
2020-04-06,1.14285714285714,0.85325324129575,0.975146561480858
2020-04-07,1.14285714285714,1.27987986194363,1.46271984222129
2020-04-08,1,1.27987986194363,1.27987986194363
2020-04-09,0.857142857142857,1.7065064825915,1.46271984222129
2020-04-10,0.714285714285714,1.27987986194363,0.914199901388304
2020-04-11,0.714285714285714,1.27987986194363,0.914199901388304
2020-04-12,0.571428571428571,1.27987986194363,0.731359921110643
2020-04-13,0.571428571428571,1.27987986194363,0.731359921110643
2020-04-14,0.428571428571429,1.27987986194363,0.548519940832982
2020-04-15,0.428571428571429,1.7065064825915,0.731359921110643
2020-04-16,0.428571428571429,1.7065064825915,0.731359921110643
2020-04-17,0.428571428571429,1.7065064825915,0.731359921110643
2020-04-18,0.285714285714286,1.27987986194363,0.365679960555322
2020-04-19,0.142857142857143,1.27987986194363,0.182839980277661
2020-04-20,0,1.27987986194363,0
2020-04-21,0,0.85325324129575,0
2020-04-22,0,0.85325324129575,0
2020-04-23,0,0.426626620647875,0
2020-04-24,0,0.426626620647875,0
2020-04-25,0,0.426626620647875,0
2020-04-26,0.142857142857143,0.426626620647875,0.0609466600925536
2020-04-27,0.285714285714286,0.426626620647875,0.121893320185107
2020-04-28,0.428571428571429,0.426626620647875,0.182839980277661
2020-04-29,0.428571428571429,0,0
2020-04-30,0.428571428571429,0.426626620647875,0.182839980277661
2020-05-01,0.428571428571429,0.426626620647875,0.182839980277661
2020-05-02,0.428571428571429,0.426626620647875,0.182839980277661
2020-05-03,0.285714285714286,0.426626620647875,0.121893320185107
2020-05-04,0.142857142857143,0.426626620647875,0.0609466600925536
2020-05-05,0,0.426626620647875,0
2020-05-06,0,0.426626620647875,0
2020-05-07,0,0.426626620647875,0
2020-05-08,0,0.426626620647875,0
2020-05-09,0,0.426626620647875,0
2020-05-10,0,0.426626620647875,0
2020-05-11,0,0.426626620647875,0
2020-05-12,0,0.426626620647875,0
2020-05-13,0,0.426626620647875,0
2020-05-14,0,0,0
2020-05-15,0,0,0
2020-05-16,0,0,0
2020-05-17,0,0,0
2020-05-18,0,0,0
2020-05-19,0,0,0
2020-05-20,0,0,0
2020-05-21,0,0,0
2020-05-22,0,0,0
2020-05-23,0,0,0
2020-05-24,0,0,0
2020-05-25,0.428571428571429,0,0
2020-05-26,0.857142857142857,0,0
2020-05-27,1.42857142857143,0,0
2020-05-28,1.85714285714286,0,0
2020-05-29,2.28571428571429,1.27987986194363,2.92543968444257
2020-05-30,2.33333333333333,1.27987986194363,2.98638634453513
2020-05-31,2.47619047619048,2.13313310323938,5.28204387468798
2020-06-01,2.13333333333333,2.55975972388725,5.4608207442928
2020-06-02,2.27619047619048,2.55975972388725,5.82650070484812
2020-06-03,2.22857142857143,2.55975972388725,5.70460738466302
2020-06-04,2.37142857142857,3.83963958583088,9.10543101782751
2020-06-05,2.18095238095238,3.83963958583088,8.37407109671686
2020-06-06,2.37142857142857,7.67927917166175,18.210862035655
2020-06-07,2.31190476190476,8.5325324129575,19.7264023166232
2020-06-08,2.35606060606061,8.5325324129575,20.1031634881044
2020-06-09,1.92748917748918,9.81241227490113,18.9133184649339
2020-06-10,1.80367965367965,10.6656655161969,19.237443884517
2020-06-11,1.5465367965368,11.5189187574926,17.8144317147803
2020-06-12,1.63497217068646,12.7987986194363,20.9256795609985
2020-06-13,1.65401978973408,14.0786784813799,23.2864128215056
2020-06-14,1.81743970315399,15.3585583433235,27.9132537163631
2020-06-15,1.830426716141,16.2118115846193,29.6745330415313
2020-06-16,1.80445269016698,19.6248245498023,35.4120674529456
2020-06-17,1.48480983302412,22.6112108943374,33.5733482724942
2020-06-18,1.22607967429396,23.0378375149853,28.2462243168103
2020-06-19,0.959699437988912,24.3177173769289,23.3376996998118
2020-06-20,0.814801478805238,21.3313310323938,17.3808000700785
2020-06-21,0.758524422528182,22.1845842736895,16.8275489752281
2020-06-22,0.822016486020245,22.6112108943374,18.5867881240259
2020-06-23,0.847990511994271,22.6112108943374,19.1740923030996
2020-06-24,0.892633369137129,24.7443439975768,22.087627149645
2020-06-25,0.966947943451703,24.7443439975768,23.9264925405183
2020-06-26,1.10917851989281,23.891090756281,26.4994846836765
2020-06-27,1.26066988566989,23.0378375149853,29.0431079860979
2020-06-28,1.53958145029574,21.7579576530416,33.498147998943
2020-06-29,1.80261999904857,23.4644641356331,42.2975123178502
2020-06-30,1.91690571333428,23.4644641356331,44.9791653619226
2020-07-01,1.99358638560319,24.3177173769289,48.4794702915916
2020-07-02,2.01847816049497,25.1709706182246,50.8070544713469
2020-07-03,2.00864379196495,27.304103721464,54.8442184352857
2020-07-04,1.86913113071315,28.1573569627598,52.6297924576971
2020-07-05,1.55053702640476,31.5703699279428,48.9510275105708
2020-07-06,1.18829212844558,35.4100095137736,42.0774355734004
2020-07-07,1.06301740317086,37.9697692376609,40.3625254940149
2020-07-08,0.958110924450335,35.4100095137736,33.9267169500368
2020-07-09,0.924777591117002,38.3963958583088,35.5081264694216
2020-07-10,0.829975368168326,40.1029023409003,33.2844211350071
2020-07-11,0.793053352985441,42.6626620647875,33.8337671977645
2020-07-12,0.7017835117156,44.369168547379,31.137550915081
2020-07-13,0.689878749810838,43.0892886854354,29.7263846085465
2020-07-14,0.650447592732622,40.956155582196,26.6398328060221
2020-07-15,0.685541531052367,38.8230224789566,26.6147942703044
2020-07-16,0.642035037545873,37.543142617013,24.104012979704
2020-07-17,0.658576390929332,37.1165159963651,24.444061148757
2020-07-18,0.642703375056316,35.8366361344215,23.0323269942578
2020-07-19,0.687075669428611,32.4236231692385,22.2774825943056
2020-07-20,0.687075669428611,28.5839835834076,19.6393596555062
2020-07-21,0.808924408924409,26.0242238595204,21.051629903279
2020-07-22,0.927056277056277,26.8774771008161,24.9169338577479
2020-07-23,1.13484848484848,23.891090756281,27.1127681461431
2020-07-24,1.34199134199134,21.7579576530416,29.1989907897961
2020-07-25,1.55627705627706,20.478077791098,31.8695626229426
2020-07-26,1.73809523809524,20.9047044117459,36.334367191844
2020-07-27,1.79591836734694,20.478077791098,36.7769560329923
2020-07-28,1.73469387755102,22.6112108943374,39.223529102422
2020-07-29,1.59580498866213,23.0378375149853,36.7638960344011
2020-07-30,1.45294784580499,23.891090756281,34.71250884827
2020-07-31,1.29024943310658,23.0378375149853,29.7245567937111
2020-08-01,1.29024943310658,24.7443439975768,31.9263758154675
2020-08-02,1.38548752834467,24.7443439975768,34.2829800057129
2020-08-03,1.74263038548753,27.304103721464,47.5809607935263
2020-08-04,2.01814058956916,29.8638634453513,60.2694749804141
2020-08-05,2.17131519274376,34.5567562724779,75.0336099063746
2020-08-06,2.16179138321995,40.956155582196,88.5386642274072
2020-08-07,2.09234693877551,47.782181512562,99.9769012158249
2020-08-08,1.89520408163265,51.195194477745,97.0253415341998
2020-08-09,1.60948979591837,50.7685678570971,81.7114919193871
2020-08-10,1.24214285714286,53.7549542016323,66.771332397599
2020-08-11,1.01765306122449,54.1815808222801,55.1380515857755
2020-08-12,1.01622448979592,57.1679671668153,58.0954882667667
2020-08-13,1.163997147246,59.7277268907025,69.5229037122656
2020-08-14,1.40506857581742,63.5673664765334,89.316509083647
2020-08-15,1.64854347929233,67.8336326830122,111.826692836291
2020-08-16,1.92830538405423,73.3797787514345,141.4986224471
2020-08-17,2.17675258902318,82.7655644056878,180.160156602045
2020-08-18,2.29351404770501,90.8714701979974,208.414993434714
2020-08-19,2.28355265774362,97.2708695077155,222.123152585377
2020-08-20,2.23002141779077,110.4962947478,246.409103874116
2020-08-21,2.12143298241662,123.295093367236,261.562277639391
2020-08-22,2.00253857780793,135.240638745376,270.824596375003
2020-08-23,1.81836235257331,150.5991970887,273.843910313861
2020-08-24,1.6397079502216,169.797395017854,278.418138537693
2020-08-25,1.49926110497638,194.115112394783,291.029237901617
2020-08-26,1.40675097872393,217.579576530416,306.0802822345
2020-08-27,1.30683580236145,234.218014735683,306.084487214612
2020-08-28,1.24197575998384,261.522118457147,324.804131823399
2020-08-29,1.17827438199675,274.320917076584,323.225309037193
2020-08-30,1.16498983101336,292.665861764442,340.952752840338
2020-08-31,1.09519702839613,307.17116686647,336.412949161131
2020-09-01,1.05850826529965,328.502497898864,347.72260919753
2020-09-02,1.01468269551492,343.007803000892,348.044082131597
2020-09-03,1.014474101439,354.100095137736,359.225375834318
2020-09-04,0.981817928027961,352.820215275793,346.405212728458
2020-09-05,0.976005161559457,356.659854861624,348.101859265991
2020-09-06,0.942168389172218,368.178773619116,346.886402068125
2020-09-07,0.95523459126281,372.018413204947,355.364856880067
2020-09-08,0.94888974563225,366.898893757173,348.146597969998
2020-09-09,0.981298367154129,366.472267136525,359.618637348343
2020-09-10,1.04018279048868,366.472267136525,381.198145466783
2020-09-11,1.13609836602122,360.072867826807,409.078196786609
2020-09-12,1.21831852398091,367.325520377821,447.519485807227
2020-09-13,1.31543239911677,371.591786584299,488.80387531867
2020-09-14,1.40493029959028,390.789984513454,549.032690019366
2020-09-15,1.47649623365621,393.349744237341,580.779415876068
2020-09-16,1.52436506890717,405.295289615481,617.817982082457
2020-09-17,1.51218413262115,424.920114165284,642.557454272311
2020-09-18,1.46731872883252,458.196990575818,672.321025766595
2020-09-19,1.39327315462852,482.941334573395,672.869196721581
2020-09-20,1.29979097543205,508.965558432915,661.548839656839
2020-09-21,1.19129098050547,527.737129741422,628.688482738799
2020-09-22,1.11735205711002,557.600993186773,623.036616783832
2020-09-23,1.04995416463094,582.34533718435,611.435912030119
2020-09-24,1.02307096524804,609.649440905814,623.714641970439
2020-09-25,1.00877856226756,628.847638834968,634.368016989288
2020-09-26,1.05267222360579,646.765956902179,680.832558004743
2020-09-27,1.11436524542151,666.390781451981,742.602726719369
2020-09-28,1.19739173011849,683.029219657248,817.853539046875
2020-09-29,1.25741959862877,709.053443516769,891.5776963532
2020-09-30,1.30129930520753,747.876465995725,973.2111255813
2020-10-01,1.30321429393094,760.675264615161,991.322877886178
2020-10-02,1.28026932248185,781.579969026907,1000.63285741146
2020-10-03,1.21412482198721,811.870459092907,985.712076622849
2020-10-04,1.14139648374695,817.843231781977,933.48338901219
2020-10-05,1.05074167784824,845.573962124089,888.47980370705
2020-10-06,0.987614493195171,854.106494537046,843.527952736909
2020-10-07,0.930812054215241,861.35914708806,801.763477118125
2020-10-08,0.899217812405975,895.062650119242,804.85627820652
2020-10-09,0.876514149219167,897.622409843129,786.778742883709
2020-10-10,0.878967927760286,917.247234392932,806.230900858209
2020-10-11,0.884275848960711,915.54072791034,809.590554431023
2020-10-12,0.926335503254408,901.888676049608,835.451500607865
2020-10-13,0.972542935668737,907.861448738678,882.934238536787
2020-10-14,1.02812079155118,889.943130671468,914.969035941484
2020-10-15,1.07754050880838,891.649637154059,960.788603697788
2020-10-16,1.11039711067493,884.823611223693,982.505581359742
2020-10-17,1.1190216525094,876.717705431384,981.066095516074
2020-10-18,1.10051520435073,878.850838534623,967.188710163741
2020-10-19,1.04836384964275,880.130718396567,922.697228127066
2020-10-20,0.988329839765483,880.557345017214,870.281099705182
2020-10-21,0.934472177198747,872.878065845553,815.680266619725
2020-10-22,0.887151564660743,848.986975089272,753.180123327039
2020-10-23,0.85815732286297,854.959747778342,733.689968309062
2020-10-24,0.831655913786755,848.560348468624,705.710232008881
2020-10-25,0.81391275269253,854.533121157694,695.515404908398
2020-10-26,0.80010998139743,852.826614675102,682.355086802929
2020-10-27,0.789189084112896,828.082270677526,653.513488766124
2020-10-28,0.794367048537996,810.163952610315,643.567547866933
2020-10-29,0.820298048662545,785.419608612738,644.278172326329
2020-10-30,0.875408203207728,758.115504891274,663.66053196079
2020-10-31,0.932001471644094,728.678268066571,679.129218193114
2020-11-01,0.999711405079834,711.613203240656,711.407835285077
2020-11-02,1.04059474788768,686.442232622431,714.308181995192
2020-11-03,1.07450071533795,681.749339795305,732.540153291228
2020-11-04,1.0701332878936,668.52391455522,715.409694718476
2020-11-05,1.05820546212208,657.858249039024,696.14919243516
2020-11-06,1.01278087367272,643.779570557644,652.007635922016
2020-11-07,0.97582843056969,630.980771938207,615.728976400112
2020-11-08,0.912651464166917,619.888479801363,565.742128710918
2020-11-09,0.881131568537432,622.021612904602,548.082879442815
2020-11-10,0.84199640660563,616.902093456828,519.429345918139
2020-11-11,0.825056515895248,607.089681181926,500.883297191917
2020-11-12,0.800035691238854,598.557148768969,478.86708226134
2020-11-13,0.806840424966665,597.277268907025,481.907445467873
2020-11-14,0.81769660829263,585.758350149533,478.97261619636
2020-11-15,0.85191130189597,566.986778841026,483.022444920261
2020-11-16,0.901631703818207,553.334726980294,498.904132669025
2020-11-17,0.967390744040851,529.443636224013,512.178873174442
2020-11-18,1.02380431896176,524.750743396886,537.242077468127
2020-11-19,1.07145403458571,507.685678570971,543.961868606254
2020-11-20,1.11570264312004,508.965558432915,567.854218800669
2020-11-21,1.14807345625162,498.299892916718,572.084880310711
2020-11-22,1.16625436704389,487.634227400521,568.705547225931
2020-11-23,1.15479295251107,485.92772091793,561.145907545794
2020-11-24,1.1198115283858,492.327120227648,551.313584967901
2020-11-25,1.08991074550075,500.859652640605,545.892317400769
2020-11-26,1.06082688065441,504.699292226436,535.398575841057
2020-11-27,1.02774527413216,505.125918847084,519.140775936754
2020-11-28,0.994123304446324,508.965558432915,505.974522798698
2020-11-29,0.963750032556923,523.470863534943,504.495061774402
2020-11-30,0.931230776174407,532.430022568548,495.815223175066
2020-12-01,0.911484314331649,536.269662154379,488.801385305649
2020-12-02,0.910554596306888,535.416408913083,487.525872073936
2020-12-03,0.939302671099506,531.576769327253,499.311479323534
2020-12-04,0.995166236773023,523.470863534943,520.940529324394
2020-12-05,1.07156216556748,522.190983672999,559.560101304449
2020-12-06,1.14512917522596,534.989782292436,612.632408150851
2020-12-07,1.19704133256059,536.269662154379,641.936950997097
2020-12-08,1.24234567389382,536.696288775027,666.762312554521
2020-12-09,1.27641311330372,547.361954291224,698.65997618087
2020-12-10,1.29185428977431,549.495087394463,709.867585860446
2020-12-11,1.26870127310913,555.467860083534,704.722781259182
2020-12-12,1.22261719845362,581.918710563702,711.463823637139
2020-12-13,1.16346861917347,594.717509183138,691.935159207592
2020-12-14,1.12265420495201,611.355947388405,686.341325058013
2020-12-15,1.08905490664683,626.287879111081,682.06188771936
2020-12-16,1.06293880053072,642.073064075052,682.484372581023
2020-12-17,1.03287539135504,657.431622418376,679.044944294561
2020-12-18,1.00801013367927,676.62982034753,682.049715659896
2020-12-19,0.98686350393593,700.520911103811,691.318520912297
2020-12-20,0.983389774018431,706.493683792881,694.758664050531
2020-12-21,0.99540741641304,711.613203240656,708.345060123188
2020-12-22,1.04113071892666,717.585975929726,747.100803011403
2020-12-23,1.09687801576984,715.879469447135,785.232451977542
2020-12-24,1.1705878337853,729.104894687219,853.481319274174
2020-12-25,1.2000506608259,744.463453030542,893.393858770033
2020-12-26,1.21378988316183,768.354543786823,932.620971929873
2020-12-27,1.19703893499496,780.726715785612,934.560276386119
2020-12-28,1.17787414860004,802.911300059301,945.728463958704
2020-12-29,1.12965039636525,795.232020887639,898.334167598064
2020-12-30,1.08205181355313,805.04443316254,871.099788894381
2020-12-31,1.02347033977829,829.362150539469,848.827562011884
2021-01-01,1.00362035365729,832.348536884005,835.361932953652
2021-01-02,0.979853413391355,851.973361433807,834.809006319422
2021-01-03,0.975451694482818,866.052039915187,844.79192984557
2021-01-04,0.958296924041457,876.291078810736,839.747045389298
2021-01-05,0.941067490107923,892.076263774707,839.503970535317
2021-01-06,0.904030453070886,892.929517016003,807.235475828345
2021-01-07,0.864847870947128,893.782770257298,772.98612594625
2021-01-08,0.811339685225537,878.850838534623,713.04656269688
2021-01-09,0.789855351751107,851.120108192511,672.261772438836
2021-01-10,0.773477752482695,831.495283642709,643.143103191924
2021-01-11,0.78363135009985,795.232020887639,623.168742170813
2021-01-12,0.798236547777014,786.699488474682,627.972283817972
2021-01-13,0.835731343675171,769.207797028119,642.851065775728
2021-01-14,0.869538009198523,736.357547238233,640.29087568384
2021-01-15,0.924005078170934,725.265255101388,670.14877873462
2021-01-16,0.950384027567849,694.974765035389,660.492916252352
2021-01-17,0.962473980800128,671.936927520403,646.72180947717
2021-01-18,0.94562007078675,652.312102970601,616.839416986114
2021-01-19,0.917045746613609,627.994385593672,575.899580205904
2021-01-20,0.871661849526779,614.768960353588,535.870649013463
2021-01-21,0.819709699005303,585.331723528885,479.802090912118
2021-01-22,0.762149491014061,573.386178150744,437.005983832088
2021-01-23,0.7249744344569,548.21520753252,397.442010041561
2021-01-24,0.722997720151419,528.16375636207,381.861191716386
2021-01-25,0.734498995995223,510.672064915507,375.088118963247
2021-01-26,0.75458067802654,494.03362671024,372.788229010923
2021-01-27,0.770159534061289,474.835428781085,365.699032585833
2021-01-28,0.791027907031169,467.582776230071,369.871024845096
2021-01-29,0.800254097507359,443.69168547379,355.066089330347
2021-01-30,0.803253158809127,417.240834993622,335.150018692784
2021-01-31,0.807012315434525,396.762757202524,320.192431368195
2021-02-01,0.819051818581107,371.591786584299,304.352928571673
2021-02-02,0.828743632832954,344.287682862835,285.326225035386
2021-02-03,0.834256444849077,328.075871278216,273.699410013328
2021-02-04,0.838398456683397,325.089484933681,272.554522452398
2021-02-05,0.835937987763004,304.611407142583,254.636246736428
2021-02-06,0.836076254451793,294.798994867682,246.474439445125
2021-02-07,0.825210315719613,282.853449489541,233.413584355646
2021-02-08,0.814059397672143,266.641637904922,217.062131147194
2021-02-09,0.79826551935801,262.375371698443,209.445212355609
2021-02-10,0.815724105846041,253.416212664838,206.717713482915
2021-02-11,0.840119710241645,237.204401080219,199.280092703556
2021-02-12,0.913998938973654,229.525121908557,209.78571789222
2021-02-13,0.973034047269847,221.845842736895,215.863558228271
2021-02-14,1.02649073114822,218.432829771712,224.219275139139
2021-02-15,1.02665789072132,213.313310323938,218.999793239956
2021-02-16,1.03573841196998,217.152949909768,224.91365149414
2021-02-17,1.00308535074549,207.767164255515,208.408198830639
2021-02-18,0.978323445983586,197.528125359966,193.24639628084
2021-02-19,0.903922163375616,197.528125359966,178.550050402911
2021-02-20,0.852936941700739,191.981979291544,163.748522278584
2021-02-21,0.784090125865972,188.142339705713,147.520550820571
2021-02-22,0.769961927331832,188.142339705713,144.862438492531
2021-02-23,0.753282178509227,179.183180672108,134.975496688898
2021-02-24,0.762805988033036,174.490287844981,133.10223642176
2021-02-25,0.777651926408386,172.357154741742,134.033873415184
2021-02-26,0.811818311638601,168.090888535263,136.459261332529
2021-02-27,0.830904962692465,165.531128811376,137.540636409458
2021-02-28,0.855473282052856,154.865463295179,132.483266161763
2021-03-01,0.868352069931644,151.879076950644,131.884510849399
2021-03-02,0.877081435803867,138.227025089912,121.236357632757
2021-03-03,0.875040619477336,135.667265366024,118.714367928682
2021-03-04,0.869718490625796,133.534132262785,116.137103958615
2021-03-05,0.864427485334791,124.148346608532,107.317243067285
2021-03-06,0.906283083521048,121.161960263997,109.807034953509
2021-03-07,0.957867772696257,114.762560954278,109.927358650193
2021-03-08,1.0472617120902,109.216414885856,114.378169641715
2021-03-09,1.09426233051939,110.922921368448,121.378774444656
2021-03-10,1.16128914124368,111.349547989095,129.309020962128
2021-03-11,1.16367009362463,110.922921368448,129.077686293939
2021-03-12,1.16859620199901,111.349547989095,130.122658874364
2021-03-13,1.12447422925659,110.4962947478,124.250235872241
2021-03-14,1.107758971725,112.629427851039,124.766259182242
2021-03-15,1.0470852704263,107.509908403265,112.572041513939
2021-03-16,1.06946264242773,112.202801230391,119.996704291648
2021-03-17,1.10209569564902,112.629427851039,124.128407638042
2021-03-18,1.19733379088712,113.056054471687,135.365834283325
2021-03-19,1.25044339679845,119.028827160757,148.838810951833
2021-03-20,1.30720588674066,121.588586884644,158.941316536086
2021-03-21,1.34053922007399,132.254252400841,177.292012364893
2021-03-22,1.3652432730435,136.52051860732,186.383719661053
2021-03-23,1.34002558965978,138.227025089912,185.227750803026
2021-03-24,1.28685098648518,143.346544537686,184.465642247563
2021-03-25,1.22035043277532,150.5991970887,183.783795342811
2021-03-26,1.18900231660578,155.718716536474,185.149914700746
2021-03-27,1.13823508414645,161.264862604897,183.55732445695
2021-03-28,1.10658242308202,165.957755432023,183.645935135222
2021-03-29,1.10125337011252,173.637034603685,191.218369533653
2021-03-30,1.14728065325321,181.742940395995,208.510159381675
2021-03-31,1.17638118235374,184.72932674053,217.312103806434
2021-04-01,1.22758869577055,193.261859153487,237.246073620422
2021-04-02,1.26453746129075,202.647644807741,256.255538301729
2021-04-03,1.3422321313918,212.88668370329,285.743347211998
2021-04-04,1.36359067480916,215.873070047825,294.362505259639
2021-04-05,1.36958665066429,228.245242046613,312.601636584682
2021-04-06,1.32438486023957,242.323920527993,320.930131621171
2021-04-07,1.2874975686353,253.416212664838,326.272757658745
2021-04-08,1.22701064176906,260.668865215852,319.843471597716
2021-04-09,1.18818180593424,268.774771008161,319.353292806039
2021-04-10,1.14026900445001,280.720316386302,320.0966756947
2021-04-11,1.11803300161514,289.679475419907,323.871213410018
2021-04-12,1.09319348834504,307.17116686647,335.797519425774
2021-04-13,1.07366635689798,318.263459003315,341.70876856184
2021-04-14,1.05027398107973,331.062257622751,347.706075298691
2021-04-15,1.01805821263133,336.181777070526,342.252619083645
2021-04-16,0.971581342935734,341.3012965183,331.601972016957
2021-04-17,0.930946074589622,347.27406920737,323.293431535366
2021-04-18,0.902556654841664,350.260455551906,316.129905086245
2021-04-19,0.904257335113773,348.127322448666,314.796684877724
2021-04-20,0.923027078078396,343.861056242187,317.393066008177
2021-04-21,0.989421185390195,342.154549759596,338.534960209788
2021-04-22,1.07475947092107,341.727923138948,367.275321871771
2021-04-23,1.17349648198806,348.127322448666,408.526188177433
2021-04-24,1.23030985794085,348.980575689962,429.354242501233
2021-04-25,1.26642563050982,357.513108102919,452.763763344767
2021-04-26,1.26433503817533,363.912507412638,460.107333952037
2021-04-27,1.24931782867247,365.192387274581,456.241360317595
2021-04-28,1.19029333587314,371.165159963651,441.795416413023
2021-04-29,1.12424242706991,375.43142617013,422.075937755826
2021-04-30,1.05414339901196,380.550945617905,401.155267310875
2021-05-01,1.02306237254197,388.230224789566,397.183734865716
2021-05-02,1.01635746196523,395.056250719932,401.51836831521
2021-05-03,1.03266912734433,405.721916236129,418.976497184032
2021-05-04,1.06119042295442,415.53432851103,440.961049824703
2021-05-05,1.12892759534276,424.920114165284,479.704042697385
2021-05-06,1.22033436692121,439.425419267311,536.24594083066
2021-05-07,1.30613010428489,444.544938715086,580.633527163254
2021-05-08,1.38216283983357,460.756750299705,636.840858466729
2021-05-09,1.42720535265769,482.088081332099,688.038690129648
2021-05-10,1.45467046228288,505.125918847084,734.791753880351
2021-05-11,1.44887425324454,523.470863534943,758.443456499464
2021-05-12,1.41494535482196,553.334726980294,782.938401602443
2021-05-13,1.35129456117116,575.945937874632,778.272613378615
2021-05-14,1.29434073332785,605.383174699335,783.572102284678
2021-05-15,1.22996086719953,635.673664765334,781.853731970676
2021-05-16,1.19147090765694,673.643434002995,802.626553748688
2021-05-17,1.15613393133636,709.480070137416,820.253982692767
2021-05-18,1.14039393968753,741.903693306655,846.062475678702
2021-05-19,1.12622168104744,778.593582682372,876.868973541292
2021-05-20,1.11545734983725,806.324313024484,899.420381315633
2021-05-21,1.09649021779205,838.747936193723,919.678907229684
2021-05-22,1.06978724153728,867.33191977713,927.860621955612
2021-05-23,1.03410442737346,890.369757292116,920.735308015206
2021-05-24,1.00157423069983,905.728315635439,907.15414095562
2021-05-25,0.977412566033966,923.220007082002,902.366836135916
2021-05-26,0.952878237216232,921.940127220058,878.496683244358
2021-05-27,0.936499711283566,924.499886943946,865.793877204695
2021-05-28,0.929639080989464,930.046033012368,864.607139407515
2021-05-29,0.923196794682103,933.459045977551,861.766399213489
2021-05-30,0.912341329588756,931.325912874312,849.687121632212
2021-05-31,0.891005459091591,929.192779771072,827.915839324516
2021-06-01,0.878395453063863,924.926513564593,812.451243933351
2021-06-02,0.86677725003941,898.902289705073,779.148054724693
2021-06-03,0.862798949858579,881.837224879158,760.848231571941
2021-06-04,0.850757701290821,857.092880881581,729.178369131541
2021-06-05,0.8550654866746,846.000588744737,723.385905142016
2021-06-06,0.846151727622592,824.669257712343,697.795317130539
2021-06-07,0.845531942481441,796.938527370231,673.83698108565
2021-06-08,0.82598421041393,773.474063234598,638.877363396484
2021-06-09,0.813260960848576,754.275865305443,613.423114963196
2021-06-10,0.797359464450582,729.958147928514,582.039037903619
2021-06-11,0.80163276414644,702.65404420705,563.270503696373
2021-06-12,0.804893379973605,667.670661313925,537.403695294177
2021-06-13,0.835023250103475,639.086677730517,533.652234736369
2021-06-14,0.869608230340629,613.915707112292,533.866151640237
2021-06-15,0.924379645485635,590.024616356011,545.406745694967
2021-06-16,0.975187326265192,576.372564495279,562.071220102763
2021-06-17,1.02214085556291,559.307499669364,571.691046234797
2021-06-18,1.04928022357517,555.041233462886,582.393789541374
2021-06-19,1.0625340611543,538.829421878266,572.524613897737
2021-06-20,1.05196175450784,524.750743396886,552.01771270308
2021-06-21,1.03315901505671,517.071464225225,534.217044692864
2021-06-22,0.988818138652625,505.552545467732,499.8995270005
2021-06-23,0.949212705917422,501.286279261253,475.827305576851
2021-06-24,0.914264957450496,504.699292226436,461.428876932698
2021-06-25,0.898635017013473,496.166759813479,445.872824646505
2021-06-26,0.892691768712146,487.634227400521,435.307060942752
2021-06-27,0.93509297868787,488.914107262465,457.180148882579
2021-06-28,0.98795002936722,485.074467676634,479.229334586419
2021-06-29,1.0415819906263,482.941334573395,503.022996620678
2021-06-30,1.05958788911029,484.221214435338,513.074934465959
2021-07-01,1.06806467761299,491.047240365704,524.470212473944
2021-07-02,1.04146487413293,490.620613745056,510.964135741014
2021-07-03,1.01735313949488,479.95494822886,488.283673396731
2021-07-04,0.956664207305585,469.715909333311,449.360398061174
2021-07-05,0.916872833653452,466.302896368128,427.540457933857
2021-07-06,0.900726375070018,457.77036395517,412.325840539823
2021-07-07,0.939691807142268,456.063857472579,428.559470400681
2021-07-08,0.968690063988627,448.811204921565,434.758954814283
2021-07-09,1.03931636034773,450.517711404156,468.230428088758
2021-07-10,1.0816501497932,466.302896368128,504.37659770559
2021-07-11,1.12369686384504,466.729522988775,524.46250124638
2021-07-12,1.11806864847294,462.463256782297,517.065668478975
2021-07-13,1.10308504309048,471.84904243655,520.489621308325
2021-07-14,1.04827821469875,470.142535953958,492.840178243758
2021-07-15,1.00118447372746,462.036630161649,462.583900411199
2021-07-16,0.937276078381058,457.343737334522,428.657344601038
2021-07-17,0.919461876094166,457.77036395517,420.90239766253
2021-07-18,0.904727731315178,454.783977610635,411.455676302163
2021-07-19,0.908865454057552,447.531325059621,406.745760955291
2021-07-20,0.920892527990215,462.036630161649,425.486080373641
2021-07-21,0.934406041503728,457.343737334522,427.344751209272
2021-07-22,0.95127218645795,456.490484093226,434.246700900612
2021-07-23,0.970416834912944,454.783977610635,441.330028122031
2021-07-24,1.00670905632653,446.251445197677,449.245371279305
2021-07-25,1.03018092942623,434.305899819537,447.413655531386
2021-07-26,1.04679926254942,437.292286164072,457.7572426751
2021-07-27,1.0279223910345,430.892886854354,442.924446535084
2021-07-28,1.01816827601722,436.012406302128,443.93400004676
2021-07-29,1.00732037312747,430.892886854354,434.0471835641
2021-07-30,1.01474152340576,425.346740785932,431.616999720792
2021-07-31,0.994817511247708,416.814208372974,414.654073426286
2021-08-01,0.986734793759869,420.653847958805,415.073787909927
2021-08-02,0.977047284914444,431.319513475002,421.41955957137
2021-08-03,0.982307246275439,427.906500509819,420.33565617916
2021-08-04,0.977587786335266,424.493487544636,414.979648802497
2021-08-05,0.976404027792959,421.507101200101,411.561231355113
2021-08-06,0.958300011993091,423.213607682692,405.565605317963
2021-08-07,0.925414620548377,420.653847958805,389.279221091012
2021-08-08,0.875681004893174,421.080474579453,368.73217312063
2021-08-09,0.836567728920764,418.520714855566,350.120923933015
2021-08-10,0.811880221700506,404.015409753538,328.012120441123
2021-08-11,0.79885691201821,386.950344927623,309.117957653262
2021-08-12,0.792918352038754,381.830825479848,302.760668897078
2021-08-13,0.80697189268673,373.724919687539,301.585505784449
2021-08-14,0.835577106944289,370.738533343004,309.780631123516
2021-08-15,0.873788136036777,357.513108102919,312.390712337965
2021-08-16,0.919555563906328,338.741536794413,311.491664885483
2021-08-17,0.983425556347749,327.22261803692,321.799085192525
2021-08-18,1.05546502662597,319.969965485906,337.717108141092
2021-08-19,1.11337149805851,316.983579141371,352.920482368577
2021-08-20,1.13616724909854,308.024420107766,349.967258049012
2021-08-21,1.13674612758439,308.451046728414,350.630532917876
2021-08-22,1.10458108765538,306.744540245822,338.824217897079
2021-08-23,1.0573159794578,296.932127970921,313.951083718063
2021-08-24,0.990327078634311,301.1983941774,298.28492579505
2021-08-25,0.932824689338357,299.918514315456,279.771394943137
2021-08-26,0.874840869412176,291.812608523147,255.289596145825
2021-08-27,0.839288870834967,293.945741626386,246.705389576357
2021-08-28,0.787224863413817,290.959355281851,229.050438720727
2021-08-29,0.76326745436324,293.945741626386,224.359217932086
2021-08-30,0.719512521450849,287.972968937316,207.200156989775
2021-08-31,0.684818643899828,280.720316386302,192.242506382798
2021-09-01,0.636645886424745,268.348144387513,170.842742254024
2021-09-02,0.640873794816566,259.388985353908,166.235603377378
2021-09-03,0.662482438273949,243.603800389937,161.383239655126
2021-09-04,0.752136633285287,221.419216116247,166.537503754342
2021-09-05,0.821764484425743,208.193790876163,171.086263219991
2021-09-06,0.887191884894128,196.67487211867,174.488350506275
2021-09-07,0.909197792520336,182.169567016643,165.628168195917
2021-09-08,0.894912078234622,170.224021638502,152.335532969967
2021-09-09,0.833465449021139,168.944141776559,140.80910498529
2021-09-10,0.776509333241493,154.438836674531,119.923198092732
2021-09-11,0.679717708790294,137.800398469264,93.6653711179175
2021-09-12,0.628124978674993,121.161960263997,76.1048537070431
2021-09-13,0.616269006778037,110.4962947478,68.0954418168797
2021-09-14,0.658530911539942,103.670268817434,68.2700766239354
2021-09-15,0.727238394533139,98.1241227490113,71.3596294929636
2021-09-16,0.799049619022935,94.2844831631804,75.3379803513136
2021-09-17,0.854605174578491,93.8578565425325,80.2114098760939
2021-09-18,0.943027390660281,87.0318306121665,82.073400126579
2021-09-19,0.997645330859617,84.0454442676314,83.8475450536246
2021-09-20,1.01140015711444,74.2330319927303,75.0793002205289
2021-09-21,0.980587832184471,67.8336326830122,66.5168348218326
2021-09-22,0.960859941028008,69.5401391656037,66.8183340177414
2021-09-23,0.94589395463345,62.7141132352377,59.320900579409
2021-09-24,0.927375436114932,60.1543535113504,55.7856698218004
2021-09-25,0.836018517171806,60.1543535113504,50.2901534239878
2021-09-26,0.810984503566364,60.1543535113504,48.7842485197581
2021-09-27,0.770443963025823,58.4478470287589,45.0307908951641
2021-09-28,0.764626251325759,54.1815808222801,41.4286590350437
2021-09-29,0.719728292142085,54.1815808222801,38.996016630778
2021-09-30,0.684354142482221,53.7549542016323,36.7874255868291
2021-10-01,0.611393964258885,50.3419412364493,30.7787590210406
2021-10-02,0.639813820264948,49.9153146158014,31.9365081340627
2021-10-03,0.653419262441819,43.0892886854354,28.1553712319798
2021-10-04,0.796276405298962,41.3827822028439,32.9521330537504
2021-10-05,0.878693987716544,39.2496490996045,34.4884306838066
2021-10-06,0.974612355063483,35.4100095137736,34.5110327650393
2021-10-07,1.00522459996144,36.2632627550694,36.4527237962613
2021-10-08,1.05384615384615,34.5567562724779,36.4175046871498
2021-10-09,1.04102564102564,32.8502497898864,34.1979523453689
2021-10-10,1.03150183150183,29.8638634453513,30.8046298396004
2021-10-11,0.934099234099234,27.7307303421119,25.9032539735791
2021-10-12,0.854978354978355,26.4508504801683,22.6149046313127
2021-10-13,0.741791541791542,27.304103721464,20.253953196781
2021-10-14,0.689410589410589,25.5975972388725,17.647254599946
2021-10-15,0.626825555396984,24.7443439975768,15.5103871692151
2021-10-16,0.587143015714444,23.4644641356331,13.7769962347191
2021-10-17,0.501428730000159,22.1845842736895,11.1239879179376
2021-10-18,0.476382347811012,22.1845842736895,10.5683443415115
2021-10-19,0.455779405779514,21.7579576530416,9.91682901007914
2021-10-20,0.485396825396955,19.1981979291544,9.31874432815394
2021-10-21,0.490079365079527,16.6384382052671,8.15415523155227
