"fecha","rho7dpromedio","incidenciaAcum14d","riesgopor10"
2020-01-27,0.5,0.26923408288102,0.13461704144051
2020-01-28,0.4,0.26923408288102,0.107693633152408
2020-01-29,0.333333333333333,0.26923408288102,0.0897446942936733
2020-01-30,0.285714285714286,0.26923408288102,0.0769240236802914
2020-01-31,0.142857142857143,0.26923408288102,0.0384620118401457
2020-02-01,0,0.26923408288102,0
2020-02-02,0,0.26923408288102,0
2020-02-03,0,0.26923408288102,0
2020-02-04,0,0.26923408288102,0
2020-02-05,0,0.26923408288102,0
2020-02-06,0,0.26923408288102,0
2020-02-07,0,0.26923408288102,0
2020-02-08,0,0.26923408288102,0
2020-02-09,0,0.26923408288102,0
2020-02-10,0,0,0
2020-02-11,0,0,0
2020-02-12,0,0,0
2020-02-13,0,0,0
2020-02-14,0,0,0
2020-02-15,0,0,0
2020-02-16,0,0,0
2020-02-17,0,0,0
2020-02-18,0,0,0
2020-02-19,0,0,0
2020-02-20,0,0,0
2020-02-21,0,0,0
2020-02-22,0,0,0
2020-02-23,0,0,0
2020-02-24,0,0,0
2020-02-25,0,0,0
2020-02-26,0,0,0
2020-02-27,0,0,0
2020-02-28,0,0,0
2020-02-29,0,0,0
2020-03-01,0,0,0
2020-03-02,0,0,0
2020-03-03,0,0,0
2020-03-04,0,0,0
2020-03-05,0,0,0
2020-03-06,0,0,0
2020-03-07,0,0,0
2020-03-08,0,0,0
2020-03-09,0,0,0
2020-03-10,0,0,0
2020-03-11,0,0,0
2020-03-12,0,0,0
2020-03-13,0,0,0
2020-03-14,0,0,0
2020-03-15,0,0,0
2020-03-16,0,0,0
2020-03-17,0.142857142857143,0,0
2020-03-18,0.285714285714286,0,0
2020-03-19,0.428571428571429,0,0
2020-03-20,0.428571428571429,0,0
2020-03-21,0.428571428571429,0.26923408288102,0.115386035520437
2020-03-22,0.428571428571429,0.26923408288102,0.115386035520437
2020-03-23,0.428571428571429,0.26923408288102,0.115386035520437
2020-03-24,0.285714285714286,0.26923408288102,0.0769240236802914
2020-03-25,0.142857142857143,0.26923408288102,0.0384620118401457
2020-03-26,0,0.26923408288102,0
2020-03-27,0,0.26923408288102,0
2020-03-28,0,0.26923408288102,0
2020-03-29,0,0.26923408288102,0
2020-03-30,0,0.26923408288102,0
2020-03-31,0,0.26923408288102,0
2020-04-01,0,0.26923408288102,0
2020-04-02,0,0.26923408288102,0
2020-04-03,0,0.26923408288102,0
2020-04-04,0,0,0
2020-04-05,0,0,0
2020-04-06,0,0,0
2020-04-07,0,0,0
2020-04-08,0,0,0
2020-04-09,0,0,0
2020-04-10,0,0,0
2020-04-11,0,0,0
2020-04-12,0,0,0
2020-04-13,0,0,0
2020-04-14,0,0,0
2020-04-15,0,0,0
2020-04-16,0,0,0
2020-04-17,0,0,0
2020-04-18,0.142857142857143,0,0
2020-04-19,0.285714285714286,0,0
2020-04-20,0.428571428571429,0,0
2020-04-21,0.571428571428571,0,0
2020-04-22,1,0.26923408288102,0.26923408288102
2020-04-23,1.57142857142857,0.26923408288102,0.423082130241603
2020-04-24,2.14285714285714,0.26923408288102,0.576930177602186
2020-04-25,2.57142857142857,0.53846816576204,1.38463242624525
2020-04-26,3,1.07693633152408,3.23080899457224
2020-04-27,3.28571428571429,1.61540449728612,5.30775763394011
2020-04-28,3.25714285714286,1.88463858016714,6.13853708968726
2020-04-29,2.82857142857143,3.23080899457224,9.13857401321862
2020-04-30,2.275,4.30774532609632,9.80012061686913
2020-05-01,1.71785714285714,4.30774532609632,7.40009107804404
2020-05-02,1.16230158730159,4.30774532609632,5.00689923021275
2020-05-03,0.590873015873016,4.30774532609632,2.54533047244342
2020-05-04,0.162301587301587,4.57697940897734,0.742851023123703
2020-05-05,0.048015873015873,4.57697940897734,0.219767662097722
2020-05-06,0.190873015873016,4.30774532609632,0.822232342004893
2020-05-07,0.315873015873016,4.30774532609632,1.36070050776693
2020-05-08,0.444444444444444,4.30774532609632,1.91455347826503
2020-05-09,0.428571428571429,4.0385112432153,1.73079053280656
2020-05-10,0.428571428571429,3.76927716033428,1.61540449728612
2020-05-11,0.428571428571429,3.23080899457224,1.38463242624525
2020-05-12,0.428571428571429,2.96157491169122,1.26924639072481
2020-05-13,0.285714285714286,1.61540449728612,0.461544142081749
2020-05-14,0.142857142857143,0.53846816576204,0.0769240236802914
2020-05-15,0,0.53846816576204,0
2020-05-16,0,0.53846816576204,0
2020-05-17,0,0.53846816576204,0
2020-05-18,0.142857142857143,0.26923408288102,0.0384620118401457
2020-05-19,0.285714285714286,0.26923408288102,0.0769240236802914
2020-05-20,0.428571428571429,0.26923408288102,0.115386035520437
2020-05-21,0.571428571428571,0.26923408288102,0.153848047360583
2020-05-22,0.857142857142857,0.53846816576204,0.461544142081749
2020-05-23,1.28571428571429,0.53846816576204,0.692316213122623
2020-05-24,1.57142857142857,0.26923408288102,0.423082130241603
2020-05-25,1.57142857142857,0.53846816576204,0.846164260483206
2020-05-26,1.57142857142857,0.80770224864306,1.26924639072481
2020-05-27,1.5,1.07693633152408,1.61540449728612
2020-05-28,1.54761904761905,1.07693633152408,1.66668717973965
2020-05-29,1.54761904761905,1.07693633152408,1.66668717973965
2020-05-30,1.69047619047619,1.3461704144051,2.27566903387529
2020-05-31,1.97619047619048,1.3461704144051,2.66028915227675
2020-06-01,2.4047619047619,2.15387266304816,5.17955092780629
2020-06-02,2.29761904761905,2.42310674592918,5.56737621386109
2020-06-03,2.22619047619048,3.23080899457224,7.19239621410725
2020-06-04,2.05612244897959,3.50004307745326,7.19651714394727
2020-06-05,1.79897959183673,3.23080899457224,5.81215944635802
2020-06-06,1.29897959183673,3.23080899457224,4.1967549490719
2020-06-07,1.01326530612245,3.23080899457224,3.2736666649084
2020-06-08,0.727551020408163,3.23080899457224,2.35057838074491
2020-06-09,0.83469387755102,2.96157491169122,2.47200844669737
2020-06-10,0.83469387755102,2.96157491169122,2.47200844669737
2020-06-11,0.885714285714286,3.23080899457224,2.86157368090684
2020-06-12,0.928571428571429,3.23080899457224,3.00003692353137
2020-06-13,0.928571428571429,2.96157491169122,2.75003384657042
2020-06-14,0.642857142857143,2.96157491169122,1.90386958608721
2020-06-15,0.357142857142857,2.42310674592918,0.865395266403279
2020-06-16,0.214285714285714,2.15387266304816,0.461544142081749
2020-06-17,0.214285714285714,1.3461704144051,0.288465088801093
2020-06-18,0.142857142857143,1.07693633152408,0.153848047360583
2020-06-19,0.0714285714285714,1.07693633152408,0.0769240236802914
2020-06-20,0,1.07693633152408,0
2020-06-21,0,1.07693633152408,0
2020-06-22,0,0.80770224864306,0
2020-06-23,0,0.80770224864306,0
2020-06-24,0,0.53846816576204,0
2020-06-25,0,0.26923408288102,0
2020-06-26,0,0.26923408288102,0
2020-06-27,0,0.26923408288102,0
2020-06-28,0,0.26923408288102,0
2020-06-29,0,0,0
2020-06-30,0,0,0
2020-07-01,0,0,0
2020-07-02,0.285714285714286,0,0
2020-07-03,0.714285714285714,0,0
2020-07-04,1.14285714285714,0,0
2020-07-05,1.28571428571429,0,0
2020-07-06,1.71428571428571,0.53846816576204,0.923088284163497
2020-07-07,2,0.80770224864306,1.61540449728612
2020-07-08,2.19047619047619,0.80770224864306,1.7692525446467
2020-07-09,1.95238095238095,0.80770224864306,1.57694248544597
2020-07-10,1.52380952380952,1.61540449728612,2.46156875776933
2020-07-11,1.0952380952381,1.88463858016714,2.06412796875449
2020-07-12,0.952380952380952,1.88463858016714,1.79489388587347
2020-07-13,0.523809523809524,1.88463858016714,0.987191637230407
2020-07-14,0.238095238095238,1.88463858016714,0.448723471468367
2020-07-15,0.0476190476190476,1.88463858016714,0.0897446942936733
2020-07-16,0.285714285714286,1.88463858016714,0.53846816576204
2020-07-17,0.571428571428571,1.88463858016714,1.07693633152408
2020-07-18,0.857142857142857,1.88463858016714,1.61540449728612
2020-07-19,1.28571428571429,1.88463858016714,2.42310674592918
2020-07-20,1.71428571428571,1.88463858016714,3.23080899457224
2020-07-21,1.92857142857143,1.61540449728612,3.1154229590518
2020-07-22,1.92857142857143,1.61540449728612,3.1154229590518
2020-07-23,1.71428571428571,2.42310674592918,4.15389727873574
2020-07-24,1.47619047619048,1.61540449728612,2.38464473408904
2020-07-25,1.23809523809524,1.3461704144051,1.66668717973965
2020-07-26,0.80952380952381,1.3461704144051,1.08975700213746
2020-07-27,0.380952380952381,1.61540449728612,0.615392189442332
2020-07-28,0.166666666666667,1.61540449728612,0.26923408288102
2020-07-29,0.30952380952381,1.61540449728612,0.500006153921895
2020-07-30,0.380952380952381,1.61540449728612,0.615392189442332
2020-07-31,0.476190476190476,1.61540449728612,0.769240236802915
2020-08-01,0.428571428571429,1.61540449728612,0.692316213122623
2020-08-02,0.571428571428571,1.88463858016714,1.07693633152408
2020-08-03,0.714285714285714,1.3461704144051,0.961550296003643
2020-08-04,0.857142857142857,1.3461704144051,1.15386035520437
2020-08-05,0.714285714285714,1.3461704144051,0.961550296003643
2020-08-06,0.571428571428571,0.80770224864306,0.461544142081749
2020-08-07,0.428571428571429,0.80770224864306,0.346158106561312
2020-08-08,0.428571428571429,0.80770224864306,0.346158106561312
2020-08-09,0.571428571428571,0.80770224864306,0.461544142081749
2020-08-10,0.857142857142857,0.53846816576204,0.461544142081749
2020-08-11,1.14285714285714,0.53846816576204,0.615392189442332
2020-08-12,1.28571428571429,0.53846816576204,0.692316213122623
2020-08-13,1.28571428571429,1.07693633152408,1.38463242624525
2020-08-14,1.28571428571429,1.3461704144051,1.73079053280656
2020-08-15,1.28571428571429,1.3461704144051,1.73079053280656
2020-08-16,1,1.07693633152408,1.07693633152408
2020-08-17,0.571428571428571,1.07693633152408,0.615392189442332
2020-08-18,0.142857142857143,1.07693633152408,0.153848047360583
2020-08-19,0,1.07693633152408,0
2020-08-20,0,0.80770224864306,0
2020-08-21,0.142857142857143,0.80770224864306,0.115386035520437
2020-08-22,0.428571428571429,0.80770224864306,0.346158106561312
2020-08-23,0.714285714285714,0.80770224864306,0.576930177602186
2020-08-24,0.857142857142857,0.80770224864306,0.692316213122623
2020-08-25,1,1.07693633152408,1.07693633152408
2020-08-26,1.14285714285714,1.3461704144051,1.53848047360583
2020-08-27,1.28571428571429,0.80770224864306,1.03847431968393
2020-08-28,1.28571428571429,0.53846816576204,0.692316213122623
2020-08-29,1.57142857142857,0.80770224864306,1.26924639072481
2020-08-30,1.71428571428571,0.80770224864306,1.38463242624525
2020-08-31,1.85714285714286,1.07693633152408,2.00002461568758
2020-09-01,1.71428571428571,1.3461704144051,2.30772071040874
2020-09-02,1.57142857142857,1.88463858016714,2.96157491169122
2020-09-03,1.42857142857143,1.88463858016714,2.6923408288102
2020-09-04,1.33333333333333,1.88463858016714,2.51285144022285
2020-09-05,0.833333333333333,1.88463858016714,1.57053215013928
2020-09-06,0.547619047619048,1.88463858016714,1.03206398437724
2020-09-07,0.261904761904762,1.88463858016714,0.493595818615203
2020-09-08,0.404761904761905,1.88463858016714,0.762829901496224
2020-09-09,0.547619047619048,1.61540449728612,0.884626272323352
2020-09-10,0.69047619047619,1.61540449728612,1.11539834336423
2020-09-11,0.642857142857143,1.61540449728612,1.03847431968393
2020-09-12,0.571428571428571,1.61540449728612,0.923088284163497
2020-09-13,0.714285714285714,1.61540449728612,1.15386035520437
2020-09-14,1.28571428571429,1.3461704144051,1.73079053280656
2020-09-15,1.71428571428571,1.07693633152408,1.84617656832699
2020-09-16,1.85714285714286,0.53846816576204,1.00001230784379
2020-09-17,1.71428571428571,1.07693633152408,1.84617656832699
2020-09-18,1.85714285714286,1.61540449728612,3.00003692353137
2020-09-19,1.96428571428571,1.61540449728612,3.17311597681202
2020-09-20,1.78571428571429,1.61540449728612,2.88465088801093
2020-09-21,1.5,1.61540449728612,2.42310674592918
2020-09-22,1.5,1.88463858016714,2.82695787025071
2020-09-23,1.78571428571429,2.15387266304816,3.84620118401457
2020-09-24,2.35714285714286,2.15387266304816,5.07698556289924
2020-09-25,2.78571428571429,2.96157491169122,8.25010153971126
2020-09-26,3.07142857142857,4.30774532609632,13.2309320730101
2020-09-27,3.23412698412698,5.65391574050142,18.2854814623359
2020-09-28,3.1218820861678,6.46161798914448,20.1724094479698
2020-09-29,2.75453514739229,7.53855432066856,20.7652128368076
2020-09-30,2.38548752834467,8.61549065219264,20.5521455013756
2020-10-01,2.03483817769532,10.5001292323598,21.3660638327403
2020-10-02,1.59786338777935,11.0385973981218,17.6381706348953
2020-10-03,1.33946002643482,12.923235978289,17.3101580051023
2020-10-04,1.20533304230783,14.5386404755751,17.5239037554447
2020-10-05,1.20833424278802,15.6155768070992,18.8688361769044
2020-10-06,1.17231983702572,16.6925131386232,19.5689642822205
2020-10-07,1.13065317035905,18.0386835530283,20.3954947483352
2020-10-08,1.03487394957983,19.9233221331955,20.6181270647313
2020-10-09,1.00568332596196,21.2694925476006,21.3903740067942
2020-10-10,0.946059476422148,21.0002584647196,19.8674935278624
2020-10-11,0.867488047850719,21.0002584647196,18.2174732199201
2020-10-12,0.730699999297965,21.2694925476006,15.5416181895998
2020-10-13,0.613653180570474,21.5387266304816,13.217308102233
2020-10-14,0.514163384652106,21.0002584647196,10.7975639707893
2020-10-15,0.532020527509249,18.8463858016714,10.026664115848
2020-10-16,0.641043083900227,18.3079176359094,11.7361639811147
2020-10-17,0.90907029478458,16.9617472215043,15.4194205467144
2020-10-18,1.13764172335601,15.8848108899802,18.0712236360614
2020-10-19,1.28843537414966,16.6925131386232,21.5072244112602
2020-10-20,1.35429808286951,15.8848108899802,21.5127689350449
2020-10-21,1.3525974025974,14.8078745584561,20.0290926657559
2020-10-22,1.29307359307359,14.2694063926941,18.4513925952282
2020-10-23,1.15021645021645,12.3847678125269,14.2451636700797
2020-10-24,0.878787878787879,11.8462996467649,10.4103845380661
2020-10-25,0.672438672438672,10.7693633152408,7.24173637071026
2020-10-26,0.596248196248196,10.5001292323598,6.26068311516748
2020-10-27,0.642630385487528,9.4231929008357,6.05563008638739
2020-10-28,0.840249433106576,8.88472473507366,7.46538492195362
2020-10-29,1.14977324263039,9.69242698371672,11.1440932020262
2020-10-30,1.30691609977324,9.15395881795468,11.9634561558462
2020-10-31,1.44977324263039,9.69242698371672,14.0518212971412
2020-11-01,1.44183673469388,10.5001292323598,15.1394720462494
2020-11-02,1.45453514739229,9.15395881795468,13.3147548384967
2020-11-03,1.38217893217893,8.61549065219264,11.9081496698452
2020-11-04,1.28575036075036,8.88472473507366,11.4235380332886
2020-11-05,1.01194083694084,7.53855432066856,7.62857096858131
2020-11-06,1.03336940836941,8.61549065219264,8.90298447806848
2020-11-07,1.01551226551227,8.34625656931162,8.47572591724827
2020-11-08,1.25020614306329,8.61549065219264,10.7711393388756
2020-11-09,1.42480931766646,8.0770224864306,11.5082168976678
2020-11-10,1.90532879818594,8.88472473507366,16.9283219016908
2020-11-11,2.05073696145125,10.5001292323598,21.5330031168149
2020-11-12,2.06155947227376,10.7693633152408,22.2016829528922
2020-11-13,1.86870232941662,12.923235978289,24.1496811762292
2020-11-14,1.76249932189782,13.730938226932,24.2007693139885
2020-11-15,1.54923401577537,12.3847678125269,19.1869035726466
2020-11-16,1.3809800475214,12.6540018954079,17.4749241388564
2020-11-17,0.938122904664258,13.19247006117,12.376158333481
2020-11-18,0.870095693779904,14.000172309813,12.181489638945
2020-11-19,0.859273182957394,15.0771086413371,12.9553551320362
2020-11-20,0.923009446693657,14.8078745584561,13.6678081029097
2020-11-21,0.945028780743067,14.5386404755751,13.7394336822945
2020-11-22,0.979155764870051,15.3463427242181,15.0264599480898
2020-11-23,0.945822431536717,16.1540449728612,15.2788580953851
2020-11-24,0.874393860108146,15.6155768070992,13.6541644821747
2020-11-25,0.766168751883038,15.3463427242181,11.7578882509835
2020-11-26,0.789978275692561,14.2694063926941,11.2725210572569
2020-11-27,0.954813440527726,12.3847678125269,11.8251427652159
2020-11-28,1.16909915481344,11.0385973981218,12.9052148884701
2020-11-29,1.61354359925789,12.923235978289,20.8522046944674
2020-11-30,1.81354359925788,12.6540018954079,22.9485841424142
2020-12-01,1.99016697588126,13.730938226932,27.3268598071057
2020-12-02,2.04779684601113,14.000172309813,28.6695086996475
2020-12-03,2.19958256029685,14.5386404755751,31.9789400405008
2020-12-04,2.24243970315399,15.6155768070992,35.0169894198898
2020-12-05,2.2832560296846,16.4232790557422,37.4985509312163
2020-12-06,2.09277983920841,17.5002153872663,36.6240979442757
2020-12-07,2.11250773036487,21.8079607133626,46.069485590472
2020-12-08,2.07354669140383,25.8464719565779,53.5938664100241
2020-12-09,2.02579824419887,29.0772809511502,58.9047046969171
2020-12-10,1.83962099552162,32.5773240286034,59.9299292609297
2020-12-11,1.65688290028352,36.6158352718187,60.6681513414747
2020-12-12,1.43847213172078,40.115878349272,57.7055730449286
2020-12-13,1.26704356029221,42.0005169294391,53.2164845043896
2020-12-14,1.14096646278654,44.6928577582493,50.9930518282516
2020-12-15,1.17961074533326,49.0006030843457,57.8016379261041
2020-12-16,1.20020904676563,50.8852416645128,61.0729273926038
2020-12-17,1.30457142663822,57.0776255707763,74.4618394199895
2020-12-18,1.34921428378107,59.7699663995865,80.6424924074369
2020-12-19,1.40870902691725,64.0777117256828,90.2668509321709
2020-12-20,1.41027263743609,66.2315843887309,93.4045911974664
2020-12-21,1.43740106456452,70.5393297148273,101.39330762576
2020-12-22,1.4172588279171,75.3855432066856,106.840826607001
2020-12-23,1.40463624641697,75.6547772895666,106.267442395529
2020-12-24,1.33787567380911,84.2702679417593,112.743141504656
2020-12-25,1.23975157568501,85.6164383561644,106.143114356594
2020-12-26,1.1271189816638,92.8857585939519,104.693301637485
2020-12-27,0.994668520992059,96.6550357542862,96.1397214601505
2020-12-28,0.875930116539369,99.0781425002154,86.7855289067179
2020-12-29,0.788211572852137,96.9242698371672,76.3968311758985
2020-12-30,0.845841442982007,98.8089084173344,83.5766696751951
2020-12-31,0.942881796675229,97.4627380029293,91.895841517089
2021-01-01,1.02195827575171,98.0012061686913,100.153143677743
2021-01-02,1.11077534103936,102.308951494788,113.642260488002
2021-01-03,1.20713838166846,107.424399069527,129.676115244495
2021-01-04,1.31938327962764,104.462824157836,137.826503536531
2021-01-05,1.37052506861921,98.0012061686913,134.313109809111
2021-01-06,1.44492983052397,106.078228655122,153.275596952928
2021-01-07,1.53685607470585,104.193590074955,160.130551852106
2021-01-08,1.93685607470585,112.270612561385,217.452017950467
2021-01-09,2.18184731534927,109.039803566813,237.908202678463
2021-01-10,2.44613302963498,117.655294219006,287.800501300532
2021-01-11,2.47602158080013,140.809425346774,348.647175938676
2021-01-12,2.49290965896823,197.88705091755,493.314540617098
2021-01-13,2.33279967588871,214.041095890411,499.314999120014
2021-01-14,2.13201695316106,224.002756957009,477.57767538716
2021-01-15,1.71428563299072,245.272249504609,420.466693497066
2021-01-16,1.54016211383743,264.387869389162,407.200179791386
2021-01-17,1.29830818125316,288.080468682691,374.017229349983
2021-01-18,1.20045426212265,324.157835788748,389.136655573055
2021-01-19,1.11049870160871,351.888946325493,390.772218004917
2021-01-20,1.11031421425523,381.504695442405,423.590086154814
2021-01-21,1.0894205634172,397.120272249505,432.630990738449
2021-01-22,1.08477480267388,405.735762901697,440.131932139426
2021-01-23,0.97722069065121,425.389850952012,415.69976394334
2021-01-24,0.976154380933612,448.543982079779,437.848173148584
2021-01-25,0.971830592272474,444.774704919445,432.245664909679
2021-01-26,1.00851846580245,422.966744206083,426.569771952177
2021-01-27,0.999626170620125,431.043766692513,430.882629868511
2021-01-28,1.00504404078443,450.159386577066,452.430008882455
2021-01-29,0.952944441565891,446.928577582493,425.898103784187
2021-01-30,0.90371674618435,449.620918411303,406.329953403082
2021-01-31,0.803439709574653,441.543895924873,354.753899506341
2021-02-01,0.746773928521389,420.274403377272,313.849967267029
2021-02-02,0.684969933999,413.812785388128,283.449316295248
2021-02-03,0.644199989657627,386.889377100026,249.234132726483
2021-02-04,0.605624980706679,381.773929525286,231.211828703065
2021-02-05,0.599064998386294,370.735332127165,222.094561142502
2021-02-06,0.63118231926766,353.77358490566,223.295631816389
2021-02-07,0.69134388389351,327.119410700439,226.152003890598
2021-02-08,0.785415100643048,313.119238390626,245.928578133848
2021-02-09,0.859770003686739,288.618936848454,248.145904398258
2021-02-10,0.924829943746679,276.772637201689,255.967622493858
2021-02-11,0.990115857918612,255.503144654088,252.977715270086
2021-02-12,1.04747905098345,243.387610924442,254.943423712264
2021-02-13,1.07362692170061,223.195054708366,239.628219525341
2021-02-14,1.09985867352543,211.617989144482,232.749880834568
2021-02-15,1.10246726218053,209.733350564315,231.224152784588
2021-02-16,1.1027496416986,200.848625829241,221.485750168851
2021-02-17,1.08706367021152,198.156285000431,215.408498448049
2021-02-18,1.05875221465805,196.002412337383,207.517988140523
2021-02-19,1.02120119424988,199.233221331955,203.457203558443
2021-02-20,0.983836032853713,203.002498492289,199.721172776046
2021-02-21,0.914516399808991,201.925562160765,184.66423813667
2021-02-22,0.864956148924237,204.079434823813,176.51976201984
2021-02-23,0.826253392693836,200.848625829241,165.951858509305
2021-02-24,0.823476345717894,196.810114586026,162.06847395962
2021-02-25,0.831301385846305,194.925476005859,162.041818340421
2021-02-26,0.883204700363601,194.925476005859,172.159096628987
2021-02-27,0.970746228602804,191.425432928405,185.825517073908
2021-02-28,1.09567934791795,188.194623933833,206.200962833485
2021-03-01,1.20478745835056,184.156112690618,221.868974948249
2021-03-02,1.29665525569781,185.771517187904,240.881614120651
2021-03-03,1.35703885358141,194.925476005859,264.5214444928
2021-03-04,1.37630345597409,189.540794348238,260.865650309554
2021-03-05,1.35778580341388,189.540794348238,257.355799733828
2021-03-06,1.29119594166273,196.002412337383,253.077519366133
2021-03-07,1.19909756385007,202.194796243646,242.451287598917
2021-03-08,1.08524474999725,205.425605238218,222.937059599785
2021-03-09,0.991787529710764,212.425691393125,210.681151713888
2021-03-10,0.921415809594146,212.694925476006,195.980466954041
2021-03-11,0.877073143188975,217.541138967864,190.799490527454
2021-03-12,0.844082477940245,222.387352459723,187.713267526773
2021-03-13,0.818945140337079,224.810459205652,184.107433063416
2021-03-14,0.798168738608296,227.233565951581,181.370728705038
2021-03-15,0.790815361391905,222.925820625485,176.29316340153
2021-03-16,0.80515551818633,220.502713879555,177.538976855186
2021-03-17,0.824733587509298,211.07952097872,174.084370586524
2021-03-18,0.859676786386923,208.656414232791,179.377075646664
2021-03-19,0.905013321728002,203.540966658051,184.207286342931
2021-03-20,0.961490811442366,192.77160334281,185.348125321125
2021-03-21,1.03677160602141,189.540794348238,196.510513762996
2021-03-22,1.09302228016659,184.69458085638,201.875291902053
2021-03-23,1.14674251826183,181.733005944689,208.400964888304
2021-03-24,1.17558916444718,180.117601447402,211.744300587783
2021-03-25,1.19419893305695,177.694494701473,212.202575982594
2021-03-26,1.17397760508915,176.348324287068,207.028983408016
2021-03-27,1.13129282883283,182.540708193332,206.506994149182
2021-03-28,1.04942148380359,183.617644524856,192.692300969794
2021-03-29,1.00377094012155,184.69458085638,185.391053061564
2021-03-30,0.980051263571685,184.69458085638,181.010157343138
2021-03-31,1.0131824787063,183.348410441975,185.765396958459
2021-04-01,1.05689067382294,184.69458085638,195.201980012745
2021-04-02,1.11835948670021,193.040837425691,215.889051855574
2021-04-03,1.1570546405,199.771689497717,231.146760373858
2021-04-04,1.17883289566171,204.348668906694,240.892933091895
2021-04-05,1.15359480042362,209.464116481434,241.636715648309
2021-04-06,1.11443789777037,210.810286895839,234.934972956568
2021-04-07,1.03944173389129,213.233393641768,221.643688410523
2021-04-08,0.96301633064307,212.694925476006,204.828686678304
2021-04-09,0.86300931178574,208.38718014991,179.840076926144
2021-04-10,0.808040149673721,210.810286895839,170.343175776073
2021-04-11,0.772570258013353,209.194882398553,161.617744269723
2021-04-12,0.77376841469538,206.771775652623,159.993469050479
2021-04-13,0.752798121816324,201.387093995003,151.603826117486
2021-04-14,0.786344507403526,202.464030326527,159.206478194045
2021-04-15,0.84018998666337,200.57939174636,168.524796476321
2021-04-16,0.930288816893136,191.156198845524,177.830474065792
2021-04-17,1.00947268055976,183.348410441975,185.085211365231
2021-04-18,1.09546847488889,179.040665115878,196.133404357583
2021-04-19,1.142127461064,176.88679245283,202.027263159906
2021-04-20,1.1619050690769,172.579047126734,200.520469673014
2021-04-21,1.12344353061536,172.309813043853,193.58034472566
2021-04-22,1.0550674622393,168.002067717757,177.253515237928
2021-04-23,0.972622973652495,167.463599551994,162.878944174811
2021-04-24,0.883494780274101,160.194279314207,141.530809603873
2021-04-25,0.80733482911415,158.040406651159,127.591524696844
2021-04-26,0.750615700784852,157.501938485397,118.223427931189
2021-04-27,0.770432091290898,156.155768070992,120.30741496207
2021-04-28,0.838844071467584,151.578788662014,127.150968229368
2021-04-29,0.970712203335716,150.771086413371,146.355333491643
2021-04-30,1.07864773940534,146.463341087275,157.982351769542
2021-05-01,1.24530056332561,153.463427242181,191.108092394567
2021-05-02,1.31842863645368,152.386490910657,200.910713425299
2021-05-03,1.37123620015713,149.694150081847,205.266037543983
2021-05-04,1.33407586327488,149.155681916085,198.984995114554
2021-05-05,1.27903384646815,151.040320496252,193.185682096104
2021-05-06,1.17244286570499,151.578788662014,177.717469358983
2021-05-07,1.10938336618382,149.963384164728,166.366883928983
2021-05-08,0.98151540081585,148.617213750323,145.870084122283
2021-05-09,0.928533847834297,151.848022744895,140.996028845347
2021-05-10,0.877313359639019,156.155768070992,136.997541513373
2021-05-11,0.878493613592538,162.348151977255,142.621814690569
2021-05-12,0.866308739642958,162.078917894374,140.41038308377
2021-05-13,0.871118549922664,158.30964073404,137.906464675015
2021-05-14,0.897882680232322,162.886620143017,146.253075067996
2021-05-15,0.975619983579381,158.578874816921,154.712719244921
2021-05-16,1.03457689967915,155.886533988111,161.276607035149
2021-05-17,1.078994666786,154.809597656587,167.038730238743
2021-05-18,1.11313238518271,154.809597656587,172.323576688652
2021-05-19,1.15468233849737,149.155681916085,172.227431595035
2021-05-20,1.19070387179262,151.309554579133,180.164872476591
2021-05-21,1.17964681739191,150.771086413371,177.856632242254
2021-05-22,1.12863279076813,151.848022744895,171.380657683194
2021-05-23,1.09335088139421,155.078831739468,169.555577367931
2021-05-24,1.10194379224276,154.271129490825,169.998113464693
2021-05-25,1.0996054463781,152.117256827776,167.268964095919
2021-05-26,1.0907412946568,156.963470319635,171.206538830263
2021-05-27,1.08817795047855,162.078917894374,176.370704690082
2021-05-28,1.11796616146403,168.002067717757,187.820626764441
2021-05-29,1.13386515608643,168.540535883519,191.102241026456
2021-05-30,1.15054813652707,171.771344878091,197.631200758237
2021-05-31,1.149424880207,178.502196950116,205.174866346074
2021-06-01,1.16324754662916,182.809942276213,212.653216852222
2021-06-02,1.16497327501091,186.848453519428,217.673454827252
2021-06-03,1.13491844371384,189.271560265357,214.80778461565
2021-06-04,1.09826335455026,194.656241922978,213.783817238476
2021-06-05,1.07446956321319,200.310157663479,215.227167611843
2021-06-06,1.0718099887451,201.925562160765,216.425834506878
2021-06-07,1.05164192151821,201.656328077884,212.070248346133
2021-06-08,1.04655246452412,210.541052812958,220.342257704904
2021-06-09,1.02343295135573,213.502627724649,218.505624414441
2021-06-10,1.04551505236443,221.041182045317,231.101883020805
2021-06-11,1.04530759445601,216.733436719221,226.553107375153
2021-06-12,1.10247425751572,222.925820625485,245.769978575163
2021-06-13,1.12303702807849,223.464288791247,250.958670765795
2021-06-14,1.17629981467461,227.772034117343,267.928201520289
2021-06-15,1.15560529954326,235.310588438012,271.92616303761
2021-06-16,1.14618069636866,241.772206427156,277.114635925265
2021-06-17,1.10552402707111,245.272249504609,271.154365001125
2021-06-18,1.08584029150791,247.964590333419,269.249943051281
2021-06-19,1.0342790478735,243.118376841561,251.452243320241
2021-06-20,1.0301971471153,243.926079090204,251.291950785749
2021-06-21,1.03453073240127,257.118549151374,265.997040967522
2021-06-22,1.05480882062689,253.618506073921,267.519037280987
2021-06-23,1.07727841452506,260.349358145946,280.468743766081
2021-06-24,1.07656058689814,264.118635306281,284.339713036065
2021-06-25,1.08076226757041,271.387955544068,293.305862225104
2021-06-26,1.04685161300758,269.23408288102,281.848133940612
2021-06-27,1.01359585142812,278.657275781856,282.44585870275
2021-06-28,0.959438632985185,271.118721461187,260.121775495413
2021-06-29,0.960759916215458,270.311019212544,259.703992170759
2021-06-30,0.953192935473181,268.695614715258,256.118761739208
2021-07-01,0.962211232583668,268.426380632377,258.282878566252
2021-07-02,0.933389177445823,268.695614715258,250.797578802374
2021-07-03,0.917074067673976,276.772637201689,253.821008219406
2021-07-04,0.887901270028272,275.695700870165,244.790562943954
2021-07-05,0.880894616982015,263.580167140519,232.186350377303
2021-07-06,0.900099708344985,263.580167140519,237.248431568703
2021-07-07,0.948340301189446,254.695442405445,241.537952562359
2021-07-08,1.02447188745501,250.387697079349,256.515156622393
2021-07-09,1.09218283148174,249.849228913587,272.881038278371
2021-07-10,1.1573650081192,257.118549151374,297.580011726176
2021-07-11,1.18338041269925,252.003101576635,298.215534345249
2021-07-12,1.20286382822227,258.464719565779,310.897862037289
2021-07-13,1.19707088137812,257.118549151374,307.7891282513
2021-07-14,1.19748905334963,255.772378736969,306.284623686717
2021-07-15,1.16812559420214,259.810889980184,303.49175023829
2021-07-16,1.1580533821986,263.8494012234,305.551691477833
2021-07-17,1.15498761229307,270.311019212544,312.205878656802
2021-07-18,1.17573053267187,280.811148444904,330.158241141327
2021-07-19,1.18373751925029,287.272766434048,340.055551886808
2021-07-20,1.17510728749657,296.695959334884,348.649583985208
2021-07-21,1.1519654106585,312.850004307745,360.392383686884
2021-07-22,1.12719262425373,322.811665374343,363.870928233023
2021-07-23,1.08738693637937,329.81175152925,358.632990077306
2021-07-24,1.03464228044599,331.696390109417,343.18710947851
2021-07-25,0.986708629034713,343.00422159042,338.445225238602
2021-07-26,0.957687121441777,347.042732833635,332.358355824731
2021-07-27,0.930272155455382,347.581200999397,323.345113049479
2021-07-28,0.907709797178738,353.235116739898,320.634976172381
2021-07-29,0.901823690485911,352.427414491255,317.827391564912
2021-07-30,0.939351380187514,356.465925734471,334.846759328495
2021-07-31,0.985974624492877,351.619712242612,346.688113742703
2021-08-01,1.03976146127274,347.042732833635,360.841659015186
2021-08-02,1.07514089665218,353.77358490566,380.356449287327
2021-08-03,1.10588163739292,357.004393900233,394.804603682855
2021-08-04,1.11786576437704,355.119755320066,396.976216726254
2021-08-05,1.10786774503548,354.581287154303,392.829171031418
2021-08-06,1.06863065362448,354.312053071422,378.628720860746
2021-08-07,1.01651564534509,354.042818988541,359.890064623931
2021-08-08,0.95242392370048,354.312053071422,337.455275800657
2021-08-09,0.905401351677908,353.504350822779,320.063317058966
2021-08-10,0.87731092358748,353.77358490566,310.369430514439
2021-08-11,0.877224645173675,348.927371413802,306.087689579856
2021-08-12,0.888608879378539,347.042732833635,308.385253919762
2021-08-13,0.908793255894793,347.042732833635,315.390095106506
2021-08-14,0.923276746755434,349.735073662445,322.902261037334
2021-08-15,0.945880875464697,353.235116739898,334.11834146681
2021-08-16,0.950081252014897,342.196519341777,325.114497531375
2021-08-17,0.953190576552793,333.850262772465,318.222924454387
2021-08-18,0.934434728904554,328.465581114844,306.929646243527
2021-08-19,0.904496599806761,323.350133540105,292.469096334087
2021-08-20,0.844532501878133,317.965451882485,268.532158589126
2021-08-21,0.791731061696545,311.50383389334,246.627261130918
2021-08-22,0.729566038206834,299.119066080813,218.227111992707
2021-08-23,0.672975025528134,286.734298268286,192.965021696892
2021-08-24,0.598204601704829,275.964934953046,165.083493998086
2021-08-25,0.5498270657085,268.964848798139,147.884153593411
2021-08-26,0.523051983205864,256.580080985612,134.204720210646
2021-08-27,0.515701057487591,236.387524769536,121.905296500524
2021-08-28,0.489350798304714,217.810373050745,106.58567993143
2021-08-29,0.476220546203874,201.925562160765,96.1611015047238
2021-08-30,0.481265622486814,191.156198845524,91.9969070296044
2021-08-31,0.481773007761366,171.232876712329,82.4953780413298
2021-09-01,0.45215793592618,151.578788662014,68.537552211607
2021-09-02,0.483781111512204,132.732402860343,64.2134293894623
2021-09-03,0.660957110116774,118.462996467649,78.2989598010308
2021-09-04,0.818117517277181,100.155078831739,81.938624436523
2021-09-05,0.969903231562895,82.9240975273542,80.4283501662175
2021-09-06,1.07389983020235,77.5394158697338,83.2695655364966
2021-09-07,1.13617991464992,72.1547342121134,81.9807597587069
2021-09-08,1.14528355610651,61.9238390626346,70.9203546094211
2021-09-09,1.07278546596136,58.1545619023003,62.3873687881378
2021-09-10,0.872898844646164,55.1929869906091,48.1778945766735
2021-09-11,0.723400775148095,50.8852416645128,36.8104232637067
2021-09-12,0.583649222353064,41.7312828465581,24.3564307811894
2021-09-13,0.548919541006841,37.6927716033428,20.6902988877826
2021-09-14,0.585994988245628,37.6927716033428,22.087775252646
2021-09-15,0.660593248602402,35.5388989402947,23.4767567027217
2021-09-16,0.806047794056947,33.3850262772465,26.9099267853078
2021-09-17,0.971920809929963,32.5773240286034,31.6625791552311
2021-09-18,1.08366684167599,32.8465581114844,35.5947258885994
2021-09-19,1.12341839447103,32.3080899457224,36.295502535249
2021-09-20,1.0637103007072,28.8080468682691,30.6434161970338
2021-09-21,0.970477218000438,24.2310674592918,23.5156989370745
2021-09-22,0.865214060105701,23.4233652106487,20.266224915244
2021-09-23,0.696382891274532,21.0002584647196,14.6242207071739
2021-09-24,0.49697812936977,19.9233221331955,9.90145536458683
2021-09-25,0.354120986512627,18.8463858016714,6.67390073228545
2021-09-26,0.335073367465008,16.6925131386232,5.59321658881239
2021-09-27,0.497538353459406,15.8848108899802,7.90330265521478
2021-09-28,0.797538353459406,14.5386404755751,11.5951233864284
2021-09-29,1.25117243867244,14.2694063926941,17.8534879947551
2021-09-30,1.79662698412698,13.730938226932,24.6693741358868
2021-10-01,1.98412698412698,11.0385973981218,21.9019789645274
2021-10-02,2.0952380952381,11.5770655638839,24.2567088005186
2021-10-03,2.07142857142857,11.8462996467649,24.538763554013
2021-10-04,1.89047619047619,9.15395881795468,17.3053411939429
2021-10-05,1.6047619047619,8.0770224864306,12.9616979901291
2021-10-06,1.22380952380952,7.26932023778754,8.89626333862571
2021-10-07,0.852380952380952,6.19238390626346,5.27827009152933
2021-10-08,0.80952380952381,6.7308520720255,5.44878501068731
2021-10-09,0.916666666666667,6.7308520720255,6.16994773269004
2021-10-10,0.952380952380952,6.46161798914448,6.15392189442332
2021-10-11,0.966666666666667,7.53855432066856,7.28726917664628
2021-10-12,0.936054421768707,7.53855432066856,7.0564971056054
2021-10-13,0.912244897959184,7.80778840354958,7.12261513548299
2021-10-14,0.793877551020408,7.26932023778754,5.77095014795786
2021-10-15,0.812925170068027,6.7308520720255,5.47167906535406
2021-10-16,0.777210884353742,5.65391574050142,4.39428485273665
2021-10-17,0.887755102040507,5.3846816576204,4.78027861441645
2021-10-18,0.952380952380592,5.65391574050142,5.38468165761836
2021-10-19,1.08571428571385,5.11544757473938,5.55391450971483
2021-10-20,1.23214285714232,4.84621349185836,5.97122733818
