"fecha","rho7dpromedio","incidenciaAcum14d","riesgopor10"
2020-01-29,1.25,0.0702051464584663,0.0877564330730829
2020-01-30,1,0.140410292916933,0.140410292916933
2020-01-31,0.833333333333333,0.140410292916933,0.117008577430777
2020-02-01,0.714285714285714,0.140410292916933,0.100293066369238
2020-02-02,0.428571428571429,0.140410292916933,0.0601758398215425
2020-02-03,0.142857142857143,0.140410292916933,0.0200586132738475
2020-02-04,0,0.140410292916933,0
2020-02-05,0,0.140410292916933,0
2020-02-06,0,0.140410292916933,0
2020-02-07,0,0.140410292916933,0
2020-02-08,0,0.140410292916933,0
2020-02-09,0,0.140410292916933,0
2020-02-10,0,0.140410292916933,0
2020-02-11,0,0.140410292916933,0
2020-02-12,0,0.0702051464584663,0
2020-02-13,0,0,0
2020-02-14,0.142857142857143,0,0
2020-02-15,0.285714285714286,0,0
2020-02-16,0.428571428571429,0,0
2020-02-17,0.571428571428571,0,0
2020-02-18,0.857142857142857,0.0702051464584663,0.0601758398215425
2020-02-19,1.14285714285714,0.0702051464584663,0.08023445309539
2020-02-20,1.42857142857143,0.0702051464584663,0.100293066369238
2020-02-21,1.42857142857143,0.140410292916933,0.200586132738475
2020-02-22,1.42857142857143,0.210615439375399,0.300879199107713
2020-02-23,1.28571428571429,0.210615439375399,0.270791279196941
2020-02-24,1.14285714285714,0.280820585833865,0.32093781238156
2020-02-25,0.857142857142857,0.280820585833865,0.24070335928617
2020-02-26,0.571428571428571,0.280820585833865,0.16046890619078
2020-02-27,0.285714285714286,0.280820585833865,0.08023445309539
2020-02-28,0.142857142857143,0.280820585833865,0.040117226547695
2020-02-29,0,0.280820585833865,0
2020-03-01,0,0.280820585833865,0
2020-03-02,0,0.280820585833865,0
2020-03-03,0,0.210615439375399,0
2020-03-04,0,0.210615439375399,0
2020-03-05,0,0.210615439375399,0
2020-03-06,0,0.140410292916933,0
2020-03-07,0,0.0702051464584663,0
2020-03-08,0.285714285714286,0.0702051464584663,0.0200586132738475
2020-03-09,0.571428571428571,0,0
2020-03-10,0.857142857142857,0,0
2020-03-11,0.857142857142857,0,0
2020-03-12,0.857142857142857,0.140410292916933,0.120351679643085
2020-03-13,0.857142857142857,0.140410292916933,0.120351679643085
2020-03-14,0.928571428571429,0.140410292916933,0.130380986280009
2020-03-15,0.714285714285714,0.140410292916933,0.100293066369238
2020-03-16,0.571428571428571,0.140410292916933,0.08023445309539
2020-03-17,0.285714285714286,0.140410292916933,0.040117226547695
2020-03-18,0.285714285714286,0.210615439375399,0.0601758398215425
2020-03-19,0.428571428571429,0.210615439375399,0.0902637597323138
2020-03-20,0.714285714285714,0.210615439375399,0.150439599553856
2020-03-21,0.928571428571429,0.210615439375399,0.195571479420013
2020-03-22,1,0.210615439375399,0.210615439375399
2020-03-23,0.857142857142857,0.280820585833865,0.24070335928617
2020-03-24,0.857142857142857,0.351025732292331,0.300879199107713
2020-03-25,0.857142857142857,0.351025732292331,0.300879199107713
2020-03-26,0.714285714285714,0.210615439375399,0.150439599553856
2020-03-27,0.428571428571429,0.210615439375399,0.0902637597323138
2020-03-28,0.142857142857143,0.210615439375399,0.0300879199107713
2020-03-29,0,0.210615439375399,0
2020-03-30,0,0.210615439375399,0
2020-03-31,0,0.210615439375399,0
2020-04-01,0,0.140410292916933,0
2020-04-02,0,0.140410292916933,0
2020-04-03,0,0.140410292916933,0
2020-04-04,0.142857142857143,0.140410292916933,0.0200586132738475
2020-04-05,0.285714285714286,0.140410292916933,0.040117226547695
2020-04-06,0.428571428571429,0.0702051464584663,0.0300879199107713
2020-04-07,0.428571428571429,0,0
2020-04-08,0.571428571428571,0.0702051464584663,0.040117226547695
2020-04-09,0.857142857142857,0.0702051464584663,0.0601758398215425
2020-04-10,1.14285714285714,0.0702051464584663,0.08023445309539
2020-04-11,1.14285714285714,0.0702051464584663,0.08023445309539
2020-04-12,1,0.140410292916933,0.140410292916933
2020-04-13,1.14285714285714,0.210615439375399,0.24070335928617
2020-04-14,1.28571428571429,0.210615439375399,0.270791279196941
2020-04-15,1.28571428571429,0.210615439375399,0.270791279196941
2020-04-16,1,0.210615439375399,0.210615439375399
2020-04-17,0.714285714285714,0.351025732292331,0.250732665923094
2020-04-18,0.571428571428571,0.351025732292331,0.200586132738475
2020-04-19,0.571428571428571,0.351025732292331,0.200586132738475
2020-04-20,0.285714285714286,0.351025732292331,0.100293066369238
2020-04-21,0.428571428571429,0.351025732292331,0.150439599553856
2020-04-22,0.571428571428571,0.280820585833865,0.16046890619078
2020-04-23,0.857142857142857,0.280820585833865,0.24070335928617
2020-04-24,0.857142857142857,0.280820585833865,0.24070335928617
2020-04-25,0.857142857142857,0.421230878750798,0.361055038929255
2020-04-26,0.857142857142857,0.351025732292331,0.300879199107713
2020-04-27,0.857142857142857,0.280820585833865,0.24070335928617
2020-04-28,0.642857142857143,0.280820585833865,0.180527519464628
2020-04-29,0.642857142857143,0.280820585833865,0.180527519464628
2020-04-30,0.642857142857143,0.280820585833865,0.180527519464628
2020-05-01,0.785714285714286,0.140410292916933,0.110322373006161
2020-05-02,0.928571428571429,0.210615439375399,0.195571479420013
2020-05-03,1.35714285714286,0.280820585833865,0.381113652203103
2020-05-04,1.57142857142857,0.280820585833865,0.441289492024645
2020-05-05,1.64285714285714,0.280820585833865,0.461348105298493
2020-05-06,1.35714285714286,0.351025732292331,0.476392065253878
2020-05-07,1.07142857142857,0.491436025209264,0.526538598438497
2020-05-08,0.976190476190476,0.491436025209264,0.479735167466186
2020-05-09,0.880952380952381,0.351025732292331,0.309236954638482
2020-05-10,0.595238095238095,0.351025732292331,0.208943888269245
2020-05-11,0.523809523809524,0.351025732292331,0.183870621676936
2020-05-12,0.523809523809524,0.421230878750798,0.220644746012323
2020-05-13,0.523809523809524,0.421230878750798,0.220644746012323
2020-05-14,0.666666666666667,0.491436025209264,0.327624016806176
2020-05-15,0.761904761904762,0.491436025209264,0.374427447778487
2020-05-16,1.28571428571429,0.421230878750798,0.541582558393883
2020-05-17,1.57142857142857,0.351025732292331,0.551611865030807
2020-05-18,1.71428571428571,0.421230878750798,0.72211007785851
2020-05-19,1.71428571428571,0.491436025209264,0.842461757501595
2020-05-20,1.78571428571429,0.56164117166773,1.00293066369238
2020-05-21,1.78571428571429,0.421230878750798,0.752197997769282
2020-05-22,1.92857142857143,0.421230878750798,0.812373837590824
2020-05-23,1.85714285714286,0.491436025209264,0.912666903960062
2020-05-24,2,0.491436025209264,0.982872050418528
2020-05-25,2.28571428571429,0.702051464584663,1.6046890619078
2020-05-26,2.28571428571429,0.842461757501595,1.92562687428936
2020-05-27,2.26190476190476,0.912666903960062,2.06436561610014
2020-05-28,2.15986394557823,1.05307719687699,2.27450346944521
2020-05-29,1.93537414965986,1.12328234333546,2.17397161006081
2020-05-30,1.49251700680272,1.12328234333546,1.67651800086939
2020-05-31,0.956802721088435,1.19348748979393,1.14193207781984
2020-06-01,0.456802721088435,1.19348748979393,0.545188332922872
2020-06-02,0.528231292517007,1.19348748979393,0.630437439336724
2020-06-03,0.718707482993197,1.05307719687699,0.756854461564996
2020-06-04,0.963605442176871,1.05307719687699,1.01475091794304
2020-06-05,1.33095238095238,1.12328234333546,1.4950353093441
2020-06-06,1.55952380952381,1.19348748979393,1.86127215670243
2020-06-07,1.71428571428571,1.33389778271086,2.28668191321862
2020-06-08,1.72857142857143,1.12328234333546,1.94167376490844
2020-06-09,1.62142857142857,0.982872050418528,1.59365682460718
2020-06-10,1.47857142857143,0.982872050418528,1.45324653169025
2020-06-11,1.47857142857143,0.912666903960062,1.34944320799809
2020-06-12,1.15714285714286,0.842461757501595,0.974848605108989
2020-06-13,1.06190476190476,0.912666903960062,0.969165331348065
2020-06-14,0.966666666666667,0.912666903960062,0.88224467382806
2020-06-15,1.0952380952381,0.982872050418528,1.07647891236315
2020-06-16,1.13095238095238,0.912666903960062,1.03218280805007
2020-06-17,1.27380952380952,1.05307719687699,1.34141976268855
2020-06-18,1.27380952380952,1.05307719687699,1.34141976268855
2020-06-19,1.52380952380952,1.05307719687699,1.6046890619078
2020-06-20,1.52380952380952,1.12328234333546,1.71166833270165
2020-06-21,1.5,1.05307719687699,1.57961579531549
2020-06-22,1.4,1.33389778271086,1.8674568957952
2020-06-23,1.36428571428571,1.26369263625239,1.72403781088719
2020-06-24,1.38333333333333,1.19348748979393,1.65099102754827
2020-06-25,1.4547619047619,1.19348748979393,1.73624013396212
2020-06-26,1.66904761904762,1.33389778271086,2.22633891828646
2020-06-27,2.05,1.40410292916933,2.87841100479712
2020-06-28,2.47857142857143,1.68492351500319,4.17620328361505
2020-06-29,2.68174603174603,1.75512866146166,4.70680932307852
2020-06-30,2.77460317460317,2.10615439375399,5.84374266711424
2020-07-01,2.7042735042735,2.80820585833865,7.59415669725085
2020-07-02,2.49713064713065,3.08902644417252,7.7137026035402
2020-07-03,2.11617826617827,3.29964188354792,6.98263044013562
2020-07-04,1.77332112332112,3.51025732292331,6.22481345903257
2020-07-05,1.57944357230072,3.93148820167411,6.20956376971027
2020-07-06,1.53929417921015,4.21230878750798,6.48398239764678
2020-07-07,1.53657309077477,5.12497569146804,7.87489973838461
2020-07-08,1.52322929171669,5.89723230251117,8.98283698324285
2020-07-09,1.52947929171669,6.17805288834503,9.44920395585419
2020-07-10,1.54852691076431,7.16092493876356,11.0888849736386
2020-07-11,1.51043167266907,7.51195067105589,11.3462882170905
2020-07-12,1.40627966703923,7.93318154980669,11.1562719084239
2020-07-13,1.26762420485436,8.91605360022522,11.3022053554243
2020-07-14,1.19279427288157,9.68831021126835,11.5561609339009
2020-07-15,1.11348072928231,9.61810506480988,10.7095746418784
2020-07-16,1.06112683317841,10.3201565293945,10.9509950159419
2020-07-17,0.980522884281781,10.6009771152284,10.3945006572289
2020-07-18,0.971864875623772,10.7413874081453,10.4391771374439
2020-07-19,0.965132527512114,11.1626182868961,10.773406000885
2020-07-20,1.01859529192822,11.3732337262715,11.5847223275795
2020-07-21,1.03900345519353,11.3732337262715,11.8168291383197
2020-07-22,1.09156575775583,11.8646697514808,12.9510672277979
2020-07-23,1.20195536814544,12.1454903373147,14.598337309694
2020-07-24,1.31345362598517,11.7944646050223,15.4914823020203
2020-07-25,1.42101273354427,12.0752851908562,17.1591340173852
2020-07-26,1.57845320973475,12.4263109231485,19.6143503618058
2020-07-27,1.76227483275782,13.7602087058594,24.2492694958311
2020-07-28,1.90966712300726,13.8304138523179,26.4114866313556
2020-07-29,2.03002972163073,14.8834910491949,30.2139291914904
2020-07-30,2.08156679215514,16.4280042712811,34.1959881524815
2020-07-31,2.10335482197034,18.5341586650351,38.9839119992649
2020-08-01,2.0911203897359,21.7635954021245,45.5102980993452
2020-08-02,1.99402217545019,23.4485189171277,46.756866702216
2020-08-03,1.89715209326799,26.6077505077587,50.4789495729469
2020-08-04,1.84499789825665,29.3457512196389,54.1428493229964
2020-08-05,1.8133851332106,34.1197011788146,61.8721588672507
2020-08-06,1.75963893161108,39.8063180419504,70.0447469507085
2020-08-07,1.69393933354732,44.2994474152922,75.0405764311748
2020-08-08,1.62314568275367,49.0733973744679,79.6532730864231
2020-08-09,1.57747786205396,53.9175524801021,85.0537454134939
2020-08-10,1.54048819024869,60.0956053684471,92.5765703559383
2020-08-11,1.50080565056615,66.3438634032506,99.5692450759871
2020-08-12,1.45581386074677,73.926019220765,107.622523451422
2020-08-13,1.4183840593258,79.8232515232762,113.220027524169
2020-08-14,1.41909973132969,87.7564330730828,124.535130596463
2020-08-15,1.39687750910746,93.0218190574678,129.940086897641
2020-08-16,1.3751792583786,100.25294914269,137.865776252312
2020-08-17,1.31031004709576,108.677566717706,142.40130756413
2020-08-18,1.28075770181308,117.734030610848,150.78876647034
2020-08-19,1.25038498934781,123.280237181067,154.147758054444
2020-08-20,1.24377323766217,129.598700362329,161.191395146463
2020-08-21,1.23006958415776,136.619215008175,168.051140993065
2020-08-22,1.22773585476069,143.007883335896,175.575905884913
2020-08-23,1.22583335611864,151.923936936121,186.233429489162
2020-08-24,1.23072044560435,159.506092753635,196.307409550363
2020-08-25,1.22495920834218,168.422146353861,206.310259064916
2020-08-26,1.21425433763237,172.915275727202,209.963123594653
2020-08-27,1.20889976432648,182.392970499095,220.494819051163
2020-08-28,1.21426082909472,189.834716023693,230.50885966989
2020-08-29,1.2268337715479,194.047024811201,238.063443306775
2020-08-30,1.24410869733484,202.612052679134,252.071416922975
2020-08-31,1.26197036837029,211.598311425817,267.030799016571
2020-09-01,1.29281638022241,222.831134859172,288.079741169487
2020-09-02,1.30659307611865,233.783137706693,305.459429040857
2020-09-03,1.30362867965772,244.735140554213,319.043748146536
2020-09-04,1.26561419703682,255.827553694651,323.778983949151
2020-09-05,1.22088040579289,268.815505789467,328.191583791666
2020-09-06,1.16711947690584,278.363405707819,324.883352459437
2020-09-07,1.11498112270937,288.543151944296,321.720167504952
2020-09-08,1.0588666828201,295.353051150768,312.739505532808
2020-09-09,1.02148691110548,304.690335629744,311.237189786118
2020-09-10,0.992792045373309,315.85295391664,313.576300156102
2020-09-11,0.979999984209155,320.767314168732,314.351962820171
2020-09-12,0.978155424751865,328.630290572081,321.451501460862
2020-09-13,0.973380367404362,331.368291283961,322.547389116138
2020-09-14,0.977642730424222,334.59772802105,327.117036416241
2020-09-15,0.973365463962081,337.897369904598,328.897630228756
2020-09-16,0.97447767343906,341.407627227522,332.694110275025
2020-09-17,0.965831849180566,338.7398316621,327.16571800532
2020-09-18,0.954277798096907,337.756959611681,322.313967710141
2020-09-19,0.932880244840511,331.929932455629,309.650876659101
2020-09-20,0.919450706016851,330.806650112293,304.160408000817
2020-09-21,0.89706833694942,328.630290572081,294.803828234701
2020-09-22,0.887274314077113,323.64572517353,287.162538807333
2020-09-23,0.884318395041473,319.363211239563,282.418762398661
2020-09-24,0.892555269592916,310.727978225172,277.34189437483
2020-09-25,0.906802781498227,307.217720902248,278.585883839705
2020-09-26,0.911506930823037,303.988284165159,277.087427905545
2020-09-27,0.915799646858213,302.58418123599,277.106486320801
2020-09-28,0.916479666040389,296.546538640562,271.778872698735
2020-09-29,0.919684553258434,287.770895333253,264.658447315343
2020-09-30,0.907118869948222,278.714431440111,252.827120086215
2020-10-01,0.88629670493137,277.240123364483,245.717007812708
2020-10-02,0.850438017937275,270.430224158012,229.984143823273
2020-10-03,0.829663174924914,266.147710224046,220.812954263478
2020-10-04,0.810084412740371,256.670015452153,207.924378735619
2020-10-05,0.808501294868376,245.226576579423,198.266004700602
2020-10-06,0.82101005725658,240.733447206081,197.644581274238
2020-10-07,0.841300937276259,235.468061221696,198.099500604436
2020-10-08,0.867387197459974,228.307136282932,198.030687100565
2020-10-09,0.889298973704428,221.778057662295,197.22699906924
2020-10-10,0.921333498914991,218.197595192913,201.032753833923
2020-10-11,0.945874811831356,208.439079835186,197.157275417408
2020-10-12,0.978801693275758,203.875745315386,199.553924732557
2020-10-13,0.985331266405247,197.557282134124,194.659366992795
2020-10-14,1.00290383087343,194.187435104118,194.751322573405
2020-10-15,0.992469186921682,188.851843973274,187.429636036816
2020-10-16,0.996957606400495,187.588151337022,187.017434346051
2020-10-17,0.972222529271051,183.375842549514,178.282125450699
2020-10-18,0.956506372215272,182.322765352637,174.392886859707
2020-10-19,0.909173430395137,180.988867569926,164.550269591881
2020-10-20,0.873547354147349,179.725174933674,156.99845103698
2020-10-21,0.813617629007931,176.776558782418,143.828524620732
2020-10-22,0.783028448800004,174.600199242206,136.716923172796
2020-10-23,0.74803186495802,170.036864722405,127.192993029915
2020-10-24,0.737057335611398,163.226965515934,120.307632303108
2020-10-25,0.723504180956358,160.348554511137,116.012849599116
2020-10-26,0.725756878457889,154.802347940918,112.348868819553
2020-10-27,0.723394270755928,150.239013421118,108.68204155286
2020-10-28,0.746970635112338,143.148293628813,106.927571807162
2020-10-29,0.77984397590501,135.917163543591,105.994181211565
2020-10-30,0.826865833828507,126.860699650449,104.896778196536
2020-10-31,0.88234009565239,121.454903373147,107.164531059714
2020-11-01,0.93432742284133,116.470337974596,108.821430717263
2020-11-02,0.963286995378884,112.117618894171,108.0014442336
2020-11-03,0.969260116334583,105.869360859367,102.614949022818
2020-11-04,0.964574620166794,103.061155001028,99.4101744390682
2020-11-05,0.948117033153086,97.7957690166435,92.7218343749846
2020-11-06,0.929029172656775,94.2855116937202,87.5939909223376
2020-11-07,0.895751362910871,92.1793572999662,82.5697849336929
2020-11-08,0.886242981448693,90.8454595172554,80.511150893649
2020-11-09,0.883495728701441,87.8266382195413,77.5944597331714
2020-11-10,0.905101890802494,86.422535290372,78.221200099261
2020-11-11,0.916613547531846,85.0886375076611,77.9933978805486
2020-11-12,0.930868290400036,84.1057654572426,78.2913901039699
2020-11-13,0.9292370454404,83.6845345784918,77.7627696607727
2020-11-14,0.926335924714056,83.4037139926579,77.2598565259754
2020-11-15,0.88130595857913,80.3848926949439,70.8436849117981
2020-11-16,0.846799402333444,78.2787383011899,66.2863888088636
2020-11-17,0.809845637776773,77.1554559578544,62.4840094381464
2020-11-18,0.785136731985445,73.2239677561803,57.490826747095
2020-11-19,0.749876690293129,70.3455567513832,52.7504932735547
2020-11-20,0.73252562031048,69.5733001403401,50.9642248423498
2020-11-21,0.723055288429823,67.3267354536692,48.6809521224912
2020-11-22,0.734196210315819,64.2377090094967,47.1630825141428
2020-11-23,0.742360314687139,61.9209391763673,45.9676478926912
2020-11-24,0.76970511087333,58.8319127321948,45.283223912424
2020-11-25,0.788070318591637,56.4449377526069,44.4825800775821
2020-11-26,0.80606627630308,53.145295869059,42.8386307441978
2020-11-27,0.809702415832231,50.8987311823881,41.2128256011749
2020-11-28,0.812487556473921,48.5819613492587,39.4722390653696
2020-11-29,0.78922928764915,45.6333451980031,36.0151725236677
2020-11-30,0.772714596666374,42.9655496325814,33.2001073548892
2020-12-01,0.74393211200273,40.2275489207012,29.9265654292704
2020-12-02,0.750369095398238,38.2618048198641,28.7104758709854
2020-12-03,0.759669690636334,36.2960607190271,27.5730172177409
2020-12-04,0.787988438325228,34.1197011788146,26.8859300480176
2020-12-05,0.838121535042176,32.7155982496453,27.4196474248158
2020-12-06,0.970619988969201,31.8731364921437,30.9367033904184
2020-12-07,1.09406321241242,30.7498541488082,33.6422842112587
2020-12-08,1.21205131852529,28.9947254873466,35.1430952572171
2020-12-09,1.29967204953974,28.7139049015127,37.3186596336383
2020-12-10,1.38176829165104,29.6265718054728,40.9370575111251
2020-12-11,1.42244782066225,29.4861615125558,41.9425261832302
2020-12-12,1.40762681029089,29.205340926722,41.1102208921396
2020-12-13,1.33305152563157,30.0478026842236,40.0552692100807
2020-12-14,1.2645948250994,30.8200592952667,38.9748874940509
2020-12-15,1.20827194675557,31.9433416386022,38.5962435875521
2020-12-16,1.13503468173748,32.5751879567284,36.9739680950039
2020-12-17,1.06200229244003,34.5409320575654,36.6825490281499
2020-12-18,0.987094751538635,35.1025732292331,34.6495658000766
2020-12-19,0.930664652770689,36.9981121836117,34.432835228532
2020-12-20,0.874363062367086,37.7703687946549,33.0250153260286
2020-12-21,0.821911101668016,37.7703687946549,31.043885426422
2020-12-22,0.785144228694247,38.4022151127811,30.151277564875
2020-12-23,0.793802237352255,37.489548208821,29.7592872454873
2020-12-24,0.851627323658354,36.5768813048609,31.149871533428
2020-12-25,0.912361206968668,36.0854452796517,32.9229604093448
2020-12-26,0.974738204665646,36.1556504261101,35.2422937848653
2020-12-27,1.0233207074342,35.6642144009009,36.4959291108147
2020-12-28,1.1112623356984,35.1025732292331,39.0081675157419
2020-12-29,1.19224344609128,34.0494960323562,40.5952884872877
2020-12-30,1.25106697550304,33.4176497142299,41.8077179564018
2020-12-31,1.27233279828785,33.277239421313,42.3397231522141
2021-01-01,1.32358807731667,34.6813423504823,45.9038112404361
2021-01-02,1.34625415715926,34.5409320575654,46.5008733746531
2021-01-03,1.36462854139572,34.6813423504823,47.3271496253842
2021-01-04,1.32990631917349,36.5768813048609,48.6438255829934
2021-01-05,1.28456318191859,38.8936511379903,49.9613522622485
2021-01-06,1.22942628845153,40.2977540671596,49.5431182157205
2021-01-07,1.18364012492951,42.1230878750798,49.8585769948763
2021-01-08,1.13362691576235,43.667601097166,49.502767950521
2021-01-09,1.14334983102256,44.4398577082092,50.8103038013475
2021-01-10,1.1521362733809,46.7566275413385,53.8700066113363
2021-01-11,1.16080279030213,49.0031922280095,56.883042271985
2021-01-12,1.1314756099918,50.8987311823881,57.5906729124013
2021-01-13,1.09907027007067,54.6196039446868,60.0307828586397
2021-01-14,1.03887260609942,55.3918605557299,57.5450865322266
2021-01-15,0.995408828835935,55.0408348234376,54.7881329297501
2021-01-16,0.939898852056249,55.6726811415638,52.3266890958494
2021-01-17,0.93523802546146,56.164117166773,52.5268180408389
2021-01-18,0.926577908949853,55.3216554092714,51.259823788767
2021-01-19,0.950676646531736,56.3747326061484,53.5941417431365
2021-01-20,0.96727413838696,57.3576046565669,55.4805276241207
2021-01-21,1.01283588795814,56.8661686313577,57.5960964005187
2021-01-22,1.03268706228572,57.21719436365,59.0874563596285
2021-01-23,1.0677373419766,57.2873995101085,61.1678956816748
2021-01-24,1.07259719731114,56.30452745969,60.3920783491915
2021-01-25,1.10888980877999,57.2873995101085,63.5254134882674
2021-01-26,1.11041048348503,56.8661686313577,63.144789803887
2021-01-27,1.11265327615335,55.7428862880222,62.0225050506117
2021-01-28,1.11231905155442,57.21719436365,63.6437753671802
2021-01-29,1.14120993160429,58.270271560527,66.4986126221523
2021-01-30,1.14892181047949,58.0596561211516,66.7060052265298
2021-01-31,1.15946721051134,58.6212972928193,67.9694720486613
2021-02-01,1.17394484262379,62.4123752015765,73.2686859837916
2021-02-02,1.18416572313857,62.6229906409519,74.1559989974429
2021-02-03,1.18348513638028,64.2377090094967,76.0243738078609
2021-02-04,1.14901822461557,66.6246839890845,76.5529761127116
2021-02-05,1.10448824682135,68.5202229434631,75.6797809106335
2021-02-06,1.05589751435827,69.854120726174,73.7587924424493
2021-02-07,1.02451086643485,70.9774030695094,72.7171207160385
2021-02-08,0.990347792754672,69.854120726174,69.1798742759847
2021-02-09,1.01729427622289,72.1006854128449,73.3476145822346
2021-02-10,1.06421691879771,73.0133523168049,77.7020448336819
2021-02-11,1.13888832437711,74.2770449530573,84.5932592662707
2021-02-12,1.19509368151997,75.8917633216021,90.6977668250554
2021-02-13,1.25252347892608,78.0681228618145,97.7821568401085
2021-02-14,1.27190783644267,81.3677647453624,103.49229761345
2021-02-15,1.25844298938934,82.5612522351563,103.898629070537
2021-02-16,1.20726421966752,84.8078169218273,102.385442917836
2021-02-17,1.15906885674823,87.2649970478736,101.146140362417
2021-02-18,1.10920049738732,87.5458176337075,97.1058644634879
2021-02-19,1.0696929595591,88.5988948305845,94.7736140249937
2021-02-20,1.03472420203366,91.3368955424646,94.5084963564085
2021-02-21,1.01129227954513,93.5834602291356,94.6402308228439
2021-02-22,0.998591212496241,97.3043329914343,97.1672518630543
2021-02-23,0.98190858205852,98.3574101883113,96.577985172953
2021-02-24,0.986151022899888,100.463564582065,99.0722469767726
2021-02-25,1.00191430706552,101.095410900191,101.288938559569
2021-02-26,1.02770496701355,101.797462364776,104.617757701655
2021-02-27,1.03194314436918,101.376231486025,104.614507083987
2021-02-28,1.03135288298755,102.99094985457,106.220013054137
2021-03-01,1.0284798771012,105.167309394782,108.16246144141
2021-03-02,1.03289868810386,104.114232197906,107.539453850158
2021-03-03,1.02796351197862,102.920744708112,105.798770185605
2021-03-04,1.02187029052834,102.99094985457,105.243391849679
2021-03-05,1.01967737776813,103.90361675853,105.948167476963
2021-03-06,1.02306820778435,104.114232197906,106.515960939555
2021-03-07,1.02694278954295,105.377924834158,108.217100085437
2021-03-08,1.03076131811395,105.448129980616,108.691853451472
2021-03-09,1.03589658152164,105.307719687699,109.087906832327
2021-03-10,1.04418195900339,106.290591738118,110.986718304738
2021-03-11,1.03792209757786,107.203258642078,111.268631076967
2021-03-12,1.0169015843803,107.905310106663,109.729080810513
2021-03-13,0.994772646876191,109.239207889374,108.668175974771
2021-03-14,0.987856569742462,108.888182157081,107.565906111187
2021-03-15,0.975702869515367,106.782027763327,104.187530901348
2021-03-16,0.965139279088248,107.484079227912,103.737106739491
2021-03-17,0.943327943277959,108.607361571247,102.45235901585
2021-03-18,0.934261150993534,109.37961818229,102.18912797822
2021-03-19,0.926886490873427,107.835104960204,99.9509020295314
2021-03-20,0.940851815461753,106.711822616869,100.400012040313
2021-03-21,0.962202339937277,105.518335127075,101.529988965557
2021-03-22,1.00603725889595,105.026899101866,105.660973682782
2021-03-23,1.04818416808509,105.167309394782,110.234708707717
2021-03-24,1.09872438417153,104.675873369573,115.009934505601
2021-03-25,1.14292506750186,105.026899101866,120.037875745511
2021-03-26,1.18867925853881,105.518335127075,125.427456361101
2021-03-27,1.2063710021261,106.782027763327,128.818741841903
2021-03-28,1.22067098785466,107.975515253121,131.802578868143
2021-03-29,1.22186585077965,110.432695379167,134.933939293357
2021-03-30,1.2363172019298,113.100490944589,139.828082501502
2021-03-31,1.2533556452141,113.732337262715,142.547066951618
2021-04-01,1.30356676719431,118.716902661266,154.755409013468
2021-04-02,1.34748521668042,124.05249379211,167.158901477208
2021-04-03,1.3827545635738,129.177469483578,178.620735439332
2021-04-04,1.37221169029801,138.163728230262,189.589883052722
2021-04-05,1.34611381541964,148.624295052573,200.065216877274
2021-04-06,1.29715819901921,156.768092041755,203.353015936561
2021-04-07,1.23000445537749,162.03347802614,199.301899892463
2021-04-08,1.13626974926483,167.649889742817,190.495498182347
2021-04-09,1.05726154346832,174.319378656372,184.301175334675
2021-04-10,1.00059492817618,179.233738908464,179.340370109864
2021-04-11,0.964199025941771,182.533380792012,175.998507961517
2021-04-12,0.951163762992567,188.992254266191,179.762583744278
2021-04-13,0.957526201408225,193.204563053699,184.998431355545
2021-04-14,0.977246641118695,197.27646154829,192.787759419848
2021-04-15,0.987282892461337,197.136051255373,194.629050891811
2021-04-16,0.996121171247199,200.786718871214,200.007901572875
2021-04-17,0.994428918587498,202.822668118509,201.69272652212
2021-04-18,0.987695968997405,200.50589828538,198.038867496673
2021-04-19,0.962892113510477,198.118923305792,190.767148788334
2021-04-20,0.943907194910084,196.433999790789,185.415465727491
2021-04-21,0.928742567580331,195.029896861619,181.132567166187
2021-04-22,0.923312325307983,192.362101296198,177.610299048922
2021-04-23,0.919684573027335,188.851843973274,173.684127489986
2021-04-24,0.940979583177992,188.781638826816,177.639667814915
2021-04-25,0.9708390956462,188.500818240982,183.003963909644
2021-04-26,1.01797936748995,185.201176357434,188.530976366736
2021-04-27,1.06844500829173,184.148099160557,196.752117334507
2021-04-28,1.12681487796997,185.271381503893,208.766549140636
2021-04-29,1.1797476976842,185.060766064517,218.325012696288
2021-04-30,1.21664906189783,186.113843261394,226.435232810175
2021-05-01,1.22886339854763,190.466562341819,234.057387109052
2021-05-02,1.22582292776948,192.572716735573,236.060051437323
2021-05-03,1.21410547476246,196.504204937247,238.576831028157
2021-05-04,1.18877606646416,199.452821088503,237.10474009877
2021-05-05,1.1610636165528,204.507591633512,237.446323954509
2021-05-06,1.143928187348,209.843182764356,240.045531686965
2021-05-07,1.15061601453612,217.916774607079,250.738530698964
2021-05-08,1.17163202181672,222.48010912688,260.664820070331
2021-05-09,1.21388992243195,228.728367161683,277.651059871883
2021-05-10,1.2749594844582,242.628986160459,309.342127109755
2021-05-11,1.33588735996376,252.106680932352,336.786128419945
2021-05-12,1.38808353363303,262.918273486956,364.95252611847
2021-05-13,1.42255544934796,277.169918218025,394.289577556381
2021-05-14,1.43792734501394,292.96607617118,421.263932087975
2021-05-15,1.42248470788223,307.919772366833,438.011167446398
2021-05-16,1.38720507937426,326.38372588541,452.761162373336
2021-05-17,1.32325458897123,347.024038944199,459.201152016242
2021-05-18,1.25301545501962,365.347582169859,457.786166912883
2021-05-19,1.18008083615712,381.564971001764,450.277510028029
2021-05-20,1.11507522680936,400.239539959716,446.297195798653
2021-05-21,1.06149484122568,415.544261887662,441.098090294685
2021-05-22,1.03761248948454,428.46200883602,444.577531637888
2021-05-23,1.04128881316086,445.592064571886,463.990032071956
2021-05-24,1.05960824347222,458.228990934409,485.543216192056
2021-05-25,1.08375764180675,474.23576432694,513.956633607387
2021-05-26,1.09831179763685,488.41720391155,536.434377224858
2021-05-27,1.10651840743675,500.703104541782,554.03720183621
2021-05-28,1.10473916313034,509.408542702631,562.763567156749
2021-05-29,1.09244707095513,514.744133833475,562.330721297716
2021-05-30,1.07259885946513,519.307468353275,557.008598267446
2021-05-31,1.04936081564919,524.081418312451,549.950504586938
2021-06-01,1.02915941268597,532.857061619759,548.394860582164
2021-06-02,1.01069360672466,535.454652038722,541.180593506512
2021-06-03,0.992880514244692,540.57962773019,536.730978770956
2021-06-04,0.973290463048849,548.161783547705,533.520636134828
2021-06-05,0.955063551148173,552.51450262813,527.686462940888
2021-06-06,0.935597938387112,553.778195264382,518.113737813092
2021-06-07,0.916417058758442,555.603529072302,509.16455194825
2021-06-08,0.904856901190776,552.93573350688,500.327714378684
2021-06-09,0.892095601299512,545.985424007492,487.071195130733
2021-06-10,0.88523003224433,543.036807856237,480.712490928434
2021-06-11,0.875110744522245,534.401574841845,467.660560033707
2021-06-12,0.874831608257443,528.785163125168,462.597974679465
2021-06-13,0.877182395545469,518.254391156398,454.603628336528
2021-06-14,0.895726864986319,507.302388308877,454.404377879983
2021-06-15,0.922709487231096,493.401769310101,455.266493559039
2021-06-16,0.970925822055766,485.749408346128,471.626643611566
2021-06-17,1.02543243775253,477.746021649863,489.896267606993
2021-06-18,1.0823430588332,468.057711438595,506.599015108916
2021-06-19,1.13378339898733,470.023455539432,532.904791025269
2021-06-20,1.16601383246,469.040583489013,546.9078083333
2021-06-21,1.17177793950555,469.18099378193,549.775938148958
2021-06-22,1.14765918196199,471.146737882767,540.715879782598
2021-06-23,1.11297218931943,478.79909884674,532.890081287626
2021-06-24,1.06814803481004,479.922381190075,512.628148329535
2021-06-25,1.02206774999263,481.53709955862,492.163539883854
2021-06-26,0.977254160136199,482.098740730288,471.132999975097
2021-06-27,0.961343764107467,491.857256088015,472.843905971222
2021-06-28,0.958042867119752,498.105514122818,477.206434878383
2021-06-29,0.96458472573048,500.352078809489,482.631972707127
2021-06-30,0.962392050421431,506.600336844293,487.548136919767
2021-07-01,0.964931447070834,512.918800025555,494.931479938494
2021-07-02,0.960892460538025,514.112287515349,494.006620943456
2021-07-03,0.952793563751923,510.531825045967,486.43143699432
2021-07-04,0.934437688391749,505.196233915123,472.074401003865
2021-07-05,0.933499430352612,500.77330968824,467.471599329764
2021-07-06,0.945618805484807,492.769922991975,465.972505958511
2021-07-07,0.969116576287587,483.36243336654,468.434546530218
2021-07-08,0.989966872592602,479.852176043617,475.037758024654
2021-07-09,1.01066291934075,481.817920144454,486.955505763884
2021-07-10,1.01753973178523,484.696331149251,493.197774794893
2021-07-11,1.00263956453016,478.588483407365,479.851748592712
2021-07-12,0.966709791126361,477.465201064029,461.570284790714
2021-07-13,0.917133573192418,475.359046670275,435.967741022051
2021-07-14,0.86906621418323,467.074839388176,405.918962407323
2021-07-15,0.819188812785227,454.367707879194,372.212943185501
2021-07-16,0.796658209775172,447.347193233347,356.382814109226
2021-07-17,0.791939118945433,434.780472017282,344.319663944045
2021-07-18,0.817519111708088,428.672624275395,350.448063011196
2021-07-19,0.849347845969001,416.948364816831,354.134195537473
2021-07-20,0.893996077567323,412.034004564739,368.356783905233
2021-07-21,0.923433970870481,404.17102816139,373.225257445878
2021-07-22,0.949140977944509,393.850871631996,373.82000146509
2021-07-23,0.947980320972178,383.951945981352,363.978888989294
2021-07-24,0.936058951633929,370.402352714868,346.71843796502
2021-07-25,0.910414230785682,360.082196185474,327.823955659817
2021-07-26,0.886042539021882,344.637063964611,305.363099196251
2021-07-27,0.864380012013138,333.68506111709,288.430697136995
2021-07-28,0.862659169780998,324.698802370407,280.104399281739
2021-07-29,0.871239209395612,318.239928896228,277.263104049665
2021-07-30,0.898430722878252,311.640645129132,279.987530081611
2021-07-31,0.924095168204773,308.832439270793,285.390564915034
2021-08-01,0.945015791095839,304.620130483285,287.870833592379
2021-08-02,0.952757020336122,299.635565084734,285.479888176861
2021-08-03,0.950721375496622,294.510589393266,279.997512646287
2021-08-04,0.938027720945918,289.526023994715,271.583436442296
2021-08-05,0.911325647640247,282.505509348868,257.454516269295
2021-08-06,0.875109448380569,274.291507213228,240.035089572843
2021-08-07,0.845391825868515,267.692223446132,226.304817549928
2021-08-08,0.834144888282292,263.128888926332,219.487617657299
2021-08-09,0.828264806027383,252.878937543396,209.450724152791
2021-08-10,0.844941250265665,248.596423609429,210.049372976124
2021-08-11,0.870974442585873,244.524525114838,212.974611960471
2021-08-12,0.907035586950266,239.188933983995,216.952875128181
2021-08-13,0.917928561137975,233.502317120859,214.338445977133
2021-08-14,0.926716299165555,231.255752434188,214.308475056557
2021-08-15,0.924165922954465,226.13077674272,208.982357996846
2021-08-16,0.92790518449553,217.846569460621,202.140961227076
2021-08-17,0.916914275741043,208.649695274562,191.313884226264
2021-08-18,0.911775529595103,204.507591633512,186.465017667865
2021-08-19,0.895885039517232,201.278154896423,180.322087753337
2021-08-20,0.880839402518618,196.644615230164,173.212325387841
2021-08-21,0.85094486524291,193.274768200158,164.466171580938
2021-08-22,0.823737315556368,188.500818240982,155.275157998005
2021-08-23,0.795295165750697,184.499124892849,146.731262112517
2021-08-24,0.768514022534349,178.04025141867,136.826429790789
2021-08-25,0.744221551749073,172.915275727202,128.687274822817
2021-08-26,0.735518952717725,167.018043424691,122.844936384693
2021-08-27,0.743955188028095,160.980400829263,119.762204367773
2021-08-28,0.760917213344551,152.274962668413,115.868640255795
2021-08-29,0.78730276756624,145.535268608401,114.58031975389
2021-08-30,0.807721809383393,140.05926718464,113.12892471129
2021-08-31,0.816194963152891,134.864086346714,110.075387986404
2021-09-01,0.808984250585035,128.264802579618,103.76420519131
2021-09-02,0.792874627511397,122.788801155858,97.3561249790215
2021-09-03,0.771130986696425,115.206645338343,88.8394140937417
2021-09-04,0.73603941160485,107.13305349562,78.8541496583467
2021-09-05,0.694105045265722,101.235821193108,70.268294251755
2021-09-06,0.665243344627887,95.5492043299726,63.5634722650044
2021-09-07,0.668059019162902,91.0560749566308,60.8308321243504
2021-09-08,0.694848731913206,85.5800735328704,59.4652055713539
2021-09-09,0.79017566650552,80.1742772555685,63.3517629670172
2021-09-10,0.898107110428904,76.032173614519,68.2850357445644
2021-09-11,1.00501141061052,73.3643780490973,73.7320370716863
2021-09-12,1.0570396293054,69.3626847009647,73.3191065239351
2021-09-13,1.08784496453993,68.0287869182538,74.0047732927823
2021-09-14,1.073986110481,65.2205810599152,70.0459981758489
2021-09-15,1.02877880342024,62.2719649086596,64.0640775453582
2021-09-16,0.935614417470622,58.7617075857363,54.9783008124077
2021-09-17,0.856979980536265,56.7959634848992,48.6730036818274
2021-09-18,0.807493519285098,55.1812451163545,44.5584978175387
2021-09-19,0.795321723075743,50.9689363288465,40.536702264396
2021-09-20,0.839481759971857,51.5305775005142,43.2589798924979
2021-09-21,0.86994750173382,50.4775003036373,43.9127752829174
2021-09-22,0.907149882686201,50.6881157430127,45.9817182498585
2021-09-23,0.905481723259421,50.5477054500957,45.7700234377623
2021-09-24,0.925528842556915,50.1966797178034,46.4584748794187
2021-09-25,0.92001148409838,47.8097047382155,43.985477410511
2021-09-26,0.917658523358736,45.6333451980031,41.875828170319
2021-09-27,0.857492083901597,43.0357547790398,36.902819047757
2021-09-28,0.825345529627713,43.0357547790398,35.519367821035
2021-09-29,0.77638239598716,41.701856996329,32.3765876519238
2021-09-30,0.745799473162858,39.595702602575,29.5304541405136
2021-10-01,0.697416967986875,38.1213945269472,26.586507386415
2021-10-02,0.691471106619327,36.8577018906948,25.486035913804
2021-10-03,0.734685675363161,35.9450349867347,26.4083023051817
2021-10-04,0.82119300556797,33.1368291283961,27.2117323069398
2021-10-05,0.969018926981311,32.2943673708945,31.2938532172845
2021-10-06,1.11632210086331,30.8200592952667,34.405113341224
2021-10-07,1.27068718022839,30.6796490023498,38.9842366811926
2021-10-08,1.35610384689506,29.064930633805,39.4150642422411
2021-10-09,1.43982077440577,30.258418123599,43.5666990150137
2021-10-10,1.43876436930039,30.118007830682,43.3327165410953
2021-10-11,1.41735334788936,29.4861615125558,41.7923097362275
2021-10-12,1.30837644065797,29.064930633805,38.0278704906285
2021-10-13,1.23990956463548,30.4690335629744,37.7788461399313
2021-10-14,1.13492543765135,31.3817004669344,35.6158901366791
2021-10-15,1.06696666877795,32.224162224436,34.3821070227666
2021-10-16,0.949727258478943,32.9964188354792,31.3375984002426
2021-10-17,0.879417929908675,34.8919577898577,30.6846132900176
2021-10-18,0.770100484384333,35.4535989615255,27.3028337334386
2021-10-19,0.676065900399246,35.4535989615255,23.9689693043175
2021-10-20,0.537365242918832,35.5238041079839,19.0892576238878
2021-10-21,0.446540182030215,34.4005217646485,15.3612152507205
2021-10-22,0.377332109387555,32.5751879567284,12.2916643854084
2021-10-23,0.326236031265066,29.6967769519312,9.68815865416193
2021-10-24,0.258712470273993,27.4502122652603,7.10171222469095
