"fecha","rho7dpromedio","incidenciaAcum14d","riesgopor10"
2020-01-03,0.5,0.089221904691377,0.0446109523456885
2020-01-04,0.4,0.089221904691377,0.0356887618765508
2020-01-05,0.333333333333333,0.089221904691377,0.0297406348971257
2020-01-06,0.285714285714286,0.089221904691377,0.0254919727689648
2020-01-07,0.142857142857143,0.089221904691377,0.0127459863844824
2020-01-08,0,0.089221904691377,0
2020-01-09,0,0.089221904691377,0
2020-01-10,0,0.089221904691377,0
2020-01-11,0,0.089221904691377,0
2020-01-12,0,0.089221904691377,0
2020-01-13,0,0.089221904691377,0
2020-01-14,0,0.089221904691377,0
2020-01-15,0,0.089221904691377,0
2020-01-16,0,0.089221904691377,0
2020-01-17,0,0,0
2020-01-18,0,0,0
2020-01-19,0,0,0
2020-01-20,0,0,0
2020-01-21,0,0,0
2020-01-22,0,0,0
2020-01-23,0,0,0
2020-01-24,0,0,0
2020-01-25,0,0,0
2020-01-26,0,0,0
2020-01-27,0,0,0
2020-01-28,0,0,0
2020-01-29,0,0,0
2020-01-30,0,0,0
2020-01-31,0,0,0
2020-02-01,0,0,0
2020-02-02,0,0,0
2020-02-03,0,0,0
2020-02-04,0,0,0
2020-02-05,0,0,0
2020-02-06,0,0,0
2020-02-07,0,0,0
2020-02-08,0,0,0
2020-02-09,0,0,0
2020-02-10,0,0,0
2020-02-11,0,0,0
2020-02-12,0,0,0
2020-02-13,0,0,0
2020-02-14,0,0,0
2020-02-15,0,0,0
2020-02-16,0,0,0
2020-02-17,0,0,0
2020-02-18,0,0,0
2020-02-19,0,0,0
2020-02-20,0,0,0
2020-02-21,0,0,0
2020-02-22,0,0,0
2020-02-23,0,0,0
2020-02-24,0,0,0
2020-02-25,0,0,0
2020-02-26,0,0,0
2020-02-27,0,0,0
2020-02-28,0,0,0
2020-02-29,0,0,0
2020-03-01,0,0,0
2020-03-02,0,0,0
2020-03-03,0,0,0
2020-03-04,0,0,0
2020-03-05,0.142857142857143,0,0
2020-03-06,0.571428571428571,0,0
2020-03-07,1,0,0
2020-03-08,1.28571428571429,0,0
2020-03-09,1.28571428571429,0.089221904691377,0.114713877460342
2020-03-10,1.57142857142857,0.267665714074131,0.42061755068792
2020-03-11,1.71428571428571,0.267665714074131,0.458855509841367
2020-03-12,1.85714285714286,0.267665714074131,0.497093468994814
2020-03-13,1.78571428571429,0.267665714074131,0.477974489418091
2020-03-14,1.92857142857143,0.446109523456885,0.860354080952564
2020-03-15,1.71428571428571,0.535331428148262,0.917711019682734
2020-03-16,1.95238095238095,0.802997142222393,1.56775632529134
2020-03-17,1.85714285714286,0.89221904691377,1.65697822998272
2020-03-18,1.97142857142857,0.89221904691377,1.75894612105857
2020-03-19,1.86428571428571,0.89221904691377,1.66335122317496
2020-03-20,1.79285714285714,1.33832857037065,2.39943193687882
2020-03-21,1.39285714285714,1.60599428444479,2.23692061047667
2020-03-22,1.44642857142857,1.69521618913616,2.45200913071481
2020-03-23,1.38293650793651,1.69521618913616,2.3443763568014
2020-03-24,1.39246031746032,1.51677237975341,2.11204534942647
2020-03-25,1.63531746031746,1.96288190321029,3.20993504886096
2020-03-26,1.5281746031746,2.14132571259305,3.27231957110945
2020-03-27,1.30368480725624,2.49821333135856,3.25688276537714
2020-03-28,1.1712172747887,2.40899142666718,2.82145237373048
2020-03-29,1.12784992784993,2.49821333135856,2.81760972552647
2020-03-30,1.05528756957328,2.23054761728442,2.35386917386156
2020-03-31,1.18862090290662,2.23054761728442,2.65127552283282
2020-04-01,1.26004947433519,2.40899142666718,3.03544838084995
2020-04-02,1.76004947433519,2.49821333135856,4.39697906063479
2020-04-03,2.16311069882498,2.23054761728442,4.82492141518652
2020-04-04,2.43843537414966,2.3197695219758,5.65660806226004
2020-04-05,2.62210884353741,2.76587904543269,7.25243590518387
2020-04-06,2.74625850340136,3.12276666419819,8.57592450569259
2020-04-07,2.59387755102041,3.30121047358095,8.56293573861507
2020-04-08,2.187284144427,3.21198856888957,7.02553166881293
2020-04-09,1.71975167689453,3.65809809234646,6.29102032855751
2020-04-10,1.32140002854289,4.01498571111196,5.30540223326263
2020-04-11,1.04470829921958,4.28265142518609,4.47412148655646
2020-04-12,0.809477364740523,4.37187332987747,3.53893250204859
2020-04-13,0.611858317121475,4.46109523456885,2.72955822274193
2020-04-14,0.448763079026237,4.55031713926023,2.04201432996028
2020-04-15,0.426785057048215,4.55031713926023,1.94200735986665
2020-04-16,0.494317524580682,4.46109523456885,2.20519755327075
2020-04-17,0.785526315789474,4.37187332987747,3.43422154991691
2020-04-18,1.1765037593985,4.01498571111196,4.72364578305447
2020-04-19,1.71785714285714,3.92576380642059,6.74390139602965
2020-04-20,1.8797619047619,3.56887618765508,6.70863750036592
2020-04-21,1.95714285714286,3.74731999703783,7.33404056563119
2020-04-22,1.84285714285714,3.74731999703783,6.90577542311258
2020-04-23,1.68730158730159,3.39043237827232,5.72068193349759
2020-04-24,1.36911976911977,2.76587904543269,3.78681968009601
2020-04-25,1.01197691197691,2.40899142666718,2.43784370493751
2020-04-26,0.583405483405483,2.23054761728442,1.30131371092077
2020-04-27,0.607215007215007,2.14132571259305,1.30024510802187
2020-04-28,1.08340548340548,2.14132571259305,2.31992401878046
2020-04-29,1.53102453102453,2.14132571259305,3.27842219489354
2020-04-30,2.0508658008658,2.14132571259305,4.39157167247167
2020-05-01,2.54761904761905,2.14132571259305,5.45528217255848
2020-05-02,3.04761904761905,2.58743523604993,7.88551690986646
2020-05-03,3.30952380952381,2.49821333135856,8.26789650140093
2020-05-04,3.33809523809524,2.94432285481544,9.8284301010744
2020-05-05,2.93809523809524,3.03354475950682,8.91284341245574
2020-05-06,2.68095238095238,3.21198856888957,8.61118840135633
2020-05-07,2.33011204481793,3.4796542829637,8.10798435653601
2020-05-08,1.97927170868347,3.83654190172921,7.59355884527132
2020-05-09,1.54229691876751,4.46109523456885,6.88033343460394
2020-05-10,1.25658263305322,5.35331428148262,6.72688175538684
2020-05-11,1.08204847156254,5.71020190024813,6.17871523847699
2020-05-12,0.962567952082019,6.15631142370501,5.92586807949487
2020-05-13,0.808455397969465,6.42397713777914,5.19349899346998
2020-05-14,0.73072430553249,6.69164285185327,4.88974607579193
2020-05-15,0.717278927381229,6.87008666123603,4.92776839138747
2020-05-16,0.764643327686806,6.6024209471619,5.04849712382694
2020-05-17,0.877738565782044,6.69164285185327,5.87351299951136
2020-05-18,0.923701298701299,6.6024209471619,6.0986648034661
2020-05-19,1.0741341991342,6.87008666123603,7.3793950338493
2020-05-20,1.15205627705628,6.42397713777914,7.40078318524448
2020-05-21,1.25919913419913,6.24553332839639,7.86437015972857
2020-05-22,1.28557276057276,6.06708951901363,7.79968502160042
2020-05-23,1.47875457875458,6.33475523308777,9.36754830621806
2020-05-24,1.40627558715794,5.7994238049395,8.15558811646904
2020-05-25,1.49040257128492,5.97786761432226,8.90942926318677
2020-05-26,1.45128692502642,5.97786761432226,8.67560110820478
2020-05-27,1.48303295677245,6.24553332839639,9.26233175863259
2020-05-28,1.32997173228266,6.33475523308777,8.42504539093636
2020-05-29,1.16976351944286,7.22697428000153,8.45385086869766
2020-05-30,0.817620662300008,7.67308380345842,6.27367186126714
2020-05-31,0.693671082468075,7.40541808938429,5.13692438219186
2020-06-01,0.521232410029402,6.9593085659274,3.62741717595661
2020-06-02,0.453205199145049,6.51319904247052,2.95181566911419
2020-06-03,0.450030595970446,6.51319904247052,2.93113884675714
2020-06-04,0.745948963317384,6.33475523308777,4.72540409899119
2020-06-05,0.946450216450216,6.15631142370501,5.82664227950055
2020-06-06,1.28073593073593,5.53175809086537,7.08472134711048
2020-06-07,1.36406926406926,5.26409237679124,7.18058661440225
2020-06-08,1.40952380952381,5.17487047209986,7.29410314162648
2020-06-09,1.35714285714286,4.81798285333436,6.53869101523948
2020-06-10,1.28571428571429,4.28265142518609,5.50626611809641
2020-06-11,1.04285714285714,3.92576380642059,4.09401082669576
2020-06-12,1.0047619047619,2.85510095012406,2.86869666893418
2020-06-13,0.885714285714286,2.40899142666718,2.13367812076236
2020-06-14,0.90952380952381,2.58743523604993,2.35333395278827
2020-06-15,0.87891156462585,2.76587904543269,2.4309630793871
2020-06-16,0.871768707482993,2.58743523604993,2.2556450714272
2020-06-17,0.853401360544218,2.67665714074131,2.28426284561903
2020-06-18,0.881972789115646,2.49821333135856,2.20335617966419
2020-06-19,0.824829931972789,2.40899142666718,1.98700823458092
2020-06-20,0.658163265306122,2.3197695219758,1.52678708334122
2020-06-21,0.586734693877551,2.3197695219758,1.36108926034294
2020-06-22,0.61734693877551,1.96288190321029,1.21177913412472
2020-06-23,0.638775510204082,1.69521618913616,1.08286258612167
2020-06-24,0.747619047619048,1.51677237975341,1.13396792200612
2020-06-25,1.17619047619048,1.60599428444479,1.8889551821803
2020-06-26,1.6047619047619,1.60599428444479,2.57723844694235
2020-06-27,1.74761904761905,1.42755047506203,2.49481440165603
2020-06-28,1.96190476190476,1.33832857037065,2.62567319520338
2020-06-29,2.06904761904762,1.24910666567928,2.58446117256022
2020-06-30,2.26190476190476,1.24910666567928,2.82536031522694
2020-07-01,2.35714285714286,1.1598847609879,2.73401407947148
2020-07-02,2.21428571428571,1.33832857037065,2.96344183439216
2020-07-03,1.89285714285714,1.51677237975341,2.87103343310467
2020-07-04,1.79285714285714,1.60599428444479,2.87931832425458
2020-07-05,1.60918367346939,1.87365999851892,3.01506307924932
2020-07-06,1.53061224489796,1.87365999851892,2.86784693650855
2020-07-07,1.39172335600907,1.96288190321029,2.7317885897853
2020-07-08,1.22845804988662,2.14132571259305,2.63052880906413
2020-07-09,0.942743764172336,2.23054761728442,2.10283485688435
2020-07-10,0.778458049886621,2.40899142666718,1.87529876819692
2020-07-11,0.725396825396825,2.58743523604993,1.87691730615051
2020-07-12,0.704988662131519,2.40899142666718,1.69831164297239
2020-07-13,0.700226757369614,2.40899142666718,1.68684025522636
2020-07-14,0.874829931972789,2.40899142666718,2.10745780591428
2020-07-15,1.22857142857143,2.40899142666718,2.95961803847682
2020-07-16,1.65714285714286,2.40899142666718,3.9920429356199
2020-07-17,2,2.3197695219758,4.6395390439516
2020-07-18,2.36734693877551,2.49821333135856,5.91413768239984
2020-07-19,2.55357142857143,2.40899142666718,6.15153167881083
2020-07-20,2.71547619047619,2.67665714074131,7.2683987357511
2020-07-21,2.70448717948718,2.94432285481544,7.96288341311945
2020-07-22,2.52591575091575,3.12276666419819,7.88784550353285
2020-07-23,2.26401098901099,3.56887618765508,8.07997490727074
2020-07-24,2.04496336996337,3.92576380642059,8.02804318325807
2020-07-25,1.75924908424908,4.72876094864298,8.31906836853299
2020-07-26,1.56567765567766,5.26409237679124,8.24187181176513
2020-07-27,1.36567765567766,5.88864570963088,8.04199186784498
2020-07-28,1.15139194139194,6.42397713777914,7.39651550812497
2020-07-29,0.944681984681985,6.6024209471619,6.23718812407081
2020-07-30,0.746269286269286,6.69164285185327,4.99376753502151
2020-07-31,0.80048174048174,6.9593085659274,5.57079943340305
2020-08-01,1.04333888333888,6.87008666123603,7.16782854557535
2020-08-02,1.34567654567655,7.04853047061878,9.48504213579816
2020-08-03,1.51302348445206,7.04853047061878,10.6645921329221
2020-08-04,1.6464614750329,7.94074951753255,13.0741381635035
2020-08-05,1.68650476507619,8.38685904098944,14.144477736651
2020-08-06,1.6917957703672,8.29763713629806,14.0379074112309
2020-08-07,1.52165556574424,8.29763713629806,12.626145730974
2020-08-08,1.21386335795203,7.85152761284117,9.53068167317646
2020-08-09,0.897390357268501,8.02997142222393,7.20601892344538
2020-08-10,0.737835626285198,7.94074951753255,5.85896789344252
2020-08-11,0.628373659680375,7.58386189876704,4.7654990558388
2020-08-12,0.602684436622731,7.49463999407567,4.51690288251968
2020-08-13,0.676758510696805,7.49463999407567,5.07206140059936
2020-08-14,0.904591023012076,7.58386189876704,6.86029339338798
2020-08-15,1.14095465937571,7.67308380345842,8.75464071733619
2020-08-16,1.30058450321608,7.49463999407567,9.74741263347828
2020-08-17,1.50095556073,7.7623057081498,11.6508759167336
2020-08-18,1.66653997631441,7.13775237531016,11.8953496744875
2020-08-19,1.83905459619745,7.04853047061878,12.9626323584293
2020-08-20,1.86935762650048,6.9593085659274,13.0094365428865
2020-08-21,1.81221476935763,7.49463999407567,13.5818972882823
2020-08-22,1.6902367473796,7.85152761284117,13.2709404942898
2020-08-23,1.70515040515041,8.1191933269153,13.8444457908841
2020-08-24,1.64800754800755,8.56530285037219,14.1156837483839
2020-08-25,1.64590670767141,9.45752189728596,15.5661987286922
2020-08-26,1.61909418085889,10.171297134817,16.4682880027688
2020-08-27,1.67586598048783,11.9557352286445,20.0362099414052
2020-08-28,1.6444995208605,13.1156199896324,21.5686307887389
2020-08-29,1.67628146440715,14.2755047506203,23.929764008521
2020-08-30,1.67887572244935,16.5060523679047,27.7116105939529
2020-08-31,1.69928388571466,17.755159033584,30.1710556340703
2020-09-01,1.69508220504239,19.3611533180288,32.818746458488
2020-09-02,1.65745028741047,21.6809228400046,35.9350517924898
2020-09-03,1.62097069557373,24.7144675995114,40.0614277355145
2020-09-04,1.5717249103031,26.3204618839562,41.3685255936973
2020-09-05,1.54406384587733,29.5324504528458,45.5999890244029
2020-09-06,1.47056881373239,31.5845542607474,46.4472604914937
2020-09-07,1.40398718107933,35.3318742577853,49.6054985414372
2020-09-08,1.26928441108244,37.4731999703783,47.5641485557762
2020-09-09,1.163660828316,41.2205199674162,47.9667044088997
2020-09-10,1.03148050863568,43.0941799659351,44.4508066705003
2020-09-11,0.978848929688313,44.254064726923,43.3180438923059
2020-09-12,0.924152641724308,45.1462837738367,41.7220574136265
2020-09-13,0.921247194309319,45.7708371066764,42.1662552657145
2020-09-14,0.917152135233057,47.9121628192694,43.9427424333269
2020-09-15,0.92742348128422,49.3397132943315,45.7588086689942
2020-09-16,0.916903426267678,49.8750447224797,45.7305993912953
2020-09-17,0.893046330982011,49.5181571037142,44.2220085184628
2020-09-18,0.861758135122905,49.4289351990228,42.5957870182208
2020-09-19,0.83567211016174,47.6444971051953,39.8151774334934
2020-09-20,0.823921031836459,46.9307218676643,38.6672087860358
2020-09-21,0.82265280101845,44.0756209175402,36.2589330044418
2020-09-22,0.884339126924959,43.6295113940833,38.5832840144062
2020-09-23,0.986443964002474,41.7558513955644,41.1898075709388
2020-09-24,1.10477129493485,40.6851885392679,44.9478284271954
2020-09-25,1.19900256275958,40.4175228251938,48.4607134478012
2020-09-26,1.26702977364393,41.0420761580334,52.0015324643902
2020-09-27,1.31488567713894,42.2911828237127,55.608070564164
2020-09-28,1.332721876551,41.4881856814903,55.2922126761319
2020-09-29,1.33004576478398,41.666629490873,55.4185240871588
2020-09-30,1.30683096637538,41.4881856814903,54.2180457873031
2020-10-01,1.29394581231375,42.8265142518609,55.4151887721908
2020-10-02,1.26899029374634,44.6109523456885,56.6108655214594
2020-10-03,1.24577231090103,46.8414999629729,58.3538436549433
2020-10-04,1.20015163669897,49.6073790084056,59.5363771092841
2020-10-05,1.1847185808585,51.83792662569,61.4133548666346
2020-10-06,1.1639514691823,53.4439209101348,62.2061302622139
2020-10-07,1.1556136704469,55.852912336802,64.5443890306806
2020-10-08,1.124584484579,57.6373504306295,64.8180700265289
2020-10-09,1.1180550407404,61.1170047135932,68.3321751949877
2020-10-10,1.0867359545208,62.722998998038,68.1633381865399
2020-10-11,1.05496547642351,63.7936618543345,67.3001108709581
2020-10-12,0.995621855085276,65.7565437575448,65.4686520798829
2020-10-13,0.938855885024508,67.451759946681,63.3274817812018
2020-10-14,0.874724624579883,67.6302037560638,59.1578045907839
2020-10-15,0.834920477114446,66.9164285185327,55.869896425488
2020-10-16,0.830158572352541,66.4703189950758,55.1809051207701
2020-10-17,0.886623971804728,65.0427685200138,57.6684777623902
2020-10-18,0.948521471940886,64.5074370918656,61.1866891815104
2020-10-19,0.997103841951828,64.5074370918656,64.320613358765
2020-10-20,1.02749071846932,65.3996561387793,67.197539673681
2020-10-21,1.04337689877599,65.3996561387793,68.2364904030956
2020-10-22,1.03195914985824,64.0613275684087,66.1086731362852
2020-10-23,0.971916907154706,61.8307799511242,60.0943804170599
2020-10-24,0.885376629798865,61.0277828089018,54.0325726674426
2020-10-25,0.815376058598773,59.6894542385312,48.6693519369254
2020-10-26,0.784186070641868,57.5481285259381,45.1284407815486
2020-10-27,0.787913149533126,54.2469180523572,42.7418600550982
2020-10-28,0.866529501734384,53.8900304335917,46.697301220071
2020-10-29,1.04702619802055,53.2654771007521,55.7703499745513
2020-10-30,1.31093748834313,52.6409237679124,69.0089603883695
2020-10-31,1.5552573551769,53.5331428148262,83.2578141084937
2020-11-01,1.79242737820885,54.6038056711227,97.8733562393158
2020-11-02,1.94940144603146,57.8157942400123,112.706192894938
2020-11-03,2.03552644603146,61.0277828089018,124.223665850184
2020-11-04,2.01084063413391,63.2583304261863,127.202421268445
2020-11-05,1.89551032362481,69.6823075639654,132.083533361496
2020-11-06,1.73777222838672,73.9649589891515,128.53425160511
2020-11-07,1.64920340245697,78.7829418424859,129.929095742197
2020-11-08,1.62280544385562,84.1362561239685,136.536774463607
2020-11-09,1.67127112552781,91.1847865945873,152.394500922949
2020-11-10,1.76520362777399,105.995622773356,187.103857847691
2020-11-11,1.80102197421683,120.53879323805,217.093015367308
2020-11-12,1.80655692156654,142.398159887438,257.250381362989
2020-11-13,1.71867934516284,155.692223686453,267.585009052379
2020-11-14,1.56682688479974,172.555163673123,270.364069554069
2020-11-15,1.31690219122312,182.994126522014,240.985366197802
2020-11-16,1.08171198585442,194.771417941276,210.686577288938
2020-11-17,0.879042238710276,199.410956985228,175.290654051653
2020-11-18,0.852044395777483,202.444501744734,172.491703167566
2020-11-19,0.923713192520832,200.749285555598,185.434763456838
2020-11-20,1.16748027261333,207.084040788686,241.766532393844
2020-11-21,1.41972203300726,220.110438873627,312.495639763786
2020-11-22,1.62183527877243,236.348825527458,383.318863336861
2020-11-23,1.74200011972389,253.836318846967,442.18289782169
2020-11-24,1.80026760724147,263.204618839562,473.8387493732
2020-11-25,1.75672216893191,273.108250260305,479.775317750483
2020-11-26,1.61447978017313,278.907674065244,450.290800313455
2020-11-27,1.34289908675923,293.718510244013,394.434319170967
2020-11-28,1.06734574948229,300.231709286484,320.451038766731
2020-11-29,0.867798033516665,302.640700713151,262.631004940978
2020-11-30,0.732392137403455,299.428712144261,219.299234487299
2020-12-01,0.635984321708502,304.068251188213,193.382640485026
2020-12-02,0.573942848933348,309.956896897844,177.897544452088
2020-12-03,0.544390202952255,314.774879751178,171.360360672016
2020-12-04,0.546751786641394,310.313784516609,169.664616103909
2020-12-05,0.588107826774342,297.911939764508,175.204343465033
2020-12-06,0.670339525423951,280.959777873146,188.338444162703
2020-12-07,0.760610902792103,262.847731220797,199.924850140706
2020-12-08,0.847796655590945,247.947673137337,210.209208047391
2020-12-09,0.924257994291009,232.423061721037,214.818872853261
2020-12-10,1.00718285832109,213.329574117082,214.861890223664
2020-12-11,1.07681657691117,189.953435087942,204.545007743914
2020-12-12,1.13538104501876,173.982714148185,197.536675804766
2020-12-13,1.16068716746774,167.82640272448,194.793952004576
2020-12-14,1.17550367135048,165.506633202504,194.553654962401
2020-12-15,1.16693443720521,161.223981777318,188.137816439298
2020-12-16,1.15023424685233,157.833549399046,181.545553821041
2020-12-17,1.11517584613355,158.368880827194,176.609150677689
2020-12-18,1.0738905095462,161.759313205466,173.711791282061
2020-12-19,1.00436008526717,165.774298916578,166.49708899496
2020-12-20,0.922451990180583,168.094068438554,155.058707968695
2020-12-21,0.84635537676975,169.700062722999,143.626560523774
2020-12-22,0.80713231912564,169.164731294851,136.538321884279
2020-12-23,0.793214022949279,165.506633202504,131.282182347349
2020-12-24,0.800214858371167,162.562310347689,130.084776151366
2020-12-25,0.828252893736532,163.989860822751,135.825076769895
2020-12-26,0.892023807507446,162.562310347689,145.009451033553
2020-12-27,0.98616521232171,159.082656064725,156.881781294771
2020-12-28,1.10541843795099,155.067670353613,171.41466193899
2020-12-29,1.22540255001687,151.944903689415,186.193672443077
2020-12-30,1.35388772076011,151.498794165958,205.112357131254
2020-12-31,1.47149223432713,153.729341783243,226.211532622262
2021-01-01,1.56927537008495,156.227555114601,245.164054369932
2021-01-02,1.62572136311631,158.10121511312,257.028522944046
2021-01-03,1.64600766161433,166.844961772875,274.628085379902
2021-01-04,1.6095641848061,177.908477954606,286.355114289098
2021-01-05,1.52094185503307,190.934876039547,290.400844554097
2021-01-06,1.39138141547263,207.084040788686,288.132885794353
2021-01-07,1.25234143008187,219.931995064244,275.429949219514
2021-01-08,1.11055492584301,229.746404580296,255.146001301369
2021-01-09,0.978064229215929,236.884156955606,231.68792038625
2021-01-10,0.860308720178292,247.590785518571,213.00451181742
2021-01-11,0.777715376124147,256.780641701783,199.702253342502
2021-01-12,0.729622359646317,258.475857890919,188.589765345979
2021-01-13,0.709226794012657,259.903408365981,184.330461068367
2021-01-14,0.7165630682068,257.762082653388,184.702788813486
2021-01-15,0.753917907630243,254.371650275116,191.775342335867
2021-01-16,0.805096072682298,250.891995992152,201.992160640704
2021-01-17,0.873759771153584,242.594358855854,211.969191477041
2021-01-18,0.949522555879256,234.653609338321,222.808894885215
2021-01-19,1.01088266799371,223.679315061282,226.113542784153
2021-01-20,1.0569760989804,213.329574117082,225.484261047425
2021-01-21,1.07258444582713,208.154703644983,223.263497455363
2021-01-22,1.07312344246416,202.444501744734,217.24794062025
2021-01-23,1.07278637844004,196.823521749178,211.149593089114
2021-01-24,1.07643749818456,192.005538895843,206.68196192662
2021-01-25,1.07444391708629,186.116893186212,199.972163750924
2021-01-26,1.09423908628763,189.328881755102,207.171062579562
2021-01-27,1.11629336527059,193.254645561523,215.728878648047
2021-01-28,1.14828996624454,195.931302702264,224.985948966231
2021-01-29,1.15136410729337,198.518737938314,228.567349487352
2021-01-30,1.13676807415988,204.496605552636,232.465212466302
2021-01-31,1.0788147339942,211.188248404489,227.83299402519
2021-02-01,1.00165305638609,214.935568401527,215.290869015472
2021-02-02,0.896930506208999,215.381677924984,193.182397409399
2021-02-03,0.806487928428531,215.649343639058,173.918592418436
2021-02-04,0.744446437591337,209.403810310662,155.889920603824
2021-02-05,0.756430469344343,206.013377932389,155.834796160611
2021-02-06,0.823951193480992,201.730726507203,166.216272867398
2021-02-07,0.96721534632838,196.823521749178,190.370730754202
2021-02-08,1.13362222934764,200.570841746215,227.371564762478
2021-02-09,1.29261267521743,200.303176032141,258.914424225455
2021-02-10,1.40475859963774,200.035510318067,281.001603352229
2021-02-11,1.46960875501266,200.570841746215,294.760665030497
2021-02-12,1.44987478784245,201.998392221277,292.87237606634
2021-02-13,1.36428984964182,206.102599837081,281.183684942518
2021-02-14,1.19363481343378,205.210380790167,244.946254589147
2021-02-15,1.02112986181646,206.72715316992,211.09526935011
2021-02-16,0.873612054940716,203.425942696339,177.715355827201
2021-02-17,0.78329725249836,200.392397936833,156.966814725479
2021-02-18,0.723014746898849,200.927729364981,145.273711391782
2021-02-19,0.736028091163221,204.228939838562,150.318236749665
2021-02-20,0.778614657945461,207.530150312143,161.586016998659
2021-02-21,0.876482266527355,206.637931265229,181.114482345872
2021-02-22,0.98606445208663,201.998392221277,199.183433948054
2021-02-23,1.11285314087625,199.678622699302,222.212982436761
2021-02-24,1.21545010782712,197.00196555856,239.446060280308
2021-02-25,1.29483576884042,197.00196555856,255.085191537092
2021-02-26,1.32993023964003,195.66363698819,260.218987628542
2021-02-27,1.35877849594545,188.793550326954,256.52861635746
2021-02-28,1.36429537092798,189.418103659793,258.422241993011
2021-03-01,1.34949807734747,189.507325564485,255.739771492533
2021-03-02,1.30490600668421,198.964847461771,259.630424571872
2021-03-03,1.2521743685834,209.493032215353,262.321805336882
2021-03-04,1.2026144941865,218.504444589182,262.776612107121
2021-03-05,1.15873159546527,225.999084583258,261.872279852849
2021-03-06,1.12232512430736,236.081159813383,264.959817034182
2021-03-07,1.09048786428352,245.627903615361,267.854248021954
2021-03-08,1.06707354617533,254.193206465733,271.242846237067
2021-03-09,1.05116424958286,262.580065506722,276.014777513792
2021-03-10,1.05478714175129,272.305253118083,287.224079620285
2021-03-11,1.05408682870969,276.766348352651,291.735762428606
2021-03-12,1.05638804687137,284.707097870184,300.761175049499
2021-03-13,1.04938289249267,288.722083581296,302.980015195052
2021-03-14,1.05547604713727,293.718510244013,310.012852163397
2021-03-15,1.05318719744101,296.662833098828,312.441497776265
2021-03-16,1.06425102471837,298.358049287965,317.527859687692
2021-03-17,1.07403104135369,301.837703570928,324.183063086089
2021-03-18,1.11630562337481,306.834130233645,342.520665023138
2021-03-19,1.16174013234049,308.797012136856,358.741881746219
2021-03-20,1.21404757882416,313.61499499019,380.743525350791
2021-03-21,1.24386115783162,323.250960696859,402.079314242578
2021-03-22,1.26508084257047,336.901912114639,426.208154841591
2021-03-23,1.25447159518552,347.519318772913,435.953114178842
2021-03-24,1.22091007159563,357.512172098348,436.490211632901
2021-03-25,1.15733846699059,368.129578756621,426.050522332079
2021-03-26,1.0802762523972,376.427215892919,406.645382085115
2021-03-27,0.998155185459755,387.49073207465,386.775883537909
2021-03-28,0.917491829565112,389.007504454404,356.911206976429
2021-03-29,0.861925480503828,394.717706354652,340.217248713102
2021-03-30,0.838282348299082,396.948253971936,332.754714492815
2021-03-31,0.853369782794411,397.751251114159,339.428898769495
2021-04-01,0.882780696095902,395.520703496874,349.158041953311
2021-04-02,0.938907491618505,399.80335492206,375.378365110534
2021-04-03,0.982012330914065,398.643470161072,391.472803336546
2021-04-04,1.01837024203309,396.502144448479,403.785984808637
2021-04-05,1.01235660443711,392.219493023293,397.065994151107
2021-04-06,0.987284081174934,389.096726359095,384.149003971614
2021-04-07,0.930434898154158,379.639204461809,353.229564538749
2021-04-08,0.881776968528633,370.449348278597,326.653703318509
2021-04-09,0.825926298749446,356.887618765508,294.762870036499
2021-04-10,0.806463016408869,344.218108299332,277.599173921634
2021-04-11,0.806624758541896,336.991134019331,271.825392109102
2021-04-12,0.861026420684586,331.72704164254,285.625747309762
2021-04-13,0.920203284412533,327.444390217353,301.315403340468
2021-04-14,1.00067599401588,322.091075935871,322.308807575773
2021-04-15,1.0613943410287,318.968309271673,338.551158428446
2021-04-16,1.11881321489645,315.5778768934,353.072698997302
2021-04-17,1.13240529568881,313.347329276116,354.836175062218
2021-04-18,1.12542659015181,311.741334991671,350.84198764905
2021-04-19,1.07325884635685,305.585023567966,327.971829858485
2021-04-20,1.01979546260634,299.071824525496,304.992089644499
2021-04-21,0.94749511088106,296.038279765989,280.494822711914
2021-04-22,0.886979348052838,293.450844529939,260.28483876672
2021-04-23,0.82638030803763,294.075397862779,243.018117872132
2021-04-24,0.804784929473225,291.666406436111,234.728728333395
2021-04-25,0.805932392131735,288.632861676604,232.618572658854
2021-04-26,0.846361893278116,283.368769299813,239.83252808048
2021-04-27,0.902806057093302,280.781334063763,253.491089111503
2021-04-28,0.976237429153759,280.424446444998,273.760840669331
2021-04-29,1.02571318275795,276.67712644796,283.791375965262
2021-04-30,1.06958982560171,270.966924547712,289.82346557082
2021-05-01,1.08944502722102,269.271708358576,293.35672364256
2021-05-02,1.10193626064915,264.186059791167,291.116198841912
2021-05-03,1.0791832249462,257.583638844005,277.979942061051
2021-05-04,1.05427342909108,255.174647417338,269.023850549784
2021-05-05,1.02723901451686,253.122543609436,260.017352249359
2021-05-06,1.05835427752348,251.784215039066,266.476900999486
2021-05-07,1.11637542942102,251.605771229683,280.886500901345
2021-05-08,1.22176478286012,255.531535036104,312.199430417299
2021-05-09,1.33549657857676,260.527961698821,347.934201472352
2021-05-10,1.58045857324375,276.141795019812,436.430667369981
2021-05-11,1.83698101244732,292.826291197099,537.916336874442
2021-05-12,2.10748595993733,307.191017852411,647.400757142813
2021-05-13,2.27997303338769,327.801277836119,747.378073776376
2021-05-14,2.40916508641712,390.524276834157,940.837453147144
2021-05-15,2.38093891881386,451.373615833676,1074.69300886414
2021-05-16,2.29054822412843,518.646931970974,1187.98580897577
2021-05-17,2.04534305654117,583.689700490988,1193.84567607384
2021-05-18,1.76696211981264,643.379154729519,1136.82659508414
2021-05-19,1.44679799365686,703.157830872742,1017.32733893079
2021-05-20,1.17539901508534,771.680253675719,907.032210131249
2021-05-21,0.916343896002125,830.566710772028,761.084735638511
2021-05-22,0.770620135231675,854.121293610552,658.203066786417
2021-05-23,0.685917519602044,877.675876449075,602.0132601885
2021-05-24,0.669037259055049,894.628038340437,598.539490645081
2021-05-25,0.696157809684339,906.49455166439,631.063261577468
2021-05-26,0.73877031384472,914.613744991305,675.689483433921
2021-05-27,0.788862578651358,924.338932602666,729.176393920783
2021-05-28,0.854018036115822,894.538816435746,763.952283241827
2021-05-29,0.917514785893938,854.03207170586,783.587053417759
2021-05-30,0.963878562530244,807.279793647579,778.11968706074
2021-05-31,0.969776381320049,770.788034628806,747.492030987116
2021-06-01,0.945835218507974,742.326247032256,702.118308065959
2021-06-02,0.921303437526898,707.618926107311,651.931749081758
2021-06-03,0.901021676983441,658.546878527053,593.365012862656
2021-06-04,0.873287755606874,617.326358559637,539.10355014351
2021-06-05,0.856043692789606,608.136502376425,520.59141721447
2021-06-06,0.852494833314096,602.783188094943,513.869553459538
2021-06-07,0.863631295246557,591.005896675681,510.411188044371
2021-06-08,0.888372547679734,580.299268112716,515.521939229978
2021-06-09,0.930917773863791,570.395636691973,530.991436330911
2021-06-10,0.987811474740368,558.52912336802,551.721477039609
2021-06-11,1.04550512719156,544.878171950239,569.672922468739
2021-06-12,1.09521468044226,544.2536186174,596.074552993597
2021-06-13,1.1331827846848,545.948834806536,618.659820921489
2021-06-14,1.16308757345377,542.558402428263,631.04293573724
2021-06-15,1.177099725077,532.565549102829,626.882761434424
2021-06-16,1.18304941351458,533.9038776732,631.634669354437
2021-06-17,1.16699268154344,543.985952903325,634.827625900614
2021-06-18,1.143117618118,555.406356703822,634.894791562871
2021-06-19,1.10856522060455,565.577653838639,626.979716596634
2021-06-20,1.08344378183484,577.265723353209,625.434958433425
2021-06-21,1.05276956993499,583.243590967531,614.021104430228
2021-06-22,1.02956077090279,598.857424288522,616.560111411349
2021-06-23,0.990071545044847,612.686819515686,606.603786026508
2021-06-24,0.961954842046535,625.802439505318,601.993686846675
2021-06-25,0.927885699784204,630.798866168035,585.30924735741
2021-06-26,0.913604803254841,632.315638547789,577.686604550412
2021-06-27,0.898005046037766,627.943765217911,563.896669793638
2021-06-28,0.898656946659257,628.389874741368,564.706926146671
2021-06-29,0.904807144380495,625.980883314701,566.391975468754
2021-06-30,0.922316363788903,620.806012842601,572.579544383275
2021-07-01,0.936869805306428,614.828145228279,576.01392471693
2021-07-02,0.95173468691713,603.050853809017,573.944415545032
2021-07-03,0.969908693908412,603.586185237165,585.42348858454
2021-07-04,0.987242985677475,589.489124295928,581.969003094312
2021-07-05,1.01501560573208,583.868144300371,592.635278154705
2021-07-06,1.03935115395096,572.80462811864,595.345151223562
2021-07-07,1.07239863952485,569.860305263825,611.11741608414
2021-07-08,1.09472968960133,567.451313837157,621.205800660816
2021-07-09,1.11295254800256,570.84174621543,635.319775956693
2021-07-10,1.1129190737274,576.641170020369,641.754956812153
2021-07-11,1.09976998372821,581.459152873704,639.471323094534
2021-07-12,1.06407125672428,585.474138584816,622.986202423511
2021-07-13,1.01932965341911,592.790334769509,604.2487664908
2021-07-14,0.968886582998636,596.805320480621,578.236667675874
2021-07-15,0.931942448527561,595.823879529015,555.273565179461
2021-07-16,0.916958820277176,599.035868097905,549.291222914769
2021-07-17,0.917630101412033,591.987337627286,543.225400661566
2021-07-18,0.936097758586471,595.020882386793,556.997714314421
2021-07-19,0.957856330088951,599.660421430745,574.388530571247
2021-07-20,0.982998366097143,604.56762618877,594.288988738789
2021-07-21,0.996397716150498,601.98019095272,599.811687433132
2021-07-22,1.00119855051139,598.946646193214,599.664514002305
2021-07-23,0.983666048611746,592.522669055434,582.844432582645
2021-07-24,0.942715073660771,586.455579536421,552.860514861447
2021-07-25,0.901660175527986,581.459152873704,524.278561842458
2021-07-26,0.884827988107563,571.287855738887,505.491484023723
2021-07-27,0.906918372253034,556.744685274192,504.921983729398
2021-07-28,0.961873858549811,534.528431006039,514.148924436355
2021-07-29,1.0506139740579,537.026644337398,564.207696982294
2021-07-30,1.14166277098328,544.610506236165,621.761539656186
2021-07-31,1.24953257310545,554.335693847525,692.66050589749
2021-08-01,1.34246568689776,562.187221460366,754.717054422935
2021-08-02,1.41571427517525,563.971659554194,798.42272922515
2021-08-03,1.42632355236583,572.358518595183,816.368435469528
2021-08-04,1.3714116073207,602.693966190251,826.541500895461
2021-08-05,1.25024940114752,635.170739497913,794.121836683691
2021-08-06,1.11342351121012,654.353449006559,728.572514765333
2021-08-07,0.961376397297733,654.264227101867,628.994185531979
2021-08-08,0.801146398278495,652.122901389274,522.445913682939
2021-08-09,0.622172630103639,652.033679484583,405.677509281076
2021-08-10,0.451502440574053,649.446244248533,293.226564299866
2021-08-11,0.322905182544567,649.713909962607,209.79598869822
2021-08-12,0.234791304058121,611.348490945315,143.539309423015
2021-08-13,0.171529269497659,566.023763362096,97.0896426478163
2021-08-14,0.125072674653968,520.699035778876,65.1252210946061
2021-08-15,0.126090127157242,476.26652724257,60.0525069807535
2021-08-16,0.204220421320186,432.458572039104,88.316871785352
2021-08-17,0.271873967299148,380.709867318106,103.505102017706
2021-08-18,0.409261068176899,310.046118802535,126.889805765227
2021-08-19,0.858711740464593,236.616491241532,203.185359016641
2021-08-20,1.42126719742999,178.979140810902,254.377181858738
2021-08-21,1.97725175341454,138.293952271634,273.441959615716
2021-08-22,2.50050756736803,105.460291345208,263.704256565529
2021-08-23,2.96230158730159,76.5523942252014,226.771278925051
2021-08-24,3.45138026224983,59.3325666197657,204.779249340082
2021-08-25,3.58763476405055,47.1983875817384,169.330576095376
2021-08-26,3.33572627827109,55.4068028133451,184.82192813946
2021-08-27,2.92294986549468,67.451759946681,197.158112663531
2021-08-28,2.48258598409306,80.2104923175479,199.129444004749
2021-08-29,2.00858849035873,93.0584465931062,186.916124757575
2021-08-30,1.52871137822355,106.709398010887,163.127870902628
2021-08-31,1.05270842536743,116.969917050395,123.13521719348
2021-09-01,0.882003860355582,124.553778949162,109.856913855037
2021-09-02,0.798385761893798,131.869975133855,105.283110568159
2021-09-03,0.775241182479122,140.61372179361,109.009547956069
2021-09-04,0.763064316037978,149.803577976822,114.309764768926
2021-09-05,0.777977205056641,158.904212255342,123.623854922139
2021-09-06,0.780969685788236,159.707209397565,124.726489141332
2021-09-07,0.780395772930453,154.88922654423,120.874897667585
2021-09-08,0.75721871749751,150.606575119044,114.042117658335
2021-09-09,0.740658768200601,145.074817028179,107.450935277019
2021-09-10,0.716850189551007,137.312511320029,98.4324997674877
2021-09-11,0.728232976412019,128.390320850891,93.4980654957388
2021-09-12,0.773929037304365,119.289686572371,92.3217522892946
2021-09-13,0.886365616759895,109.921386579776,97.4305376108864
2021-09-14,0.997745680716829,105.014181821751,104.777446326663
2021-09-15,1.0959743031203,103.05129991854,112.941576613863
2021-09-16,1.1559628380387,102.605190395084,118.607787086602
2021-09-17,1.20645972017071,101.177639920021,122.066747145442
2021-09-18,1.23305185482193,98.233317065206,121.126773812563
2021-09-19,1.22571210732873,93.7722218306372,114.937747628928
2021-09-20,1.14460980798873,93.0584465931062,106.515610686665
2021-09-21,1.04778875912719,95.1105504010079,99.6557655845764
2021-09-22,0.953890552071092,96.6273227807613,92.171890272492
2021-09-23,0.889639344341623,95.378216115082,84.8522136490952
2021-09-24,0.82887734372475,94.0398875447113,77.9475321922345
2021-09-25,0.800253801284518,93.6829999259458,74.9701768064754
2021-09-26,0.780916411156053,94.2183313540941,73.576641186151
2021-09-27,0.790007516168912,95.378216115082,75.3495076096976
2021-09-28,0.767198392519452,93.7722218306372,71.9418978514423
2021-09-29,0.760659643310546,92.9692246884148,70.7179372903476
2021-09-30,0.728017156263914,89.221904691377,64.9550773298662
2021-10-01,0.698904702732315,84.7608094568081,59.2397283367609
2021-10-02,0.620758264452987,80.2104923175479,49.7913260019607
2021-10-03,0.537864762224509,77.3553913674238,41.6067391846233
2021-10-04,0.438931473107171,71.6451894671757,31.4473285538698
2021-10-05,0.40669330311386,64.2397713777914,26.1258848129132
2021-10-06,0.377616881556048,57.1912409071726,21.5963780436872
2021-10-07,0.358839739732542,51.0349294834676,18.3133608131162
2021-10-08,0.321987174665678,47.5552752005039,15.312188702259
