"fecha","rho7dpromedio","incidenciaAcum14d","riesgopor10"
2020-02-08,0,0,0
2020-02-09,0,0,0
2020-02-10,0,0,0
2020-02-11,0,0,0
2020-02-12,0,0,0
2020-02-13,0,0,0
2020-02-14,0,0,0
2020-02-15,0,0,0
2020-02-16,0,0,0
2020-02-17,0,0,0
2020-02-18,0,0,0
2020-02-19,0,0,0
2020-02-20,0,0,0
2020-02-21,0,0,0
2020-02-22,0,0,0
2020-02-23,0,0,0
2020-02-24,0,0,0
2020-02-25,0,0,0
2020-02-26,0,0,0
2020-02-27,0,0,0
2020-02-28,0,0,0
2020-02-29,0,0,0
2020-03-01,0,0,0
2020-03-02,0,0,0
2020-03-03,0,0,0
2020-03-04,0,0,0
2020-03-05,0,0,0
2020-03-06,0,0,0
2020-03-07,0,0,0
2020-03-08,0,0,0
2020-03-09,0,0,0
2020-03-10,0,0,0
2020-03-11,0,0,0
2020-03-12,0,0,0
2020-03-13,0,0,0
2020-03-14,0,0,0
2020-03-15,0,0,0
2020-03-16,0,0,0
2020-03-17,0,0,0
2020-03-18,0,0,0
2020-03-19,0,0,0
2020-03-20,0.142857142857143,0,0
2020-03-21,0.285714285714286,0,0
2020-03-22,0.428571428571429,0,0
2020-03-23,0.428571428571429,0,0
2020-03-24,0.428571428571429,0.788208402301569,0.337803600986387
2020-03-25,0.428571428571429,0.788208402301569,0.337803600986387
2020-03-26,0.428571428571429,0.788208402301569,0.337803600986387
2020-03-27,0.285714285714286,0.788208402301569,0.225202400657591
2020-03-28,0.142857142857143,0.788208402301569,0.112601200328796
2020-03-29,0,0.788208402301569,0
2020-03-30,0,0.788208402301569,0
2020-03-31,0,0.788208402301569,0
2020-04-01,0,0.788208402301569,0
2020-04-02,0,0.788208402301569,0
2020-04-03,0,0.788208402301569,0
2020-04-04,0,0.788208402301569,0
2020-04-05,0,0.788208402301569,0
2020-04-06,0,0.788208402301569,0
2020-04-07,0,0,0
2020-04-08,0,0,0
2020-04-09,0,0,0
2020-04-10,0,0,0
2020-04-11,0,0,0
2020-04-12,0.142857142857143,0,0
2020-04-13,0.285714285714286,0,0
2020-04-14,0.428571428571429,0,0
2020-04-15,0.428571428571429,0,0
2020-04-16,0.428571428571429,0.788208402301569,0.337803600986387
2020-04-17,0.428571428571429,0.788208402301569,0.337803600986387
2020-04-18,0.428571428571429,0.788208402301569,0.337803600986387
2020-04-19,0.285714285714286,0.788208402301569,0.225202400657591
2020-04-20,0.142857142857143,0.788208402301569,0.112601200328796
2020-04-21,0,0.788208402301569,0
2020-04-22,0,0.788208402301569,0
2020-04-23,0,0.788208402301569,0
2020-04-24,0,0.788208402301569,0
2020-04-25,0,0.788208402301569,0
2020-04-26,0,0.788208402301569,0
2020-04-27,0,0.788208402301569,0
2020-04-28,0,0.788208402301569,0
2020-04-29,0,0.788208402301569,0
2020-04-30,0,0,0
2020-05-01,0,0,0
2020-05-02,0,0,0
2020-05-03,0,0,0
2020-05-04,0,0,0
2020-05-05,0,0,0
2020-05-06,0,0,0
2020-05-07,0,0,0
2020-05-08,0,0,0
2020-05-09,0,0,0
2020-05-10,0,0,0
2020-05-11,0,0,0
2020-05-12,0,0,0
2020-05-13,0.142857142857143,0,0
2020-05-14,0.285714285714286,0,0
2020-05-15,0.428571428571429,0,0
2020-05-16,0.428571428571429,0,0
2020-05-17,0.428571428571429,0.788208402301569,0.337803600986387
2020-05-18,0.428571428571429,0.788208402301569,0.337803600986387
2020-05-19,0.428571428571429,0.788208402301569,0.337803600986387
2020-05-20,0.285714285714286,0.788208402301569,0.225202400657591
2020-05-21,0.142857142857143,0.788208402301569,0.112601200328796
2020-05-22,0,0.788208402301569,0
2020-05-23,0,0.788208402301569,0
2020-05-24,0,0.788208402301569,0
2020-05-25,0,0.788208402301569,0
2020-05-26,0,0.788208402301569,0
2020-05-27,0,0.788208402301569,0
2020-05-28,0,0.788208402301569,0
2020-05-29,0,0.788208402301569,0
2020-05-30,0,0.788208402301569,0
2020-05-31,0,0,0
2020-06-01,0,0,0
2020-06-02,0,0,0
2020-06-03,0,0,0
2020-06-04,0,0,0
2020-06-05,0,0,0
2020-06-06,0,0,0
2020-06-07,0,0,0
2020-06-08,0,0,0
2020-06-09,0,0,0
2020-06-10,0,0,0
2020-06-11,0,0,0
2020-06-12,0,0,0
2020-06-13,0,0,0
2020-06-14,0,0,0
2020-06-15,0,0,0
2020-06-16,0.142857142857143,0,0
2020-06-17,0.285714285714286,0,0
2020-06-18,0.428571428571429,0,0
2020-06-19,0.428571428571429,0,0
2020-06-20,0.428571428571429,0.788208402301569,0.337803600986387
2020-06-21,0.428571428571429,0.788208402301569,0.337803600986387
2020-06-22,0.428571428571429,0.788208402301569,0.337803600986387
2020-06-23,0.285714285714286,0.788208402301569,0.225202400657591
2020-06-24,0.142857142857143,0.788208402301569,0.112601200328796
2020-06-25,0,0.788208402301569,0
2020-06-26,0,0.788208402301569,0
2020-06-27,0,0.788208402301569,0
2020-06-28,0,0.788208402301569,0
2020-06-29,0,0.788208402301569,0
2020-06-30,0,0.788208402301569,0
2020-07-01,0,0.788208402301569,0
2020-07-02,0,0.788208402301569,0
2020-07-03,0,0.788208402301569,0
2020-07-04,0,0,0
2020-07-05,0,0,0
2020-07-06,0,0,0
2020-07-07,0,0,0
2020-07-08,0.142857142857143,0,0
2020-07-09,0.285714285714286,0,0
2020-07-10,0.428571428571429,0,0
2020-07-11,0.428571428571429,0,0
2020-07-12,0.428571428571429,0.788208402301569,0.337803600986387
2020-07-13,0.428571428571429,0.788208402301569,0.337803600986387
2020-07-14,0.428571428571429,0.788208402301569,0.337803600986387
2020-07-15,0.285714285714286,0.788208402301569,0.225202400657591
2020-07-16,0.142857142857143,0.788208402301569,0.112601200328796
2020-07-17,0,0.788208402301569,0
2020-07-18,0,0.788208402301569,0
2020-07-19,0,0.788208402301569,0
2020-07-20,0,0.788208402301569,0
2020-07-21,0,0.788208402301569,0
2020-07-22,0,0.788208402301569,0
2020-07-23,0,0.788208402301569,0
2020-07-24,0,0.788208402301569,0
2020-07-25,0.142857142857143,0.788208402301569,0.112601200328796
2020-07-26,0.285714285714286,0,0
2020-07-27,0.428571428571429,0,0
2020-07-28,0.428571428571429,0,0
2020-07-29,0.428571428571429,0.788208402301569,0.337803600986387
2020-07-30,0.428571428571429,0.788208402301569,0.337803600986387
2020-07-31,0.428571428571429,0.788208402301569,0.337803600986387
2020-08-01,0.285714285714286,0.788208402301569,0.225202400657591
2020-08-02,0.142857142857143,0.788208402301569,0.112601200328796
2020-08-03,0,0.788208402301569,0
2020-08-04,0.142857142857143,0.788208402301569,0.112601200328796
2020-08-05,0.285714285714286,0.788208402301569,0.225202400657591
2020-08-06,0.428571428571429,0.788208402301569,0.337803600986387
2020-08-07,0.428571428571429,0.788208402301569,0.337803600986387
2020-08-08,0.428571428571429,1.57641680460314,0.675607201972773
2020-08-09,0.428571428571429,1.57641680460314,0.675607201972773
2020-08-10,0.428571428571429,1.57641680460314,0.675607201972773
2020-08-11,0.285714285714286,1.57641680460314,0.450404801315182
2020-08-12,0.142857142857143,0.788208402301569,0.112601200328796
2020-08-13,0.142857142857143,0.788208402301569,0.112601200328796
2020-08-14,0.714285714285714,0.788208402301569,0.563006001643978
2020-08-15,1.28571428571429,0.788208402301569,1.01341080295916
2020-08-16,1.85714285714286,0.788208402301569,1.46381560427434
2020-08-17,2.42857142857143,1.57641680460314,3.82844081117905
2020-08-18,3,3.94104201150784,11.8231260345235
2020-08-19,3.17857142857143,3.94104201150784,12.5268835365785
2020-08-20,3.32142857142857,7.09387562071412,23.5618011688005
2020-08-21,2.99489795918367,8.67029242531726,25.9666410901083
2020-08-22,2.68537414965986,7.88208402301569,21.1663446808533
2020-08-23,2.28061224489796,10.2467092299204,23.3687705396654
2020-08-24,1.90918367346939,14.1877512414282,27.0870230333798
2020-08-25,1.51632653061224,17.3405848506345,26.2939888653499
2020-08-26,1.4687074829932,18.9170016552376,27.7835418868422
2020-08-27,1.29987631416203,19.7052100575392,25.6143358193826
2020-08-28,1.2182436611008,22.8580436667455,27.8466668021781
2020-08-29,1.1400123685838,26.7990856782533,30.5512891399457
2020-08-30,1.08763141620284,28.3755024828565,30.8620879508965
2020-08-31,0.95256648113791,29.163710885158,27.7803734547983
2020-09-01,0.821614100185529,29.9519192874596,24.6089192141957
2020-09-02,0.779947433518862,32.3165444943643,25.2052059385776
2020-09-03,0.742429396000825,29.9519192874596,22.2371853456541
2020-09-04,0.686306947021233,29.163710885158,20.0152573814027
2020-09-05,0.64549062049062,29.9519192874596,19.3336829657473
2020-09-06,0.769300144300144,29.9519192874596,23.0420158299089
2020-09-07,0.790079365079365,26.7990856782533,21.1734045973819
2020-09-08,0.799603174603175,25.2226688736502,20.1681261033354
2020-09-09,0.757936507936508,25.2226688736502,19.1171815669333
2020-09-10,0.85,25.2226688736502,21.4392685426027
2020-09-11,1.02857142857143,22.0698352644439,22.7004019862852
2020-09-12,1.45714285714286,18.9170016552376,27.5647738404891
2020-09-13,1.79047619047619,18.1287932529361,32.4591726814474
2020-09-14,2.27619047619048,19.7052100575392,44.8528114643035
2020-09-15,2.48095238095238,20.4934184598408,50.8431953217955
2020-09-16,2.66190476190476,21.2816268621423,56.649663885417
2020-09-17,2.72124542124542,22.8580436667455,62.2023466667591
2020-09-18,2.63791208791209,23.6462520690471,62.3767341667554
2020-09-19,2.25695970695971,27.5872940805549,62.2634111638604
2020-09-20,1.76345321345321,31.5283360920627,55.598745596381
2020-09-21,1.28131035631036,36.2575865058721,46.4572210847926
2020-09-22,1.08743280528995,36.2575865058721,39.4276890071235
2020-09-23,0.951298351508436,37.0457949081737,35.2416036264653
2020-09-24,0.827671977882062,37.0457949081737,30.6617663438614
2020-09-25,0.863386263596348,41.7750453219831,36.0680002921151
2020-09-26,0.844338644548729,43.3514621265863,36.6033147711674
2020-09-27,0.952130852340936,44.1396705288878,42.0267421227181
2020-09-28,1.0446633198734,44.1396705288878,46.1110947528262
2020-09-29,1.26235039470334,43.3514621265863,54.7247353264629
2020-09-30,1.46991341991342,43.3514621265863,63.7228959527375
2020-10-01,1.61277056277056,44.9278789311894,72.4583605879421
2020-10-02,1.66038961038961,47.2925041380941,78.5239825201991
2020-10-03,1.78487940630798,48.8689209426972,87.225130599113
2020-10-04,1.83726035868893,48.8689209426972,89.7849312199209
2020-10-05,1.77789115646258,47.2925041380941,84.0809248740877
2020-10-06,1.58741496598639,55.9627965634114,88.8361808032112
2020-10-07,1.35334903192046,62.2684637818239,84.2709651783057
2020-10-08,1.18216676591061,66.2095057933318,78.2706773362427
2020-10-09,0.963119146862989,62.2684637818239,59.9719497140192
2020-10-10,0.770375382690654,65.4212973910302,50.3989570137339
2020-10-11,0.756769940513783,66.9977141956333,50.7018561863889
2020-10-12,1.06289238949337,67.7859225979349,72.0491412441319
2020-10-13,1.36051143711242,68.5741310002365,93.2958895158672
2020-10-14,1.7639651262804,67.7859225979349,119.572003515499
2020-10-15,2.20163090877377,74.879798218649,164.85767820092
2020-10-16,2.46613307327593,85.914715850871,211.877122240937
2020-10-17,2.62486323200609,88.2793410577757,231.721196488281
2020-10-18,2.61790590362019,94.5850082761882,247.614651560198
2020-10-19,2.49678789119783,106.408134310712,265.678541271937
2020-10-20,2.51426509484525,107.984551115315,271.501787651768
2020-10-21,2.59389694758634,123.748719161346,320.991424900336
2020-10-22,2.5536039072933,135.57184519587,346.196793611136
2020-10-23,2.65953528934409,171.829431701742,456.986437358722
2020-10-24,2.64582677563557,219.121935839836,579.758684974138
2020-10-25,2.67591335572215,280.602191219358,750.867151128783
2020-10-26,2.55359113490836,332.623945771262,849.385559179734
2020-10-27,2.30949055463757,369.669740679436,853.748774434476
2020-10-28,1.89566258442509,405.927327185308,769.501246140871
2020-10-29,1.56315981587581,499.724127059194,781.148674442552
2020-10-30,1.23839171498831,541.499172381178,670.588088749877
2020-10-31,1.08580851516102,573.02750847324,622.198148121745
2020-11-01,0.929707324684825,616.378970599827,573.052043748351
2020-11-02,0.859450945255291,640.813431071175,550.747709066408
2020-11-03,0.801392240953812,677.859225979349,543.231124158807
2020-11-04,0.753157125062281,698.35264443919,525.969269965461
2020-11-05,0.683418997253018,717.269646094427,490.19570229388
2020-11-06,0.653839498161323,722.787104910538,472.586757952182
2020-11-07,0.659874801440721,695.199810829983,458.744837133062
2020-11-08,0.698127936664276,651.060140301096,454.523272392758
2020-11-09,0.733763324840165,618.743595806731,454.011358082706
2020-11-10,0.804159691479306,608.496886576811,489.328668575727
2020-11-11,0.885624222371755,602.9794277607,534.013186816736
2020-11-12,0.968688799553979,528.099629542051,511.56419618599
2020-11-13,1.04680053205186,501.300543863798,524.761676034508
2020-11-14,1.11827566708631,487.901001024671,545.607817392944
2020-11-15,1.17292025913549,463.466540553322,543.60929484643
2020-11-16,1.19715495301304,461.101915346418,552.010441800762
2020-11-17,1.14973106542521,448.490580909592,515.643553422359
2020-11-18,1.09431640938212,442.18491369118,483.890207033476
2020-11-19,1.03320634827206,443.761330495783,458.497023785899
2020-11-20,0.980993914002578,433.514621265863,425.275205092944
2020-11-21,0.911102961209238,427.20895404745,389.231343087733
2020-11-22,0.850411866589572,439.032080081974,373.358090715214
2020-11-23,0.787526806905321,439.820288484275,346.370267402198
2020-11-24,0.759057837350286,437.455663277371,332.054149703956
2020-11-25,0.729384774095133,429.573579254355,313.324428061675
2020-11-26,0.728718773429132,422.479703633641,307.86889143061
2020-11-27,0.729050661665768,409.868369196816,298.814805758808
2020-11-28,0.75318473707062,397.257034759991,299.207935275158
2020-11-29,0.79923250400348,383.857491920864,306.791384448408
2020-11-30,0.889186724685464,365.728698667928,325.201103692012
2020-12-01,0.970490837239576,349.964530621896,339.6373703274
2020-12-02,1.04931966606841,329.471112162056,345.720517393074
2020-12-03,1.11431323106197,318.436194529834,354.837664813617
2020-12-04,1.16038169616488,312.130527311421,362.190550706466
2020-12-05,1.16784654754472,308.189485299913,359.918026397088
2020-12-06,1.12412471098401,301.095609679199,338.469015209184
2020-12-07,1.04646031189104,301.883818081501,315.909434424425
2020-12-08,0.977796044431591,293.213525656183,286.703025560457
2020-12-09,0.916757477775046,289.272483644676,265.192712495816
2020-12-10,0.856865953597808,284.543233230866,243.81540888217
2020-12-11,0.821813688789446,285.331441633168,234.489284576164
2020-12-12,0.818097687997872,287.696066840072,235.363487127944
2020-12-13,0.843433195335135,284.543233230866,239.9932084149
2020-12-14,0.855337957239897,279.813982817057,239.335520469901
2020-12-15,0.856242301007218,279.025774414755,238.913671125211
2020-12-16,0.861694669220421,279.025774414755,240.435022388294
2020-12-17,0.878625322078579,271.14369039174,238.233712300017
2020-12-18,0.905506609804937,256.16773074801,231.961573411054
2020-12-19,0.941057816589021,249.862063529597,235.13464795359
2020-12-20,0.97717188908369,241.979979506582,236.456033694879
2020-12-21,1.04172537005054,234.097895483566,243.865716800671
2020-12-22,1.10472338898077,237.250729092772,262.096429481525
2020-12-23,1.15861709258093,230.94506187436,267.576896134793
2020-12-24,1.19644834448468,224.639394655947,268.769431842147
2020-12-25,1.21283236288077,231.733270276661,281.05360974773
2020-12-26,1.18469383474224,232.521478678963,275.466762236116
2020-12-27,1.111065470353,239.615354299677,266.228346328772
2020-12-28,1.02021366517842,245.132813115788,250.087845724354
2020-12-29,0.97821093107042,239.615354299677,234.394358828255
2020-12-30,0.992344438354612,237.250729092772,235.434441510789
2020-12-31,1.04036739753829,232.521478678963,241.907765644986
2021-01-01,1.09788131219506,241.979979506582,265.665297425619
2021-01-02,1.16343480631998,256.955939150311,298.951483298111
2021-01-03,1.23155925681489,264.838023173327,326.163718995667
2021-01-04,1.27277718522794,270.355481989438,344.10228937746
2021-01-05,1.26114783713243,266.41443997793,335.987994759013
2021-01-06,1.20251104908387,280.602191219358,337.427235338424
2021-01-07,1.1247828744807,294.001734058485,330.688115536613
2021-01-08,1.0130666337322,287.696066840072,291.455285971666
2021-01-09,0.907295292937818,289.272483644676,262.455562787246
2021-01-10,0.802084921117857,283.755024828565,227.595626706415
2021-01-11,0.742208203632444,290.060692046977,215.28542518857
2021-01-12,0.699802146759841,288.484275242374,201.88191512107
2021-01-13,0.680415237066386,283.755024828565,193.071242487506
2021-01-14,0.66439341166956,280.602191219358,186.430247146184
2021-01-15,0.701509833632194,273.508315598644,191.868772972627
2021-01-16,0.746056684630658,262.473397966422,195.820033090572
2021-01-17,0.78417780264308,249.073855127296,195.318188409564
2021-01-18,0.794270970344944,240.403562701978,190.945571021682
2021-01-19,0.769397368101153,230.156853472058,177.082077311844
2021-01-20,0.75723347565557,212.816268621423,161.15160276425
2021-01-21,0.716040293837388,196.263892173091,140.532855021289
2021-01-22,0.693413015396157,183.652557736265,127.347073845121
2021-01-23,0.668202931362543,165.523764483329,110.603464637924
2021-01-24,0.767581813350121,162.370930874123,124.632973555707
2021-01-25,0.803753974522282,137.936470402774,110.866986317805
2021-01-26,0.895104800566985,134.783636793568,120.6454803318
2021-01-27,0.922296359008544,133.995428391267,123.583495729055
2021-01-28,1.0020737245002,127.689761172854,127.954554559022
2021-01-29,1.02614064856712,119.807677149838,122.939527533855
2021-01-30,1.10849358974359,115.078426736029,127.563698354665
2021-01-31,1.08901307026307,109.560967919918,119.313326055464
2021-02-01,1.12879329004329,104.043509103807,117.443614948935
2021-02-02,1.08750781033417,104.831717506109,114.005311558638
2021-02-03,1.10032463061066,102.467092299204,112.74706548387
2021-02-04,1.0462429979576,98.5260502876961,103.082190229921
2021-02-05,1.06052871224332,102.467092299204,108.669293443392
2021-02-06,1.02181903482396,104.043509103807,106.31363805215
2021-02-07,1.08675409975903,99.3142586899976,107.930177795883
2021-02-08,1.07892341192834,104.043509103807,112.254977831277
2021-02-09,1.16309561154282,105.61992590841,122.846072315549
2021-02-10,1.15211702656044,104.831717506109,120.778406662361
2021-02-11,1.21334151635635,111.925593126823,135.803968883583
2021-02-12,1.18715104016588,111.137384724521,131.936861877031
2021-02-13,1.21782500329952,111.925593126823,136.305785818974
2021-02-14,1.12398336107078,113.502009931426,127.574370611013
2021-02-15,1.12398336107078,118.231260345235,132.889969386472
2021-02-16,1.0291811381221,117.443051942934,120.870173863162
2021-02-17,1.02851771485806,119.807677149838,123.224318324604
2021-02-18,0.999661521217815,122.960510759045,122.918891235106
2021-02-19,1.02267739423369,118.231260345235,120.91243724683
2021-02-20,0.973570251376545,122.960510759045,119.710695369072
2021-02-21,0.934045260238651,125.325135965949,117.059349237759
2021-02-22,0.869494995688386,130.054386379759,113.081638124524
2021-02-23,0.861976198695905,127.689761172854,110.065534948165
2021-02-24,0.86705138666583,122.960510759045,106.613081358768
2021-02-25,0.905984110918321,116.654843540632,105.687434709475
2021-02-26,1.00191233728133,119.807677149838,120.036789837442
2021-02-27,1.08632792169691,117.443051942934,127.58166653491
2021-02-28,1.15638286675186,121.384093954442,140.366486545114
2021-03-01,1.18149109186008,119.019468747537,140.620442083135
2021-03-02,1.20323463991942,119.807677149838,144.156747274968
2021-03-03,1.17596983155705,115.078426736029,135.328758104619
2021-03-04,1.13324023972032,116.654843540632,132.197962858522
2021-03-05,0.995464971510268,118.231260345235,117.695078211193
2021-03-06,0.920573196618493,117.443051942934,108.114925747738
2021-03-07,0.867001768047064,113.502009931426,98.4064432874417
2021-03-08,0.929439330484627,111.925593126823,104.028048339889
2021-03-09,0.993660694705991,107.196342713013,106.516792370154
2021-03-10,1.09883555597841,113.502009931426,124.720044187666
2021-03-11,1.15049371924372,116.654843540632,134.210664812856
2021-03-12,1.17154163684336,117.443051942934,137.589425309104
2021-03-13,1.11711986813588,123.748719161346,138.242152831507
2021-03-14,1.07464882566484,119.807677149838,128.751179554706
2021-03-15,1.00203225304826,119.019468747537,119.261346425702
2021-03-16,0.946720897736908,113.502009931426,107.454724737223
2021-03-17,0.852994518296242,111.137384724521,94.7995799477971
2021-03-18,0.857458804010528,113.502009931426,97.3232976885915
2021-03-19,0.933813483813484,114.290218333727,106.725746948022
2021-03-20,1.03861927709854,114.290218333727,118.70402394521
2021-03-21,1.13303837151763,108.772759517616,123.243710309319
2021-03-22,1.32049010896937,114.290218333727,150.919102861637
2021-03-23,1.44246813094739,123.748719161346,178.503583635801
2021-03-24,1.51991449410804,118.231260345235,179.701406255385
2021-03-25,1.49069371488726,126.901552770553,189.171347124497
2021-03-26,1.40339212758568,130.054386379759,182.517302003339
2021-03-27,1.33683977521187,129.266177977457,172.808168309881
2021-03-28,1.29329508460835,136.360053598171,176.353787055447
2021-03-29,1.1727411487483,135.57184519587,158.99068147293
2021-03-30,1.13795854005264,138.724678805076,157.862932962296
2021-03-31,1.19775707485118,149.759596437298,179.375616159631
2021-04-01,1.2992775056399,157.641680460314,204.820289373359
2021-04-02,1.38393359029599,164.735556081028,227.983069576623
2021-04-03,1.43298882285413,176.558682115551,253.00661804944
2021-04-04,1.47575816939871,194.687475368487,287.311632254656
2021-04-05,1.47893470653809,197.840308977694,292.59289929933
2021-04-06,1.46332048983692,208.875226609916,305.651398917619
2021-04-07,1.40617763269406,225.427603058249,316.991253212344
2021-04-08,1.34807763689204,234.097895483566,315.582137744884
2021-04-09,1.30755202493785,245.132813115788,320.523906168261
2021-04-10,1.27316699283512,261.685189564121,333.168945866841
2021-04-11,1.22346703899607,275.872940805549,337.521450026504
2021-04-12,1.1821609643274,297.154567667691,351.284530268329
2021-04-13,1.15934350400994,316.071569322929,366.435520696765
2021-04-14,1.15544442144113,317.647986127532,367.024593553067
2021-04-15,1.18607759242293,331.83573736896,393.582932458464
2021-04-16,1.23070643297014,349.176322219595,429.733545996509
2021-04-17,1.26445972652839,369.669740679436,467.432499205341
2021-04-18,1.25976463091011,386.222117127769,486.548962832786
2021-04-19,1.24155734799695,408.291952392213,506.917873620571
2021-04-20,1.19825073963932,423.267912035942,507.181088662658
2021-04-21,1.1551421002004,428.785370852053,495.30803382125
2021-04-22,1.11109133810336,439.032080081974,487.804741328582
2021-04-23,1.10743580995804,450.855206116497,499.293200359421
2021-04-24,1.14399784804168,454.796248128005,520.285929155869
2021-04-25,1.17579161818132,468.983999369433,551.427455519732
2021-04-26,1.19145788468792,498.147710254591,593.522017122066
2021-04-27,1.16728110434123,521.005753921337,608.160171805433
2021-04-28,1.12541021791076,546.228422794987,614.731048326756
2021-04-29,1.04650315326008,543.863797588082,569.15517911993
2021-04-30,0.985514142271069,550.169464806495,542.199788212506
2021-05-01,0.975105196378252,538.346338771971,524.944312387756
2021-05-02,1.06500066676153,535.981713565067,570.820882318782
2021-05-03,1.16851540599055,540.710963978876,631.829091597319
2021-05-04,1.30339297458905,551.745881611098,719.141705850347
2021-05-05,1.41186032761599,594.309135335383,839.081490519789
2021-05-06,1.50504964718268,615.590762197525,926.494659454301
2021-05-07,1.56220471433775,627.413888232049,980.148934037082
2021-05-08,1.60011680224983,668.40072515173,1069.51923095126
2021-05-09,1.56966010737676,688.894143611571,1081.32965543256
2021-05-10,1.51581253115028,717.269646094427,1087.24631776366
2021-05-11,1.41164262698037,774.808859462442,1093.75321377923
2021-05-12,1.3244580635763,839.441948451171,1111.80565753035
2021-05-13,1.23675293834008,879.64057696855,1087.89806824902
2021-05-14,1.14333717055967,913.533538267518,1044.47685085415
2021-05-15,1.0218190335243,952.155749980295,972.930868209466
2021-05-16,0.937031171010869,987.625128083865,925.435530288184
2021-05-17,0.882673234360467,1030.97659021045,910.015441430985
2021-05-18,0.874554592439008,1051.47000867029,919.567924894488
2021-05-19,0.86457309166671,1045.16434145188,903.620965988853
2021-05-20,0.868300416450925,1068.02238511863,927.364281777412
2021-05-21,0.878987426061399,1082.99834476236,951.941927491418
2021-05-22,0.900155912747127,1064.08134310712,957.839112641776
2021-05-23,0.911334492837907,1052.25821707259,958.959208590372
2021-05-24,0.942474437703552,1029.40017340585,970.183349602616
2021-05-25,0.961238397609778,993.930795302278,955.404445011374
2021-05-26,0.992357259337275,963.190667612517,955.829251131198
2021-05-27,1.01656174551359,959.249625601009,975.136473784222
2021-05-28,1.03964982689999,945.061874359581,982.533414087721
2021-05-29,1.03860223635824,926.144872704343,961.896135982448
2021-05-30,1.03724762911543,930.874123118152,965.546977209209
2021-05-31,0.997038680859079,920.627413888232,917.901142305828
2021-06-01,0.968715388674598,920.627413888232,891.825943069229
2021-06-02,0.94822213627316,915.898163474423,868.474913178381
2021-06-03,0.951826009688354,894.61653661228,851.519288244882
2021-06-04,0.977151749897537,881.216993773154,861.082727504884
2021-06-05,1.01556197780193,881.216993773154,894.930473068934
2021-06-06,1.06203947290956,907.227871049105,963.511809977855
2021-06-07,1.08958144404848,910.380704658312,991.933922815473
2021-06-08,1.12005054868638,922.203830692835,1032.91490656819
2021-06-09,1.1329890041615,909.59249625601,1030.55829652587
2021-06-10,1.14570584706702,922.992039095137,1057.47737598761
2021-06-11,1.11066943525888,921.415622290534,1023.38816884814
2021-06-12,1.06278997097317,941.909040750374,1001.05148207845
2021-06-13,0.982387040570237,949.79112477339,933.062492226007
2021-06-14,0.938723698608446,948.214707968787,890.111617739387
2021-06-15,0.907052493541053,939.54441554347,852.216104911275
2021-06-16,0.901952886100762,935.603373531962,843.870163002763
2021-06-17,0.891735033777647,934.81516512966,833.607432852754
2021-06-18,0.907916068989824,941.120832348073,854.458726549893
2021-06-19,0.924393916024864,955.308583589501,883.081442596465
2021-06-20,0.952135170403673,945.061874359581,899.826648785374
2021-06-21,0.976003499914636,930.874123118152,908.536402143284
2021-06-22,0.991886571546836,915.898163474423,908.467089254689
2021-06-23,0.998080050252534,910.380704658312,908.632819454305
2021-06-24,0.998476573977029,892.251911405376,890.892631624495
2021-06-25,0.988035776036231,900.922203830693,890.14336881013
2021-06-26,0.971155295637718,878.852368566249,853.502131816865
2021-06-27,0.955851603696472,858.358950106408,820.46377900643
2021-06-28,0.947007653651521,852.053282887995,806.900980213836
2021-06-29,0.931423238067105,848.900449278789,790.68560526387
2021-06-30,0.895674191253052,843.382990462678,755.39637789924
2021-07-01,0.849923898490578,840.230156853472,714.131690542253
2021-07-02,0.8198428080834,839.441948451171,688.210444241209
2021-07-03,0.80598204858973,804.760778749901,648.622741081512
2021-07-04,0.817598210205891,774.808859462442,633.48233674816
2021-07-05,0.851855569026172,767.714983841728,653.982284410413
2021-07-06,0.901240621060231,745.645148577284,672.005696794339
2021-07-07,0.938575144338529,730.669188933554,685.787939467026
2021-07-08,0.967002426416556,723.57531331284,699.699083668636
2021-07-09,0.986757429867212,703.870103255301,694.54905404857
2021-07-10,1.00681954166845,693.62339402538,698.353587663151
2021-07-11,1.00281917466231,671.553558760936,673.446785538177
2021-07-12,0.97095886350706,643.966264680382,625.26475249095
2021-07-13,0.928093466314804,638.448805864271,592.540165299118
2021-07-14,0.917846035634196,637.660597461969,585.274251460601
2021-07-15,0.928397958324847,616.378970599827,572.24497785925
2021-07-16,0.942752284484026,592.73271853078,558.80012448332
2021-07-17,0.968132828618398,595.097343737684,576.133274696059
2021-07-18,0.991634329411393,606.132261369906,601.061558538158
2021-07-19,1.00201129923321,610.073303381414,611.300343348706
2021-07-20,1.00011592184805,605.344052967605,605.414225568932
2021-07-21,1.00724793795737,602.191219358398,606.555863954779
2021-07-22,1.00716060572718,580.121384093954,584.275404599356
2021-07-23,1.00526054656366,576.180342082447,579.211365601036
2021-07-24,0.969385431930281,579.333175691653,561.597140749394
2021-07-25,0.936789060048194,586.427051312367,549.358446185747
2021-07-26,0.915274872181267,582.486009300859,533.13480771022
2021-07-27,0.909194725752827,561.204382438717,510.244064582654
2021-07-28,0.887215475952348,548.593048001892,486.720242187148
2021-07-29,0.873628654362398,552.5340900134,482.709613547758
2021-07-30,0.844128406092982,557.263340427209,470.401815328871
2021-07-31,0.827777757387201,547.016631197289,452.808200225993
2021-08-01,0.796223737929956,524.946795932845,417.975100072004
2021-08-02,0.800028435484654,511.547253093718,409.252348569039
2021-08-03,0.787819708183154,492.63025143848,388.103820930458
2021-08-04,0.796391136754583,480.807125403957,382.91053316016
2021-08-05,0.791270475351336,465.831165760227,368.598447964562
2021-08-06,0.828220465659535,454.008039725703,376.018750074795
2021-08-07,0.880528354404188,431.149996058958,379.639796531166
2021-08-08,0.978440398552791,409.080160794514,400.260555567824
2021-08-09,1.07471686982926,401.198076771498,431.174341249385
2021-08-10,1.17409575181684,387.798533932372,455.312611250796
2021-08-11,1.25981003753113,392.527784346181,494.510442729172
2021-08-12,1.3260486019224,384.645700323165,510.058893148996
2021-08-13,1.3614611981757,387.798533932372,527.972656658348
2021-08-14,1.40821483185024,394.104201150784,554.983381355024
2021-08-15,1.42320601350809,401.9862851738,572.109298407128
2021-08-16,1.41884852888744,413.021202806022,586.014526000647
2021-08-17,1.35976203714789,425.632537242847,578.758965917759
2021-08-18,1.3292858466717,476.866083392449,633.891335411349
2021-08-19,1.27799601539686,492.63025143848,629.579498402332
2021-08-20,1.24860451445037,508.394419484512,634.783567289735
2021-08-21,1.17068570534606,527.311421139749,617.315942994018
2021-08-22,1.1238876757894,563.569007645621,633.388262149779
2021-08-23,1.02060981822414,585.638842910065,597.70875300744
2021-08-24,0.964042814522967,619.531804209033,597.255184216168
2021-08-25,0.863926013085411,626.625679829747,541.358225272248
2021-08-26,0.791032673554982,630.566721841255,498.798879832888
2021-08-27,0.678689958691258,624.261054622842,423.679709374538
2021-08-28,0.573725957175533,614.802553795224,352.728183650126
2021-08-29,0.434552300760497,606.920469772208,263.738686518155
2021-08-30,0.348911259136036,569.874674864034,198.83569035655
2021-08-31,0.293868783880795,541.499172381178,159.129703260114
2021-09-01,0.27709335474191,469.772207771735,130.170757015984
2021-09-02,0.298164120710635,438.243871679672,130.668598656194
2021-09-03,0.36065457143638,398.045243162292,143.556836584986
2021-09-04,0.388912028265266,368.093323874832,143.155921179064
2021-09-05,0.44095514280838,314.495152518326,138.678254891262
2021-09-06,0.46625069792363,264.049814771025,123.113410423596
2021-09-07,0.500438732111664,214.392685426027,107.290403668616
2021-09-08,0.506630682576061,167.100181287933,84.6580789044887
2021-09-09,0.539819715765094,137.148262000473,74.0353358107719
2021-09-10,0.556414232359611,107.984551115315,60.0841411155251
2021-09-11,0.638046885420835,85.914715850871,54.8176168604643
2021-09-12,0.754118313992264,61.4802553795223,46.3633865306192
2021-09-13,0.883370014672536,52.0217545519035,45.9544580818061
2021-09-14,1.04436774709884,47.2925041380941,49.3907660013639
2021-09-15,1.07482993197279,41.7750453219831,44.9010691215873
2021-09-16,1.05300453514739,43.3514621265863,45.6492862245658
2021-09-17,0.951994434137291,37.8340033104753,36.0177605727043
2021-09-18,0.872629354772212,37.8340033104753,33.0150618972698
2021-09-19,0.728148835291692,30.7401276897612,22.3833881740175
2021-09-20,0.630189651618223,27.5872940805549,17.3852272457144
2021-09-21,0.434271284271284,26.0108772759518,11.2957770796503
2021-09-22,0.416414141414141,26.7990856782533,11.1595182533939
2021-09-23,0.362842712842713,23.6462520690471,8.57987024929565
2021-09-24,0.408297258297258,22.0698352644439,9.0110532295446
2021-09-25,0.487662337662338,21.2816268621423,10.3782479048499
2021-09-26,0.864285714285714,18.9170016552376,16.3496942877411
2021-09-27,1.20714285714286,17.3405848506345,20.9325631411231
2021-09-28,1.60714285714286,16.5523764483329,26.6020335776779
2021-09-29,1.67857142857143,14.9759596437298,25.1382179734036
2021-09-30,1.78571428571429,11.034917632222,19.7052100575392
2021-10-01,1.9047619047619,11.8231260345235,22.5202400657591
2021-10-02,2,8.67029242531726,17.3405848506345
2021-10-03,1.76190476190476,8.67029242531726,15.2762295112733
2021-10-04,1.83333333333333,10.2467092299204,18.7856335881874
2021-10-05,1.83333333333333,10.2467092299204,18.7856335881874
2021-10-06,1.97619047619048,9.45850082761882,18.6917992545801
2021-10-07,2.0047619047619,10.2467092299204,20.5422123133166
2021-10-08,1.92142857142857,13.3995428391267,25.7462644551791
2021-10-09,1.76496598639456,15.7641680460314,27.8232204050533
2021-10-10,1.62210884353741,15.7641680460314,25.5711963984774
2021-10-11,1.17568027210884,17.3405848506345,20.3869835157205
2021-10-12,0.794727891156463,16.5523764483329,13.1546352284115
2021-10-13,0.604251700680272,16.5523764483329,10.0018016192053
2021-10-14,0.504251700680272,17.3405848506345,8.74401940172301
2021-10-15,0.49234693877551,16.5523764483329,8.14951187379658
2021-10-16,0.410714285714286,15.7641680460314,6.47456901890574
2021-10-17,0.402210884353822,17.3405848506345,6.97457196798619
2021-10-18,0.406746031746126,15.7641680460314,6.41201279650233
2021-10-19,0.421428571428684,14.1877512414282,5.97912373746064
2021-10-20,0.360119047619188,13.3995428391267,4.82543060575881
