"fecha","rho7dpromedio","incidenciaAcum14d","riesgopor10"
2020-01-01,0,0,0
2020-01-02,0,0,0
2020-01-03,0,0,0
2020-01-04,0.142857142857143,0,0
2020-01-05,0.285714285714286,0,0
2020-01-06,0.428571428571429,0,0
2020-01-07,0.428571428571429,0,0
2020-01-08,0.428571428571429,0.424269937505038,0.181829973216445
2020-01-09,0.428571428571429,0.424269937505038,0.181829973216445
2020-01-10,0.428571428571429,0.424269937505038,0.181829973216445
2020-01-11,0.285714285714286,0.424269937505038,0.121219982144297
2020-01-12,0.142857142857143,0.424269937505038,0.0606099910721483
2020-01-13,0,0.424269937505038,0
2020-01-14,0,0.424269937505038,0
2020-01-15,0,0.424269937505038,0
2020-01-16,0,0.424269937505038,0
2020-01-17,0,0.424269937505038,0
2020-01-18,0,0.424269937505038,0
2020-01-19,0,0.424269937505038,0
2020-01-20,0,0.424269937505038,0
2020-01-21,0,0.424269937505038,0
2020-01-22,0,0,0
2020-01-23,0,0,0
2020-01-24,0,0,0
2020-01-25,0,0,0
2020-01-26,0,0,0
2020-01-27,0,0,0
2020-01-28,0,0,0
2020-01-29,0,0,0
2020-01-30,0,0,0
2020-01-31,0,0,0
2020-02-01,0,0,0
2020-02-02,0,0,0
2020-02-03,0,0,0
2020-02-04,0,0,0
2020-02-05,0,0,0
2020-02-06,0,0,0
2020-02-07,0,0,0
2020-02-08,0,0,0
2020-02-09,0,0,0
2020-02-10,0,0,0
2020-02-11,0,0,0
2020-02-12,0,0,0
2020-02-13,0,0,0
2020-02-14,0,0,0
2020-02-15,0,0,0
2020-02-16,0,0,0
2020-02-17,0,0,0
2020-02-18,0,0,0
2020-02-19,0,0,0
2020-02-20,0,0,0
2020-02-21,0,0,0
2020-02-22,0,0,0
2020-02-23,0,0,0
2020-02-24,0,0,0
2020-02-25,0,0,0
2020-02-26,0,0,0
2020-02-27,0,0,0
2020-02-28,0,0,0
2020-02-29,0,0,0
2020-03-01,0,0,0
2020-03-02,0,0,0
2020-03-03,0,0,0
2020-03-04,0,0,0
2020-03-05,0,0,0
2020-03-06,0,0,0
2020-03-07,0,0,0
2020-03-08,0,0,0
2020-03-09,0,0,0
2020-03-10,0,0,0
2020-03-11,0,0,0
2020-03-12,0,0,0
2020-03-13,0,0,0
2020-03-14,0,0,0
2020-03-15,0,0,0
2020-03-16,0,0,0
2020-03-17,0,0,0
2020-03-18,0,0,0
2020-03-19,0,0,0
2020-03-20,0.142857142857143,0,0
2020-03-21,0.285714285714286,0,0
2020-03-22,0.428571428571429,0,0
2020-03-23,0.714285714285714,0,0
2020-03-24,1.14285714285714,0.424269937505038,0.484879928577187
2020-03-25,1.57142857142857,0.424269937505038,0.666709901793631
2020-03-26,1.71428571428571,0.424269937505038,0.72731989286578
2020-03-27,1.71428571428571,1.27280981251511,2.18195967859734
2020-03-28,1.64285714285714,1.69707975002015,2.78805958931882
2020-03-29,1.54761904761905,1.69707975002015,2.62643294645976
2020-03-30,1.30952380952381,1.69707975002015,2.22236633931211
2020-03-31,1.16666666666667,2.12134968752519,2.47490796877939
2020-04-01,1.16666666666667,2.12134968752519,2.47490796877939
2020-04-02,1.45238095238095,2.12134968752519,3.08100787950087
2020-04-03,1.73809523809524,2.54561962503023,4.42452934826683
2020-04-04,1.95238095238095,2.96988956253527,5.79835581256886
2020-04-05,2.04761904761905,3.39415950004031,6.94994564293967
2020-04-06,2.04761904761905,3.81842943754534,7.81868884830713
2020-04-07,1.85714285714286,3.81842943754534,7.09136895544135
2020-04-08,1.47619047619048,3.81842943754534,5.63672916970979
2020-04-09,1.11904761904762,4.24269937505038,4.74778263398495
2020-04-10,0.761904761904762,3.39415950004031,2.58602628574499
2020-04-11,0.619047619047619,3.39415950004031,2.10114635716781
2020-04-12,0.547619047619048,3.39415950004031,1.85870639287921
2020-04-13,0.5,3.39415950004031,1.69707975002015
2020-04-14,0.404761904761905,3.39415950004031,1.37382646430203
2020-04-15,0.357142857142857,3.39415950004031,1.21219982144297
2020-04-16,0.285714285714286,3.39415950004031,0.969759857154373
2020-04-17,0.214285714285714,2.96988956253527,0.636404906257557
2020-04-18,0.0714285714285714,2.54561962503023,0.181829973216445
2020-04-19,0,2.12134968752519,0
2020-04-20,0.142857142857143,1.69707975002015,0.242439964288593
2020-04-21,0.285714285714286,1.27280981251511,0.36365994643289
2020-04-22,0.428571428571429,1.27280981251511,0.545489919649335
2020-04-23,0.428571428571429,0.848539875010076,0.36365994643289
2020-04-24,0.428571428571429,1.27280981251511,0.545489919649335
2020-04-25,0.428571428571429,0.848539875010076,0.36365994643289
2020-04-26,0.428571428571429,0.848539875010076,0.36365994643289
2020-04-27,0.285714285714286,0.848539875010076,0.242439964288593
2020-04-28,0.142857142857143,0.424269937505038,0.0606099910721483
2020-04-29,0,0.424269937505038,0
2020-04-30,0,0.424269937505038,0
2020-05-01,0.142857142857143,0.424269937505038,0.0606099910721483
2020-05-02,0.285714285714286,0.424269937505038,0.121219982144297
2020-05-03,0.571428571428571,0.424269937505038,0.242439964288593
2020-05-04,0.714285714285714,0.424269937505038,0.303049955360742
2020-05-05,0.857142857142857,0.848539875010076,0.72731989286578
2020-05-06,1,0.848539875010076,0.848539875010076
2020-05-07,1.28571428571429,1.27280981251511,1.636469758948
2020-05-08,1.35714285714286,0.848539875010076,1.15158983037082
2020-05-09,1.64285714285714,0.848539875010076,1.39402979465941
2020-05-10,1.64285714285714,1.27280981251511,2.09104469198912
2020-05-11,1.64285714285714,1.69707975002015,2.78805958931882
2020-05-12,1.5,2.12134968752519,3.18202453128779
2020-05-13,1.4047619047619,2.54561962503023,3.57598947325675
2020-05-14,1.16666666666667,2.54561962503023,2.96988956253527
2020-05-15,1.02380952380952,2.54561962503023,2.60622961610238
2020-05-16,0.595238095238095,2.54561962503023,1.51524977680371
2020-05-17,0.452380952380952,2.96988956253527,1.34352146876595
2020-05-18,0.452380952380952,2.96988956253527,1.34352146876595
2020-05-19,0.880952380952381,2.54561962503023,2.24256966966949
2020-05-20,1.26190476190476,2.54561962503023,3.21232952682386
2020-05-21,1.78571428571429,2.54561962503023,4.54574933041112
2020-05-22,2.14285714285714,2.54561962503023,5.45489919649335
2020-05-23,2.71428571428571,3.39415950004031,9.21271864296654
2020-05-24,2.85714285714286,3.39415950004031,9.69759857154373
2020-05-25,2.95238095238095,3.39415950004031,10.0208518572619
2020-05-26,2.66666666666667,3.39415950004031,9.05109200010748
2020-05-27,2.28571428571429,3.81842943754534,8.72783871438936
2020-05-28,1.78571428571429,5.09123925006046,9.09149866082225
2020-05-29,1.4047619047619,5.09123925006046,7.1519789465135
2020-05-30,0.919047619047619,5.5155091875655,5.06901558666734
2020-05-31,0.776190476190476,5.09123925006046,3.95177141790407
2020-06-01,0.966666666666667,5.5155091875655,5.33165888131331
2020-06-02,0.966666666666667,5.93977912507053,5.74178648756818
2020-06-03,0.990476190476191,6.36404906257557,6.30343907150342
2020-06-04,0.966666666666667,6.78831900008061,6.56204170007792
2020-06-05,0.990476190476191,6.78831900008061,6.72366834293699
2020-06-06,0.952380952380952,5.93977912507053,5.65693250006718
2020-06-07,1.02380952380952,5.93977912507053,6.08120243757221
2020-06-08,0.880952380952381,5.5155091875655,4.85890095095056
2020-06-09,1.02380952380952,5.5155091875655,5.64683083488849
2020-06-10,1.02380952380952,4.66696931255542,4.77808762952103
2020-06-11,1.11904761904762,4.24269937505038,4.74778263398495
2020-06-12,1.0952380952381,4.24269937505038,4.64676598219804
2020-06-13,1.19047619047619,3.81842943754534,4.54574933041112
2020-06-14,1.19047619047619,4.24269937505038,5.05083258934569
2020-06-15,1.33333333333333,3.81842943754534,5.09123925006046
2020-06-16,1.19047619047619,3.39415950004031,4.04066607147655
2020-06-17,1.26190476190476,3.81842943754534,4.81849429023579
2020-06-18,1.26190476190476,3.39415950004031,4.28310603576515
2020-06-19,1.30952380952381,3.39415950004031,4.44473267862421
2020-06-20,1.21428571428571,3.39415950004031,4.12147939290609
2020-06-21,1,3.39415950004031,3.39415950004031
2020-06-22,0.714285714285714,3.81842943754534,2.72744959824667
2020-06-23,0.642857142857143,3.39415950004031,2.18195967859734
2020-06-24,0.571428571428571,3.39415950004031,1.93951971430875
2020-06-25,0.571428571428571,2.54561962503023,1.45463978573156
2020-06-26,0.619047619047619,2.96988956253527,1.83850306252183
2020-06-27,1,2.96988956253527,2.96988956253527
2020-06-28,1.42857142857143,2.54561962503023,3.6365994643289
2020-06-29,1.85714285714286,2.96988956253527,5.5155091875655
2020-06-30,2.21428571428571,2.96988956253527,6.57618403132809
2020-07-01,2.57142857142857,2.96988956253527,7.63685887509069
2020-07-02,2.85714285714286,2.96988956253527,8.48539875010076
2020-07-03,3.19047619047619,3.39415950004031,10.8289850715572
2020-07-04,3.11904761904762,3.81842943754534,11.9098632456771
2020-07-05,2.92857142857143,3.81842943754534,11.1825433528114
2020-07-06,2.54761904761905,6.36404906257557,16.2131726117997
2020-07-07,2.21428571428571,7.21258893758565,15.9707326475111
2020-07-08,1.88571428571429,7.63685887509069,14.4009338787424
2020-07-09,1.61428571428571,8.48539875010076,13.6978579823055
2020-07-10,1.45238095238095,8.48539875010076,12.3240315180035
2020-07-11,1.52380952380952,9.75820856261588,14.8696511430337
2020-07-12,1.54761904761905,11.031018375131,17.0718141519884
2020-07-13,1.64285714285714,12.7280981251511,20.9104469198912
2020-07-14,1.72943722943723,14.0009079376663,24.2136914333233
2020-07-15,1.86320346320346,14.8494478126763,27.6675425912376
2020-07-16,2.0512987012987,16.1222576251915,33.0715661285583
2020-07-17,2.13961038961039,18.2436073127166,39.0342117502606
2020-07-18,2.05797773654916,19.5164171252318,40.1643519409338
2020-07-19,2.08178726035869,22.486306687767,46.8117067951118
2020-07-20,2.07385075242218,26.7290060628174,55.4319693348709
2020-07-21,2.07429858045622,28.4260858128376,58.9641894494955
2020-07-22,2.00182266927063,32.6687851878879,65.3971147666466
2020-07-23,1.81624843957875,36.4872146254333,66.2698466280182
2020-07-24,1.63814083289972,41.5784538754937,68.1113630622837
2020-07-25,1.51569185330788,45.8211532505441,69.4507486910216
2020-07-26,1.43074976836579,48.3667728755744,69.200749088329
2020-07-27,1.37746178650638,53.0337421881298,73.0519532595802
2020-07-28,1.3831657014662,59.8220611882104,82.7438232265448
2020-07-29,1.41018706719724,66.610380188291,93.9330966826192
2020-07-30,1.39597774710557,70.4288096258364,98.3170509928019
2020-07-31,1.34181762151687,77.217128625917,103.61130387319
2020-08-01,1.25499016326084,81.8840979384724,102.76373744027
2020-08-02,1.2313608196315,87.3996071260379,107.620451866189
2020-08-03,1.16450649169342,88.672416938553,103.259605159091
2020-08-04,1.18061819953446,95.0364660011286,112.20178138037
2020-08-05,1.17663830845779,95.4607359386336,112.32275885897
2020-08-06,1.24681718618384,103.097594813724,128.543853067969
2020-08-07,1.2677317554855,107.340294188775,136.078699586266
2020-08-08,1.34658727496602,113.70434325135,153.112821730637
2020-08-09,1.37123013210888,122.189742001451,167.550256067
2020-08-10,1.4278803784143,125.159631563986,178.712982079779
2020-08-11,1.40951303147552,130.250870814047,183.590299773434
2020-08-12,1.40074061461916,140.009079376663,196.116403898329
2020-08-13,1.33827361264622,151.040097751794,202.132977272732
2020-08-14,1.31517096593524,157.828416751874,207.571351311592
2020-08-15,1.26770072784,162.919656001935,206.533366493096
2020-08-16,1.28432160696088,169.707975002015,217.959619168665
2020-08-17,1.29272496830542,178.193373752116,230.35502343594
2020-08-18,1.32267002325047,193.042821564792,255.331953287441
2020-08-19,1.3264876568353,207.467999439964,275.203740445424
2020-08-20,1.35541379095963,219.347557690105,297.306704706481
2020-08-21,1.36876366254961,233.348465627771,319.398900463
2020-08-22,1.37401972723964,240.136784627852,329.952679314564
2020-08-23,1.33031741044815,256.259042253043,340.905865493991
2020-08-24,1.28897991736708,276.19972931578,356.015904270265
2020-08-25,1.23985569904397,290.624907190951,360.332947464826
2020-08-26,1.21394403161514,297.413226191032,361.043010858008
2020-08-27,1.18575427451585,309.717054378678,367.248321119974
2020-08-28,1.19027471476742,329.657741441415,392.383274165051
2020-08-29,1.21004111189231,342.810109504071,414.814326072229
2020-08-30,1.24319059289399,358.508097191757,445.693893905118
2020-08-31,1.26065402021972,374.206084879444,471.744405293954
2020-09-01,1.3019111056757,392.44969219216,510.934612683985
2020-09-02,1.32044575914105,420.451508067493,555.18341075218
2020-09-03,1.31584851646391,436.998035630189,575.023216881628
2020-09-04,1.27176308913337,453.120293255381,576.261663899481
2020-09-05,1.22244229871549,482.819188880734,590.218599119312
2020-09-06,1.1677840298205,493.850207255864,576.710385156944
2020-09-07,1.116097638835,504.032685755985,562.54969046792
2020-09-08,1.04784031476372,526.518992443752,551.707826771341
2020-09-09,1.00698785574733,541.368440256429,545.151444823098
2020-09-10,0.981865306727723,560.88485738166,550.71338253198
2020-09-11,0.966143912556658,568.097446319246,548.863889500322
2020-09-12,0.954574345614307,576.582845069347,550.391192024508
2020-09-13,0.939376913257906,587.613863444478,551.990897230026
2020-09-14,0.925921763756245,592.280832757033,548.40571330541
2020-09-15,0.913132315051427,592.705102694538,541.218182566257
2020-09-16,0.905496678829725,588.038133381983,532.466576802616
2020-09-17,0.913295876940342,582.522624194418,532.01551090123
2020-09-18,0.938499244384269,575.734305194337,540.326210390987
2020-09-19,0.971077427097886,559.18777763164,543.014628367118
2020-09-20,1.03162658622885,560.460587444156,578.186042540831
2020-09-21,1.08900303078258,561.309127319166,611.267340856494
2020-09-22,1.13668242187668,557.49069788162,633.689876641803
2020-09-23,1.15365461773177,559.612047569145,645.599022816475
2020-09-24,1.15419121007769,562.157667194176,648.837438153295
2020-09-25,1.12516951895534,567.248906444236,638.251179191805
2020-09-26,1.07652872985654,573.188685569307,617.054087644064
2020-09-27,0.992793083159469,568.945986194256,564.845639785
2020-09-28,0.933982551457371,574.037225444317,536.140752451993
2020-09-29,0.907987309946949,570.218796006771,517.751430667377
2020-09-30,0.926628781266918,562.157667194176,520.911474031993
2020-10-01,0.954758859209026,564.703286819206,539.155465915093
2020-10-02,1.00467308108843,575.310035256832,577.998505702575
2020-10-03,1.03979788263659,586.341053631963,609.676186069423
2020-10-04,1.06199265220882,591.856562819528,628.547320875906
2020-10-05,1.04568206960431,592.280832757033,619.337446984336
2020-10-06,1.0154469940785,592.705102694538,601.860614906155
2020-10-07,0.968437154510433,586.765323569468,568.245340323009
2020-10-08,0.938903739458427,572.340145694297,537.372303034556
2020-10-09,0.914035396532982,559.18777763164,511.117422063933
2020-10-10,0.938396402502126,556.217888069105,521.952865171378
2020-10-11,0.977992988765021,551.975188694055,539.827864515035
2020-10-12,1.04293976516702,553.24799850657,577.004337641564
2020-10-13,1.09745314521883,560.03631750665,614.613618084444
2020-10-14,1.14050982664304,569.370256131761,649.372372116536
2020-10-15,1.14952175529548,575.310035256832,661.33140156754
2020-10-16,1.13175244705992,577.007115006852,653.029214379987
2020-10-17,1.07616863070575,582.522624194418,626.892574834426
2020-10-18,1.00538581189143,576.158575131842,579.261656837139
2020-10-19,0.928818625877244,577.431384944357,536.329025502412
2020-10-20,0.857223909293189,569.370256131761,488.077796796532
2020-10-21,0.80931966592615,565.127556756711,457.368845440003
2020-10-22,0.779288947638165,560.03631750665,436.430112508911
2020-10-23,0.768673236385511,559.18777763164,429.832678779334
2020-10-24,0.765045432453082,549.853839006529,420.663168048738
2020-10-25,0.768661761757485,545.611139631479,419.390419823642
2020-10-26,0.767157110052566,532.458771568823,408.479532418878
2020-10-27,0.749667630890613,511.669544631076,383.582095322458
2020-10-28,0.722399460464548,492.577397443349,355.837646150107
2020-10-29,0.697714732772301,470.091090755582,327.989479765171
2020-10-30,0.684740680876094,443.78635463027,303.878570633051
2020-10-31,0.674028411778731,406.026330192322,273.673282479877
2020-11-01,0.687211024273271,383.96429344206,263.86449538068
2020-11-02,0.715784836975922,361.053716816788,258.436775831255
2020-11-03,0.737091611358457,337.71887025401,248.929746261686
2020-11-04,0.738888846381498,319.899532878799,236.370196806796
2020-11-05,0.73794895351614,302.928735378597,223.545943262603
2020-11-06,0.744219353077627,283.836588190871,211.236682043171
2020-11-07,0.742949471780006,262.623091315619,195.115686970171
2020-11-08,0.735648840684195,242.258134315377,178.216915655423
2020-11-09,0.718959418436422,225.71160675268,162.277485525258
2020-11-10,0.740079370842163,212.134968752519,156.996714207986
2020-11-11,0.755283899487552,194.315631377307,146.763467798039
2020-11-12,0.770435909948487,183.284613002177,141.209047597888
2020-11-13,0.764701751337934,170.98078481453,130.749305592806
2020-11-14,0.77959334926479,168.859435127005,131.641692585622
2020-11-15,0.769036837503459,159.101226564389,122.354704119999
2020-11-16,0.755647410029524,145.524588564228,109.965278444171
2020-11-17,0.710459523554179,137.463459751632,97.6622241212539
2020-11-18,0.710600617028606,130.675140751552,92.8578356483526
2020-11-19,0.706214652116326,120.492662251431,85.0936835544641
2020-11-20,0.71973471414385,110.31018375131,79.3940685694046
2020-11-21,0.723976086806275,108.188834063785,78.3261287216324
2020-11-22,0.762071324901514,104.794674563744,79.8610164874157
2020-11-23,0.782621363098611,95.0364660011286,74.377568565878
2020-11-24,0.80443740083446,89.5209568135631,72.0140058193166
2020-11-25,0.811541647938707,86.9753371885328,70.5841084720066
2020-11-26,0.791933804801452,79.3384783134421,62.8308229979217
2020-11-27,0.771803934671582,77.641398563422,59.9239369046536
2020-11-28,0.721153435745221,71.2773495008464,51.4019054833483
2020-11-29,0.690097535124103,67.4589200633011,46.553234457818
2020-11-30,0.642322869702379,62.7919507507457,40.3327060004294
2020-12-01,0.658691917321426,58.9735213132003,38.8453818249879
2020-12-02,0.649682908312417,53.4580121256348,34.7307567903829
2020-12-03,0.755005037163958,51.7609323756147,39.0797646718921
2020-12-04,0.781989164148085,48.3667728755744,37.8222922935106
2020-12-05,0.891771007920076,47.0939630630592,41.9970309076952
2020-12-06,0.932350718065004,43.2755336255139,40.3479748503941
2020-12-07,1.0827664399093,42.8512636880089,46.3979102290799
2020-12-08,1.10657596371882,38.1842943754534,42.2538223474405
2020-12-09,1.15419501133787,36.4872146254333,42.1133610982892
2020-12-10,1.10022675736961,36.9114845629383,40.6110029703802
2020-12-11,1.15181405895692,35.2144048129182,40.5604465413192
2020-12-12,1.11749123891981,34.7901348754131,38.8776709241127
2020-12-13,1.13052382037344,32.2445152503829,36.4531925669527
2020-12-14,1.08460545302651,34.3658649379081,37.2734045096275
2020-12-15,1.13817688159793,34.3658649379081,39.114432988444
2020-12-16,1.15246259588365,35.6386747504232,41.0722396167258
2020-12-17,1.15591325150822,36.0629446879283,41.6856356531841
2020-12-18,1.09422493981991,36.9114845629383,40.3894669745446
2020-12-19,1.05201714761211,38.6085643129585,40.6168717019174
2020-12-20,0.984006211180124,39.4571041879686,38.8260355961423
2020-12-21,0.896343873517787,37.7600244379484,33.8459665688369
2020-12-22,0.801956118415746,39.4571041879686,31.6428661185089
2020-12-23,0.755924372384,38.1842943754534,28.8644387606905
2020-12-24,0.758822923108637,37.3357545004434,28.3312263664929
2020-12-25,0.775273139558854,36.0629446879283,27.9586323499474
2020-12-26,0.851803751803752,36.4872146254333,31.0799463108128
2020-12-27,0.954401154401154,36.4872146254333,34.8234397593962
2020-12-28,1.159410430839,35.2144048129182,40.8279482558845
2020-12-29,1.36349206349206,33.9415950004031,46.2790954053115
2020-12-30,1.5687074829932,34.3658649379081,53.90998948763
2020-12-31,1.65759637188209,34.7901348754131,57.6680013467732
2021-01-01,1.72154195011338,37.7600244379484,65.0054661072345
2021-01-02,1.670873406834,37.7600244379484,63.0922206747699
2021-01-03,1.59944483540543,38.6085643129585,61.7522687927797
2021-01-04,1.41873384133038,40.7299140004837,57.7849073469621
2021-01-05,1.26057057602425,42.4269937505038,53.4822199510501
2021-01-06,1.09695340501792,43.6998035630189,47.9366483170679
2021-01-07,1.09166239972692,45.8211532505441,50.0212301157438
2021-01-08,1.09015068392949,47.0939630630592,51.339516042144
2021-01-09,1.15714575782111,49.6395826880895,57.440232527533
2021-01-10,1.16650536373244,53.0337421881298,61.8641447212568
2021-01-11,1.20337172317945,58.5492513756953,70.456513518837
2021-01-12,1.1669107973457,59.3977912507054,69.3119239489339
2021-01-13,1.12230954584789,60.2463311257154,67.6150325247036
2021-01-14,1.01966404320239,61.5191409382305,62.7288559834139
2021-01-15,0.976958071924992,61.0948710007255,59.6871273773749
2021-01-16,0.906828201795122,61.0948710007255,55.4025520084928
2021-01-17,0.884968595883792,60.2463311257154,53.3161110634744
2021-01-18,0.855343842756735,61.0948710007255,52.2571217344875
2021-01-19,0.886702727774156,61.5191409382305,54.5491900802518
2021-01-20,0.930975572047001,61.5191409382305,57.2728174268092
2021-01-21,0.945261286332715,60.6706010632205,57.3495704035988
2021-01-22,0.918573688216545,61.0948710007255,56.1201409862505
2021-01-23,0.913703558346415,61.0948710007255,55.8226010300781
2021-01-24,0.914979068550497,61.0948710007255,55.9005281614566
2021-01-25,0.895208660387232,55.155091875655,49.3753159115398
2021-01-26,0.831716596895168,55.155091875655,45.8734053162601
2021-01-27,0.784925706626017,55.155091875655,43.2926494645214
2021-01-28,0.799211420911731,53.0337421881298,42.3851724504416
2021-01-29,0.828117297643695,50.9123925006046,42.1614328941758
2021-01-30,0.858396800749285,47.9425029380693,41.1536911419519
2021-01-31,0.950573671497585,48.3667728755744,45.9761808708245
2021-02-01,1.08318921771607,47.9425029380693,51.9308022528378
2021-02-02,1.19430032882718,45.8211532505441,54.7242183943656
2021-02-03,1.26013883814395,46.2454231880492,58.2756538456637
2021-02-04,1.29442455242967,46.2454231880492,59.8612112121111
2021-02-05,1.3664177765968,47.5182330005643,64.92975828444
2021-02-06,1.3999137836953,46.2454231880492,64.7396053537721
2021-02-07,1.34345119866128,45.3968833130391,60.9884973023887
2021-02-08,1.20815708101422,49.2153127505844,59.4598285939482
2021-02-09,1.10063019929379,51.3366624381096,56.5026810103348
2021-02-10,1.01491591357951,52.1852023131197,52.9635922809513
2021-02-11,0.938159156822751,52.1852023131197,48.9580254007011
2021-02-12,0.844219762883357,50.4881225630995,42.6230708586458
2021-02-13,0.845920443155466,53.4580121256348,45.2212253075273
2021-02-14,0.986510012316464,53.8822820631399,53.1554107417473
2021-02-15,1.16542157694231,52.6094722506247,61.312214112426
2021-02-16,1.3242305099448,54.7308219381499,72.4762242448541
2021-02-17,1.45280193851622,55.155091875655,80.129424395992
2021-02-18,1.55139542996686,58.9735213132003,91.4912514543521
2021-02-19,1.57636325493468,60.2463311257154,94.9701026312055
2021-02-20,1.52874420731564,61.9434108757356,94.6956305576531
2021-02-21,1.35197653054796,64.0647605632608,86.614052716703
2021-02-22,1.19891530605816,63.6404906257557,76.2995582962696
2021-02-23,1.09268819983106,64.4890305007658,70.4664026467319
2021-02-24,1.01080666673001,65.7618403132809,66.4725066050988
2021-02-25,0.940746935520455,66.186110250786,62.2643803924458
2021-02-26,0.921334666108185,71.2773495008464,65.6702930034388
2021-02-27,0.929056673830193,73.8229691258766,68.585722148356
2021-02-28,0.943447688221207,73.3986991883716,69.247833067713
2021-03-01,0.956695092446055,75.9443188134018,72.6555571079402
2021-03-02,0.967882103633066,76.7928586884119,74.3264336113369
2021-03-03,1.01915139183615,78.065668500927,79.5607347073395
2021-03-04,1.05506669604414,74.6715090008867,78.7834222901958
2021-03-05,1.1262618407687,75.0957789383918,84.5775102211122
2021-03-06,1.17645489096175,75.5200488758968,88.8459308657189
2021-03-07,1.23691008299589,75.9443188134018,93.9362936865509
2021-03-08,1.24066948149213,77.641398563422,96.3273136980043
2021-03-09,1.2145862554089,79.3384783134421,96.3634252845639
2021-03-10,1.14234135744972,80.6112881259573,92.0856083035762
2021-03-11,1.13409959920796,84.0054476259976,95.270544483929
2021-03-12,1.09488391293345,82.7326378134825,90.5826342165315
2021-03-13,1.09093710898664,81.0355580634623,88.4046974388729
2021-03-14,1.09845590597913,84.4297175635026,92.742321897779
2021-03-15,1.16072696825019,91.2180365635832,105.879235030183
2021-03-16,1.18796172180073,92.0665764385933,109.37156866629
2021-03-17,1.23578373585225,94.1879261261185,116.395907220311
2021-03-18,1.25660968409756,99.2791653761789,124.755160640829
2021-03-19,1.32563352004703,100.127705251189,132.732642366365
2021-03-20,1.36095098036449,103.097594813724,140.310772734959
2021-03-21,1.36751399807827,109.037373938795,149.110135174996
2021-03-22,1.34936058286603,113.70434325135,153.428158884041
2021-03-23,1.3795985153596,119.644122376421,165.060853602012
2021-03-24,1.40975402939797,125.583901501491,177.042411169245
2021-03-25,1.43013687236145,128.129521126522,183.242752601054
2021-03-26,1.45242956302262,138.311999626642,200.88843717851
2021-03-27,1.49476503653787,150.191557876784,224.50108949737
2021-03-28,1.57913246995192,161.64684618942,255.261783483036
2021-03-29,1.66213346696089,167.58662531449,278.551338550249
2021-03-30,1.76747257229999,190.497201939762,336.698579528423
2021-03-31,1.81707746179252,207.892269377469,377.756357166699
2021-04-01,1.83815579866033,227.832956440205,418.792470006491
2021-04-02,1.76864491738475,261.350281503104,462.235847037537
2021-04-03,1.67161693906489,288.927827440931,482.976650517477
2021-04-04,1.53286693906489,309.717054378678,474.755033121637
2021-04-05,1.41833723862052,339.840219941536,482.008039124066
2021-04-06,1.28756228232757,362.750796566808,467.064243543702
2021-04-07,1.19466753448985,388.631262754615,464.285152500734
2021-04-08,1.11297111534331,416.208808692442,463.228382026138
2021-04-09,1.06423243264236,445.48343438029,474.097919072411
2021-04-10,1.02863318694396,466.696931255542,480.059951734353
2021-04-11,1.01598012571947,480.273569255703,487.948401272147
2021-04-12,1.01295039611622,504.881225630995,511.41963749456
2021-04-13,1.00098755553604,513.790894318601,514.298291360651
2021-04-14,1.00040368461423,527.367532318762,527.580422477605
2021-04-15,0.991892314784789,537.550010818883,533.191724543731
2021-04-16,0.987137677080651,540.944170318924,533.986371718942
2021-04-17,0.970224350430856,532.458771568823,516.604465776573
2021-04-18,0.966127139027211,542.216980131439,523.850539746361
2021-04-19,0.946063723326358,537.550010818883,508.556564709437
2021-04-20,0.9386506462016,533.307311443833,500.589252510792
2021-04-21,0.921420162742582,531.185961756308,489.445455328072
2021-04-22,0.927636432415663,529.913151943793,491.566745759279
2021-04-23,0.920902261014308,519.730673443672,478.621152292767
2021-04-24,0.916712780343992,512.942354443591,470.220811898178
2021-04-25,0.919466669608655,516.760783881136,475.144316939546
2021-04-26,0.931771591577442,507.426845256026,472.805919213328
2021-04-27,0.947360623961053,496.8200968184,470.66779691827
2021-04-28,0.973768656070658,487.486158193289,474.698741116927
2021-04-29,1.00923510683367,488.758968005804,493.272709291252
2021-04-30,1.03405677639218,477.303679693168,493.559104383643
2021-05-01,1.0537945470191,481.122109130713,507.003855052276
2021-05-02,1.05054396681982,478.576489505683,502.765643712006
2021-05-03,1.05104739399715,477.303679693168,501.668788686752
2021-05-04,1.03995779918384,475.182330005643,494.169570123717
2021-05-05,1.02298265546675,472.636710380613,483.499157056231
2021-05-06,0.994881559439112,470.939630630592,468.529154123443
2021-05-07,0.997711911180534,475.182330005643,474.095070629149
2021-05-08,1.01652289338808,476.030869880653,483.896277193125
2021-05-09,1.03919259747561,472.636710380613,491.160570722758
2021-05-10,1.03747876878231,474.758060068138,492.551407628971
2021-05-11,1.04496194355496,489.183237943309,511.177867075747
2021-05-12,1.03744694858976,501.487066130955,520.266226514792
2021-05-13,1.01669740817717,492.153127505844,500.370809161482
2021-05-14,0.971309454251854,490.031777818319,475.972498678777
2021-05-15,0.936644971174672,498.51717656842,466.933606477007
2021-05-16,0.897650802078462,487.486158193289,437.592340904354
2021-05-17,0.87475789138348,483.667728755744,423.092162536611
2021-05-18,0.846634252735765,483.667728755744,409.489666107524
2021-05-19,0.836784842886356,476.879409755663,399.04546196813
2021-05-20,0.826465997023966,469.242550880572,387.813012659581
2021-05-21,0.840904057930428,461.605692005482,388.166099571193
2021-05-22,0.861271488853415,456.090182817916,392.817470807013
2021-05-23,0.892102392643502,443.78635463027,395.902868788201
2021-05-24,0.917544701991779,431.482526442624,395.904506139457
2021-05-25,0.935454825341233,421.724317880008,394.504048124593
2021-05-26,0.948364582664398,410.693299504877,389.486979588007
2021-05-27,0.955405199822126,403.904980504796,385.892918608337
2021-05-28,0.962110912410192,397.540931442221,382.478468270273
2021-05-29,0.959200006112189,375.054624754454,359.752398356877
2021-05-30,0.959779358732358,374.206084879444,359.155276179339
2021-05-31,0.939531001443795,367.417765879363,345.20038152488
2021-06-01,0.930316406514914,365.720686129343,340.235954508019
2021-06-02,0.914120225802233,362.750796566808,331.59784006759
2021-06-03,0.919445748369135,352.568318066687,324.167441056072
2021-06-04,0.92381927692166,343.234379441576,317.086536230371
2021-06-05,0.943051854745417,342.385839566566,322.887601041817
2021-06-06,0.951120362813925,342.810109504071,326.053675727793
2021-06-07,0.961041221904369,341.113029754051,327.823682922334
2021-06-08,0.968226596054029,334.32471075397,323.702076670064
2021-06-09,0.994892649073175,327.112121816384,325.44144541785
2021-06-10,1.02624586114928,323.717962316344,332.214219006826
2021-06-11,1.04114507236751,319.475262941294,332.620095754642
2021-06-12,1.03592557681148,324.142232253849,335.78722891653
2021-06-13,1.02336435787442,321.172342691314,328.676328245321
2021-06-14,1.02167902418393,324.566502191354,331.602787241655
2021-06-15,1.00769092894584,316.929643316264,319.367126683838
2021-06-16,0.994691534272714,312.686943941213,311.027056015931
2021-06-17,0.99303295189124,319.475262941294,317.249463414823
2021-06-18,1.02712062913497,318.626723066284,327.268080255056
2021-06-19,1.05455676915389,313.535483816223,330.640966828339
2021-06-20,1.08025827123124,320.748072753809,346.49075857378
2021-06-21,1.09177688833991,325.839312003869,355.743830158403
2021-06-22,1.10186566961514,330.506281316425,364.173524974731
2021-06-23,1.08754363571683,332.62763100395,361.747063161912
2021-06-24,1.05358996052604,332.62763100395,350.453132619323
2021-06-25,0.982491722126017,336.446060441495,330.555469325679
2021-06-26,0.922762929946894,337.294600316505,311.242953643325
2021-06-27,0.877286739470704,333.47617087896,292.554222641578
2021-06-28,0.845719238578049,328.809201566405,278.080267586196
2021-06-29,0.811820933493304,324.990772128859,263.83431200636
2021-06-30,0.786125952798323,324.142232253849,254.816621172732
2021-07-01,0.76873097664046,324.142232253849,249.17817477092
2021-07-02,0.765920578738282,316.081103441254,242.09302167596
2021-07-03,0.770682483500187,306.322894878638,236.077689378035
2021-07-04,0.804412642230346,295.291876503507,237.536518607343
2021-07-05,0.875887831966859,284.260858128376,248.980626739102
2021-07-06,0.947316403395431,269.411410315699,255.217848253959
2021-07-07,1.01587484806007,262.623091315619,266.79219298732
2021-07-08,1.08003291221813,259.228931815578,279.975778159975
2021-07-09,1.11710774215011,251.167803002983,280.581497313465
2021-07-10,1.1243676953117,245.228023877912,275.72646803345
2021-07-11,1.09769035770999,243.530944127892,267.321569173198
2021-07-12,1.04266551089183,240.136784627852,250.382343227921
2021-07-13,0.999948424057098,236.742625127811,236.730414903695
2021-07-14,0.971236745801725,232.075655815256,225.40040473381
2021-07-15,0.968973683193835,227.4086865027,220.353032550794
2021-07-16,0.998410912631065,230.378576065236,230.012484379937
2021-07-17,1.04767269859991,236.318355190306,247.584288910919
2021-07-18,1.09600728667242,237.166895065316,259.936645149061
2021-07-19,1.14022497374725,243.530944127892,277.68006437487
2021-07-20,1.15698430906033,247.773643502942,286.670217731611
2021-07-21,1.14681211518278,250.743533065478,287.555721523223
2021-07-22,1.0980717442369,255.834772315538,280.924934672972
2021-07-23,1.0418527954005,256.683312190548,267.426226338381
2021-07-24,0.990625761564769,255.834772315538,253.436516159829
2021-07-25,0.950914470139155,252.440612815498,240.049431577053
2021-07-26,0.933696283429442,249.894993190467,233.326026389565
2021-07-27,0.954892130189199,257.107582128053,245.510006786051
2021-07-28,0.975160084699247,260.077471690588,253.61716932216
2021-07-29,0.997634004648876,257.956122003063,257.34579901761
2021-07-30,1.01267707510009,263.471631190629,266.811680845977
2021-07-31,1.04364610606912,267.714330565679,279.399018633773
2021-08-01,1.04897839165511,263.047361253124,275.930997936424
2021-08-02,1.02780602834637,261.774551440609,269.053462038324
2021-08-03,0.968891299664199,262.198821378114,254.042156815462
2021-08-04,0.932827105398406,263.471631190629,245.773479078151
2021-08-05,0.875300452946381,257.531852065558,225.417746761103
2021-08-06,0.828183329369495,253.713422628013,210.121227057797
2021-08-07,0.740003216799138,247.349373565437,183.039332111675
2021-08-08,0.699985596847932,246.925103627932,172.844016039736
2021-08-09,0.67590814891452,238.439704877831,161.1633395517
2021-08-10,0.724278659909616,230.378576065236,166.858286344414
2021-08-11,0.759384161831766,218.07474787759,165.602509633697
2021-08-12,0.865531347978952,212.983508627529,184.343903319672
2021-08-13,0.947989604975839,206.195189627449,195.470896362843
2021-08-14,1.03767506151729,198.134060814853,205.598773744723
2021-08-15,1.06170032947152,196.012711127328,208.10675998449
2021-08-16,1.0683452491284,187.951582314732,200.797180032109
2021-08-17,1.02495812683762,180.314723439641,184.815041177939
2021-08-18,0.981039020733644,168.4351651895,165.241469514617
2021-08-19,0.894051498452004,163.34392593944,146.037881749189
2021-08-20,0.837997514861789,159.525496501894,133.68196962568
2021-08-21,0.801000635399156,156.555606939359,125.401140633727
2021-08-22,0.822632935683141,148.070208189258,121.807430049944
2021-08-23,0.8592413105529,148.918748064268,127.957140252639
2021-08-24,0.923180721555772,146.797398376743,135.520528155952
2021-08-25,0.968138704749049,148.494478126763,143.763251716031
2021-08-26,1.00330739909246,148.918748064268,149.411281796466
2021-08-27,0.991038401316214,142.130429064188,140.85671319816
2021-08-28,0.969989702848161,140.857619251673,136.630440241829
2021-08-29,0.900836321018723,139.584809439158,125.74306620527
2021-08-30,0.817942519350373,132.372220501572,108.272867529059
2021-08-31,0.707254176216509,126.856711314006,89.7199388579231
2021-09-01,0.643420950618577,123.462551813966,79.4383924539374
2021-09-02,0.597238489066157,115.40142300137,68.9221715094229
2021-09-03,0.562748765286932,109.885913813805,61.8381623211449
2021-09-04,0.538487447856734,107.340294188775,57.8014010699043
2021-09-05,0.561812583857926,103.097594813724,57.921526131836
2021-09-06,0.591358730674862,97.1578156886537,57.4551225607845
2021-09-07,0.608951974869091,87.3996071260379,53.2221633621835
2021-09-08,0.600056108830368,83.1569077509875,49.8988104874234
2021-09-09,0.590481640745262,76.3685887509069,45.0942495870356
2021-09-10,0.595882337609373,69.5802697508263,41.4616537906131
2021-09-11,0.568991581306852,59.8220611882104,34.0382491925151
2021-09-12,0.543528618343889,52.1852023131197,28.3641509112463
2021-09-13,0.570059230588787,47.5182330005643,27.0882073432404
2021-09-14,0.647085652442795,42.4269937505038,27.4538989322312
2021-09-15,0.734902597402597,35.6386747504232,26.1909546420724
2021-09-16,0.85275974025974,33.9415950004031,28.944025736545
2021-09-17,0.93291847041847,31.8202453128779,29.6856945856305
2021-09-18,1.05037878787879,29.2746256878476,30.7494458456066
2021-09-19,1.08906926406926,27.1532760003224,29.5717983107408
2021-09-20,1.09145021645022,24.1833864377872,26.394962362022
2021-09-21,1.06547619047619,24.6076563752922,26.2188719712935
2021-09-22,1.06677489177489,23.3348465627771,24.8930284165902
2021-09-23,1.00021645021645,19.9406870627368,19.9450032287677
2021-09-24,0.941486291486291,20.7892269377469,19.5727721724862
2021-09-25,0.844805194805195,20.7892269377469,17.5628469129926
2021-09-26,0.811471861471861,20.3649570002418,16.5255895657807
2021-09-27,0.758441558441558,20.3649570002418,15.4456297248587
2021-09-28,0.714285714285714,19.0921471877267,13.6372479912334
2021-09-29,0.720408163265306,19.5164171252318,14.0597862147078
2021-09-30,0.852442795299938,19.0921471877267,16.2749633169836
2021-10-01,1.15720470006184,17.8193373752116,20.6206209625825
2021-10-02,1.43642547928262,16.9707975002015,24.3772859330353
2021-10-03,1.63642547928262,17.3950674377066,28.4657315689025
2021-10-04,1.62993197278912,17.8193373752116,29.0443077217735
2021-10-05,1.55720470006184,19.9406870627368,31.0517316165561
2021-10-06,1.39393939393939,19.0921471877267,26.6132960798615
2021-10-07,1.14155844155844,18.6678772502217,21.3104728609674
2021-10-08,0.748701298701299,16.9707975002015,12.7060581283976
2021-10-09,0.605844155844156,15.2737177501814,9.25349263696053
2021-10-10,0.891558441558442,14.0009079376663,12.4826276613089
2021-10-11,1.39155844155844,13.1523680626562,18.3022888040729
2021-10-12,1.95,12.7280981251511,24.8197913440447
2021-10-13,2.37857142857143,14.0009079376663,33.3021595945919
2021-10-14,2.39285714285714,13.5766380001612,32.4869552146715
2021-10-15,2.38095238095238,14.0009079376663,33.3354950896816
2021-10-16,2.16666666666667,13.5766380001612,29.4160490003493
2021-10-17,1.5952380952381,11.455288312636,18.2739123082527
2021-10-18,1.02380952380952,9.75820856261588,9.99054686172578
2021-10-19,0.452380952380952,6.36404906257557,2.87897457592704
2021-10-20,0.0238095238095238,5.09123925006046,0.121219982144297
2021-10-21,0,4.66696931255542,0
2021-10-22,0,4.66696931255542,0
2021-10-23,0,4.66696931255542,0
