"fecha","rho7dpromedio","incidenciaAcum14d","riesgopor10"
2020-02-08,0,0,0
2020-02-09,0,0,0
2020-02-10,0,0,0
2020-02-11,0,0,0
2020-02-12,0,0,0
2020-02-13,0,0,0
2020-02-14,0,0,0
2020-02-15,0,0,0
2020-02-16,0,0,0
2020-02-17,0,0,0
2020-02-18,0,0,0
2020-02-19,0,0,0
2020-02-20,0,0,0
2020-02-21,0,0,0
2020-02-22,0,0,0
2020-02-23,0,0,0
2020-02-24,0,0,0
2020-02-25,0,0,0
2020-02-26,0,0,0
2020-02-27,0,0,0
2020-02-28,0,0,0
2020-02-29,0,0,0
2020-03-01,0,0,0
2020-03-02,0,0,0
2020-03-03,0,0,0
2020-03-04,0,0,0
2020-03-05,0,0,0
2020-03-06,0,0,0
2020-03-07,0,0,0
2020-03-08,0,0,0
2020-03-09,0,0,0
2020-03-10,0,0,0
2020-03-11,0,0,0
2020-03-12,0,0,0
2020-03-13,0,0,0
2020-03-14,0,0,0
2020-03-15,0,0,0
2020-03-16,0,0,0
2020-03-17,0,0,0
2020-03-18,0,0,0
2020-03-19,0,0,0
2020-03-20,0,0,0
2020-03-21,0,0,0
2020-03-22,0,0,0
2020-03-23,0,0,0
2020-03-24,0,0,0
2020-03-25,0,0,0
2020-03-26,0,0,0
2020-03-27,0,0,0
2020-03-28,0,0,0
2020-03-29,0,0,0
2020-03-30,0,0,0
2020-03-31,0,0,0
2020-04-01,0,0,0
2020-04-02,0,0,0
2020-04-03,0,0,0
2020-04-04,0,0,0
2020-04-05,0,0,0
2020-04-06,0,0,0
2020-04-07,0,0,0
2020-04-08,0,0,0
2020-04-09,0,0,0
2020-04-10,0,0,0
2020-04-11,0,0,0
2020-04-12,0,0,0
2020-04-13,0,0,0
2020-04-14,0,0,0
2020-04-15,0,0,0
2020-04-16,0,0,0
2020-04-17,0,0,0
2020-04-18,0,0,0
2020-04-19,0,0,0
2020-04-20,0,0,0
2020-04-21,0,0,0
2020-04-22,0,0,0
2020-04-23,0,0,0
2020-04-24,0,0,0
2020-04-25,0,0,0
2020-04-26,0.142857142857143,0,0
2020-04-27,0.285714285714286,0,0
2020-04-28,0.428571428571429,0,0
2020-04-29,0.428571428571429,0,0
2020-04-30,0.428571428571429,0.937848762508558,0.401935183932239
2020-05-01,0.428571428571429,0.937848762508558,0.401935183932239
2020-05-02,0.428571428571429,0.937848762508558,0.401935183932239
2020-05-03,0.285714285714286,0.937848762508558,0.267956789288159
2020-05-04,0.142857142857143,0.937848762508558,0.13397839464408
2020-05-05,0,0.937848762508558,0
2020-05-06,0,0.937848762508558,0
2020-05-07,0,0.937848762508558,0
2020-05-08,0,0.937848762508558,0
2020-05-09,0,0.937848762508558,0
2020-05-10,0,0.937848762508558,0
2020-05-11,0,0.937848762508558,0
2020-05-12,0,0.937848762508558,0
2020-05-13,0,0.937848762508558,0
2020-05-14,0,0,0
2020-05-15,0,0,0
2020-05-16,0,0,0
2020-05-17,0,0,0
2020-05-18,0,0,0
2020-05-19,0,0,0
2020-05-20,0,0,0
2020-05-21,0,0,0
2020-05-22,0,0,0
2020-05-23,0,0,0
2020-05-24,0,0,0
2020-05-25,0.142857142857143,0,0
2020-05-26,0.285714285714286,0,0
2020-05-27,0.428571428571429,0,0
2020-05-28,0.428571428571429,0,0
2020-05-29,0.428571428571429,0.937848762508558,0.401935183932239
2020-05-30,0.428571428571429,0.937848762508558,0.401935183932239
2020-05-31,0.428571428571429,0.937848762508558,0.401935183932239
2020-06-01,0.285714285714286,0.937848762508558,0.267956789288159
2020-06-02,0.142857142857143,0.937848762508558,0.13397839464408
2020-06-03,0,0.937848762508558,0
2020-06-04,0,0.937848762508558,0
2020-06-05,0,0.937848762508558,0
2020-06-06,0,0.937848762508558,0
2020-06-07,0,0.937848762508558,0
2020-06-08,0,0.937848762508558,0
2020-06-09,0,0.937848762508558,0
2020-06-10,0,0.937848762508558,0
2020-06-11,0,0.937848762508558,0
2020-06-12,0,0,0
2020-06-13,0,0,0
2020-06-14,0,0,0
2020-06-15,0,0,0
2020-06-16,0,0,0
2020-06-17,0,0,0
2020-06-18,0,0,0
2020-06-19,0,0,0
2020-06-20,0,0,0
2020-06-21,0,0,0
2020-06-22,0,0,0
2020-06-23,0,0,0
2020-06-24,0,0,0
2020-06-25,0,0,0
2020-06-26,0,0,0
2020-06-27,0,0,0
2020-06-28,0,0,0
2020-06-29,0,0,0
2020-06-30,0,0,0
2020-07-01,0,0,0
2020-07-02,0,0,0
2020-07-03,0,0,0
2020-07-04,0,0,0
2020-07-05,0.142857142857143,0,0
2020-07-06,0.285714285714286,0,0
2020-07-07,0.714285714285714,0,0
2020-07-08,1,0,0
2020-07-09,1.42857142857143,0.937848762508558,1.3397839464408
2020-07-10,1.57142857142857,0.937848762508558,1.47376234108488
2020-07-11,1.71428571428571,2.81354628752567,4.82322220718687
2020-07-12,1.57142857142857,2.81354628752567,4.42128702325463
2020-07-13,1.42857142857143,3.75139505003423,5.35913578576319
2020-07-14,1,3.75139505003423,3.75139505003423
2020-07-15,0.714285714285714,3.75139505003423,2.67956789288159
2020-07-16,0.285714285714286,3.75139505003423,1.07182715715264
2020-07-17,0.142857142857143,3.75139505003423,0.535913578576319
2020-07-18,0,3.75139505003423,0
2020-07-19,0,3.75139505003423,0
2020-07-20,0,3.75139505003423,0
2020-07-21,0,3.75139505003423,0
2020-07-22,0,3.75139505003423,0
2020-07-23,0,2.81354628752567,0
2020-07-24,0,2.81354628752567,0
2020-07-25,0,0.937848762508558,0
2020-07-26,0,0.937848762508558,0
2020-07-27,0,0,0
2020-07-28,0,0,0
2020-07-29,0,0,0
2020-07-30,0,0,0
2020-07-31,0,0,0
2020-08-01,0,0,0
2020-08-02,0,0,0
2020-08-03,0,0,0
2020-08-04,0,0,0
2020-08-05,0,0,0
2020-08-06,0,0,0
2020-08-07,0,0,0
2020-08-08,0,0,0
2020-08-09,0.142857142857143,0,0
2020-08-10,0.285714285714286,0,0
2020-08-11,0.428571428571429,0,0
2020-08-12,0.428571428571429,0,0
2020-08-13,0.428571428571429,0.937848762508558,0.401935183932239
2020-08-14,0.428571428571429,0.937848762508558,0.401935183932239
2020-08-15,0.428571428571429,0.937848762508558,0.401935183932239
2020-08-16,0.571428571428571,0.937848762508558,0.535913578576319
2020-08-17,0.714285714285714,0.937848762508558,0.669891973220399
2020-08-18,1,0.937848762508558,0.937848762508558
2020-08-19,1.14285714285714,0.937848762508558,1.07182715715264
2020-08-20,1.28571428571429,2.81354628752567,3.61741665539015
2020-08-21,1.28571428571429,2.81354628752567,3.61741665539015
2020-08-22,1.42857142857143,3.75139505003423,5.35913578576319
2020-08-23,1.23809523809524,3.75139505003423,4.64458434766143
2020-08-24,1.23809523809524,3.75139505003423,4.64458434766143
2020-08-25,1.0952380952381,3.75139505003423,4.10867076908511
2020-08-26,1.23809523809524,5.62709257505135,6.96687652149214
2020-08-27,1.30952380952381,4.68924381254279,6.14067642118699
2020-08-28,1.38095238095238,4.68924381254279,6.47562240779719
2020-08-29,1.38095238095238,6.5649413375599,9.06587137091606
2020-08-30,1.35714285714286,6.5649413375599,8.9095632438313
2020-08-31,1.14285714285714,7.50279010006846,8.5746172572211
2020-09-01,0.904761904761905,7.50279010006846,6.78823866196671
2020-09-02,0.761904761904762,8.44063886257702,6.43096294291583
2020-09-03,0.69047619047619,6.5649413375599,4.53293568545803
2020-09-04,1.19047619047619,6.5649413375599,7.81540635423798
2020-09-05,1.61904761904762,6.5649413375599,10.6289526417637
2020-09-06,2.11904761904762,6.5649413375599,13.9114233105436
2020-09-07,2.19047619047619,7.50279010006846,16.4346830763404
2020-09-08,2.14285714285714,11.2541851501027,24.1161110359343
2020-09-09,2,10.3163363875941,20.6326727751883
2020-09-10,1.88095238095238,10.3163363875941,19.4045374909509
2020-09-11,1.33809523809524,10.3163363875941,13.8042405948283
2020-09-12,1.05238095238095,8.44063886257702,8.88276756490249
2020-09-13,0.623809523809524,8.44063886257702,5.26535090951233
2020-09-14,0.90952380952381,8.44063886257702,7.67696201310577
2020-09-15,1.33809523809524,8.44063886257702,11.2943786684959
2020-09-16,1.90952380952381,8.44063886257702,16.1176008756828
2020-09-17,2.31428571428571,8.44063886257702,19.5340499391068
2020-09-18,2.85714285714286,10.3163363875941,29.4752468216975
2020-09-19,2.95238095238095,10.3163363875941,30.4577550490875
2020-09-20,3.33333333333333,14.0677314376284,46.8924381254279
2020-09-21,3.2108843537415,14.0677314376284,45.1698587657183
2020-09-22,3.2108843537415,14.0677314376284,45.1698587657183
2020-09-23,2.98866213151927,15.9434289626455,47.6495223872262
2020-09-24,2.88151927437642,19.6948240126797,56.7510149979881
2020-09-25,2.49190888476603,27.1976141127482,67.7739762519951
2020-09-26,2.23476602762317,32.8247066877995,73.3555393725895
2020-09-27,1.80619459905174,40.327496787868,72.8393068915236
2020-09-28,1.59747474747475,43.1410430753937,68.9167268926617
2020-09-29,1.25620490620491,45.0167406004108,56.5502504035896
2020-09-30,1.0498556998557,50.6438331754621,53.1687169218001
2020-10-01,0.871284271284271,53.4573794629878,46.5765739101761
2020-10-02,0.832323232323232,56.2709257505135,46.835598806488
2020-10-03,0.784704184704185,58.1466232755306,45.6278986107266
2020-10-04,0.819336219336219,60.0223208005477,49.1784614005065
2020-10-05,0.844382601525459,62.8358670880734,53.0575129209353
2020-10-06,0.921916179059036,60.9601695630563,56.2001665983638
2020-10-07,0.910011417154274,60.0223208005477,54.6209972125949
2020-10-08,0.963582845725703,61.8980183255648,59.6438686429294
2020-10-09,0.977868560011417,58.1466232755306,56.8597547719694
2020-10-10,1.06834475048761,57.208774513022,61.1186939328163
2020-10-11,1.03371271585557,51.5816819379707,53.320640524498
2020-10-12,1.06710789210789,51.5816819379707,55.0432198842076
2020-10-13,1.08409090909091,54.3952282254964,58.9693724171858
2020-10-14,1.2258658008658,52.5195307004792,64.381896563239
2020-10-15,1.23351886209029,49.7059844129536,61.3132693321442
2020-10-16,1.44780457637601,51.5816819379707,74.6801951669655
2020-10-17,1.65018552875696,55.3330769880049,91.3098429072003
2020-10-18,2.0243351886209,56.2709257505135,113.911215093039
2020-10-19,2.43991960420532,58.1466232755306,141.873086048308
2020-10-20,2.82952999381571,68.4629596631247,193.717997832206
2020-10-21,3.12823129251701,77.8414472882103,243.506051261793
2020-10-22,3.49557823129252,91.9091787258387,321.275724410015
2020-10-23,3.64588879029873,151.931499526386,553.925351016529
2020-10-24,3.47768982754531,197.886088889306,688.186438343065
2020-10-25,3.11619418033538,252.281317114802,786.15757220049
2020-10-26,2.63895713166976,309.490091627824,816.731084482373
2020-10-27,2.16170254268332,345.128344603149,746.064820080714
2020-10-28,1.6957161481255,372.325958715897,631.359140560856
2020-10-29,1.21382480003697,401.399270353663,487.22838907202
2020-10-30,0.80451953203605,446.416010954074,359.150400226171
2020-10-31,0.697718494789468,469.862230016788,327.831567885736
2020-11-01,0.676993457115278,497.997692892044,337.141179746417
2020-11-02,0.655382579513617,511.127575567164,334.984108935749
2020-11-03,0.643070555337931,525.195307004792,337.737637736447
2020-11-04,0.621661991912561,543.014433492455,337.57143436219
2020-11-05,0.624349000037258,535.511643392387,334.346159060345
2020-11-06,0.595248470936729,489.557054029467,291.40808784733
2020-11-07,0.58510107864648,456.732347341668,267.234589082348
2020-11-08,0.553956417392147,411.715606741257,228.072502494821
2020-11-09,0.552804343659428,369.512412428372,204.268066626478
2020-11-10,0.538169276149278,338.563403265589,182.204421666078
2020-11-11,0.552775118486213,313.241486677858,173.152099913151
2020-11-12,0.553214979685568,286.981721327619,158.762587134388
2020-11-13,0.65559593206652,249.467770827276,163.550055736065
2020-11-14,0.697409991023436,225.083703002054,156.975623290184
2020-11-15,0.742578058250327,197.886088889306,146.945867642172
2020-11-16,0.759819437560672,188.50760126422,143.231739568491
2020-11-17,0.847354451566274,169.750626014049,143.838948609166
2020-11-18,0.935528182597148,144.428709426318,135.117128044455
2020-11-19,1.07663032369929,136.925919326249,147.418596847043
2020-11-20,1.19343704638836,127.547431701164,152.219830163859
2020-11-21,1.35343704638836,120.982490363604,163.742184422425
2020-11-22,1.4665322844836,121.920339126113,178.800113463633
2020-11-23,1.52912283794637,113.479700263535,173.524401316281
2020-11-24,1.50531331413684,115.355397788553,173.64601614866
2020-11-25,1.48913504795858,120.982490363604,180.159266589754
2020-11-26,1.4656862745098,131.298826751198,192.442888228472
2020-11-27,1.39393449687567,125.671734176147,175.17816555032
2020-11-28,1.33441068735186,129.423129226181,172.703606829937
2020-11-29,1.34523319817437,144.428709426318,194.290294689763
2020-11-30,1.33018531855741,152.869348288895,203.344562751328
2020-12-01,1.29087714245678,164.123533438998,211.863317855643
2020-12-02,1.19053700640236,177.253416114117,211.026751395093
2020-12-03,1.05791378167387,185.694054976694,196.448299934751
2020-12-04,0.917803891563983,185.694054976694,170.430726297906
2020-12-05,0.830986237673158,184.756206214186,153.529864688693
2020-12-06,0.807558684833841,182.880508689169,147.686743078769
2020-12-07,0.887935922000275,181.004811164152,160.720673887527
2020-12-08,0.985231809314422,181.94265992666,179.255696031022
2020-12-09,1.06645217624907,186.631903739203,199.033999900181
2020-12-10,1.12804365494582,189.445450026729,213.702737861006
2020-12-11,1.15643193333409,192.258996314254,222.334442808566
2020-12-12,1.13863965814691,194.134693839271,221.049461427602
2020-12-13,1.05891020539019,181.94265992666,192.660939392178
2020-12-14,0.972932588537,179.129113639135,174.280552215262
2020-12-15,0.92318663556524,172.564172301575,159.308937646191
2020-12-16,0.903814341192946,165.999230964015,150.032485572277
2020-12-17,0.914528626907232,163.185684676489,149.237980138106
2020-12-18,0.946501416022878,164.123533438998,155.343156802689
2020-12-19,0.981170868910416,169.750626014049,166.554369224291
2020-12-20,0.972001604285439,168.81277725154,164.086290312378
2020-12-21,0.968802486800607,174.439869826592,168.997779685176
2020-12-22,0.962261408830958,173.502021064083,166.954299224143
2020-12-23,1.00000272157227,164.123533438998,164.123980113055
2020-12-24,1.0051047623886,157.558592101438,158.362891276397
2020-12-25,1.00170340184438,160.372138388963,160.645316585282
2020-12-26,0.940691497082475,162.247835913981,152.625159664314
2020-12-27,0.930473644759359,165.999230964015,154.457909462337
2020-12-28,0.890722855008569,159.434289626455,142.011765642339
2020-12-29,0.923483327618666,153.807197051403,142.03838214473
2020-12-30,0.924106070176892,149.117953238861,137.800805760385
2020-12-31,1.08069234104888,152.869348288895,165.204733876942
2021-01-01,1.10144064036861,149.117953238861,164.244573905867
2021-01-02,1.21255175147972,154.745045813912,187.636376334468
2021-01-03,1.21388375281172,152.869348288895,185.565618190805
2021-01-04,1.26135655028452,154.745045813912,195.188677161455
2021-01-05,1.19118111168802,150.993650763878,179.860784774749
2021-01-06,1.15487333344476,156.620743338929,180.877119946426
2021-01-07,0.971390149961579,156.620743338929,152.139847359096
2021-01-08,0.945879945879946,152.869348288895,144.596050886203
2021-01-09,0.87422461708176,150.055802001369,131.182476045543
2021-01-10,0.895328513185656,144.428709426318,129.311141671988
2021-01-11,0.861575866529784,150.055802001369,129.284457637151
2021-01-12,0.835725526393729,150.993650763878,126.189248266753
2021-01-13,0.772954963623166,154.745045813912,119.610951257958
2021-01-14,0.722671913340116,150.055802001369,108.441113540115
2021-01-15,0.651243341911545,146.304406951335,95.2797709193741
2021-01-16,0.594471542282602,129.423129226181,76.9383672381283
2021-01-17,0.595521962450669,130.36097798869,77.6328254388129
2021-01-18,0.645925188257121,118.168944076078,76.3282974484861
2021-01-19,0.711458068075715,111.604002738518,79.4015681778631
2021-01-20,0.803294802769593,105.039061400958,84.3773321111861
2021-01-21,0.999182248657039,102.225515113433,102.141920061164
2021-01-22,1.13727748675228,94.7227250133643,107.726022641526
2021-01-23,1.24422935841003,90.9713299633301,113.189199513981
2021-01-24,1.27784280378818,88.1577836758044,112.651789468042
2021-01-25,1.26891423235961,83.4685398632617,105.914418186768
2021-01-26,1.245794839675,81.5928423382445,101.647941939401
2021-01-27,1.16694511796814,77.8414472882103,90.836696888551
2021-01-28,1.02949923052225,75.0279010006846,77.2411663479043
2021-01-29,1.00042654881799,75.9657497631932,75.9981528639622
2021-01-30,1.06555259923816,78.7792960507189,83.9434836729957
2021-01-31,1.08049190829511,72.214354713159,78.0270259303212
2021-02-01,1.1684039962072,78.7792960507189,92.04604432405
2021-02-02,1.19265717573988,88.1577836758044,105.142013298272
2021-02-03,1.20943206751477,87.2199349132959,105.486586210691
2021-02-04,1.13939496176338,85.3442373882788,97.2407940957429
2021-02-05,1.05634643134643,91.9091787258387,97.087932955021
2021-02-06,0.928795410938268,90.0334812008216,83.6226841701199
2021-02-07,0.854192236335093,86.2820861507873,73.7014881247982
2021-02-08,0.707456619011241,82.5306911007531,58.3868836907999
2021-02-09,0.637336263176599,83.4685398632617,53.1975272892582
2021-02-10,0.59328864412898,82.5306911007531,48.9645218221935
2021-02-11,0.590454177008799,77.8414472882103,45.961807695734
2021-02-12,0.584888314300079,77.8414472882103,45.5285528870798
2021-02-13,0.633867906136814,71.2765059506504,45.1798895836869
2021-02-14,0.819582191851099,71.2765059506504,58.416954974522
2021-02-15,1.06888191173905,65.6494133755991,70.1714704734578
2021-02-16,1.30651927437642,57.208774513022,74.7443665647176
2021-02-17,1.47159863945578,56.2709257505135,82.808217775373
2021-02-18,1.58667800453515,56.2709257505135,89.2838401831702
2021-02-19,1.63769841269841,50.6438331754621,82.9393252044175
2021-02-20,1.60912698412698,53.4573794629878,86.0197117946093
2021-02-21,1.47467320261438,53.4573794629878,78.8321649760563
2021-02-22,1.30460517540349,52.5195307004792,68.5172515616079
2021-02-23,1.14389088968921,50.6438331754621,57.9310193883513
2021-02-24,1.07643057222889,49.7059844129536,53.505041244836
2021-02-25,1.11214485794318,56.2709257505135,62.5814207251359
2021-02-26,1.16770041349873,56.2709257505135,65.7075832668311
2021-02-27,1.20341469921302,58.1466232755306,69.9745011593754
2021-02-28,1.18548752834467,62.8358670880734,74.4911367656344
2021-03-01,1.15409035409035,68.4629596631247,79.0124413596892
2021-03-02,1.11327402755974,73.1522034756675,81.4384481882261
2021-03-03,1.04422640851212,70.3386571881418,73.4494833751388
2021-03-04,0.958512122797837,70.3386571881418,67.4204556161552
2021-03-05,0.953976975405547,71.2765059506504,67.9961455642769
2021-03-06,1.02540554683412,68.4629596631247,70.2022985912486
2021-03-07,1.03492935635793,71.2765059506504,73.7661484269486
2021-03-08,1.01734693877551,74.0900522381761,75.3752878382261
2021-03-09,0.994671201814059,75.0279010006846,74.6280924579372
2021-03-10,0.976626089032104,77.8414472882103,76.0219882296835
2021-03-11,0.902476429168159,71.2765059506504,64.325366573926
2021-03-12,0.794313163862036,71.2765059506504,56.6158669506924
2021-03-13,0.699075068623941,73.1522034756675,51.1388816647448
2021-03-14,0.784789354338226,67.5251109006162,52.9929881853117
2021-03-15,1.01970998925886,59.0844720380392,60.2490263472744
2021-03-16,1.35105919560807,58.1466232755306,78.5595300699637
2021-03-17,1.63259637188209,60.9601695630563,99.5233516579624
2021-03-18,1.86388888888889,60.9601695630563,113.622982713363
2021-03-19,2.07281746031746,67.5251109006162,139.96722888467
2021-03-20,2.1583152958153,68.4629596631247,147.764653037708
2021-03-21,2.20924697283393,67.5251109006162,149.179646847462
2021-03-22,2.11978088336784,75.0279010006846,159.042710260466
2021-03-23,1.91785780644476,81.5928423382445,156.483469628419
2021-03-24,1.68553457412153,82.5306911007531,139.108333276463
2021-03-25,1.51565040423736,103.163363875941,156.359594161056
2021-03-26,1.32259484868181,107.852607688484,142.645303345689
2021-03-27,1.20733510842206,108.790456450993,131.346537534545
2021-03-28,1.07444854418539,120.044641601095,128.981790405553
2021-03-29,1.02634849608534,128.485280463672,131.870674372993
2021-03-30,1.04612871586556,130.36097798869,136.374362502286
2021-03-31,1.13460274183958,140.677314376284,159.612866605961
2021-04-01,1.40652772805028,150.055802001369,211.057646269749
2021-04-02,1.69688181840437,147.242255713844,249.852706621669
2021-04-03,1.94688181840437,164.123533438998,319.529123224667
2021-04-04,2.01455099133671,172.564172301575,347.639324379335
2021-04-05,1.99235177348531,211.953820326934,422.286569825355
2021-04-06,1.87054726220712,233.524341864631,436.818318333604
2021-04-07,1.74796715539804,236.337888152157,413.110866066105
2021-04-08,1.44864742750688,237.275736914665,343.72888589123
2021-04-09,1.20749968635914,253.219165877311,305.762063376976
2021-04-10,1.02453715708514,267.286897314939,273.845357901155
2021-04-11,0.967193092698819,270.100443602465,261.239283387191
2021-04-12,0.950563158817834,286.04387256511,271.902767065977
2021-04-13,1.0481918459202,308.552242865316,323.421945011814
2021-04-14,1.16842232866913,314.179335440367,367.094150734954
2021-04-15,1.2907883482477,322.619974302944,416.434103742211
2021-04-16,1.35977491723427,341.376949553115,464.195813324273
2021-04-17,1.39821363698446,356.382529753252,498.298913084017
2021-04-18,1.41485109614804,380.766597578474,538.728037960466
2021-04-19,1.3835744277746,365.761017378338,506.057590321489
2021-04-20,1.29015875254074,368.574563665863,475.519699277399
2021-04-21,1.20619885279137,395.772177778611,477.379946803304
2021-04-22,1.14415778964166,404.212816641188,462.483242833012
2021-04-23,1.10389716531024,411.715606741257,454.491691195659
2021-04-24,1.03897504693018,417.342699316308,433.608650608128
2021-04-25,1.02800991963012,439.851069616514,452.171262725692
2021-04-26,1.02647552809572,468.924381254279,481.339401884946
2021-04-27,1.03567700482967,479.240717641873,496.338591039756
2021-04-28,1.01622697129513,479.240717641873,487.017343010504
2021-04-29,0.99765097251385,496.121995367027,494.956591163426
2021-04-30,0.998371697492287,500.81123917957,499.995766982923
2021-05-01,1.05293424347196,491.432751554484,517.446372475365
2021-05-02,1.09921514041524,487.68135650445,536.066730767935
2021-05-03,1.18720936840947,493.308449079501,585.66041226273
2021-05-04,1.25286867047838,505.500482992113,633.325718052507
2021-05-05,1.29718642888065,515.816819379707,669.110577887735
2021-05-06,1.32405034684689,532.698097104861,705.319100236371
2021-05-07,1.34104504946113,553.330769880049,742.041489662156
2021-05-08,1.35600980570721,565.52280379266,766.854467293882
2021-05-09,1.39492833807973,566.460652555169,790.17201665634
2021-05-10,1.42533747143004,590.844720380391,842.153119754775
2021-05-11,1.41247438825029,633.047914693277,894.163966039507
2021-05-12,1.40474061976886,694.008084256333,974.901346402838
2021-05-13,1.37791215022516,729.646337231658,1005.38855343878
2021-05-14,1.35154547452262,771.849531544543,1043.18974137143
2021-05-15,1.29009940798239,783.103716694646,1010.28164129657
2021-05-16,1.21854754629955,828.120457295057,1009.10415127735
2021-05-17,1.09249712613148,888.142778095604,970.293432663876
2021-05-18,1.01234650556603,942.538006321101,954.175057062343
2021-05-19,0.941738700623926,966.922074146323,910.58793771115
2021-05-20,0.899908791402712,975.3627130089,877.73748024311
2021-05-21,0.86152892332645,971.611317958866,837.071252652894
2021-05-22,0.868543653337695,973.487015483883,845.515968905181
2021-05-23,0.886159654962226,979.114108058934,867.651420166153
2021-05-24,0.938500591336776,989.430444446529,928.581057199676
2021-05-25,0.98930293074671,988.49259568402,977.918621931624
2021-05-26,1.06037512298783,959.419284046255,1017.34434131744
2021-05-27,1.13157879652004,946.289401371135,1070.80102196322
2021-05-28,1.20961663304684,927.532426120964,1121.95865032621
2021-05-29,1.24285767654834,945.351552608626,1174.93743419653
2021-05-30,1.22332728374606,961.294981571272,1175.9783786843
2021-05-31,1.15876327632491,955.667888996221,1107.39285413177
2021-06-01,1.09860102739862,948.165098896152,1041.65515179082
2021-06-02,1.0454430052965,935.035216221032,977.526026504175
2021-06-03,0.987589049590173,935.973064983541,924.356749689097
2021-06-04,0.923066509760423,944.413703846118,871.756661379149
2021-06-05,0.859754579045177,936.910913746049,805.513448250567
2021-06-06,0.841085076504707,973.487015483883,818.7854008946
2021-06-07,0.840796476216106,951.916493946186,800.368033761944
2021-06-08,0.866877864118534,938.786611271066,813.813332441739
2021-06-09,0.868981056492662,932.221669933507,810.082971624172
2021-06-10,0.869072969499704,915.340392208352,795.497592759537
2021-06-11,0.839875916229057,910.65114839581,764.833967623974
2021-06-12,0.820801022981978,896.583416958181,735.916585827953
2021-06-13,0.779022981203937,839.374642445159,653.892136304616
2021-06-14,0.770178628114979,790.606506794714,608.908234781929
2021-06-15,0.764432817657498,738.086976094235,564.217906812018
2021-06-16,0.799088344467577,715.57860579403,571.810523440368
2021-06-17,0.814420254763516,688.380991681282,560.631422619431
2021-06-18,0.853787866214876,665.872621381076,568.513964579855
2021-06-19,0.886304772903968,663.996923856059,588.503642807178
2021-06-20,0.980325951083562,629.296519643242,616.915709132837
2021-06-21,1.05614222114444,591.7825691429,625.006557009143
2021-06-22,1.14908140363303,567.398501317678,651.987066313396
2021-06-23,1.19273286120452,562.709257505135,671.161822730368
2021-06-24,1.26911783617385,570.212047605203,723.666280016976
2021-06-25,1.28787061573604,569.274198842695,733.151512986181
2021-06-26,1.28538073089321,571.149896367712,734.145071242711
2021-06-27,1.20848814627533,578.65268646778,699.294912406689
2021-06-28,1.14233133011852,596.471812955443,681.368439471594
2021-06-29,1.04763029180846,609.601695630563,638.637202280375
2021-06-30,0.969446460136252,610.539544393071,591.885400085063
2021-07-01,0.861777511520072,620.855880780665,535.039635951764
2021-07-02,0.795977381944432,625.545124593208,497.919770561805
2021-07-03,0.780731817051808,628.358670880734,490.579606876974
2021-07-04,0.79017980006667,612.415241918088,483.918153416617
2021-07-05,0.824285334172205,616.166636968123,507.897122259032
2021-07-06,0.854112649713806,610.539544393071,521.469548016626
2021-07-07,0.902164597765754,616.166636968123,555.883726197024
2021-07-08,0.955794087856588,588.969022855374,562.933109975838
2021-07-09,1.01857993665939,576.776988942763,587.493468863911
2021-07-10,1.05178140186085,558.957862455101,587.90148415417
2021-07-11,1.08987663995609,546.765828542489,595.907304054695
2021-07-12,1.08213276570736,536.449492154895,580.509572607886
2021-07-13,1.08397891955351,523.319609479775,567.267424865054
2021-07-14,1.07596721295026,522.381760717267,562.065647175006
2021-07-15,1.07542815804258,513.94112185469,552.706754018527
2021-07-16,1.06780103939851,505.500482992113,539.773941155428
2021-07-17,1.0864270674585,519.568214429741,564.472971547555
2021-07-18,1.06292279395423,529.884550817335,563.226367227944
2021-07-19,1.0587619062982,542.076584729946,573.930038208294
2021-07-20,1.02095171648801,545.827979779981,557.264012863553
2021-07-21,0.997681661374719,547.703677304998,546.433914714693
2021-07-22,0.948118979158975,550.517223592523,521.955828041977
2021-07-23,0.89744406352343,553.330769880049,496.583414593699
2021-07-24,0.805616570261974,547.703677304998,441.239158030323
2021-07-25,0.790430367575771,546.765828542489,432.180314832711
2021-07-26,0.780329357474761,522.381760717267,407.629823697039
2021-07-27,0.817965634241473,509.251878042147,416.550535411406
2021-07-28,0.822977626123891,496.121995367027,408.297302015004
2021-07-29,0.864138791050691,497.997692892044,430.339124281764
2021-07-30,0.888825864740948,496.121995367027,440.966061549102
2021-07-31,0.906763752939706,467.048683729262,423.502817263895
2021-08-01,0.861567185940813,452.043103529125,389.46550463154
2021-08-02,0.839713308823778,441.726767141531,370.923845232445
2021-08-03,0.818777978169777,422.96979189136,346.318351031699
2021-08-04,0.818031906702348,389.207236441052,318.383937728225
2021-08-05,0.792820693184683,376.077353765932,298.161908303767
2021-08-06,0.789861166708919,361.071773565795,285.196572334337
2021-08-07,0.820601244611856,362.009622328303,297.065546644074
2021-08-08,0.873038394411033,347.004042128166,302.947851793713
2021-08-09,0.913396642973616,330.122764403012,301.533024774881
2021-08-10,0.946070051320005,317.930730490401,300.784742511261
2021-08-11,0.998049817585486,319.806428015418,319.182747143454
2021-08-12,1.04001410329977,306.676545340298,318.947932305162
2021-08-13,1.07030722741441,299.17375524023,320.207832486327
2021-08-14,1.11772449940795,295.422360190196,330.200809657501
2021-08-15,1.19679344041719,291.670965140162,349.069897839896
2021-08-16,1.26934246002503,281.354628752567,357.135376600213
2021-08-17,1.30371768931552,285.106023802602,371.697766561862
2021-08-18,1.34677324487107,312.30363791535,420.602183820296
2021-08-19,1.37732296475903,316.992881727893,436.601575668968
2021-08-20,1.40266893838875,317.930730490401,445.951560218132
2021-08-21,1.38113904983759,327.309218115487,452.059542511107
2021-08-22,1.31845976125468,359.196076040778,473.585572660343
2021-08-23,1.20590181772329,381.704446340983,460.298085675653
2021-08-24,1.10048885797962,395.772177778611,435.542871943692
2021-08-25,0.98081787935195,410.777757978748,402.898169465664
2021-08-26,0.871374101840945,406.088514166206,353.855014299501
2021-08-27,0.74956959056275,410.777757978748,307.906515860415
2021-08-28,0.609302942317378,416.4048505538,253.716700637658
2021-08-29,0.49124630016435,418.280548078817,205.478771674435
2021-08-30,0.407391980160194,402.337119116171,163.908915648685
2021-08-31,0.370745245212589,384.517992628509,142.558217465709
2021-09-01,0.322792000237776,346.066193365658,111.707398771174
2021-09-02,0.328650343575111,332.936310690538,109.419632897075
2021-09-03,0.320701901040202,309.490091627824,99.2540607381495
2021-09-04,0.361750138517011,282.292477515076,102.119342843389
2021-09-05,0.354390831157704,237.275736914665,84.0883456187448
2021-09-06,0.36595460984477,202.575332701849,74.1333768430794
2021-09-07,0.361327657849397,171.626323539066,62.0133375096736
2021-09-08,0.358912198912199,133.174524276215,47.7979613470624
2021-09-09,0.373912198912199,117.23109531357,43.8341366295824
2021-09-10,0.419830566259138,91.9091787258387,38.5862825488811
2021-09-11,0.576293151293151,74.0900522381761,42.6975896838127
2021-09-12,0.823912198912199,50.6438331754621,41.7260719529376
2021-09-13,1.35637973137973,43.1410430753937,58.5156364180439
2021-09-14,1.49484126984127,33.7625554503081,50.4696612624248
2021-09-15,1.60595238095238,31.886857925291,51.2087754062113
2021-09-16,1.5452380952381,29.0733116377653,44.925188697404
2021-09-17,1.55714285714286,28.1354628752567,43.8109350486141
2021-09-18,1.39047619047619,23.4462190627139,32.6014093633927
2021-09-19,1.22380952380952,21.5705215376968,26.3982096913718
2021-09-20,0.7,16.881277725154,11.8168944076078
2021-09-21,0.671428571428571,19.6948240126797,13.2236675513707
2021-09-22,0.557142857142857,17.8191264876626,9.92779904312631
2021-09-23,0.6,17.8191264876626,10.6914758925976
2021-09-24,0.538095238095238,17.8191264876626,9.58838711002797
2021-09-25,0.752380952380952,15.9434289626455,11.9955322671333
2021-09-26,0.776190476190476,16.881277725154,13.103086996191
2021-09-27,1.01428571428571,15.0055802001369,15.2199456315675
2021-09-28,1.01428571428571,15.0055802001369,15.2199456315675
2021-09-29,1.2,14.0677314376284,16.881277725154
2021-09-30,1.27142857142857,10.3163363875941,13.1164848356554
2021-10-01,1.5,9.37848762508558,14.0677314376284
2021-10-02,1.28571428571429,10.3163363875941,13.2638610697639
2021-10-03,1.28571428571429,10.3163363875941,13.2638610697639
2021-10-04,1.04761904761905,10.3163363875941,10.8075905012891
2021-10-05,1.04761904761905,7.50279010006846,7.86006581911934
2021-10-06,0.904761904761905,7.50279010006846,6.78823866196671
2021-10-07,1.19047619047619,7.50279010006846,8.93189297627198
2021-10-08,1.04761904761905,7.50279010006846,7.86006581911934
2021-10-09,1.26190476190476,8.44063886257702,10.6512823742043
2021-10-10,1.11904761904762,7.50279010006846,8.39597939769566
2021-10-11,1.07142857142857,8.44063886257702,9.04354163847538
2021-10-12,0.928571428571429,8.44063886257702,7.83773608667866
2021-10-13,0.857142857142857,7.50279010006846,6.43096294291583
2021-10-14,0.428571428571429,7.50279010006846,3.21548147145791
2021-10-15,0.285714285714286,6.5649413375599,1.87569752501712
2021-10-16,0.142857142857143,5.62709257505135,0.803870367864478
2021-10-17,0.297619047619134,4.68924381254279,1.3956082775429
2021-10-18,0.347222222222323,4.68924381254279,1.62820965713339
2021-10-19,0.416666666666788,3.75139505003423,1.56308127084805
2021-10-20,0.520833333333485,4.68924381254279,2.44231448570008
