"fecha","rho7dpromedio","incidenciaAcum14d","riesgopor10"
2020-01-06,0.5,0.390007995163901,0.19500399758195
2020-01-07,0.4,0.390007995163901,0.15600319806556
2020-01-08,0.333333333333333,0.390007995163901,0.130002665054634
2020-01-09,0.285714285714286,0.390007995163901,0.111430855761115
2020-01-10,0.142857142857143,0.390007995163901,0.0557154278805573
2020-01-11,0,0.390007995163901,0
2020-01-12,0,0.390007995163901,0
2020-01-13,0,0.390007995163901,0
2020-01-14,0,0.390007995163901,0
2020-01-15,0,0.390007995163901,0
2020-01-16,0,0.390007995163901,0
2020-01-17,0,0.390007995163901,0
2020-01-18,0,0.390007995163901,0
2020-01-19,0,0.390007995163901,0
2020-01-20,0,0,0
2020-01-21,0,0,0
2020-01-22,0,0,0
2020-01-23,0,0,0
2020-01-24,0,0,0
2020-01-25,0,0,0
2020-01-26,0,0,0
2020-01-27,0,0,0
2020-01-28,0,0,0
2020-01-29,0,0,0
2020-01-30,0,0,0
2020-01-31,0,0,0
2020-02-01,0,0,0
2020-02-02,0,0,0
2020-02-03,0,0,0
2020-02-04,0,0,0
2020-02-05,0,0,0
2020-02-06,0,0,0
2020-02-07,0,0,0
2020-02-08,0,0,0
2020-02-09,0,0,0
2020-02-10,0,0,0
2020-02-11,0,0,0
2020-02-12,0,0,0
2020-02-13,0,0,0
2020-02-14,0,0,0
2020-02-15,0,0,0
2020-02-16,0,0,0
2020-02-17,0,0,0
2020-02-18,0,0,0
2020-02-19,0,0,0
2020-02-20,0,0,0
2020-02-21,0,0,0
2020-02-22,0,0,0
2020-02-23,0,0,0
2020-02-24,0.142857142857143,0,0
2020-02-25,0.285714285714286,0,0
2020-02-26,0.428571428571429,0,0
2020-02-27,0.428571428571429,0,0
2020-02-28,0.428571428571429,0.390007995163901,0.167146283641672
2020-02-29,0.571428571428571,0.390007995163901,0.222861711522229
2020-03-01,0.714285714285714,0.390007995163901,0.278577139402786
2020-03-02,0.714285714285714,0.390007995163901,0.278577139402786
2020-03-03,0.714285714285714,0.390007995163901,0.278577139402786
2020-03-04,0.714285714285714,0.780015990327802,0.557154278805573
2020-03-05,0.857142857142857,0.780015990327802,0.668585134566687
2020-03-06,0.857142857142857,0.780015990327802,0.668585134566687
2020-03-07,0.714285714285714,1.1700239854917,0.835731418208359
2020-03-08,0.571428571428571,1.1700239854917,0.668585134566687
2020-03-09,0.428571428571429,1.1700239854917,0.501438850925015
2020-03-10,0.428571428571429,1.1700239854917,0.501438850925015
2020-03-11,0.428571428571429,1.1700239854917,0.501438850925015
2020-03-12,0.571428571428571,1.1700239854917,0.668585134566687
2020-03-13,1,0.780015990327802,0.780015990327802
2020-03-14,1.57142857142857,1.1700239854917,1.83860912005839
2020-03-15,2,1.1700239854917,2.34004797098341
2020-03-16,2.42857142857143,1.5600319806556,3.78864909587789
2020-03-17,2.57142857142857,2.34004797098341,6.01726621110018
2020-03-18,2.61904761904762,2.34004797098341,6.1286970668613
2020-03-19,2.44047619047619,2.34004797098341,5.71083135775712
2020-03-20,2.05952380952381,3.12006396131121,6.4258460155576
2020-03-21,1.53571428571429,3.51007195647511,5.39046764744392
2020-03-22,1.10714285714286,3.51007195647511,3.88615109466887
2020-03-23,0.678571428571429,3.90007995163901,2.64648282432647
2020-03-24,0.392857142857143,3.90007995163901,1.53217426671532
2020-03-25,0.202380952380952,3.90007995163901,0.789301894974561
2020-03-26,0.0952380952380952,3.90007995163901,0.371436185870382
2020-03-27,0.0476190476190476,3.90007995163901,0.185718092935191
2020-03-28,0,3.51007195647511,0
2020-03-29,0,3.51007195647511,0
2020-03-30,0.142857142857143,3.12006396131121,0.445723423044458
2020-03-31,0.571428571428571,2.34004797098341,1.33717026913337
2020-04-01,1.14285714285714,1.9500399758195,2.22861711522229
2020-04-02,1.71428571428571,1.9500399758195,3.34292567283344
2020-04-03,2.28571428571429,1.5600319806556,3.56578738435566
2020-04-04,2.85714285714286,1.5600319806556,4.45723423044458
2020-04-05,2.9047619047619,1.9500399758195,5.66440183452332
2020-04-06,2.86904761904762,2.73005596614731,7.83266056954167
2020-04-07,2.51190476190476,2.73005596614731,6.85764058163192
2020-04-08,2.08333333333333,3.12006396131121,6.50013325273168
2020-04-09,1.6547619047619,3.12006396131121,5.16296298359831
2020-04-10,1.6547619047619,3.90007995163901,6.45370372949788
2020-04-11,1.36904761904762,4.29008794680291,5.87333468907541
2020-04-12,1.60714285714286,4.68009594196681,7.52158276387523
2020-04-13,1.75,5.46011193229461,9.55519588151557
2020-04-14,2.03571428571429,6.24012792262241,12.7031175567671
2020-04-15,2.17857142857143,7.02014391295022,15.293884953213
2020-04-16,2.41666666666667,7.80015990327802,18.8503864329219
2020-04-17,2.1547619047619,8.58017589360582,18.4882361516983
2020-04-18,2.19557823129252,9.75019987909752,21.4073266052974
2020-04-19,2.0812925170068,10.1402078742614,21.1047387695938
2020-04-20,2.11700680272109,12.4802558452448,26.4207865240829
2020-04-21,1.96522108843537,13.2602718355726,26.059365849653
2020-04-22,1.94324306645735,14.8203038162282,28.7994526336769
2020-04-23,1.88371925693354,16.7703437920477,31.5906195464762
2020-04-24,2.1456240188383,19.8904077533589,42.6773366200946
2020-04-25,2.23337912087912,22.6204637195063,50.5200713757489
2020-04-26,2.44704371715241,24.5705036953258,60.125096694917
2020-04-27,2.66132943143813,32.3706635986038,86.1489997501471
2020-04-28,2.86073419334289,39.390807511554,112.68662995169
2020-04-29,2.96902173913043,44.8509194438486,133.163354848774
2020-04-30,2.96532715784965,54.2111113277822,160.753680677483
2020-05-01,2.73030411637499,69.4214231391744,189.541597361498
2020-05-02,2.58642656535458,80.7316549989275,208.806497154267
2020-05-03,2.45063311754068,99.0620307716308,242.764693299792
2020-05-04,2.2032045461121,113.492326592695,250.046809897866
2020-05-05,2.05204175541443,132.602718355726,272.10631494741
2020-05-06,1.91191618463817,154.833174080069,296.028051442583
2020-05-07,1.7900492205461,178.233653789903,319.047013041698
2020-05-08,1.62860356218126,210.99432538367,343.626109919878
2020-05-09,1.49070994319521,235.174821083832,350.577444178823
2020-05-10,1.36555245661979,261.305356759814,356.826171851275
2020-05-11,1.24197439754806,281.9757805035,350.206700113979
2020-05-12,1.12992181035146,301.476180261695,340.644511379138
2020-05-13,1.04284663844532,318.636532048907,332.289036333078
2020-05-14,1.00934895036871,335.406875840955,338.542578076516
2020-05-15,1.00308972486721,352.177219633002,353.265350346166
2020-05-16,1.02945368526085,363.097443497592,373.79200131739
2020-05-17,1.03427970591657,372.847643376689,385.628750943327
2020-05-18,1.02810469452935,392.738051130048,403.775834087108
2020-05-19,0.99875927127913,397.808155067179,397.314583063791
2020-05-20,0.954240155805495,403.658274994637,385.18693522306
2020-05-21,0.884307792616317,399.368187047834,353.164399929451
2020-05-22,0.819636450558041,385.717907217098,316.148456388098
2020-05-23,0.769780502276121,385.717907217098,296.918124354472
2020-05-24,0.737611623795767,371.287611396034,273.86605793708
2020-05-25,0.699641750531776,360.757395526608,252.400935723521
2020-05-26,0.668145656190801,356.077299584641,237.911500985629
2020-05-27,0.646312529772718,347.8871316862,224.843812155482
2020-05-28,0.628752402273443,331.506795889316,208.435694285379
2020-05-29,0.605368259534461,310.836372145629,188.170473605806
2020-05-30,0.611506052997711,297.576100310056,181.969586567054
2020-05-31,0.637859386869417,275.735652580878,175.880574293277
2020-06-01,0.683047532057562,249.605116904897,170.492159090829
2020-06-02,0.732041770901425,233.224781108013,170.730281780407
2020-06-03,0.776019925543564,213.724381349818,165.85437850193
2020-06-04,0.809642174093791,202.804157485228,164.1987989816
2020-06-05,0.843282727089183,186.813829683509,157.536875753483
2020-06-06,0.848846723311414,169.263469901133,143.678741801897
2020-06-07,0.837495256187833,161.853317993019,135.551386017414
2020-06-08,0.814601483294061,150.153078138102,122.314920172467
2020-06-09,0.78490223517376,137.282814297693,107.753587793204
2020-06-10,0.783881827010494,128.702638404087,100.887659333267
2020-06-11,0.792049397836293,122.852518476629,97.3052632820859
2020-06-12,0.83913934492624,116.612390554006,97.8540450197718
2020-06-13,0.931113411548194,111.152278621712,103.495377348817
2020-06-14,1.10162509448224,112.322302607203,123.737067222123
2020-06-15,1.24098083677916,106.082174684581,131.645945907424
2020-06-16,1.42669512249344,107.642206665237,153.572611223724
2020-06-17,1.52540706628735,107.642206665237,164.198182677916
2020-06-18,1.59210926955672,109.202238645892,173.86189640447
2020-06-19,1.54433085430843,114.272342583023,176.474304445065
2020-06-20,1.443645428623,118.95243852499,171.72514410016
2020-06-21,1.26628877167451,122.462510481465,155.072901973751
2020-06-22,1.1428904761861,124.412550457284,142.189919035653
2020-06-23,0.971794130671148,121.292486495973,117.871326471296
2020-06-24,0.883688247483297,125.97258243794,111.320490605528
2020-06-25,0.836965340280183,131.432694370235,110.004609767525
2020-06-26,0.880114125898848,135.332774321874,119.108286377762
2020-06-27,0.923303960755349,136.502798307365,126.033574331379
2020-06-28,1.00468309626048,135.332774321874,135.966550731221
2020-06-29,1.06659450191099,141.96291023966,151.416859536904
2020-06-30,1.12513673487183,143.522942220316,161.482934588964
2020-07-01,1.11245110826215,143.522942220316,159.662256134034
2020-07-02,1.10405189877598,144.692966205807,159.748544079051
2020-07-03,1.07270269242678,140.01287026384,150.192182906423
2020-07-04,1.07120692299852,136.502798307365,146.22274255552
2020-07-05,1.0330858049861,133.772742341218,138.198721206775
2020-07-06,1.05370180101193,137.282814297693,144.655148673465
2020-07-07,1.06318177251722,141.572902244496,150.51772914871
2020-07-08,1.1481727309259,140.01287026384,160.758959615607
2020-07-09,1.21824530541023,141.572902244496,172.470523532659
2020-07-10,1.3338123354351,147.033014176791,196.114448025207
2020-07-11,1.39063159878334,152.493126109085,212.061759764547
2020-07-12,1.43336497926425,161.853317993019,231.994877788913
2020-07-13,1.40093575656954,167.313429925313,234.395366536663
2020-07-14,1.3829445223157,176.283613814083,243.790458098202
2020-07-15,1.32350251766574,182.133733741542,241.054455158791
2020-07-16,1.26701992462852,184.863789707689,234.226104901979
2020-07-17,1.18266982582059,198.904077533589,235.237850731656
2020-07-18,1.11917166435854,203.97418147072,228.282124162757
2020-07-19,1.05847609900369,214.504397340145,227.047777715734
2020-07-20,1.01103214323367,222.304557243423,224.75705296043
2020-07-21,0.978962883387308,230.884733137029,226.027584081935
2020-07-22,0.963408553547264,236.344845069324,227.69664532659
2020-07-23,0.963415790484592,238.294885045143,229.577055044202
2020-07-24,0.981917241244107,242.584972991946,238.198367447528
2020-07-25,1.02688908691668,247.265068933913,253.913800863937
2020-07-26,1.0693944611594,246.485052943585,263.589750376452
2020-07-27,1.10995123463608,251.165148885552,278.781067103075
2020-07-28,1.13961648203001,251.94516487588,287.12086246032
2020-07-29,1.16158864216006,257.405276808175,298.999045972442
2020-07-30,1.15409841202545,259.355316783994,299.321559250766
2020-07-31,1.11451434018332,259.355316783994,289.055219758548
2020-08-01,1.06445573212471,266.375460696944,283.544886036223
2020-08-02,1.03096150951245,266.765468692108,275.024930288613
2020-08-03,0.980888008340407,266.765468692108,261.667049279397
2020-08-04,0.922621410562055,266.375460696944,245.763703287332
2020-08-05,0.860108709891459,272.225580624403,234.143592950309
2020-08-06,0.833589069777349,278.855716542189,232.4510773545
2020-08-07,0.808657012587228,268.715508667928,217.298680475264
2020-08-08,0.809572763502979,266.765468692108,215.966057696237
2020-08-09,0.811924417864477,262.475380745305,213.110170715389
2020-08-10,0.877363637030404,259.745324779158,227.891102849886
2020-08-11,0.923568487032723,254.285212846863,234.849809303771
2020-08-12,0.997860636324872,248.045084924241,247.51442627976
2020-08-13,1.04378880320847,243.364988982274,254.02165059265
2020-08-14,1.09985639153412,239.074901035471,262.948057959251
2020-08-15,1.11939241107014,234.004797098341,261.943194025891
2020-08-16,1.11831176672332,234.004797098341,261.690318064778
2020-08-17,1.05342306925767,232.444765117685,244.862677903149
2020-08-18,1.01772826760542,228.154677170882,232.199464343195
2020-08-19,0.969563212109537,225.424621204735,218.563419823838
2020-08-20,0.942546378859563,219.184493282112,206.591550445223
2020-08-21,0.910472392240122,220.744525262768,200.981795989902
2020-08-22,0.892211882908184,224.644605214407,200.430586203512
2020-08-23,0.874307203229276,225.034613209571,196.749383305042
2020-08-24,0.871003528256319,221.134533257932,192.608958686973
2020-08-25,0.860631402485708,222.304557243423,191.322282879372
2020-08-26,0.863495706101892,218.014469296621,188.254558105715
2020-08-27,0.860644076395514,214.504397340145,184.611938931586
2020-08-28,0.889527095906463,209.824301398179,186.644401473324
2020-08-29,0.9369910815007,203.584173475556,190.756554881288
2020-08-30,0.98379671464097,197.734053548098,194.53011225326
2020-08-31,1.01164945446428,193.053957606131,195.302930894413
2020-09-01,1.03727084103344,195.00399758195,202.271960576712
2020-09-02,1.03144546678701,190.323901639984,196.308725567778
2020-09-03,1.01908048353241,185.643805698017,189.185979275532
2020-09-04,0.981655204142306,187.593845673836,184.15247487079
2020-09-05,0.942132298205738,180.96370975605,170.491755764304
2020-09-06,0.912343952242843,177.843645794739,162.254574685648
2020-09-07,0.887591131085033,176.283613814083,156.467772176999
2020-09-08,0.844530889331831,171.603517872116,144.924471561009
2020-09-09,0.802403047203988,172.383533862444,138.321072859017
2020-09-10,0.754366288640914,172.383533862444,130.040326662617
2020-09-11,0.685787132840663,166.143405939822,113.939009999853
2020-09-12,0.588039355856175,159.903278017199,94.0294206045248
2020-09-13,0.477493014972756,152.883134104249,73.0006286419221
2020-09-14,0.414905048751767,145.082974200971,60.1956584839052
2020-09-15,0.382932294704777,130.262670384743,49.8817832848015
2020-09-16,0.361740975867954,118.95243852499,43.0299711939026
2020-09-17,0.341065108723832,109.592246641056,37.3780915159208
