"fecha","rho7dpromedio","incidenciaAcum14d","riesgopor10"
2020-01-09,0.5,0.129721708019785,0.0648608540098926
2020-01-10,0.4,0.129721708019785,0.0518886832079141
2020-01-11,0.333333333333333,0.129721708019785,0.0432405693399284
2020-01-12,0.285714285714286,0.129721708019785,0.03706334514851
2020-01-13,0.142857142857143,0.129721708019785,0.018531672574255
2020-01-14,0,0.129721708019785,0
2020-01-15,0,0.129721708019785,0
2020-01-16,0,0.129721708019785,0
2020-01-17,0,0.129721708019785,0
2020-01-18,0,0.129721708019785,0
2020-01-19,0,0.129721708019785,0
2020-01-20,0,0.129721708019785,0
2020-01-21,0,0.129721708019785,0
2020-01-22,0,0.129721708019785,0
2020-01-23,0,0,0
2020-01-24,0.142857142857143,0,0
2020-01-25,0.285714285714286,0,0
2020-01-26,0.428571428571429,0,0
2020-01-27,0.428571428571429,0,0
2020-01-28,0.428571428571429,0.129721708019785,0.0555950177227651
2020-01-29,0.428571428571429,0.129721708019785,0.0555950177227651
2020-01-30,0.428571428571429,0.129721708019785,0.0555950177227651
2020-01-31,0.285714285714286,0.129721708019785,0.03706334514851
2020-02-01,0.142857142857143,0.129721708019785,0.018531672574255
2020-02-02,0,0.129721708019785,0
2020-02-03,0,0.129721708019785,0
2020-02-04,0,0.129721708019785,0
2020-02-05,0,0.129721708019785,0
2020-02-06,0,0.129721708019785,0
2020-02-07,0,0.129721708019785,0
2020-02-08,0,0.129721708019785,0
2020-02-09,0,0.129721708019785,0
2020-02-10,0,0.129721708019785,0
2020-02-11,0,0,0
2020-02-12,0,0,0
2020-02-13,0,0,0
2020-02-14,0.142857142857143,0,0
2020-02-15,0.285714285714286,0,0
2020-02-16,0.428571428571429,0,0
2020-02-17,0.428571428571429,0,0
2020-02-18,0.428571428571429,0.129721708019785,0.0555950177227651
2020-02-19,0.428571428571429,0.129721708019785,0.0555950177227651
2020-02-20,0.571428571428571,0.129721708019785,0.0741266902970201
2020-02-21,0.571428571428571,0.129721708019785,0.0741266902970201
2020-02-22,0.571428571428571,0.129721708019785,0.0741266902970201
2020-02-23,0.428571428571429,0.129721708019785,0.0555950177227651
2020-02-24,0.428571428571429,0.25944341603957,0.11119003544553
2020-02-25,0.428571428571429,0.25944341603957,0.11119003544553
2020-02-26,0.428571428571429,0.25944341603957,0.11119003544553
2020-02-27,0.285714285714286,0.25944341603957,0.0741266902970201
2020-02-28,0.142857142857143,0.25944341603957,0.03706334514851
2020-02-29,0,0.25944341603957,0
2020-03-01,0,0.25944341603957,0
2020-03-02,0,0.25944341603957,0
2020-03-03,0,0.129721708019785,0
2020-03-04,0,0.129721708019785,0
2020-03-05,0,0.129721708019785,0
2020-03-06,0,0.129721708019785,0
2020-03-07,0.142857142857143,0.129721708019785,0.018531672574255
2020-03-08,0.285714285714286,0.129721708019785,0.03706334514851
2020-03-09,0.428571428571429,0,0
2020-03-10,0.571428571428571,0,0
2020-03-11,0.714285714285714,0.129721708019785,0.0926583628712751
2020-03-12,0.857142857142857,0.129721708019785,0.11119003544553
2020-03-13,0.857142857142857,0.129721708019785,0.11119003544553
2020-03-14,0.714285714285714,0.25944341603957,0.18531672574255
2020-03-15,0.714285714285714,0.25944341603957,0.18531672574255
2020-03-16,0.714285714285714,0.25944341603957,0.18531672574255
2020-03-17,0.714285714285714,0.25944341603957,0.18531672574255
2020-03-18,0.714285714285714,0.25944341603957,0.18531672574255
2020-03-19,0.857142857142857,0.389165124059355,0.33357010633659
2020-03-20,1.28571428571429,0.389165124059355,0.500355159504886
2020-03-21,1.71428571428571,0.389165124059355,0.667140212673181
2020-03-22,2.14285714285714,0.518886832079141,1.1119003544553
2020-03-23,2.57142857142857,0.648608540098926,1.66785053168295
2020-03-24,2.64285714285714,0.778330248118711,2.05701565574231
2020-03-25,2.64285714285714,0.778330248118711,2.05701565574231
2020-03-26,2.54761904761905,1.16749537217807,2.97433344816793
2020-03-27,2.23333333333333,1.16749537217807,2.60740633119768
2020-03-28,1.84047619047619,1.03777366415828,1.90999771998655
2020-03-29,1.26904761904762,1.42693878821764,1.81085327171429
2020-03-30,0.745238095238095,1.55666049623742,1.16008270314836
2020-03-31,0.638095238095238,1.55666049623742,0.993297649980069
2020-04-01,0.638095238095238,1.55666049623742,0.993297649980069
2020-04-02,1.01904761904762,1.42693878821764,1.45411857465988
2020-04-03,1.33333333333333,1.55666049623742,2.07554732831656
2020-04-04,1.72619047619048,1.81610391227699,3.13494127714481
2020-04-05,1.96428571428571,1.81610391227699,3.56734697054409
2020-04-06,2.16666666666667,1.81610391227699,3.93489180993348
2020-04-07,2.3452380952381,1.81610391227699,4.25919607998295
2020-04-08,2.58333333333333,1.81610391227699,4.69160177338223
2020-04-09,2.29761904761905,1.81610391227699,4.17271494130309
2020-04-10,2.01190476190476,2.20526903633635,4.43679127548622
2020-04-11,1.70578231292517,2.46471245237592,4.20426290770926
2020-04-12,1.55697278911565,2.46471245237592,3.8374902213438
2020-04-13,1.4141156462585,2.46471245237592,3.48538844243295
2020-04-14,1.17602040816327,2.5944341603957,3.05110752026127
2020-04-15,0.909353741496599,3.11332099247484,2.8311100929869
2020-04-16,0.671258503401361,3.11332099247484,2.0898431900167
2020-04-17,0.585544217687075,3.24304270049463,1.89894490098691
2020-04-18,0.486904761904762,2.98359928445506,1.45272869921681
2020-04-19,0.469047619047619,3.11332099247484,1.4602957988513
2020-04-20,0.397619047619048,2.98359928445506,1.18633590596189
2020-04-21,0.35,2.85387757643527,0.998857151752346
2020-04-22,0.235714285714286,2.85387757643527,0.672699714445457
2020-04-23,0.473809523809524,2.46471245237592,1.16780423338764
2020-04-24,0.988095238095238,2.07554732831656,2.05083843155089
2020-04-25,1.53571428571429,1.81610391227699,2.78901672242538
2020-04-26,1.89285714285714,1.42693878821764,2.70099127769767
2020-04-27,2.28571428571429,1.55666049623742,3.55808113425696
2020-04-28,2.57142857142857,1.68638220425721,4.33641138237568
2020-04-29,2.71428571428571,1.29721708019785,3.52101778910845
2020-04-30,2.51428571428571,1.29721708019785,3.26157437306888
2020-05-01,2.03809523809524,1.29721708019785,2.64385195392705
2020-05-02,1.60952380952381,1.55666049623742,2.50548213203928
2020-05-03,1.25238095238095,1.29721708019785,1.62460996234302
2020-05-04,0.930952380952381,1.42693878821764,1.32841206236451
2020-05-05,0.740476190476191,1.55666049623742,1.15267003411866
2020-05-06,0.740476190476191,1.55666049623742,1.15267003411866
2020-05-07,0.75,1.55666049623742,1.16749537217807
2020-05-08,0.869047619047619,1.81610391227699,1.57828078090739
2020-05-09,0.869047619047619,1.81610391227699,1.57828078090739
2020-05-10,1.01190476190476,1.81610391227699,1.83772419694696
2020-05-11,1.11904761904762,1.81610391227699,2.03230675897663
2020-05-12,1.38095238095238,1.68638220425721,2.32881352016471
2020-05-13,1.42857142857143,1.55666049623742,2.2238007089106
2020-05-14,1.47619047619048,1.81610391227699,2.68091529907556
2020-05-15,1.30952380952381,1.68638220425721,2.20835764843206
2020-05-16,1.16666666666667,1.68638220425721,1.96744590496674
2020-05-17,0.980952380952381,1.81610391227699,1.78151145680505
2020-05-18,0.873809523809524,1.68638220425721,1.47357683086284
2020-05-19,0.754761904761905,1.55666049623742,1.17490804120777
2020-05-20,1.13571428571429,1.42693878821764,1.6205947666186
2020-05-21,1.42142857142857,1.55666049623742,2.21268170536605
2020-05-22,1.65952380952381,1.55666049623742,2.58331515685115
2020-05-23,1.7547619047619,1.81610391227699,3.18682996035272
2020-05-24,1.89761904761905,1.81610391227699,3.44627337639229
2020-05-25,1.96904761904762,1.68638220425721,3.32056686409693
2020-05-26,2.06428571428571,1.68638220425721,3.48117469307381
2020-05-27,1.85,1.68638220425721,3.11980707787583
2020-05-28,1.92142857142857,2.07554732831656,3.98801593797968
2020-05-29,1.80238095238095,1.94582562029678,3.50711903467776
2020-05-30,1.90714285714286,1.94582562029678,3.71096743299457
2020-05-31,1.85816326530612,2.20526903633635,4.09774991343723
2020-06-01,1.82244897959184,2.46471245237592,4.49181269381979
2020-06-02,1.57074829931973,2.72415586841549,4.27896319739548
2020-06-03,1.33605442176871,3.11332099247484,4.15956627838136
2020-06-04,0.938095238095238,3.11332099247484,2.92059159770259
2020-06-05,0.842857142857143,2.98359928445506,2.51474796832641
2020-06-06,0.7,2.98359928445506,2.08851949911854
2020-06-07,0.720408163265306,3.37276440851441,2.42976701266447
2020-06-08,1.07755102040816,3.24304270049463,3.49454397114523
2020-06-09,1.56734693877551,3.11332099247484,4.87965412698098
2020-06-10,2.01632653061225,3.37276440851441,6.80059435839233
2020-06-11,2.2,2.98359928445506,6.56391842580113
2020-06-12,2.23571428571429,5.18886832079141,11.6008270314836
2020-06-13,2.23299319727891,5.18886832079141,11.5867076619033
2020-06-14,2.22619047619048,5.05914661277162,11.2626240070035
2020-06-15,1.93027210884354,4.79970319673205,9.26473321137905
2020-06-16,1.93027210884354,4.66998148871227,9.01433501647691
2020-06-17,1.93027210884354,5.18886832079141,10.0159277960855
2020-06-18,2.21598639455782,6.61580710900904,14.660538542583
2020-06-19,2.43027210884354,7.91302418920689,19.2308019836338
2020-06-20,2.56632653061224,8.30218931326625,21.3061286968006
2020-06-21,2.7108843537415,10.6371800576224,28.8361649861396
2020-06-22,2.75776797205369,12.06411884584,33.2700405641069
2020-06-23,2.4759146902004,13.7505010500972,34.0450675475518
2020-06-24,2.16162897591469,15.5666049623742,33.6492243432855
2020-06-25,1.8759146902004,18.6799259548491,35.0419475105572
2020-06-26,1.81162897591469,19.4582562029678,35.2511407580682
2020-06-27,1.88269124697696,22.5715771954426,42.4953108163246
2020-06-28,1.91255519255519,26.4632284360362,50.6123849571152
2020-06-29,1.97199558532892,29.3171060124714,57.8132036312136
2020-06-30,2.01992029575363,35.024861165342,70.7474279238274
2020-07-01,2.04704872288206,40.8623380262323,83.6471968705738
2020-07-02,2.03264296057713,47.8673102593007,97.2971512403293
2020-07-03,1.99460615076118,53.9642305362306,107.63738614866
2020-07-04,1.9359897671448,61.7475330174177,119.542592068156
2020-07-05,1.79709331967692,68.6227835424664,123.321545881802
2020-07-06,1.67523009798291,78.48163335197,131.474794330079
2020-07-07,1.49891846713588,88.3404831614737,132.415181606439
2020-07-08,1.36664718286459,95.8643422266212,131.012733241179
2020-07-09,1.23133865945523,100.793767131373,124.111262100988
2020-07-10,1.17900416656508,113.636216225332,133.977572402356
2020-07-11,1.13762055018146,119.214249670183,135.620580299263
2020-07-12,1.14419206767735,124.792283115033,142.786340447567
2020-07-13,1.15060131050886,134.132246092458,154.332738135479
2020-07-14,1.2223060986188,140.748053201467,172.037203796876
2020-07-15,1.30265111209589,147.493582018496,192.132678643399
2020-07-16,1.38822545611921,154.239110835525,214.118659991068
2020-07-17,1.44876746861867,165.006012601167,239.055343183052
2020-07-18,1.50328567768233,173.308201914433,260.531737762844
2020-07-19,1.52506077947562,184.593990512154,281.517055056982
2020-07-20,1.50644322132769,194.842005445717,293.518418333593
2020-07-21,1.4207931718342,206.516959167498,293.417885453144
2020-07-22,1.31549502453442,223.38078121007,293.856306258458
2020-07-23,1.20893499224672,235.834065179969,285.108053759858
2020-07-24,1.09738043609714,241.80126374888,265.347976261586
2020-07-25,0.998133647342493,251.270948434324,250.801988231959
2020-07-26,0.923435248570833,259.70285945561,239.818774575947
2020-07-27,0.886466221207374,268.264492184916,237.807410671277
2020-07-28,0.887574761789599,273.972247337786,243.170852167797
2020-07-29,0.922540882625285,277.9936202864,256.460479823213
2020-07-30,0.974685848393767,280.458332738776,273.358767984595
2020-07-31,1.05344833552669,283.83109714729,299.001396860526
2020-08-01,1.11529123597664,287.203861555804,320.315949731837
2020-08-02,1.15346196526126,289.279408884121,333.672795481094
2020-08-03,1.15666774189389,290.706347672339,336.250654716385
2020-08-04,1.15369919766798,294.338555496893,339.578155319518
2020-08-05,1.12995970186966,289.279408884121,326.874074619733
2020-08-06,1.12153058309572,288.371356927982,323.417296083543
2020-08-07,1.09653289469997,289.92801742422,317.915608200803
2020-08-08,1.11208550540311,295.506050869071,328.627995930409
2020-08-09,1.13098135203005,300.435475773822,339.78692058847
2020-08-10,1.17625579989975,311.721264371544,366.66394516911
2020-08-11,1.19691485034075,319.245123436691,382.109229140243
2020-08-12,1.22144805483808,331.82812911461,405.3108228476
2020-08-13,1.20578605394713,344.02196966847,414.816893277663
2020-08-14,1.19273512101722,354.918593142132,423.323871142644
2020-08-15,1.14858975202625,364.258556119557,418.383644646803
2020-08-16,1.12486865607062,371.393250060645,417.768626069418
2020-08-17,1.09295896588531,376.841561797476,411.872363684775
2020-08-18,1.08726236546943,385.403194526782,419.034388940664
2020-08-19,1.08546593021521,397.467313372622,431.437227040154
2020-08-20,1.1088739628522,410.82864929866,455.55719240102
2020-08-21,1.12775051446668,421.336107648262,475.162012163715
2020-08-22,1.15133104345246,428.989688421429,493.909145600592
2020-08-23,1.16658902478767,446.242675588061,520.581807732916
2020-08-24,1.16646573603555,455.582638565486,531.421537819307
2020-08-25,1.14521792624559,473.484234272216,542.242632883207
2020-08-26,1.10843126827228,480.618928213304,532.733048155139
2020-08-27,1.06782708264899,489.958891190729,523.19137339813
2020-08-28,1.02900958902869,496.315254883698,510.713156456546
2020-08-29,0.996942069741168,499.039410752113,497.513383037625
2020-08-30,0.964792699649731,506.822713233301,488.978853744158
2020-08-31,0.936531395127922,516.032954502705,483.281062812402
2020-09-01,0.917915578477864,519.924605743299,477.246895245735
2020-09-02,0.905072121271842,523.945978691912,474.20889836654
2020-09-03,0.898409705016289,523.427091859833,470.251979195327
2020-09-04,0.889839855736256,516.681563042804,459.763847519592
2020-09-05,0.89131444107601,516.032954502705,459.947624419381
2020-09-06,0.89453034553415,507.08215664934,453.600376801736
2020-09-07,0.89927746177195,498.779967336074,448.54158300868
2020-09-08,0.896031558905827,488.79139581855,437.972516375051
2020-09-09,0.89084944839684,482.305310417561,429.661419744351
2020-09-10,0.879496051543837,470.7600784038,414.031630180609
2020-09-11,0.858576219756907,456.231247105584,391.709299474892
2020-09-12,0.829769602274233,450.264048536674,373.615420472662
2020-09-13,0.798400498341269,434.6974435743,347.062655577397
2020-09-14,0.784302666728351,422.114437896381,331.065479306671
2020-09-15,0.780193374057982,404.47228560569,315.566597219647
2020-09-16,0.795638733488304,386.57068989896,307.570614114908
2020-09-17,0.812188468498227,374.895736177179,304.485993812258
2020-09-18,0.8426462149771,367.501598820051,309.673831243749
2020-09-19,0.863889084379896,354.010541185994,305.825842286
2020-09-20,0.890035698426037,344.15169137649,306.307290998776
2020-09-21,0.905231798312575,329.752581786294,298.502522608621
2020-09-22,0.911848244308369,315.872359028177,288.027656005386
2020-09-23,0.888535091295968,303.937961890357,270.059544716558
2020-09-24,0.855156051486959,294.597998912932,251.927261526342
2020-09-25,0.806819735183672,287.852470095903,232.245053694742
2020-09-26,0.763534445776214,273.972247337786,209.18724802912
2020-09-27,0.72726763216684,262.945902156105,191.232043649044
2020-09-28,0.712469609996582,250.752061602245,178.65322353559
2020-09-29,0.710164154246366,240.504046668682,170.797352895293
2020-09-30,0.719758834852517,232.072135647396,167.035969955305
2020-10-01,0.730772764233794,223.51050291809,163.335388052738
2020-10-02,0.753249292177292,214.429983356705,161.519233185026
2020-10-03,0.773063697629995,203.792803299082,157.544818068771
2020-10-04,0.797669884243076,191.598962745223,152.832722434075
2020-10-05,0.812956939727014,181.999556351759,147.9578023634
2020-10-06,0.822991744779613,171.232654586116,140.923061161073
2020-10-07,0.81933222582968,161.244083068593,132.112473482456
2020-10-08,0.835993962988311,151.904120091168,126.990927349268
2020-10-09,0.860309582956105,141.526383449586,121.756503922799
2020-10-10,0.895572000950482,135.429463172656,121.286835321185
2020-10-11,0.914519391819055,130.629759975924,119.463448646651
2020-10-12,0.923491096442933,127.386717275429,117.640499208952
2020-10-13,0.926417240066751,125.440891655132,116.21060463866
2020-10-14,0.931651474641569,121.160075290479,112.878962812059
2020-10-15,0.921520349727835,115.582041845629,106.511203623841
2020-10-16,0.898094446292216,111.171503772956,99.8425101244458
2020-10-17,0.866774514383182,111.560668897015,96.6979446074734
2020-10-18,0.82081319113216,108.317626196521,88.9085364142265
2020-10-19,0.768779132475585,105.593470328105,81.178056513927
2020-10-20,0.726726326040893,102.48014933563,74.4750224188047
2020-10-21,0.708412098956821,97.6804461388982,69.1980098762956
2020-10-22,0.702697813242535,93.1401863582057,65.4494052789134
2020-10-23,0.698275993178257,89.7674219496913,62.6824357169724
2020-10-24,0.686487186746593,87.3027094973154,59.9321914381671
2020-10-25,0.687309985035173,84.8379970449395,58.3100024793714
2020-10-26,0.70124880559651,79.1302418920689,55.4899876133763
2020-10-27,0.719252147284062,72.6441564910797,52.2494655438485
2020-10-28,0.735209594092573,67.9741750023674,49.9752656122681
2020-10-29,0.746638165521144,64.601410593853,48.2338786958726
2020-10-30,0.753668650163569,61.2286461853386,46.1461111218469
2020-10-31,0.764220598215517,56.2992212805868,43.0250245661178
2020-11-01,0.790328659731645,53.1859002881119,42.0343412913244
2020-11-02,0.846564487396044,48.7753622154392,41.2914895114697
2020-11-03,0.908582627985613,45.0134326828654,40.8984229616514
2020-11-04,1.01043447983746,43.8459373106874,44.3034468595105
2020-11-05,1.1144776065221,42.1595551064302,46.9858800670509
2020-11-06,1.20648187091443,41.7703899823708,50.3952182547559
2020-11-07,1.2205358920107,40.2137294861334,49.0823001894348
2020-11-08,1.18784221752598,40.7326163182125,48.3839212930605
2020-11-09,1.10098553392427,40.6028946101928,44.7031996012739
2020-11-10,1.00492859262923,40.6028946101928,40.8030097372941
2020-11-11,0.868183473125493,39.9542860700938,34.6876508465836
2020-11-12,0.739140346440857,37.6192953257377,27.8059389799267
2020-11-13,0.658620865921376,37.3598519096981,24.6059780154598
2020-11-14,0.662252411291156,36.5815216615794,24.2262009290806
2020-11-15,0.671543932777799,35.1545828733618,23.6078468379404
2020-11-16,0.688311974862297,35.2843045813816,24.2866093680535
2020-11-17,0.705287283504273,34.6356960412826,24.4281159732359
2020-11-18,0.724612785588395,33.208757253065,24.0634900990723
2020-11-19,0.733071432204937,31.392653340788,23.0130573452446
2020-11-20,0.725495674629179,29.0576625964319,21.0812085285454
2020-11-21,0.705336391403694,27.8901672242538,19.6719499056008
2020-11-22,0.692235346107527,24.3876811077196,16.8820148723623
2020-11-23,0.687040540912721,21.9229686553437,15.06196824338
2020-11-24,0.674677903550084,19.8474213270271,13.3906166117939
2020-11-25,0.645959954832135,18.9393693708886,12.2340741833683
2020-11-26,0.600163645877932,18.2907608307897,10.977449706088
2020-11-27,0.552544598258884,16.4746569185127,9.10298268849255
2020-11-28,0.564109224109224,15.4368832543544,8.70808823527855
2020-11-29,0.605333713905142,14.0099444661368,8.48069171529139
2020-11-30,0.662476571048,12.3235622618796,8.16407127034652
2020-12-01,0.746267779839208,11.4155103057411,8.51902753159701
2020-12-02,0.826267779839208,10.7669017656422,8.89634401764401
2020-12-03,0.939154892726321,10.1182932255432,9.50264458880853
2020-12-04,1.04355049712193,9.21024126940475,9.6113518553002
2020-12-05,1.16649422006565,8.69135443732561,10.1384147156822
2020-12-06,1.2719363969364,7.91302418920689,10.0648634760904
2020-12-07,1.3969363969364,7.78330248118711,10.8727785243356
2020-12-08,1.35050782550783,7.52385906514754,10.1610305454997
2020-12-09,1.32372211122211,7.52385906514754,9.95949860625472
2020-12-10,1.23407491631176,7.65358077316732,9.44509205213175
2020-12-11,1.18206026429711,7.52385906514754,8.89365483508248
2020-12-12,1.03054511278195,7.26441564910797,7.48630804440497
2020-12-13,0.947211779448622,7.91302418920689,7.49530972307865
2020-12-14,0.833200790437633,7.78330248118711,6.48505377954029
2020-12-15,0.99034364758049,7.91302418920689,7.8366132389318
2020-12-16,1.1160304607673,7.52385906514754,8.39685589922486
2020-12-17,1.36941391941392,7.78330248118711,10.6585627567465
2020-12-18,1.53131868131868,8.30218931326625,12.7132975912489
2020-12-19,1.68097854526426,8.82107614534539,14.828039746468
2020-12-20,1.72170536230687,9.5994063934641,16.52734946259
2020-12-21,1.73019687079837,9.33996297742453,16.1599747169126
2020-12-22,1.62025898259962,10.1182932255432,16.3942554872633
2020-12-23,1.52135788369852,10.248014933563,15.5908983114363
2020-12-24,1.34754835988899,10.7669017656422,14.508920815377
2020-12-25,1.21018572252636,11.4155103057411,13.8148875873604
2020-12-26,1.13100204905697,12.06411884584,13.6445431347119
2020-12-27,1.10034849208762,12.4532839698994,13.7029522378177
2020-12-28,1.12482401656315,13.4910576340577,15.1750656356256
2020-12-29,1.16663003663004,13.880222758117,16.1930847847351
2020-12-30,1.26715913715914,14.9179964222753,18.9034754745935
2020-12-31,1.3734809762396,15.696326670394,21.5586060786284
2021-01-01,1.46322456598319,16.4746569185127,24.1061227193127
2021-01-02,1.53280439791596,17.2529871666314,26.4454546062003
2021-01-03,1.59190745701902,18.8096476628688,29.9432183784213
2021-01-04,1.63490793480211,20.3663081591063,33.2970388119477
2021-01-05,1.61489964120891,20.3663081591063,32.8895437388907
2021-01-06,1.59437054067981,22.960742319502,36.6079311463541
2021-01-07,1.53991944989867,24.5174028157394,37.7548254569574
2021-01-08,1.51118381771476,26.7226718520757,40.3828692689585
2021-01-09,1.45349587767388,28.4090540563329,41.2924429594943
2021-01-10,1.42703664533229,31.2629316327682,44.6133490804783
2021-01-11,1.3822046657177,33.8573657931639,46.7978089682221
2021-01-12,1.36646475689603,35.9329131214805,49.1010593931101
2021-01-13,1.29991013504729,39.4353992380147,51.2624751491316
2021-01-14,1.22837064968793,42.1595551064302,51.7875600966398
2021-01-15,1.1497101319225,44.6242675588061,51.3049725419798
2021-01-16,1.09091583550444,46.9592583031622,51.228598506463
2021-01-17,1.03479022736645,48.2564753833601,49.9353291338506
2021-01-18,0.992665685241906,49.0348056314788,48.6751689328756
2021-01-19,0.979468580090778,51.6292397918745,50.5692181901136
2021-01-20,0.96934546107573,51.8886832079141,50.2980595487879
2021-01-21,0.989014198135771,53.7047871201911,53.1147969697281
2021-01-22,0.993573468652489,54.0939522442504,53.7463157644419
2021-01-23,1.01147433708035,55.2614476164285,55.8955360939272
2021-01-24,0.985622473378537,55.0020042003889,54.211211420764
2021-01-25,0.969388707144771,55.3911693244483,53.695574018664
2021-01-26,0.939056149718618,55.7803344485076,52.3808660972323
2021-01-27,0.934128754145808,54.6128390763295,51.0154233267372
2021-01-28,0.928644537987435,53.0561785800921,49.2703304448885
2021-01-29,0.956920013911287,52.7967351640526,50.5222525476557
2021-01-30,0.963064407152454,52.537291748013,50.5967957306957
2021-01-31,0.984995075460715,52.4075700399932,51.6211984062558
2021-02-01,0.986618452084091,53.5750654121713,52.8581481072604
2021-02-02,1.00084846170581,52.6670134560328,52.7116994001094
2021-02-03,1.01558988714076,51.6292397918745,52.4341338133931
2021-02-04,1.05861989084492,51.2400746678151,54.2437622517281
2021-02-05,1.09057477806297,50.8509095437558,55.4567193899815
2021-02-06,1.13397441639931,51.1103529597954,57.9578326695469
2021-02-07,1.16479619658818,52.1481266239536,60.7419395507802
2021-02-08,1.21098553356699,52.6670134560328,63.7789913914339
2021-02-09,1.23872308019855,53.0561785800921,65.721912954296
2021-02-10,1.23382854944195,53.9642305362306,66.5826082842684
2021-02-11,1.22737383910374,56.5586646966263,69.4186254232797
2021-02-12,1.2367368693208,57.985603484844,71.712933719523
2021-02-13,1.29801703394011,59.5422639810814,77.2868728868026
2021-02-14,1.39440006802807,59.4125422730616,82.8448529872775
2021-02-15,1.55373021156874,63.3041935136552,98.3576379811596
2021-02-16,1.66066492575292,67.9741750023674,112.882328283422
2021-02-17,1.75110737803748,75.3683123594952,131.978007842945
2021-02-18,1.74151594546387,82.7624497166229,144.13212586715
2021-02-19,1.69595622884053,91.0646390298892,154.441641789855
2021-02-20,1.58015913850299,96.9021158907795,153.120763965091
2021-02-21,1.44052213616107,103.777366415828,149.493593554499
2021-02-22,1.21792877621362,109.614843276718,133.503071926862
2021-02-23,1.04581411908452,116.100928677708,121.419990449972
2021-02-24,0.90234532805934,121.160075290479,109.328227885682
2021-02-25,0.841213374805717,124.922004823053,105.086061264696
2021-02-26,0.803732563897282,126.99755215137,102.072068199299
2021-02-27,0.814135565564876,128.035325815528,104.238112395108
2021-02-28,0.841788626789365,133.0944724283,112.037413178673
2021-03-01,0.904026157594854,134.391689508497,121.493602679048
2021-03-02,0.939345360432213,133.0944724283,125.021675174696
2021-03-03,0.973658736742598,132.83502901226,129.335986543243
2021-03-04,0.969799779509173,129.332542895726,125.426671583636
2021-03-05,0.973275033247032,126.99755215137,123.603546792416
2021-03-06,0.944737618281046,123.235622618796,116.425328600263
2021-03-07,0.928662265062835,118.954806254143,110.468839816083
2021-03-08,0.890037978275523,114.93343330553,102.295120615518
2021-03-09,0.878336286958902,111.820112313055,98.2156622563759
2021-03-10,0.853964285572471,109.874286692758,93.8287167383659
2021-03-11,0.847056349828739,108.44734790454,91.8610146646273
2021-03-12,0.825218147463153,107.539295948402,88.743378582032
2021-03-13,0.814264544465068,104.685418371967,85.2416245027845
2021-03-14,0.797263556035508,102.090984211571,81.3934211116819
2021-03-15,0.799574212392091,98.5884980950367,78.8288207152582
2021-03-16,0.807468750429411,96.2535073506806,77.7216993049022
2021-03-17,0.828706513827453,91.8429692780079,76.1108668899398
2021-03-18,0.855296191614735,88.9890917015726,76.1120312276095
2021-03-19,0.898497726119291,84.4488319208801,75.877083454341
2021-03-20,0.936302069413495,82.8921714246427,77.6121116430711
2021-03-21,0.976017385235005,80.8166240963262,78.8784301340166
2021-03-22,0.998068480715642,78.6113550599898,78.459515711722
2021-03-23,1.02808764188234,76.665529439693,78.8188833753155
2021-03-24,1.0466191924336,74.3305386953369,77.7957683824679
2021-03-25,1.05486095067536,72.3847130750401,76.3558072486998
2021-03-26,1.01138574348334,71.4766611189016,72.2904760474468
2021-03-27,0.946295140312934,73.033321615139,69.1110773253177
2021-03-28,0.833860247771847,71.865826242961,59.926055677284
2021-03-29,0.709236187621471,70.4388874547433,49.9578079987
2021-03-30,0.566948650597092,68.4930618344466,38.8320489823027
2021-03-31,0.454636730755216,64.9905757179124,29.547102874291
2021-04-01,0.368016356821256,61.0989244773188,22.4854035918399
2021-04-02,0.297175183741063,56.8181081126659,16.8849317182011
2021-04-03,0.239579215896801,52.4075700399932,12.5557645372383
