"fecha","rho7dpromedio","incidenciaAcum14d","riesgopor10"
2020-01-02,0,0,0
2020-01-03,0,0,0
2020-01-04,0,0,0
2020-01-05,0,0,0
2020-01-06,0,0,0
2020-01-07,0,0,0
2020-01-08,0,0,0
2020-01-09,0,0,0
2020-01-10,0,0,0
2020-01-11,0,0,0
2020-01-12,0,0,0
2020-01-13,0,0,0
2020-01-14,0,0,0
2020-01-15,0,0,0
2020-01-16,0,0,0
2020-01-17,0,0,0
2020-01-18,0,0,0
2020-01-19,0,0,0
2020-01-20,0,0,0
2020-01-21,0,0,0
2020-01-22,0,0,0
2020-01-23,0,0,0
2020-01-24,0,0,0
2020-01-25,0,0,0
2020-01-26,0,0,0
2020-01-27,0,0,0
2020-01-28,0,0,0
2020-01-29,0,0,0
2020-01-30,0,0,0
2020-01-31,0,0,0
2020-02-01,0,0,0
2020-02-02,0,0,0
2020-02-03,0,0,0
2020-02-04,0,0,0
2020-02-05,0,0,0
2020-02-06,0,0,0
2020-02-07,0,0,0
2020-02-08,0,0,0
2020-02-09,0,0,0
2020-02-10,0,0,0
2020-02-11,0,0,0
2020-02-12,0,0,0
2020-02-13,0,0,0
2020-02-14,0,0,0
2020-02-15,0,0,0
2020-02-16,0,0,0
2020-02-17,0,0,0
2020-02-18,0,0,0
2020-02-19,0,0,0
2020-02-20,0,0,0
2020-02-21,0,0,0
2020-02-22,0,0,0
2020-02-23,0,0,0
2020-02-24,0,0,0
2020-02-25,0,0,0
2020-02-26,0,0,0
2020-02-27,0,0,0
2020-02-28,0,0,0
2020-02-29,0,0,0
2020-03-01,0,0,0
2020-03-02,0,0,0
2020-03-03,0,0,0
2020-03-04,0,0,0
2020-03-05,0,0,0
2020-03-06,0,0,0
2020-03-07,0,0,0
2020-03-08,0,0,0
2020-03-09,0,0,0
2020-03-10,0,0,0
2020-03-11,0,0,0
2020-03-12,0,0,0
2020-03-13,0,0,0
2020-03-14,0,0,0
2020-03-15,0,0,0
2020-03-16,0,0,0
2020-03-17,0,0,0
2020-03-18,0,0,0
2020-03-19,0,0,0
2020-03-20,0.142857142857143,0,0
2020-03-21,0.285714285714286,0,0
2020-03-22,0.428571428571429,0,0
2020-03-23,0.571428571428571,0,0
2020-03-24,0.714285714285714,12.7258844489692,9.08991746354943
2020-03-25,1,12.7258844489692,12.7258844489692
2020-03-26,1.57142857142857,12.7258844489692,19.9978184198087
2020-03-27,2,25.4517688979384,50.9035377958768
2020-03-28,2.42857142857143,25.4517688979384,61.8114387521361
2020-03-29,2.85714285714286,38.1776533469076,109.079009562593
2020-03-30,3.28571428571429,76.3553066938152,250.881721993964
2020-03-31,3.39285714285714,101.807075591754,345.416863614878
2020-04-01,3.32142857142857,139.984728938661,464.949278260553
2020-04-02,2.92857142857143,190.888266734538,559.02992400829
2020-04-03,2.56349206349206,203.614151183507,521.963260573594
2020-04-04,2.11706349206349,229.065920081446,484.947096680362
2020-04-05,1.64767573696145,305.421226775261,503.235144910598
2020-04-06,1.07624716553288,330.872995673199,356.101123744654
2020-04-07,0.82624716553288,381.776533469076,315.441778645793
2020-04-08,0.611961451247165,381.776533469076,233.632521473848
2020-04-09,0.433390022675737,381.776533469076,165.458140497227
2020-04-10,0.227040816326531,369.050649020107,83.789560619361
2020-04-11,0.244897959183673,369.050649020107,90.3797507804343
2020-04-12,0.428571428571429,356.324764571138,152.71061338763
2020-04-13,0.714285714285714,318.14711122423,227.247936588736
2020-04-14,0.857142857142857,292.695342326292,250.881721993964
2020-04-15,0.857142857142857,267.243573428353,229.065920081446
2020-04-16,0.857142857142857,229.065920081446,196.342217212668
2020-04-17,0.857142857142857,216.340035632476,185.434316256408
2020-04-18,0.714285714285714,190.888266734538,136.348761953241
2020-04-19,0.428571428571429,114.532960040723,49.0855543031669
2020-04-20,0.285714285714286,89.0811911427844,25.4517688979384
2020-04-21,0.285714285714286,25.4517688979384,7.27193397083954
2020-04-22,0.428571428571429,25.4517688979384,10.9079009562593
2020-04-23,0.428571428571429,25.4517688979384,10.9079009562593
2020-04-24,0.428571428571429,38.1776533469076,16.361851434389
2020-04-25,0.428571428571429,38.1776533469076,16.361851434389
2020-04-26,0.428571428571429,38.1776533469076,16.361851434389
2020-04-27,0.285714285714286,38.1776533469076,10.9079009562593
2020-04-28,0.142857142857143,38.1776533469076,5.45395047812966
2020-04-29,0,25.4517688979384,0
2020-04-30,0,12.7258844489692,0
2020-05-01,0,12.7258844489692,0
2020-05-02,0,12.7258844489692,0
2020-05-03,0,12.7258844489692,0
2020-05-04,0,12.7258844489692,0
2020-05-05,0,12.7258844489692,0
2020-05-06,0,12.7258844489692,0
2020-05-07,0,12.7258844489692,0
2020-05-08,0,0,0
2020-05-09,0,0,0
2020-05-10,0,0,0
2020-05-11,0,0,0
2020-05-12,0,0,0
2020-05-13,0,0,0
2020-05-14,0,0,0
2020-05-15,0,0,0
2020-05-16,0,0,0
2020-05-17,0,0,0
2020-05-18,0,0,0
2020-05-19,0,0,0
2020-05-20,0,0,0
2020-05-21,0,0,0
2020-05-22,0,0,0
2020-05-23,0,0,0
2020-05-24,0,0,0
2020-05-25,0,0,0
2020-05-26,0,0,0
2020-05-27,0,0,0
2020-05-28,0,0,0
2020-05-29,0,0,0
2020-05-30,0,0,0
2020-05-31,0,0,0
2020-06-01,0,0,0
2020-06-02,0,0,0
2020-06-03,0,0,0
2020-06-04,0,0,0
2020-06-05,0,0,0
2020-06-06,0,0,0
2020-06-07,0,0,0
2020-06-08,0,0,0
2020-06-09,0,0,0
2020-06-10,0,0,0
2020-06-11,0,0,0
2020-06-12,0,0,0
2020-06-13,0,0,0
2020-06-14,0,0,0
2020-06-15,0,0,0
2020-06-16,0,0,0
2020-06-17,0,0,0
2020-06-18,0,0,0
2020-06-19,0,0,0
2020-06-20,0,0,0
2020-06-21,0,0,0
2020-06-22,0,0,0
2020-06-23,0,0,0
2020-06-24,0,0,0
2020-06-25,0,0,0
2020-06-26,0,0,0
2020-06-27,0,0,0
2020-06-28,0,0,0
2020-06-29,0,0,0
2020-06-30,0,0,0
2020-07-01,0,0,0
2020-07-02,0,0,0
2020-07-03,0,0,0
2020-07-04,0,0,0
2020-07-05,0,0,0
2020-07-06,0,0,0
2020-07-07,0,0,0
2020-07-08,0,0,0
2020-07-09,0,0,0
2020-07-10,0,0,0
2020-07-11,0,0,0
2020-07-12,0,0,0
2020-07-13,0,0,0
2020-07-14,0,0,0
2020-07-15,0,0,0
2020-07-16,0,0,0
2020-07-17,0,0,0
2020-07-18,0,0,0
2020-07-19,0,0,0
2020-07-20,0,0,0
2020-07-21,0,0,0
2020-07-22,0,0,0
2020-07-23,0,0,0
2020-07-24,0,0,0
2020-07-25,0,0,0
2020-07-26,0,0,0
2020-07-27,0,0,0
2020-07-28,0,0,0
2020-07-29,0,0,0
2020-07-30,0,0,0
2020-07-31,0,0,0
2020-08-01,0,0,0
2020-08-02,0,0,0
2020-08-03,0,0,0
2020-08-04,0,0,0
2020-08-05,0,0,0
2020-08-06,0,0,0
2020-08-07,0,0,0
2020-08-08,0,0,0
2020-08-09,0,0,0
2020-08-10,0,0,0
2020-08-11,0,0,0
2020-08-12,0,0,0
2020-08-13,0.285714285714286,0,0
2020-08-14,0.571428571428571,0,0
2020-08-15,0.857142857142857,0,0
2020-08-16,0.857142857142857,0,0
2020-08-17,0.857142857142857,25.4517688979384,21.8158019125186
2020-08-18,0.857142857142857,25.4517688979384,21.8158019125186
2020-08-19,0.857142857142857,25.4517688979384,21.8158019125186
2020-08-20,0.571428571428571,25.4517688979384,14.5438679416791
2020-08-21,0.285714285714286,25.4517688979384,7.27193397083954
2020-08-22,0,25.4517688979384,0
2020-08-23,0,25.4517688979384,0
2020-08-24,0,25.4517688979384,0
2020-08-25,0,25.4517688979384,0
2020-08-26,0,25.4517688979384,0
2020-08-27,0,25.4517688979384,0
2020-08-28,0,25.4517688979384,0
2020-08-29,0,25.4517688979384,0
2020-08-30,0,25.4517688979384,0
2020-08-31,0,0,0
2020-09-01,0,0,0
2020-09-02,0,0,0
2020-09-03,0,0,0
2020-09-04,0,0,0
2020-09-05,0,0,0
2020-09-06,0,0,0
2020-09-07,0,0,0
2020-09-08,0,0,0
2020-09-09,0,0,0
2020-09-10,0,0,0
2020-09-11,0.142857142857143,0,0
2020-09-12,0.285714285714286,0,0
2020-09-13,0.428571428571429,0,0
2020-09-14,0.428571428571429,0,0
2020-09-15,0.428571428571429,12.7258844489692,5.45395047812966
2020-09-16,0.428571428571429,12.7258844489692,5.45395047812966
2020-09-17,0.428571428571429,12.7258844489692,5.45395047812966
2020-09-18,0.285714285714286,12.7258844489692,3.63596698541977
2020-09-19,0.142857142857143,12.7258844489692,1.81798349270989
2020-09-20,0,12.7258844489692,0
2020-09-21,0,12.7258844489692,0
2020-09-22,0,12.7258844489692,0
2020-09-23,0,12.7258844489692,0
2020-09-24,0,12.7258844489692,0
2020-09-25,0,12.7258844489692,0
2020-09-26,0.571428571428571,12.7258844489692,7.27193397083954
2020-09-27,1.14285714285714,12.7258844489692,14.5438679416791
2020-09-28,1.71428571428571,12.7258844489692,21.8158019125186
2020-09-29,2.14285714285714,0,0
2020-09-30,2.71428571428571,50.9035377958768,138.166745445951
2020-10-01,2.92857142857143,50.9035377958768,149.074646402211
2020-10-02,3.17857142857143,63.629422244846,202.250663563975
2020-10-03,2.83571428571429,89.0811911427844,252.608806312039
2020-10-04,2.59761904761905,114.532960040723,297.512998581973
2020-10-05,2.14047619047619,139.984728938661,299.633979323468
2020-10-06,1.78333333333333,178.162382285569,317.722915075931
2020-10-07,1.25272108843537,216.340035632476,271.013724909664
2020-10-08,1.07414965986395,229.065920081446,246.051080141907
2020-10-09,0.844557823129252,229.065920081446,193.459414817085
2020-10-10,0.651700680272109,254.517688979384,165.86935104915
2020-10-11,0.461224489795918,254.517688979384,117.389791243553
2020-10-12,0.63265306122449,254.517688979384,161.02139506859
2020-10-13,0.846938775510204,267.243573428353,226.338944842381
2020-10-14,1.09183673469388,216.340035632476,236.20799808852
2020-10-15,1.05612244897959,241.791804530415,255.361752743856
2020-10-16,1.03571428571429,254.517688979384,263.607606442934
2020-10-17,1,229.065920081446,229.065920081446
2020-10-18,0.892857142857143,203.614151183507,181.798349270989
2020-10-19,0.678571428571429,178.162382285569,120.895902265207
2020-10-20,0.535714285714286,139.984728938661,74.9918190742828
2020-10-21,0.25,101.807075591754,25.4517688979384
2020-10-22,0.25,101.807075591754,25.4517688979384
2020-10-23,0.392857142857143,101.807075591754,39.9956368396175
2020-10-24,0.535714285714286,76.3553066938152,40.9046285859724
2020-10-25,0.642857142857143,76.3553066938152,49.0855543031669
2020-10-26,0.571428571428571,76.3553066938152,43.6316038250373
2020-10-27,0.571428571428571,76.3553066938152,43.6316038250373
2020-10-28,0.714285714285714,76.3553066938152,54.5395047812966
2020-10-29,0.857142857142857,50.9035377958768,43.6316038250373
2020-10-30,0.857142857142857,25.4517688979384,21.8158019125186
2020-10-31,0.857142857142857,38.1776533469076,32.7237028687779
2020-11-01,0.857142857142857,38.1776533469076,32.7237028687779
2020-11-02,0.857142857142857,38.1776533469076,32.7237028687779
2020-11-03,0.714285714285714,50.9035377958768,36.3596698541977
2020-11-04,0.571428571428571,50.9035377958768,29.0877358833582
2020-11-05,0.571428571428571,38.1776533469076,21.8158019125186
2020-11-06,0.571428571428571,38.1776533469076,21.8158019125186
2020-11-07,0.714285714285714,38.1776533469076,27.2697523906483
2020-11-08,0.714285714285714,38.1776533469076,27.2697523906483
2020-11-09,0.857142857142857,50.9035377958768,43.6316038250373
2020-11-10,0.857142857142857,38.1776533469076,32.7237028687779
2020-11-11,0.857142857142857,50.9035377958768,43.6316038250373
2020-11-12,0.714285714285714,50.9035377958768,36.3596698541977
2020-11-13,0.571428571428571,50.9035377958768,29.0877358833582
2020-11-14,0.285714285714286,38.1776533469076,10.9079009562593
2020-11-15,0.285714285714286,38.1776533469076,10.9079009562593
2020-11-16,0.285714285714286,38.1776533469076,10.9079009562593
2020-11-17,0.571428571428571,25.4517688979384,14.5438679416791
2020-11-18,0.714285714285714,25.4517688979384,18.1798349270989
2020-11-19,1,38.1776533469076,38.1776533469076
2020-11-20,1.42857142857143,38.1776533469076,54.5395047812966
2020-11-21,2,50.9035377958768,101.807075591754
2020-11-22,2.28571428571429,50.9035377958768,116.350943533433
2020-11-23,2.71428571428571,50.9035377958768,138.166745445951
2020-11-24,3,76.3553066938152,229.065920081446
2020-11-25,3.42857142857143,89.0811911427844,305.421226775261
2020-11-26,3.45714285714286,114.532960040723,395.956804712213
2020-11-27,3.26666666666667,190.888266734538,623.568337999491
2020-11-28,2.83809523809524,229.065920081446,650.110896993055
2020-11-29,2.55238095238095,305.421226775261,779.551321673999
2020-11-30,2.13333333333333,330.872995673199,705.862390769492
2020-12-01,1.80865800865801,356.324764571138,644.469639124768
2020-12-02,1.56580086580087,432.680071264953,677.490830201444
2020-12-03,1.55151515151515,458.131840162891,710.798491404243
2020-12-04,1.54718614718615,547.213031305676,846.640421595881
2020-12-05,1.54718614718615,649.020106897429,1004.15491863698
2020-12-06,1.54718614718615,738.101298040214,1141.98010354793
2020-12-07,1.51902879728967,789.004835836091,1198.52106683583
2020-12-08,1.421935414482,839.908373631967,1194.29546138727
2020-12-09,1.23622112876771,878.086026978875,1085.50849942698
2020-12-10,1.096935414482,954.44133367269,1046.960499951
2020-12-11,0.96091354161802,967.16721812166,929.364076902132
2020-12-12,0.953770684475163,1018.07075591754,971.006041715615
2020-12-13,0.908316139020618,992.618987019598,901.611845808198
2020-12-14,0.903140155583765,1056.24840926444,953.940352678194
2020-12-15,0.832845371003266,1056.24840926444,879.691598285455
2020-12-16,0.843834381992277,1107.15194706032,934.252879019192
2020-12-17,0.818458442142653,1107.15194706032,906.157857806195
2020-12-18,0.882618843145159,1043.52252481547,921.03264364855
2020-12-19,0.851666462192778,992.618987019598,845.38030098036
2020-12-20,0.911406721933038,992.618987019598,904.679617088024
2020-12-21,0.955624409007868,1005.34487146857,960.73209864624
2020-12-22,1.04292599630946,979.893102570629,1021.95599027524
2020-12-23,1.11597059876582,928.989564774752,1036.72504084888
2020-12-24,1.29232056458947,903.537795876813,1167.66047449545
2020-12-25,1.45509112736003,928.989564774752,1351.7644731138
2020-12-26,1.50211493688384,916.263680325783,1376.33336034152
2020-12-27,1.44021017497908,1018.07075591754,1466.23586152108
2020-12-28,1.36689195880372,1005.34487146857,1374.19782063495
2020-12-29,1.30141576832753,1068.97429371341,1391.18000177542
2020-12-30,1.2002392977393,992.618987019598,1191.3803159031
2020-12-31,1.10703838100897,992.618987019598,1098.86731634894
2021-01-01,1.04766917878262,1094.42606261135,1146.59645425434
2021-01-02,1.08075741407674,1081.70017816238,1169.05548735713
2021-01-03,1.10316637766218,1094.42606261135,1207.33403511004
2021-01-04,1.11711539161119,1196.2331382031,1336.33045064204
2021-01-05,1.0983424978383,1196.2331382031,1313.87369301094
2021-01-06,1.0660348055306,1234.41079155001,1315.9248681149
2021-01-07,0.951443514468725,1234.41079155001,1174.47214181046
2021-01-08,0.8698108614075,1196.2331382031,1040.49657638464
2021-01-09,0.81886548325624,1158.0554848562,948.291664244309
2021-01-10,0.853599376813662,1107.15194706032,945.064212048723
2021-01-11,0.951383945186466,1094.42606261135,1041.21938516208
2021-01-12,1.0832520770546,1068.97429371341,1157.96862398303
2021-01-13,1.16444865825118,1081.70017816238,1259.58432109125
2021-01-14,1.20340969721222,1119.87783150929,1347.67184213127
2021-01-15,1.13580765639589,1158.0554848562,1315.32828623093
2021-01-16,1.09711718020542,1170.78136930517,1284.48435452912
2021-01-17,1.03402194211018,1119.87783150929,1157.97825026337
2021-01-18,0.936237373737374,1018.07075591754,953.155890799057
2021-01-19,0.845761183261183,1005.34487146857,850.281668078818
2021-01-20,0.803026140526141,1043.52252481547,837.975865654664
2021-01-21,0.785168997668998,1030.79664036651,809.349564917139
2021-01-22,0.84052614052614,1005.34487146857,845.018644713223
2021-01-23,0.879216616716617,1018.07075591754,895.104725595945
2021-01-24,0.965755078255078,967.16721812166,934.04665242283
2021-01-25,1.00471611721612,979.893102570629,984.514393301617
2021-01-26,1.04417189952904,1018.07075591754,1063.04087506138
2021-01-27,1.01547837083551,967.16721812166,982.137390983699
2021-01-28,1.03333551369266,979.893102570629,1012.55834250871
2021-01-29,0.986906942264085,865.360142529906,854.029932221402
2021-01-30,1.06726408512123,865.360142529906,923.567800817556
2021-01-31,0.998582766439909,865.360142529906,864.133725094348
2021-02-01,0.965615733472876,865.360142529906,835.605368747208
2021-02-02,0.830921855921856,878.086026978875,729.620871196336
2021-02-03,0.768563579277865,890.811911427844,684.64559111034
2021-02-04,0.641579452293738,827.182489182998,530.703288356999
2021-02-05,0.5284842141985,801.73072028506,423.702029708647
2021-02-06,0.314198499912786,763.553066938152,239.907228235774
2021-02-07,0.207055642769928,725.375413591245,150.193072510638
2021-02-08,0.0971655328798186,649.020106897429,63.0623845364055
2021-02-09,0.06859410430839,547.213031305676,37.5355877482918
2021-02-10,0.0277777777777778,534.487146856707,14.8468651904641
2021-02-11,0.0119047619047619,445.405955713922,5.30245185373717
2021-02-12,0,394.502417918045,0
2021-02-13,0,330.872995673199,0
2021-02-14,0,279.969457877322,0
2021-02-15,0,203.614151183507,0
2021-02-16,0,152.71061338763,0
2021-02-17,0.142857142857143,50.9035377958768,7.27193397083954
2021-02-18,0.285714285714286,50.9035377958768,14.5438679416791
2021-02-19,0.428571428571429,25.4517688979384,10.9079009562593
2021-02-20,0.428571428571429,12.7258844489692,5.45395047812966
2021-02-21,0.428571428571429,12.7258844489692,5.45395047812966
2021-02-22,0.428571428571429,12.7258844489692,5.45395047812966
2021-02-23,0.428571428571429,12.7258844489692,5.45395047812966
2021-02-24,0.285714285714286,12.7258844489692,3.63596698541977
2021-02-25,0.142857142857143,12.7258844489692,1.81798349270989
2021-02-26,0,12.7258844489692,0
2021-02-27,0,12.7258844489692,0
2021-02-28,0,12.7258844489692,0
2021-03-01,0,12.7258844489692,0
2021-03-02,0,12.7258844489692,0
2021-03-03,0.142857142857143,12.7258844489692,1.81798349270989
2021-03-04,0.285714285714286,12.7258844489692,3.63596698541977
2021-03-05,0.428571428571429,12.7258844489692,5.45395047812966
2021-03-06,0.428571428571429,12.7258844489692,5.45395047812966
2021-03-07,0.428571428571429,12.7258844489692,5.45395047812966
2021-03-08,0.428571428571429,12.7258844489692,5.45395047812966
2021-03-09,0.428571428571429,12.7258844489692,5.45395047812966
2021-03-10,0.285714285714286,12.7258844489692,3.63596698541977
2021-03-11,0.285714285714286,12.7258844489692,3.63596698541977
2021-03-12,0.285714285714286,12.7258844489692,3.63596698541977
2021-03-13,0.428571428571429,12.7258844489692,5.45395047812966
2021-03-14,0.428571428571429,12.7258844489692,5.45395047812966
2021-03-15,0.428571428571429,25.4517688979384,10.9079009562593
2021-03-16,0.428571428571429,25.4517688979384,10.9079009562593
2021-03-17,0.428571428571429,25.4517688979384,10.9079009562593
2021-03-18,0.285714285714286,25.4517688979384,7.27193397083954
2021-03-19,0.142857142857143,25.4517688979384,3.63596698541977
2021-03-20,0,25.4517688979384,0
2021-03-21,0,12.7258844489692,0
2021-03-22,0,12.7258844489692,0
2021-03-23,0,12.7258844489692,0
2021-03-24,0,12.7258844489692,0
2021-03-25,0,12.7258844489692,0
2021-03-26,0,12.7258844489692,0
2021-03-27,0,12.7258844489692,0
2021-03-28,0,12.7258844489692,0
2021-03-29,0,0,0
2021-03-30,0,0,0
2021-03-31,0,0,0
2021-04-01,0,0,0
2021-04-02,0,0,0
2021-04-03,0,0,0
2021-04-04,0,0,0
2021-04-05,0,0,0
2021-04-06,0,0,0
2021-04-07,0,0,0
2021-04-08,0,0,0
2021-04-09,0,0,0
2021-04-10,0,0,0
2021-04-11,0,0,0
2021-04-12,0,0,0
2021-04-13,0,0,0
2021-04-14,0,0,0
2021-04-15,0,0,0
2021-04-16,0,0,0
2021-04-17,0,0,0
2021-04-18,0,0,0
2021-04-19,0,0,0
2021-04-20,0,0,0
2021-04-21,0,0,0
2021-04-22,0,0,0
2021-04-23,0,0,0
2021-04-24,0,0,0
2021-04-25,0,0,0
2021-04-26,0,0,0
2021-04-27,0,0,0
2021-04-28,0,0,0
2021-04-29,0,0,0
2021-04-30,0.142857142857143,0,0
2021-05-01,0.285714285714286,0,0
2021-05-02,0.428571428571429,0,0
2021-05-03,0.428571428571429,0,0
2021-05-04,0.428571428571429,12.7258844489692,5.45395047812966
2021-05-05,0.428571428571429,12.7258844489692,5.45395047812966
2021-05-06,0.428571428571429,12.7258844489692,5.45395047812966
2021-05-07,0.285714285714286,12.7258844489692,3.63596698541977
2021-05-08,0.142857142857143,12.7258844489692,1.81798349270989
2021-05-09,0,12.7258844489692,0
2021-05-10,0,12.7258844489692,0
2021-05-11,0,12.7258844489692,0
2021-05-12,0,12.7258844489692,0
2021-05-13,0,12.7258844489692,0
2021-05-14,0,12.7258844489692,0
2021-05-15,0,12.7258844489692,0
2021-05-16,0,12.7258844489692,0
2021-05-17,0,12.7258844489692,0
2021-05-18,0,0,0
2021-05-19,0,0,0
2021-05-20,0,0,0
2021-05-21,0,0,0
2021-05-22,0,0,0
2021-05-23,0,0,0
2021-05-24,0,0,0
2021-05-25,0,0,0
2021-05-26,0,0,0
2021-05-27,0,0,0
2021-05-28,0,0,0
2021-05-29,0,0,0
2021-05-30,0,0,0
2021-05-31,0,0,0
2021-06-01,0,0,0
2021-06-02,0,0,0
2021-06-03,0,0,0
2021-06-04,0,0,0
2021-06-05,0,0,0
2021-06-06,0,0,0
2021-06-07,0,0,0
2021-06-08,0,0,0
2021-06-09,0,0,0
2021-06-10,0,0,0
2021-06-11,0,0,0
2021-06-12,0,0,0
2021-06-13,0,0,0
2021-06-14,0,0,0
2021-06-15,0,0,0
2021-06-16,0,0,0
2021-06-17,0,0,0
2021-06-18,0,0,0
2021-06-19,0,0,0
2021-06-20,0,0,0
2021-06-21,0,0,0
2021-06-22,0,0,0
2021-06-23,0,0,0
2021-06-24,0,0,0
2021-06-25,0,0,0
2021-06-26,0,0,0
2021-06-27,0,0,0
2021-06-28,0,0,0
