"fecha","rho7dpromedio","incidenciaAcum14d","riesgopor10"
2020-01-01,1,0.0438366925390826,0.0438366925390826
2020-01-02,1,0.0438366925390826,0.0438366925390826
2020-01-03,0.833333333333333,0.0438366925390826,0.0365305771159022
2020-01-04,0.714285714285714,0.0876733850781652,0.0626238464844037
2020-01-05,0.571428571428571,0.0876733850781652,0.050099077187523
2020-01-06,0.571428571428571,0.0876733850781652,0.050099077187523
2020-01-07,0.714285714285714,0.0876733850781652,0.0626238464844037
2020-01-08,0.857142857142857,0.0876733850781652,0.0751486157812845
2020-01-09,0.857142857142857,0.0876733850781652,0.0751486157812845
2020-01-10,0.857142857142857,0.131510077617248,0.112722923671927
2020-01-11,0.857142857142857,0.17534677015633,0.150297231562569
2020-01-12,0.928571428571429,0.17534677015633,0.16282200085945
2020-01-13,0.857142857142857,0.17534677015633,0.150297231562569
2020-01-14,0.714285714285714,0.17534677015633,0.125247692968807
2020-01-15,0.428571428571429,0.131510077617248,0.0563614618359633
2020-01-16,0.285714285714286,0.17534677015633,0.050099077187523
2020-01-17,0.285714285714286,0.17534677015633,0.050099077187523
2020-01-18,0.285714285714286,0.131510077617248,0.0375743078906422
2020-01-19,0.214285714285714,0.131510077617248,0.0281807309179817
2020-01-20,0.142857142857143,0.131510077617248,0.0187871539453211
2020-01-21,0.142857142857143,0.131510077617248,0.0187871539453211
2020-01-22,0.285714285714286,0.131510077617248,0.0375743078906422
2020-01-23,0.428571428571429,0.131510077617248,0.0563614618359633
2020-01-24,0.571428571428571,0.0876733850781652,0.050099077187523
2020-01-25,0.714285714285714,0.0876733850781652,0.0626238464844037
2020-01-26,1,0.0876733850781652,0.0876733850781652
2020-01-27,1.28571428571429,0.0876733850781652,0.112722923671927
2020-01-28,1.42857142857143,0.131510077617248,0.187871539453211
2020-01-29,1.42857142857143,0.131510077617248,0.187871539453211
2020-01-30,1.28571428571429,0.131510077617248,0.16908438550789
2020-01-31,1.14285714285714,0.17534677015633,0.200396308750092
2020-02-01,1,0.17534677015633,0.17534677015633
2020-02-02,0.714285714285714,0.17534677015633,0.125247692968807
2020-02-03,0.428571428571429,0.17534677015633,0.0751486157812845
2020-02-04,0.142857142857143,0.17534677015633,0.0250495385937615
2020-02-05,0,0.17534677015633,0
2020-02-06,0,0.17534677015633,0
2020-02-07,0,0.17534677015633,0
2020-02-08,0,0.131510077617248,0
2020-02-09,0,0.131510077617248,0
2020-02-10,0,0.131510077617248,0
2020-02-11,0,0.0876733850781652,0
2020-02-12,0.142857142857143,0.0876733850781652,0.0125247692968807
2020-02-13,0.285714285714286,0.0438366925390826,0.0125247692968807
2020-02-14,0.428571428571429,0,0
2020-02-15,0.428571428571429,0,0
2020-02-16,0.571428571428571,0.0438366925390826,0.0250495385937615
2020-02-17,0.714285714285714,0.0438366925390826,0.0313119232422019
2020-02-18,0.857142857142857,0.0438366925390826,0.0375743078906422
2020-02-19,0.714285714285714,0.0438366925390826,0.0313119232422019
2020-02-20,0.571428571428571,0.0876733850781652,0.050099077187523
2020-02-21,0.428571428571429,0.0876733850781652,0.0375743078906422
2020-02-22,0.428571428571429,0.0876733850781652,0.0375743078906422
2020-02-23,0.285714285714286,0.0876733850781652,0.0250495385937615
2020-02-24,0.142857142857143,0.0876733850781652,0.0125247692968807
2020-02-25,0,0.0876733850781652,0
2020-02-26,0.142857142857143,0.0876733850781652,0.0125247692968807
2020-02-27,0.428571428571429,0.0876733850781652,0.0375743078906422
2020-02-28,0.857142857142857,0.0876733850781652,0.0751486157812845
2020-02-29,1.14285714285714,0.0876733850781652,0.100198154375046
2020-03-01,1.28571428571429,0.0876733850781652,0.112722923671927
2020-03-02,1.28571428571429,0.131510077617248,0.16908438550789
2020-03-03,1.28571428571429,0.17534677015633,0.225445847343853
2020-03-04,1.14285714285714,0.17534677015633,0.200396308750092
2020-03-05,0.857142857142857,0.131510077617248,0.112722923671927
2020-03-06,0.428571428571429,0.131510077617248,0.0563614618359633
2020-03-07,0.285714285714286,0.131510077617248,0.0375743078906422
2020-03-08,0.285714285714286,0.131510077617248,0.0375743078906422
2020-03-09,0.571428571428571,0.131510077617248,0.0751486157812845
2020-03-10,1,0.131510077617248,0.131510077617248
2020-03-11,1.42857142857143,0.17534677015633,0.250495385937615
2020-03-12,2,0.17534677015633,0.350693540312661
2020-03-13,2.42857142857143,0.219183462695413,0.532302695117432
2020-03-14,2.64285714285714,0.306856847773578,0.810978811973028
2020-03-15,2.73809523809524,0.263020155234496,0.720174234570643
2020-03-16,2.69047619047619,0.306856847773578,0.825591042819389
2020-03-17,2.47619047619048,0.306856847773578,0.759836004010765
2020-03-18,2.33333333333333,0.394530232851743,0.920570543320735
2020-03-19,1.93333333333333,0.482203617929909,0.932260327997823
2020-03-20,1.61904761904762,0.526040310468991,0.851684312187891
2020-03-21,1.37619047619048,0.657550388086239,0.904914581699634
2020-03-22,1.25714285714286,0.745223773164404,0.93685274340668
2020-03-23,1.20952380952381,0.789060465703487,0.954387420422313
2020-03-24,1.18571428571429,0.832897158242569,0.987578059059047
2020-03-25,1.15,0.876733850781652,1.0082439283989
2020-03-26,1.26428571428571,0.964407235859817,1.21928629105134
2020-03-27,1.37857142857143,1.09591731347707,1.51080029643624
2020-03-28,1.425,1.09591731347707,1.56168217170482
2020-03-29,1.48452380952381,1.13975400601615,1.69199195893111
2020-03-30,1.53894557823129,1.2712640836334,1.95640624027187
2020-03-31,1.54489795918367,1.31510077617248,2.03169650522973
2020-04-01,1.40204081632653,1.31510077617248,1.84382496577651
2020-04-02,1.19569160997732,1.49044754632881,1.78211562625665
2020-04-03,1.03854875283447,1.62195762394606,1.68448206749953
2020-04-04,0.961167800453515,1.53428423886789,1.47470460714315
2020-04-05,0.88649247577819,1.49044754632881,1.32127053536255
2020-04-06,0.951118326118326,1.57812093140697,1.50097973869209
2020-04-07,1.12611832611833,1.57812093140697,1.77715090168831
2020-04-08,1.39040404040404,1.62195762394606,2.25517643369873
2020-04-09,1.61716141001855,1.70963100902422,2.76474929316505
2020-04-10,1.86716141001855,1.79730439410239,3.35585740672475
2020-04-11,2.00360829646544,1.84114108664147,3.68892555615824
2020-04-12,2.05355834641549,1.97265116425872,4.05095426292972
2020-04-13,1.95282574568289,2.10416124187596,4.10906024620346
2020-04-14,1.81949241234956,2.2795080120323,4.14754753178278
2020-04-15,1.69409558695273,2.45485478218863,4.15875865311556
2020-04-16,1.63083028083028,2.2795080120323,3.7174906914175
2020-04-17,1.63593232164661,2.58636485980587,4.23111786972742
2020-04-18,1.67179119961075,3.06856847773578,5.13000577648163
2020-04-19,1.67223076005031,3.37542532550936,5.64449005756958
2020-04-20,1.58325521946187,3.85762894343927,6.10761115944738
2020-04-21,1.45860535951789,4.25215917629101,6.20222216406124
2020-04-22,1.34650218491471,4.55901602406459,6.13872503746416
2020-04-23,1.23809882357018,4.69052610168184,5.80733484841748
2020-04-24,1.08617138592845,4.82203617929909,5.23755771986643
2020-04-25,1.01734547499728,5.17272971961175,5.26245317363095
2020-04-26,1.03237193002373,5.43574987484624,5.61171558942128
2020-04-27,1.03636578563049,5.56725995246349,5.769717734444
2020-04-28,1.06577755033637,5.83028010769799,6.21378165095725
2020-04-29,1.09635114340997,6.0494635703934,6.63233630241774
2020-04-30,1.15517467282173,6.35632041816698,7.34266035940613
2020-05-01,1.16807149821856,6.13713695547156,7.16861475835014
2020-05-02,1.17356600371306,6.35632041816698,7.45956155146796
2020-05-03,1.13371812011518,6.66317726594056,7.55416480393632
2020-05-04,1.11141235570415,6.66317726594056,7.40553754161334
2020-05-05,1.06793409483459,6.7946873435578,7.25627827792642
2020-05-06,1.09050676026439,6.70701395847964,7.3140440629097
2020-05-07,1.15437230648288,6.75085065101872,7.79299503673795
2020-05-08,1.32647821781293,6.83852403609689,9.07115317587269
2020-05-09,1.51512290645762,6.92619742117505,10.49404036747
2020-05-10,1.75619433502905,7.84676796449579,13.7804494475349
2020-05-11,1.87546979640977,8.19746150480845,15.3740914595
2020-05-12,1.96656710489839,8.67966512273836,17.0691439119111
2020-05-13,1.96931614972179,9.51256228098092,18.7332425251701
2020-05-14,1.9522526576583,10.4331328243017,20.368111283945
2020-05-15,1.81984123858299,11.2660299825442,20.5023859573463
2020-05-16,1.66241826939531,11.7920702930132,19.6033530890989
2020-05-17,1.49256282721844,13.0194976841075,19.4324182723555
2020-05-18,1.42789553574703,14.5537819229754,20.7812802360524
2020-05-19,1.34721863688831,15.7373726215307,21.2016816913819
2020-05-20,1.26129086602903,17.3154935529376,21.8398738591048
2020-05-21,1.15225339139005,18.4552475589538,21.2651215887475
2020-05-22,1.09091846329997,19.2004713321182,20.9461486802695
2020-05-23,1.09380414587488,19.9895317978217,21.8646327545552
2020-05-24,1.17115766792887,20.2525519530562,23.7189315149495
2020-05-25,1.32456954814487,21.7868361919241,28.8581797702432
2020-05-26,1.42905597081311,22.795080120323,32.5754453511108
2020-05-27,1.51285538307968,24.4608744368081,37.0057655665612
2020-05-28,1.55103117971412,26.0828320607541,40.4552857814768
2020-05-29,1.57301691941688,28.1869933026301,44.3386173725273
2020-05-30,1.51761830859374,28.8007069981773,43.7084802408776
2020-05-31,1.4284994246573,29.721277541498,42.4568278681097
2020-06-01,1.32929307545095,31.6062553206786,42.0139763387126
2020-06-02,1.3231911371882,33.44739640732,44.2572984881864
2020-06-03,1.31856885031725,34.8063338760316,45.8945476426774
2020-06-04,1.3461383118368,37.0420051955248,49.8636623409537
2020-06-05,1.37021744716656,40.4174305210342,55.3806684695633
2020-06-06,1.43262414424307,43.4421623062309,62.2362905980326
2020-06-07,1.44765012071619,46.2038739361931,66.8870436812856
2020-06-08,1.45185256672192,50.1053395721714,72.7455658643303
2020-06-09,1.43109069823747,53.1739080499072,76.0966851991568
2020-06-10,1.44220767984906,57.8205974590499,83.3893097089027
2020-06-11,1.4192905411524,60.3192889337777,85.6105962327494
2020-06-12,1.40094788249354,64.1330811846778,89.8471042834606
2020-06-13,1.3571691186192,69.524994366985,94.3571753270458
2020-06-14,1.35037108906255,73.8209902358151,99.6857309804134
2020-06-15,1.3343289344958,78.5115163374969,104.760187940262
2020-06-16,1.34235294726088,83.6842460571087,112.333794334065
2020-06-17,1.33430992250477,89.5583628573458,119.498612203839
2020-06-18,1.33266735621607,95.1256228098093,126.770812258355
2020-06-19,1.30747757015671,101.78880007575,133.086572992209
2020-06-20,1.27670378133524,108.45197734169,138.46104956542
2020-06-21,1.22539012966098,113.800053831458,139.449462719957
2020-06-22,1.17602318501808,118.885110165992,139.811645908635
2020-06-23,1.12616292053205,124.803063658768,140.548582661306
2020-06-24,1.10004695998986,127.871632136504,140.664800200703
2020-06-25,1.09473880398978,133.000525163577,145.600835847587
2020-06-26,1.10977072255431,138.173254883188,153.340632909397
2020-06-27,1.13494802575618,140.891129820611,159.904109636461
2020-06-28,1.17060667647424,147.554307086552,172.728057018048
2020-06-29,1.19431816901226,153.691444042024,183.55648404112
2020-06-30,1.20780499576319,157.724419755619,190.500342134687
2020-07-01,1.20332932571375,163.993066788708,197.337666480586
2020-07-02,1.19220134750751,168.069879194843,200.373136451516
2020-07-03,1.1767738216385,171.489141212891,201.803932074599
2020-07-04,1.14854386288969,175.390606848869,201.443805104767
2020-07-05,1.12010682947863,181.133213571489,202.888549566836
2020-07-06,1.09569491438905,186.34977998364,204.182506225593
2020-07-07,1.08827488384613,192.223896783877,209.192438944924
2020-07-08,1.08389700366179,195.511648724308,211.914490233255
2020-07-09,1.08931509484003,200.158338133451,218.035499086862
2020-07-10,1.09231231919199,205.637924700836,224.620838443799
2020-07-11,1.11997690731216,212.65179550709,238.165100266409
2020-07-12,1.14066447268621,215.98338414006,246.364572979104
2020-07-13,1.1611182468275,220.542400164125,256.075805029696
2020-07-14,1.16636295169907,226.372680271823,264.032707545872
2020-07-15,1.17030678439053,233.079694230302,272.774747461392
2020-07-16,1.17318020557632,239.611361418626,281.107306247525
2020-07-17,1.17415191196896,244.082704057612,286.590173647798
2020-07-18,1.16606845096642,248.860903544372,290.18884830209
2020-07-19,1.1562802066327,254.384326804296,294.139561961393
2020-07-20,1.14679693058996,266.220233789849,305.300546971139
2020-07-21,1.12985810325164,272.971084440867,308.418591708901
2020-07-22,1.11399229746986,282.089116488997,314.245102968822
2020-07-23,1.09551707697002,287.612539748921,315.084448845661
2020-07-24,1.09202850647506,292.91677954615,319.873473289266
2020-07-25,1.09332606992433,299.930650352403,327.92199919964
2020-07-26,1.1030236376202,307.032194543735,338.663768092143
2020-07-27,1.10857941928057,315.974879821707,350.283248779996
2020-07-28,1.13396576222153,324.347688096672,367.799173357333
2020-07-29,1.15637869433652,329.476581123745,380.999698694337
2020-07-30,1.17886506806017,337.630205936014,398.020455699929
2020-07-31,1.17492506185011,345.345463822893,405.755040441768
2020-08-01,1.16310458940917,359.32936874286,417.93763789432
2020-08-02,1.13294988340819,367.789850402903,416.687468132684
2020-08-03,1.10141146640959,373.444783740445,411.316366882574
2020-08-04,1.05535057595281,381.116204934784,402.211206382875
2020-08-05,1.00648822912048,387.51636204549,390.030656990375
2020-08-06,0.959664388801193,395.012436469673,379.079368413539
2020-08-07,0.916531600601133,398.387861795183,365.135064631202
2020-08-08,0.881254695094405,400.974226654989,353.360419851557
2020-08-09,0.855857956167983,398.694718642956,341.226047032729
2020-08-10,0.854192729922968,402.3331641237,343.670063801369
2020-08-11,0.861823949046441,397.07276101901,342.206814960177
2020-08-12,0.888729629700055,392.338398224789,348.68275937143
2020-08-13,0.912040775816989,387.121831812638,353.070895822093
2020-08-14,0.962419971072096,383.921753257285,369.493962663825
2020-08-15,0.997627942338462,375.242088134547,374.351992264456
2020-08-16,1.04418503709861,371.077602343334,387.473679969338
2020-08-17,1.06580340396987,363.888384766925,387.833479149687
2020-08-18,1.0923726244307,361.126673136962,394.48489168655
2020-08-19,1.09287948138617,355.866270032273,388.9189446357
2020-08-20,1.10263423330497,357.312880886062,393.985414465792
2020-08-21,1.08669524088002,356.47998372782,387.385101786007
2020-08-22,1.08674134320616,357.619737733836,388.640154141902
2020-08-23,1.07128761943335,361.652713447431,387.43407445071
2020-08-24,1.06846196474435,362.003406987744,386.786871474274
2020-08-25,1.04655477535631,371.910499501577,389.224709258527
2020-08-26,1.02997838961557,377.03939252865,388.342426338292
2020-08-27,0.994109255863301,381.510735167636,379.26335304136
2020-08-28,0.975483145131927,386.332771346935,376.861106861042
2020-08-29,0.948384888610776,384.754650415528,364.895496276809
2020-08-30,0.938012684667364,385.368364111075,361.4804138057
2020-08-31,0.918600207521074,385.14918064838,353.798117270173
2020-09-01,0.920982641421187,387.253341890256,356.65360571327
2020-09-02,0.918445124464059,386.201261269318,354.704665474675
2020-09-03,0.927117970296159,379.713430773534,352.039145232949
2020-09-04,0.922837562389654,379.275063848143,350.0092753968
2020-09-05,0.925923827570573,374.540701053922,346.796159500813
2020-09-06,0.921607024762848,371.033765650795,341.947324847985
2020-09-07,0.916925447598362,364.852792002784,334.542809614665
2020-09-08,0.90396615631471,356.260800265124,322.047706261267
2020-09-09,0.895224711341016,349.816806461879,313.164649587072
2020-09-10,0.888451221332415,345.345463822893,306.822599115058
2020-09-11,0.88633377634411,335.219187846365,297.116088666874
2020-09-12,0.884336710888024,331.230048825308,292.918891925453
2020-09-13,0.878851678746208,323.865484478742,284.629724722097
2020-09-14,0.880502648097816,318.561244681513,280.494019523409
2020-09-15,0.884423342623798,309.487049325923,273.717570663609
2020-09-16,0.906663492593666,304.051299451077,275.672213087956
2020-09-17,0.924406238641227,296.336041564198,273.934885556191
2020-09-18,0.939528903566113,288.576946984781,271.126382595067
2020-09-19,0.947754357716706,284.675481348802,269.802427983428
2020-09-20,0.960017369076538,283.711074112943,272.367558947786
2020-09-21,0.964193831839208,275.601285993212,265.733060001609
2020-09-22,0.965153808069269,268.981945419811,259.608948923811
2020-09-23,0.960318611071516,265.299663246528,254.772204126647
2020-09-24,0.96410394169358,259.820076679143,250.49356005749
2020-09-25,0.961628206668571,260.170770219455,250.187551193716
2020-09-26,0.94888855237597,256.313141276016,243.212605580336
2020-09-27,0.936159254102778,254.296653419218,238.062165385768
2020-09-28,0.929885364714608,252.499349025116,234.795449258421
2020-09-29,0.924203234721383,246.406048762183,227.729267320925
2020-09-30,0.909959585589284,244.038867365073,222.0655066152
2020-10-01,0.897754695135245,244.214214135229,219.244457358666
2020-10-02,0.896740784273624,240.707278732103,215.852033910596
2020-10-03,0.907222859720224,235.622222397569,213.761866417157
2020-10-04,0.918640506480151,227.994637895769,209.445109631328
2020-10-05,0.933860031688254,227.819291125612,212.75133042976
2020-10-06,0.945982060459401,226.02198673151,213.812744717401
2020-10-07,0.954005753328393,221.419134014906,211.235127747211
2020-10-08,0.95449953316392,219.095789310335,209.126828614895
2020-10-09,0.943586592336852,213.61620274295,201.565384814158
2020-10-10,0.935096603716458,212.125755196621,198.358073245149
2020-10-11,0.920987572506817,208.35579963826,191.893102126557
2020-10-12,0.904060733508302,203.358416688804,183.848359356767
2020-10-13,0.881490556012016,199.807644593139,176.128551727857
2020-10-14,0.873185497603991,197.265116425872,172.249038846234
2020-10-15,0.859740610904314,194.196547948136,166.958658768439
2020-10-16,0.850769086283337,189.856715386767,161.524224274355
2020-10-17,0.830024787280725,185.604556210476,154.056382286934
2020-10-18,0.823598024860732,184.157945356686,151.672120058177
2020-10-19,0.816850785753473,176.223504007112,143.94830771644
2020-10-20,0.819943719152389,171.269957750196,140.431726136768
2020-10-21,0.823324497213906,166.930125188827,137.437661390945
2020-10-22,0.839904707893496,160.223111230347,134.572145435712
2020-10-23,0.85124982417051,156.102462131673,132.88219344217
2020-10-24,0.855441054492393,149.921488483663,128.248996199533
2020-10-25,0.846041833835519,146.721409928309,124.13245071868
2020-10-26,0.836771932297663,141.022639898229,118.003786885358
2020-10-27,0.829466820405607,135.630726715922,112.501187638357
2020-10-28,0.83110373625831,129.230569605215,107.404009237684
2020-10-29,0.843224089900028,123.224942727361,103.906240184262
2020-10-30,0.878752892773192,120.90159802279,106.242629003428
2020-10-31,0.911778804059973,116.868622309194,106.558332681214
2020-11-01,0.938480746565024,112.572626440364,105.647242504538
2020-11-02,0.956673901186693,110.994505508957,106.185546595542
2020-11-03,0.972296403178068,108.0136104163,105.021244902045
2020-11-04,0.978689357733985,105.909449174424,103.652450790477
2020-11-05,0.97262328158269,103.016227466844,100.195981215071
2020-11-06,0.957130196456263,100.561372684655,96.2503263935758
2020-11-07,0.939106054888233,99.3777819861003,93.3262767845095
2020-11-08,0.925950208011456,96.9667638964507,89.7863952001163
2020-11-09,0.914025679997527,95.2571328874265,87.0674656620448
2020-11-10,0.914590980082058,94.5119091142621,86.4397395862393
2020-11-11,0.918941282622073,92.6707680276206,85.1589944328743
2020-11-12,0.926711317465279,92.0132176395344,85.2696901429523
2020-11-13,0.925219494929813,90.8296269409792,84.0373415629961
2020-11-14,0.921907572007292,91.1364837887527,84.0194144909709
2020-11-15,0.90520042630714,89.4268527797285,80.9492252595161
2020-11-16,0.889310488242362,86.6651411497663,77.0722189894919
2020-11-17,0.861551010664923,85.3500403735938,73.5334135441618
2020-11-18,0.834540886385981,83.0266956690224,69.2891721973251
2020-11-19,0.808785312480119,81.4485747376155,65.8744109702226
2020-11-20,0.805720645753213,79.4759235733568,64.035392463358
2020-11-21,0.83140453633072,76.0566615553083,63.2338534352536
2020-11-22,0.880032340107885,73.5579700805806,64.7333925435991
2020-11-23,0.924250027182715,71.3222987610874,65.9196365686687
2020-11-24,0.960020923613409,70.0071979849149,67.2083748690648
2020-11-25,0.981026681080124,70.0071979849149,68.6789290908602
2020-11-26,0.984583419338875,67.946873435578,66.8993649805872
2020-11-27,0.975626164120404,66.1934057340147,64.5800185263423
2020-11-28,0.9559029807294,63.7823876443652,60.9697744672867
2020-11-29,0.949671971388809,61.8097364801065,58.6989742940855
2020-11-30,0.93436584893983,60.3631256263167,56.401243120495
2020-12-01,0.915227317951397,59.0918615426833,54.0824859524654
2020-12-02,0.891705150463713,58.8288413874489,52.457980861001
2020-12-03,0.890091036470536,59.1795349277615,52.6751735816956
2020-12-04,0.889440147356006,57.33839384112,50.9990694672025
2020-12-05,0.926306187889867,56.4178232977993,52.2601788280286
2020-12-06,0.99726659452443,55.5410894470177,55.3892731290041
2020-12-07,1.1110470581662,54.9712124440096,61.0756038697459
2020-12-08,1.20580512268233,54.3574987484624,65.5445504470942
2020-12-09,1.27177888619304,54.9273757514705,69.8554767547115
2020-12-10,1.30488925972091,56.6370067604947,73.9050218245102
2020-12-11,1.3135384619185,56.9438636082683,74.7979550197016
2020-12-12,1.28498345370832,58.3466377695189,74.9744641133448
2020-12-13,1.21961078290087,58.390474462058,71.2136522726237
2020-12-14,1.14926144170808,59.3548816979178,68.2142769125615
2020-12-15,1.11285211749935,60.8014925517076,67.6630697332889
2020-12-16,1.12046245376369,61.7658997875674,69.2063716349002
2020-12-17,1.15235215261253,63.5193674891307,73.1966798586858
2020-12-18,1.19681334413254,66.6317726594056,79.7457946619824
2020-12-19,1.23496924753108,69.6126677520632,85.9695039123968
2020-12-20,1.25948899489068,73.0757664626507,92.0381236529098
2020-12-21,1.26370900836777,76.6265385583164,96.8336470561844
2020-12-22,1.28126912622729,79.7827804211303,102.223213358165
2020-12-23,1.30111525617471,81.3170646599982,105.802873416469
2020-12-24,1.33417038206188,83.7719194421869,111.76601376824
2020-12-25,1.35066444302938,87.3226915378525,117.9436545298
2020-12-26,1.3634811302586,92.9776248753942,126.773237053862
2020-12-27,1.35243825447023,99.9476589891083,135.173037461616
2020-12-28,1.34601071974081,106.172469329658,142.909281859072
2020-12-29,1.3128311302785,109.679404732785,143.990536883615
2020-12-30,1.29281007924433,115.772704995717,149.672119919844
2020-12-31,1.25358778273567,121.339964948181,152.110297616614
2021-01-01,1.23090473102036,128.573019217129,158.261137635936
2021-01-02,1.18776408787972,134.403299324827,159.639412230578
2021-01-03,1.1601883424005,141.767863671393,164.477422758573
2021-01-04,1.12046669029809,148.080347397021,165.919096746132
2021-01-05,1.08855909117924,153.516097271867,167.111343327648
2021-01-06,1.03815970712299,158.513480221323,164.562308201614
2021-01-07,0.986609142763165,161.757395469215,159.591325279484
2021-01-08,0.954605763853846,165.965717952967,158.431830960044
2021-01-09,0.945854766296878,165.746534490271,156.772149644813
2021-01-10,0.945552133300003,167.500002191835,158.379984400244
2021-01-11,0.931133310139059,167.543838884374,156.005649293812
2021-01-12,0.919176847926572,172.234364986056,158.313840712517
2021-01-13,0.882525955476075,171.839834753204,151.653114354422
2021-01-14,0.825358057642094,169.428816663554,139.83943903003
2021-01-15,0.719335109812767,165.395840949959,118.975035412314
2021-01-16,0.603398833746291,162.765639397614,98.2125969864895
2021-01-17,0.472955890352422,153.998300889797,72.8344035100942
2021-01-18,0.384815055090031,143.740514835652,55.3135141351508
2021-01-19,0.321242564271703,132.912851778498,42.6972653299896
2021-01-20,0.262519648554615,121.471475025798,31.8886489331832
2021-01-21,0.199621953331306,110.205445043254,21.9994262072802
