"fecha","rho7dpromedio","incidenciaAcum14d","riesgopor10"
2020-01-20,0,0,0
2020-01-21,0,0,0
2020-01-22,0,0,0
2020-01-23,0,0,0
2020-01-24,0,0,0
2020-01-25,0,0,0
2020-01-26,0,0,0
2020-01-27,0,0,0
2020-01-28,0,0,0
2020-01-29,0,0,0
2020-01-30,0,0,0
2020-01-31,0,0,0
2020-02-01,0,0,0
2020-02-02,0,0,0
2020-02-03,0,0,0
2020-02-04,0,0,0
2020-02-05,0,0,0
2020-02-06,0,0,0
2020-02-07,0,0,0
2020-02-08,0,0,0
2020-02-09,0,0,0
2020-02-10,0,0,0
2020-02-11,0,0,0
2020-02-12,0,0,0
2020-02-13,0,0,0
2020-02-14,0,0,0
2020-02-15,0,0,0
2020-02-16,0,0,0
2020-02-17,0,0,0
2020-02-18,0,0,0
2020-02-19,0,0,0
2020-02-20,0,0,0
2020-02-21,0,0,0
2020-02-22,0,0,0
2020-02-23,0,0,0
2020-02-24,0,0,0
2020-02-25,0,0,0
2020-02-26,0,0,0
2020-02-27,0,0,0
2020-02-28,0,0,0
2020-02-29,0,0,0
2020-03-01,0,0,0
2020-03-02,0,0,0
2020-03-03,0,0,0
2020-03-04,0,0,0
2020-03-05,0,0,0
2020-03-06,0,0,0
2020-03-07,0,0,0
2020-03-08,0,0,0
2020-03-09,0,0,0
2020-03-10,0,0,0
2020-03-11,0,0,0
2020-03-12,0,0,0
2020-03-13,0,0,0
2020-03-14,0,0,0
2020-03-15,0,0,0
2020-03-16,0,0,0
2020-03-17,0,0,0
2020-03-18,0,0,0
2020-03-19,0,0,0
2020-03-20,0,0,0
2020-03-21,0,0,0
2020-03-22,0,0,0
2020-03-23,0,0,0
2020-03-24,0,0,0
2020-03-25,0,0,0
2020-03-26,0,0,0
2020-03-27,0,0,0
2020-03-28,0,0,0
2020-03-29,0,0,0
2020-03-30,0,0,0
2020-03-31,0,0,0
2020-04-01,0,0,0
2020-04-02,0,0,0
2020-04-03,0,0,0
2020-04-04,0,0,0
2020-04-05,0,0,0
2020-04-06,0,0,0
2020-04-07,0,0,0
2020-04-08,0,0,0
2020-04-09,0,0,0
2020-04-10,0,0,0
2020-04-11,0,0,0
2020-04-12,0,0,0
2020-04-13,0,0,0
2020-04-14,0,0,0
2020-04-15,0,0,0
2020-04-16,0,0,0
2020-04-17,0,0,0
2020-04-18,0,0,0
2020-04-19,0,0,0
2020-04-20,0,0,0
2020-04-21,0,0,0
2020-04-22,0,0,0
2020-04-23,0,0,0
2020-04-24,0,0,0
2020-04-25,0,0,0
2020-04-26,0,0,0
2020-04-27,0,0,0
2020-04-28,0,0,0
2020-04-29,0,0,0
2020-04-30,0,0,0
2020-05-01,0,0,0
2020-05-02,0,0,0
2020-05-03,0,0,0
2020-05-04,0,0,0
2020-05-05,0,0,0
2020-05-06,0,0,0
2020-05-07,0,0,0
2020-05-08,0,0,0
2020-05-09,0,0,0
2020-05-10,0,0,0
2020-05-11,0,0,0
2020-05-12,0,0,0
2020-05-13,0,0,0
2020-05-14,0,0,0
2020-05-15,0.142857142857143,0,0
2020-05-16,0.285714285714286,0,0
2020-05-17,0.428571428571429,0,0
2020-05-18,0.428571428571429,0,0
2020-05-19,0.428571428571429,3.14584119793633,1.34821765625843
2020-05-20,0.428571428571429,3.14584119793633,1.34821765625843
2020-05-21,0.428571428571429,3.14584119793633,1.34821765625843
2020-05-22,0.285714285714286,3.14584119793633,0.898811770838951
2020-05-23,0.142857142857143,3.14584119793633,0.449405885419475
2020-05-24,0,3.14584119793633,0
2020-05-25,0,3.14584119793633,0
2020-05-26,0,3.14584119793633,0
2020-05-27,0,3.14584119793633,0
2020-05-28,0,3.14584119793633,0
2020-05-29,0,3.14584119793633,0
2020-05-30,0,3.14584119793633,0
2020-05-31,0,3.14584119793633,0
2020-06-01,0,3.14584119793633,0
2020-06-02,0,0,0
2020-06-03,0.142857142857143,0,0
2020-06-04,0.285714285714286,0,0
2020-06-05,0.428571428571429,0,0
2020-06-06,0.428571428571429,0,0
2020-06-07,0.428571428571429,3.14584119793633,1.34821765625843
2020-06-08,0.428571428571429,3.14584119793633,1.34821765625843
2020-06-09,0.428571428571429,3.14584119793633,1.34821765625843
2020-06-10,0.285714285714286,3.14584119793633,0.898811770838951
2020-06-11,0.142857142857143,3.14584119793633,0.449405885419475
2020-06-12,0,3.14584119793633,0
2020-06-13,0,3.14584119793633,0
2020-06-14,0,3.14584119793633,0
2020-06-15,0,3.14584119793633,0
2020-06-16,0,3.14584119793633,0
2020-06-17,0,3.14584119793633,0
2020-06-18,0,3.14584119793633,0
2020-06-19,0,3.14584119793633,0
2020-06-20,0,3.14584119793633,0
2020-06-21,0,0,0
2020-06-22,0,0,0
2020-06-23,0.142857142857143,0,0
2020-06-24,0.285714285714286,0,0
2020-06-25,0.428571428571429,0,0
2020-06-26,0.428571428571429,0,0
2020-06-27,0.428571428571429,3.14584119793633,1.34821765625843
2020-06-28,0.428571428571429,3.14584119793633,1.34821765625843
2020-06-29,0.428571428571429,3.14584119793633,1.34821765625843
2020-06-30,0.428571428571429,3.14584119793633,1.34821765625843
2020-07-01,0.428571428571429,3.14584119793633,1.34821765625843
2020-07-02,0.428571428571429,3.14584119793633,1.34821765625843
2020-07-03,0.428571428571429,3.14584119793633,1.34821765625843
2020-07-04,0.571428571428571,6.29168239587266,3.5952470833558
2020-07-05,0.714285714285714,6.29168239587266,4.49405885419475
2020-07-06,0.857142857142857,6.29168239587266,5.3928706250337
2020-07-07,0.714285714285714,6.29168239587266,4.49405885419475
2020-07-08,0.571428571428571,9.43752359380898,5.39287062503371
2020-07-09,0.571428571428571,9.43752359380898,5.39287062503371
2020-07-10,0.714285714285714,9.43752359380898,6.74108828129213
2020-07-11,0.714285714285714,6.29168239587266,4.49405885419475
2020-07-12,0.571428571428571,6.29168239587266,3.5952470833558
2020-07-13,0.428571428571429,9.43752359380898,4.04465296877528
2020-07-14,0.428571428571429,9.43752359380898,4.04465296877528
2020-07-15,0.428571428571429,9.43752359380898,4.04465296877528
2020-07-16,0.285714285714286,9.43752359380898,2.69643531251685
2020-07-17,0.142857142857143,9.43752359380898,1.34821765625843
2020-07-18,0,6.29168239587266,0
2020-07-19,0,6.29168239587266,0
2020-07-20,0,6.29168239587266,0
2020-07-21,0.142857142857143,6.29168239587266,0.898811770838951
2020-07-22,0.285714285714286,3.14584119793633,0.898811770838951
2020-07-23,0.428571428571429,3.14584119793633,1.34821765625843
2020-07-24,0.428571428571429,3.14584119793633,1.34821765625843
2020-07-25,0.428571428571429,6.29168239587266,2.69643531251685
2020-07-26,0.428571428571429,6.29168239587266,2.69643531251685
2020-07-27,0.571428571428571,3.14584119793633,1.7976235416779
2020-07-28,0.571428571428571,3.14584119793633,1.7976235416779
2020-07-29,0.571428571428571,3.14584119793633,1.7976235416779
2020-07-30,0.428571428571429,3.14584119793633,1.34821765625843
2020-07-31,0.428571428571429,6.29168239587266,2.69643531251685
2020-08-01,0.428571428571429,6.29168239587266,2.69643531251685
2020-08-02,0.428571428571429,6.29168239587266,2.69643531251685
2020-08-03,0.285714285714286,6.29168239587266,1.7976235416779
2020-08-04,0.285714285714286,6.29168239587266,1.7976235416779
2020-08-05,0.285714285714286,6.29168239587266,1.7976235416779
2020-08-06,0.428571428571429,6.29168239587266,2.69643531251685
2020-08-07,0.428571428571429,6.29168239587266,2.69643531251685
2020-08-08,0.428571428571429,6.29168239587266,2.69643531251685
2020-08-09,0.428571428571429,6.29168239587266,2.69643531251685
2020-08-10,0.428571428571429,6.29168239587266,2.69643531251685
2020-08-11,0.285714285714286,6.29168239587266,1.7976235416779
2020-08-12,0.142857142857143,6.29168239587266,0.898811770838951
2020-08-13,0.142857142857143,6.29168239587266,0.898811770838951
2020-08-14,0.285714285714286,3.14584119793633,0.898811770838951
2020-08-15,0.428571428571429,3.14584119793633,1.34821765625843
2020-08-16,0.428571428571429,3.14584119793633,1.34821765625843
2020-08-17,0.428571428571429,6.29168239587266,2.69643531251685
2020-08-18,0.428571428571429,6.29168239587266,2.69643531251685
2020-08-19,0.428571428571429,6.29168239587266,2.69643531251685
2020-08-20,0.428571428571429,6.29168239587266,2.69643531251685
2020-08-21,0.428571428571429,6.29168239587266,2.69643531251685
2020-08-22,0.428571428571429,3.14584119793633,1.34821765625843
2020-08-23,0.428571428571429,3.14584119793633,1.34821765625843
2020-08-24,0.571428571428571,6.29168239587266,3.5952470833558
2020-08-25,0.714285714285714,6.29168239587266,4.49405885419475
2020-08-26,0.857142857142857,6.29168239587266,5.3928706250337
2020-08-27,0.714285714285714,6.29168239587266,4.49405885419475
2020-08-28,0.714285714285714,9.43752359380898,6.74108828129213
2020-08-29,0.714285714285714,9.43752359380898,6.74108828129213
2020-08-30,0.857142857142857,9.43752359380898,8.08930593755056
2020-08-31,0.714285714285714,6.29168239587266,4.49405885419475
2020-09-01,0.571428571428571,9.43752359380898,5.39287062503371
2020-09-02,0.428571428571429,9.43752359380898,4.04465296877528
2020-09-03,0.428571428571429,9.43752359380898,4.04465296877528
2020-09-04,0.285714285714286,9.43752359380898,2.69643531251685
2020-09-05,0.142857142857143,9.43752359380898,1.34821765625843
2020-09-06,0,9.43752359380898,0
2020-09-07,0,6.29168239587266,0
2020-09-08,0,6.29168239587266,0
2020-09-09,0,6.29168239587266,0
2020-09-10,0,6.29168239587266,0
2020-09-11,0.285714285714286,3.14584119793633,0.898811770838951
2020-09-12,0.571428571428571,3.14584119793633,1.7976235416779
2020-09-13,1,3.14584119793633,3.14584119793633
2020-09-14,1.28571428571429,3.14584119793633,4.04465296877528
2020-09-15,1.71428571428571,6.29168239587266,10.7857412500674
2020-09-16,2,6.29168239587266,12.5833647917453
2020-09-17,2.28571428571429,9.43752359380898,21.5714825001348
2020-09-18,2.28571428571429,12.5833647917453,28.7619766668464
2020-09-19,2.5,15.7292059896816,39.3230149742041
2020-09-20,2.45238095238095,22.0208883855543,54.0036072312403
2020-09-21,2.3452380952381,25.1667295834906,59.0219729517578
2020-09-22,1.98809523809524,34.6042531772996,68.7965509596314
2020-09-23,1.70238095238095,44.0417767711086,74.9758818841491
2020-09-24,1.41666666666667,50.3334591669812,71.3057338198901
2020-09-25,1.14880952380952,50.3334591669812,57.8235572573058
2020-09-26,0.705952380952381,50.3334591669812,35.5330253404998
2020-09-27,0.467857142857143,50.3334591669812,23.5488683959805
2020-09-28,0.432142857142857,50.3334591669812,21.7512448543026
2020-09-29,0.503571428571429,47.1876179690449,23.7623361915548
2020-09-30,0.932142857142857,50.3334591669812,46.9179744377932
2020-10-01,1.21785714285714,47.1876179690449,57.4677775980154
2020-10-02,1.48571428571429,44.0417767711086,65.4334969170756
2020-10-03,2,44.0417767711086,88.0835535422172
2020-10-04,2.42857142857143,44.0417767711086,106.958600729835
2020-10-05,2.42857142857143,44.0417767711086,106.958600729835
2020-10-06,2.42857142857143,37.7500943752359,91.678800625573
2020-10-07,2.17857142857143,34.6042531772996,75.387837279117
2020-10-08,2.10714285714286,31.4584119793633,66.2873680993726
2020-10-09,2.03571428571429,31.4584119793633,64.0403386722753
2020-10-10,1.75,40.8959355731723,71.5678872530515
2020-10-11,1.35714285714286,47.1876179690449,64.0403386722753
2020-10-12,1.27142857142857,50.3334591669812,63.9953980837333
2020-10-13,1.15238095238095,56.6251415628539,65.2537345629078
2020-10-14,1.0452380952381,59.7709827607902,62.4749081713974
2020-10-15,0.926190476190476,59.7709827607902,55.3593149855891
2020-10-16,0.883333333333333,59.7709827607902,52.797701438698
2020-10-17,0.883333333333333,59.7709827607902,52.797701438698
2020-10-18,1.27619047619048,59.7709827607902,76.2791589518656
2020-10-19,1.40952380952381,59.7709827607902,84.248623319971
2020-10-20,1.63571428571429,66.0626651566629,108.059645149113
2020-10-21,1.70714285714286,59.7709827607902,102.037606284492
2020-10-22,1.93333333333333,59.7709827607902,115.557233337528
2020-10-23,2.04761904761905,69.2085063545992,141.712655868941
2020-10-24,2.22619047619048,69.2085063545992,154.071317717977
2020-10-25,1.9812925170068,62.9168239587266,124.656632503259
2020-10-26,2.31462585034014,78.6460299484082,182.03613394521
2020-10-27,2.49319727891156,75.5001887504719,188.236865149986
2020-10-28,2.92176870748299,84.9377123442809,248.168350012712
2020-10-29,2.96297749869178,113.250283125708,335.558040621946
2020-10-30,2.91833464154893,138.417012709198,403.947163168972
2020-10-31,2.57093204414633,166.729583490625,428.65042890322
2020-11-01,2.36080354830355,210.771360261734,497.589775186667
2020-11-02,1.9210276379394,229.646407449352,441.157095663698
2020-11-03,1.60933932625109,232.792248647288,374.641720594503
2020-11-04,1.16489488180665,254.813137032843,296.830519146654
2020-11-05,1.05622577313754,286.271549012206,302.367388182698
2020-11-06,0.964504993916759,283.12570781427,273.07615909308
2020-11-07,1.02619330560507,317.729960991569,326.052358959708
2020-11-08,1.02090230031406,342.89669057506,350.064020178159
2020-11-09,1.05591630591631,355.480055366805,375.357186889841
2020-11-10,0.997068903318903,364.917578960614,363.847970256049
2020-11-11,0.94461893782546,380.646784950296,359.566161686424
2020-11-12,0.759222112428634,371.209261356487,281.830279560145
2020-11-13,0.698306837227645,358.625896564741,250.430915578053
2020-11-14,0.598306837227645,336.605008179187,201.393077838675
2020-11-15,0.608074846995655,302.000755001888,183.639062890345
2020-11-16,0.631884370805178,292.563231408079,184.866133399023
2020-11-17,0.728610561281369,292.563231408079,213.164660246531
2020-11-18,0.774955520669806,279.979866616333,216.971943310723
2020-11-19,0.836254221968508,257.958978230779,215.719284640171
2020-11-20,0.838727938727939,267.396501824588,224.272916798398
2020-11-21,0.855394605394605,235.938089845225,201.820169260713
2020-11-22,0.811438561438561,217.063042657607,176.133323075565
2020-11-23,0.772477522477522,198.187995469989,153.095771725443
2020-11-24,0.717715617715618,185.604630678243,133.211342158115
2020-11-25,0.73969363969364,163.583742292689,121.001853731186
2020-11-26,0.699109224109224,154.14621869888,107.765043353945
2020-11-27,0.751057276057276,147.854536303007,111.047225288448
2020-11-28,0.798676323676324,144.708695105071,115.575408610516
2020-11-29,0.946243042671614,138.417012709198,130.976135263467
2020-11-30,0.985204081632653,125.833647917453,123.971823535001
2020-12-01,1.05663265306122,125.833647917453,132.959941243391
2020-12-02,1.01581632653061,128.979489115389,131.01947083099
2020-12-03,1.03367346938776,125.833647917453,130.070903408551
2020-12-04,0.942764378478664,110.104441927771,103.802545761776
2020-12-05,0.86113172541744,106.958600729835,92.105444394718
2020-12-06,0.731880024737168,106.958600729835,78.2808633480046
2020-12-07,0.87473716759431,97.5210771360262,85.3053107947138
2020-12-08,0.965213358070501,97.5210771360262,94.1286463451162
2020-12-09,1.25602968460111,91.2293947401535,114.586827901825
2020-12-10,1.43460111317254,88.0835535422172,126.364763963858
2020-12-11,1.5969387755102,103.812759531899,165.782621089206
2020-12-12,1.62142857142857,103.812759531899,168.324974383865
2020-12-13,1.65606060606061,100.666918333962,166.710517786395
2020-12-14,1.53917748917749,106.958600729835,164.628270517285
2020-12-15,1.56298701298701,100.666918333962,157.341085993408
2020-12-16,1.33679653679654,94.3752359380898,126.160488561395
2020-12-17,1.14632034632035,103.812759531899,119.002678459077
2020-12-18,1.01774891774892,119.54196552158,121.663706035167
2020-12-19,0.997968697968698,113.250283125708,113.020237595549
2020-12-20,0.927622377622378,110.104441927771,102.135344207824
2020-12-21,0.820015698587127,113.250283125708,92.8670100325172
2020-12-22,0.784301412872841,119.54196552158,93.7569324561721
2020-12-23,0.927158555729984,119.54196552158,110.834356102112
2020-12-24,1.30811093668237,116.396124323644,152.259043215199
2020-12-25,1.79382522239665,97.5210771360262,174.935767881893
2020-12-26,2.29931972789116,106.958600729835,245.932020725743
2020-12-27,2.52551020408163,122.687806719517,309.849307786535
2020-12-28,2.60714285714286,141.562853907135,369.074583400744
2020-12-29,2.47142857142857,154.14621869888,380.961369070089
2020-12-30,2.31836734693878,160.437901094753,371.953991109468
2020-12-31,2.03265306122449,154.14621869888,313.325783314458
2021-01-01,1.66530612244898,154.14621869888,256.700641751604
2021-01-02,1.30266875981162,173.021265886498,225.3893978534
2021-01-03,1.20445447409733,204.479677865861,246.286462867518
2021-01-04,1.26035509521534,217.063042657607,273.57651179646
2021-01-05,1.32464080950106,217.063042657607,287.530564538735
2021-01-06,1.45389251018133,245.375613439034,356.74976656016
2021-01-07,1.5190554174495,267.396501824588,406.190104703686
2021-01-08,1.59388534942229,308.29243739776,491.382799305978
2021-01-09,1.55473699777394,317.729960991569,493.986525654863
2021-01-10,1.55295128348822,352.334214168869,547.157870110359
2021-01-11,1.5077649480845,352.334214168869,531.237178134716
2021-01-12,1.47205066237021,380.646784950296,560.331351915174
2021-01-13,1.30828759616812,415.251038127595,543.267782478268
2021-01-14,1.14287406233353,430.980244117277,492.556142379811
2021-01-15,0.955537589282775,475.022020888386,453.90139669592
2021-01-16,0.858984433136596,471.876179690449,405.334292722063
2021-01-17,0.761505441539957,468.730338492513,356.940703376915
2021-01-18,0.693648298682815,475.022020888386,329.498216626101
2021-01-19,0.681743536778053,487.605385680131,332.421820185599
2021-01-20,0.679792317265857,478.167862086322,325.054839009722
2021-01-21,0.784371948161278,475.022020888386,372.59394794373
2021-01-22,0.93769481576986,453.001132502831,424.77681348578
2021-01-23,1.17753028484121,453.001132502831,533.422552589449
2021-01-24,1.34254174397032,415.251038127595,557.491852913306
2021-01-25,1.4813172541744,440.417767711086,652.398438355403
2021-01-26,1.46465058750773,437.27192651315,640.450584068122
2021-01-27,1.43195217480932,440.417767711086,630.657180298554
2021-01-28,1.31789232161903,440.417767711086,580.423194371034
2021-01-29,1.17189546133646,405.813514533786,475.57101583114
2021-01-30,0.975853408151545,408.959355731723,399.084381086262
2021-01-31,0.889273321571458,399.521832137914,355.284106705597
2021-02-01,0.872575733445299,412.105196929659,359.592994467516
2021-02-02,0.928619689489255,415.251038127595,385.610290086138
2021-02-03,0.952429213298778,415.251038127595,395.497219565367
2021-02-04,0.956339956339956,434.126085315213,415.172121476387
2021-02-05,0.949275592132735,449.855291304895,427.036648027498
2021-02-06,0.939535332392475,443.563608909022,416.743682733544
2021-02-07,0.888076038997698,434.126085315213,385.536974272311
2021-02-08,0.891168184946987,405.813514533786,361.648093174032
2021-02-09,0.988695657474459,386.938467346168,382.56438237498
2021-02-10,1.10774327652208,364.917578960614,404.234994578335
2021-02-11,1.15999195377076,361.771737762678,419.65230490637
2021-02-12,1.21101236193402,380.646784950296,460.967962105249
2021-02-13,1.21446858313218,383.792626148232,466.104086894821
2021-02-14,1.19449930509838,383.792626148232,458.440025235947
2021-02-15,1.0427282518495,371.209261356487,387.070384164593
2021-02-16,0.874249990979933,377.500943752359,330.030196670416
2021-02-17,0.809805546535488,374.355102554423,303.154838422433
2021-02-18,0.863376975106917,346.042531772996,298.765154340508
2021-02-19,0.920519832249774,314.584119793633,289.580921180878
2021-02-20,1.048015992004,327.167484585378,342.876755909198
2021-02-21,1.14920646819447,371.209261356487,426.596084204568
2021-02-22,1.20831976868709,364.917578960614,440.93712459954
2021-02-23,1.19822660098522,358.625896564741,429.715089066048
2021-02-24,1.11414496833216,358.625896564741,399.561238171216
2021-02-25,1.04509734928454,355.480055366805,371.51126358737
2021-02-26,0.987954492141684,336.605008179187,332.550429908016
2021-02-27,0.916525920713113,327.167484585378,299.857480037007
2021-02-28,0.927240206427399,314.584119793633,291.69504417623
2021-03-01,1.07687074829932,317.729960991569,342.154100850105
2021-03-02,1.21447579031613,317.729960991569,385.875345482348
2021-03-03,1.30816781257958,327.167484585378,427.989972657217
2021-03-04,1.29388209829386,346.042531772996,447.738237109365
2021-03-05,1.28402988154509,374.355102554423,480.683137988758
2021-03-06,1.26022035773557,361.771737762678,455.912108781901
2021-03-07,1.26471771223293,339.750849377123,429.688916953429
2021-03-08,1.24553781805303,339.750849377123,423.172531614846
2021-03-09,1.3247695107301,358.625896564741,475.096653527217
2021-03-10,1.33992102588162,371.209261356487,497.391094293541
2021-03-11,1.34230197826257,396.375990939977,532.056276774518
2021-03-12,1.28072562358277,430.980244117277,551.967441898952
2021-03-13,1.21993535002654,449.855291304895,548.794372259326
2021-03-14,1.10035863044982,459.292814898704,505.386812777379
2021-03-15,0.958824238915424,449.855291304895,431.332157307492
2021-03-16,0.776925392420305,443.563608909022,344.615830915009
2021-03-17,0.743592059086971,456.146973700768,339.187267420444
2021-03-18,0.729306344801257,449.855291304895,328.082318191078
2021-03-19,0.736695507362833,434.126085315213,319.818736680732
2021-03-20,0.72341170684499,434.126085315213,314.051892363812
2021-03-21,0.731348214781498,434.126085315213,317.497337485362
2021-03-22,0.767062500495784,424.688561721404,325.762670085978
2021-03-23,0.777759532931947,399.521832137914,310.731913559699
2021-03-24,0.80811667578909,380.646784950296,307.607014503837
2021-03-25,0.866724734397148,342.89669057506,297.19704306433
2021-03-26,0.971580469794756,320.875802189505,311.756662637049
2021-03-27,1.0131870114013,292.563231408079,296.421266076257
2021-03-28,1.07285087694752,295.709072606015,317.2517378667
2021-03-29,1.04563999259377,292.563231408079,305.915815122754
2021-03-30,1.08418874542824,286.271549012206,310.372391575343
2021-03-31,0.991926840666336,264.250660626652,262.117322939387
2021-04-01,0.930517661610099,261.104819428715,242.962646009935
2021-04-02,0.844588553124599,254.813137032843,215.212258723709
2021-04-03,0.910669530970283,254.813137032843,232.050559986765
2021-04-04,0.935879615003896,229.646407449352,214.921391390727
2021-04-05,1.03451907078621,232.792248647288,240.828020756825
2021-04-06,1.0558548778363,245.375613439034,259.081038351679
2021-04-07,1.14742996941139,254.813137032843,292.380230031216
2021-04-08,1.17063925312488,257.958978230779,301.976905612936
2021-04-09,1.15731047663821,232.792248647288,269.412908239673
2021-04-10,1.07881796852384,248.52145463697,268.109410826046
2021-04-11,1.04293468876801,245.375613439034,255.910739033298
2021-04-12,0.951521626521611,242.229772241097,230.486866874808
2021-04-13,0.848492942242923,232.792248647288,197.522579986084
