"fecha","rho7dpromedio","incidenciaAcum14d","riesgopor10"
2020-01-02,0,0,0
2020-01-03,0,0,0
2020-01-04,0,0,0
2020-01-05,0,0,0
2020-01-06,0,0,0
2020-01-07,0,0,0
2020-01-08,0,0,0
2020-01-09,0,0,0
2020-01-10,0,0,0
2020-01-11,0,0,0
2020-01-12,0,0,0
2020-01-13,0,0,0
2020-01-14,0,0,0
2020-01-15,0,0,0
2020-01-16,0,0,0
2020-01-17,0,0,0
2020-01-18,0,0,0
2020-01-19,0,0,0
2020-01-20,0,0,0
2020-01-21,0,0,0
2020-01-22,0,0,0
2020-01-23,0,0,0
2020-01-24,0,0,0
2020-01-25,0,0,0
2020-01-26,0,0,0
2020-01-27,0,0,0
2020-01-28,0,0,0
2020-01-29,0,0,0
2020-01-30,0,0,0
2020-01-31,0,0,0
2020-02-01,0,0,0
2020-02-02,0,0,0
2020-02-03,0,0,0
2020-02-04,0,0,0
2020-02-05,0,0,0
2020-02-06,0,0,0
2020-02-07,0,0,0
2020-02-08,0,0,0
2020-02-09,0,0,0
2020-02-10,0,0,0
2020-02-11,0,0,0
2020-02-12,0,0,0
2020-02-13,0,0,0
2020-02-14,0,0,0
2020-02-15,0,0,0
2020-02-16,0,0,0
2020-02-17,0,0,0
2020-02-18,0,0,0
2020-02-19,0,0,0
2020-02-20,0,0,0
2020-02-21,0,0,0
2020-02-22,0,0,0
2020-02-23,0.142857142857143,0,0
2020-02-24,0.285714285714286,0,0
2020-02-25,0.428571428571429,0,0
2020-02-26,0.428571428571429,0,0
2020-02-27,0.428571428571429,0.140066419496125,0.0600284654983393
2020-02-28,0.428571428571429,0.140066419496125,0.0600284654983393
2020-02-29,0.428571428571429,0.140066419496125,0.0600284654983393
2020-03-01,0.285714285714286,0.140066419496125,0.0400189769988929
2020-03-02,0.142857142857143,0.140066419496125,0.0200094884994464
2020-03-03,0,0.140066419496125,0
2020-03-04,0,0.140066419496125,0
2020-03-05,0,0.140066419496125,0
2020-03-06,0,0.140066419496125,0
2020-03-07,0,0.140066419496125,0
2020-03-08,0,0.140066419496125,0
2020-03-09,0.142857142857143,0.140066419496125,0.0200094884994464
2020-03-10,0.285714285714286,0.140066419496125,0.0400189769988929
2020-03-11,0.428571428571429,0.140066419496125,0.0600284654983393
2020-03-12,0.428571428571429,0,0
2020-03-13,0.428571428571429,0.140066419496125,0.0600284654983393
2020-03-14,0.571428571428571,0.140066419496125,0.0800379539977857
2020-03-15,0.714285714285714,0.140066419496125,0.100047442497232
2020-03-16,0.857142857142857,0.140066419496125,0.120056930996679
2020-03-17,1.14285714285714,0.140066419496125,0.160075907995571
2020-03-18,1.57142857142857,0.28013283899225,0.440208746987822
2020-03-19,2.14285714285714,0.28013283899225,0.600284654983393
2020-03-20,2.57142857142857,0.420199258488375,1.08051237897011
2020-03-21,2.5,0.700332097480625,1.75083024370156
2020-03-22,2.35714285714286,0.980464936472875,2.31109592168606
2020-03-23,2.12857142857143,1.120531355969,2.38513102913402
2020-03-24,1.81428571428571,1.120531355969,2.03296403154376
2020-03-25,1.43333333333333,1.120531355969,1.60609494355557
2020-03-26,1.43333333333333,1.120531355969,1.60609494355557
2020-03-27,1.57619047619048,1.26059777546513,1.98694220799503
2020-03-28,1.79047619047619,1.54073061445738,2.75864148112368
2020-03-29,1.86190476190476,1.54073061445738,2.86869366787064
2020-03-30,1.94761904761905,2.10099629244188,4.0919403981368
2020-03-31,1.95238095238095,2.10099629244188,4.10194514238652
2020-04-01,1.9047619047619,1.96092987294575,3.73510451989667
2020-04-02,1.58333333333333,2.241062711938,3.54834929390183
2020-04-03,1.44047619047619,2.38112913143413,3.42995982028011
2020-04-04,1.44047619047619,2.241062711938,3.22819747791069
2020-04-05,1.51190476190476,2.10099629244188,3.17650629928712
2020-04-06,1.61904761904762,2.66126197042638,4.3087098568808
2020-04-07,1.64285714285714,2.66126197042638,4.37207323712905
2020-04-08,1.64285714285714,3.08146122891475,5.06240059035995
2020-04-09,1.51785714285714,3.361594067907,5.10241956735884
2020-04-10,1.26071428571429,3.361594067907,4.23800966418276
2020-04-11,1.11785714285714,3.50166048740313,3.91435618770421
2020-04-12,1.09744897959184,3.64172690689925,3.99660947792872
2020-04-13,0.966496598639456,3.50166048740313,3.3843429506653
2020-04-14,0.884863945578231,3.78179332639538,3.34637256415564
2020-04-15,0.81343537414966,4.06192616538763,3.30411443011038
2020-04-16,0.79047619047619,4.06192616538763,3.21085592121117
2020-04-17,0.738095238095238,3.9218597458915,2.89470600291992
2020-04-18,0.766666666666667,3.78179332639538,2.89937488356979
2020-04-19,0.83469387755102,3.9218597458915,3.27355231850944
2020-04-20,1.04897959183673,3.64172690689925,3.82009720438003
2020-04-21,1.15918367346939,3.64172690689925,4.22143037371178
2020-04-22,1.23061224489796,3.64172690689925,4.48155372420459
2020-04-23,1.17619047619048,3.50166048740313,4.11861971613606
2020-04-24,1.05714285714286,3.64172690689925,3.84982558729349
2020-04-25,0.885714285714286,3.50166048740313,3.1014707174142
2020-04-26,0.695238095238095,3.361594067907,2.33710825673534
2020-04-27,0.419047619047619,2.94139480941863,1.2325844915659
2020-04-28,0.461904761904762,2.66126197042638,1.22924957681599
2020-04-29,0.747619047619048,2.38112913143413,1.78017749350075
2020-04-30,0.985714285714286,2.10099629244188,2.07098205969271
2020-05-01,1.27142857142857,2.241062711938,2.84935116232117
2020-05-02,1.48571428571429,2.38112913143413,3.53767756670213
2020-05-03,1.62857142857143,2.10099629244188,3.42162253340534
2020-05-04,1.66666666666667,1.82086345344963,3.03477242241604
2020-05-05,1.5952380952381,1.96092987294575,3.12815003541346
2020-05-06,1.45238095238095,1.6807970339535,2.44115759693247
2020-05-07,1.54761904761905,1.6807970339535,2.60123350492804
2020-05-08,1.69047619047619,1.26059777546513,2.13101052519105
2020-05-09,2.04761904761905,1.120531355969,2.29442134793652
2020-05-10,2.33333333333333,1.54073061445738,3.59503810040054
2020-05-11,2.45238095238095,2.10099629244188,5.15244328860746
2020-05-12,2.50595238095238,2.38112913143413,5.96699621627242
2020-05-13,2.44246031746032,2.66126197042638,6.50002675713268
2020-05-14,2.32936507936508,2.94139480941863,6.85158235368545
2020-05-15,2.32936507936508,2.94139480941863,6.85158235368545
2020-05-16,2.32936507936508,3.78179332639538,8.8091773118813
2020-05-17,2.30339105339105,4.482125423876,10.3240876015326
2020-05-18,2.40543186971758,4.76225826286825,11.4552877973292
2020-05-19,2.51376520305092,6.02285603833338,15.1400459321475
2020-05-20,2.52963821892393,7.42352023329463,18.7788205010972
2020-05-21,2.4463048855906,8.68411800875975,21.2440003118743
2020-05-22,2.16980718973807,10.084782203721,21.8820329325763
2020-05-23,1.78271041554452,11.6255128181784,20.7249227870129
2020-05-24,1.54529158437569,12.325844915659,19.0470244184877
2020-05-25,1.3908698156682,13.3063098521319,18.5073447312587
2020-05-26,1.23357334869432,14.9871068860854,18.487695628708
2020-05-27,1.10370321882419,16.807970339535,18.5510109656462
2020-05-28,1.03346512358609,17.6483688565118,18.2389737013878
2020-05-29,1.02038752986334,18.9089666319769,19.2944737538711
2020-05-30,1.02933304355268,19.7493651489536,20.3286741370057
2020-05-31,1.04719018640983,19.1890994709691,20.0946366520409
2020-06-01,1.10814256736221,21.290095763411,23.5924613786535
2020-06-02,1.16603427243133,22.2705606998839,25.9682370423269
2020-06-03,1.22050757690464,22.2705606998839,27.1813880761229
2020-06-04,1.23976223528973,22.6907599583723,28.1311472864143
2020-06-05,1.26801348305317,23.3910920558529,29.6602201101594
2020-06-06,1.31283141022404,24.2314905728296,31.8118619405585
2020-06-07,1.34097582016193,24.2314905728296,32.4938429446463
2020-06-08,1.38641136023161,25.0718890898064,34.7599518565747
2020-06-09,1.42025687518178,26.3324868652715,37.3988955110358
2020-06-10,1.50160608153099,27.7331510602328,41.6442682920631
2020-06-11,1.53509867589315,29.4139480941863,45.1533127721751
2020-06-12,1.59054036476382,32.3553429036049,51.4624789039581
2020-06-13,1.55838204689121,33.3358078400778,51.9499244565925
2020-06-14,1.5892654147311,37.3977340054654,59.4349252441994
2020-06-15,1.49518875967884,38.5182653614344,57.5920774107434
2020-06-16,1.46463271841288,43.1404572048065,63.1849251094504
2020-06-17,1.37826704006607,46.5020512727135,64.0922445646436
2020-06-18,1.39012725192628,49.8636453406205,69.3168122683837
2020-06-19,1.32903068215083,51.6845087940702,68.6902979792138
2020-06-20,1.30595090478534,55.6063685399617,72.61918730659
2020-06-21,1.24149359032803,60.508693222326,75.1211547946427
2020-06-22,1.25775375292965,65.1308850656982,81.9186151230117
2020-06-23,1.21046376537083,68.2123462946129,82.568573540556
2020-06-24,1.19460377083979,69.3328776505819,82.825317084559
2020-06-25,1.1451748776609,74.9355344304269,85.8142914738182
2020-06-26,1.11298195772742,79.2775934348068,88.2345311449899
2020-06-27,1.06016144490691,81.2385233077525,86.1259502520506
2020-06-28,1.00357437558099,82.6391875027138,82.934570996556
2020-06-29,0.963254598034932,84.8802502146518,81.7612913016188
2020-06-30,0.969385653781467,83.8997852781789,81.3312482040122
2020-07-01,1.00127799332598,86.9812465070937,87.0924079596152
2020-07-02,1.03378553859761,86.4209808291092,89.3407602125544
2020-07-03,1.09880056062473,90.0627077360084,98.9609537517071
2020-07-04,1.17412107344524,90.4829069944968,106.237887888824
2020-07-05,1.27894230129944,91.3233055114735,116.797238513116
2020-07-06,1.35904904626404,93.1441689649232,126.587493996836
2020-07-07,1.40717804299017,96.5057630328302,135.800790761811
2020-07-08,1.42920172096965,102.388552651667,146.333895657354
2020-07-09,1.41353768846544,103.929283266125,146.907958831868
2020-07-10,1.36995364530105,108.971674367985,149.286142534981
2020-07-11,1.31620000098618,114.434264728334,150.618379348287
2020-07-12,1.26966595526913,119.476655830195,151.695442357006
2020-07-13,1.24216777433292,122.418050639613,152.063757501183
2020-07-14,1.27789880177261,128.721039516939,164.492462161621
2020-07-15,1.32004630063391,136.004493330737,179.532228290829
2020-07-16,1.39791432632802,146.509474792947,204.807693755855
2020-07-17,1.43771608004514,157.854854772133,226.950463019086
2020-07-18,1.45494375033404,169.200234751319,246.176824106483
2020-07-19,1.41926059281591,178.164485599071,252.861833450079
2020-07-20,1.35821897186645,192.451260387676,261.390953018152
2020-07-21,1.25498050666905,200.855245557443,252.069417836817
2020-07-22,1.17680020381915,207.438367273761,244.113512887673
2020-07-23,1.1335996543686,214.861887507056,243.567361414983
2020-07-24,1.138395907296,219.06388009194,249.381424533045
2020-07-25,1.17413616703626,232.650322783064,273.163158252254
2020-07-26,1.20680482745005,243.855636342754,294.28615913934
2020-07-27,1.24467330817568,263.184802233219,327.579098457182
2020-07-28,1.26056514878289,272.709318758955,343.767862975863
2020-07-29,1.27490621575553,282.65403454318,360.35738554748
2020-07-30,1.26977558056205,293.579215263878,372.779718502642
2020-07-31,1.24730814761186,303.523931048103,378.587872191479
2020-08-01,1.19258686889058,315.149443866281,375.843088493096
2020-08-02,1.14238716530596,328.175620879421,374.903617258966
2020-08-03,1.07913818571413,338.960735180623,365.785472791143
2020-08-04,1.02341460303036,346.66438825291,354.781397288613
2020-08-05,0.957641432410417,353.947842066708,338.955118475338
2020-08-06,0.90917774525958,361.231295880507,328.423455105835
2020-08-07,0.879073749638343,365.43328846539,321.242811133941
2020-08-08,0.870396768466273,364.873022787406,317.584299934679
2020-08-09,0.86292458178886,364.592889948414,314.616167081927
2020-08-10,0.865281396581583,366.553819821359,317.17220113734
2020-08-11,0.878232199366537,367.814417596824,323.026464924781
2020-08-12,0.901580331109634,359.830631685545,324.416220058443
2020-08-13,0.926144848765603,351.70677935477,325.731421975361
2020-08-14,0.973878365249119,343.442860604499,334.47157164199
2020-08-15,1.04878559858109,338.68060234163,355.203338254671
2020-08-16,1.12871824430286,333.077945561785,375.951153930503
2020-08-17,1.19584900210015,325.794491747987,389.601017846556
2020-08-18,1.24257797406277,327.895488040429,407.435711233598
2020-08-19,1.27492075022577,333.358078400778,425.00513140854
2020-08-20,1.28718980320736,339.380934439111,436.847678213008
2020-08-21,1.25711533132425,346.244188994421,435.268878366817
2020-08-22,1.19750814359991,351.286580096282,420.66854040266
2020-08-23,1.1558940458832,361.511428719499,417.868907975596
2020-08-24,1.13063773590812,368.234616855313,416.339953484285
2020-08-25,1.10471183856523,375.798203508104,415.148724326947
2020-08-26,1.06950064510298,389.244579779732,416.29732917726
2020-08-27,1.03020970064571,406.752882216747,419.040765025293
2020-08-28,0.998078876016355,420.339324907871,419.531800949522
2020-08-29,0.96650590115602,422.020121941825,407.884938263357
2020-08-30,0.941627250764374,427.342645882678,402.397480776879
2020-08-31,0.922121765032961,431.264505628569,397.678387126284
2020-09-01,0.927841492975435,431.264505628569,400.145102769725
2020-09-02,0.940105515664429,430.704239950585,404.9074315976
2020-09-03,0.970362220079,431.96483772605,419.162358931914
2020-09-04,0.988877126792579,430.003907853104,425.221028907359
2020-09-05,1.01204118440139,431.404572048065,436.599194051697
2020-09-06,1.01765601194784,428.603243658143,436.170667649054
2020-09-07,1.01967756668865,428.32311081915,436.751467396583
2020-09-08,0.999657552157549,423.700918975778,423.555823510231
2020-09-09,0.978780558005725,422.020121941825,413.065090443863
2020-09-10,0.943521638070544,417.11779725946,393.559667338623
2020-09-11,0.928021882908002,409.414144187174,379.945284977749
2020-09-12,0.912577409047385,410.814808382135,374.900313431667
2020-09-13,0.899432856024449,404.651885924305,363.957201452578
2020-09-14,0.882576433491029,400.449893339422,353.427638655369
2020-09-15,0.884431601787856,402.550889631863,356.028728118235
2020-09-16,0.894693429591882,396.808166432522,355.02165931558
2020-09-17,0.906852267052506,385.602852872832,349.684821309642
2020-09-18,0.911300809277042,382.241258804925,348.336768488004
2020-09-19,0.934765642188129,377.759133381049,353.116258907368
2020-09-20,0.962559147034582,371.59621092322,357.683331827537
2020-09-21,0.984473528948964,360.811096622018,355.208973575424
2020-09-22,0.989883202072576,356.749170456631,353.140011188345
2020-09-23,0.996102890422412,354.368041325196,352.987030237357
2020-09-24,0.994773295248035,349.605783062328,347.778496854682
2020-09-25,0.990481946473156,345.263724057948,341.977485451487
2020-09-26,0.96221683926068,338.960735180623,326.153727238975
2020-09-27,0.948734337826372,340.081266536592,322.646775214747
2020-09-28,0.934848193234833,336.439539629692,314.519895755577
2020-09-29,0.933303170606108,328.735886557406,306.810245216036
2020-09-30,0.925224069845149,326.915023103956,302.469648169763
2020-10-01,0.939131327663531,329.996484332871,309.910036455826
2020-10-02,0.946298531286821,324.113694714033,306.708313277835
2020-10-03,0.974581158384366,320.752100646126,312.598953801921
2020-10-04,0.982058519054232,319.771635709654,314.034459000572
2020-10-05,0.997796515497623,317.810705836708,317.110414871707
2020-10-06,0.995643766687428,315.989842383258,314.613316905434
2020-10-07,0.999016445872665,314.729244607793,314.419691360266
2020-10-08,0.983651512020336,308.566322149964,303.521729341366
2020-10-09,0.974880517618843,306.185193018529,298.493979457129
2020-10-10,0.950812973683749,307.025591535506,291.923915684887
2020-10-11,0.935097565694,301.843134014149,282.252779838079
2020-10-12,0.914129823758516,300.862669077677,275.027538659493
2020-10-13,0.899540845013492,297.781207848762,267.866359337413
2020-10-14,0.88278974741133,294.979879458839,260.405213278893
2020-10-15,0.859886915140816,289.797421937483,249.193011165584
2020-10-16,0.844218712375839,289.237156259498,244.179419628643
2020-10-17,0.822242389379108,282.65403454318,232.41012873043
2020-10-18,0.80249025583502,275.930846407366,221.431815526221
2020-10-19,0.784894947917131,266.266263462134,208.991044992201
2020-10-20,0.779596366220301,262.204337296746,204.413548563746
2020-10-21,0.775984598424136,248.898027444614,193.141035875169
2020-10-22,0.79258409458999,240.914241533335,190.944795999532
2020-10-23,0.820149486944114,234.751319075506,192.53117389923
2020-10-24,0.851874206907288,221.58507564287,188.762610575761
2020-10-25,0.875239899032895,215.562219604536,188.668655321981
2020-10-26,0.883509329462213,208.418832210234,184.139982693361
2020-10-27,0.887483342870189,201.835710493916,179.12583105972
2020-10-28,0.880287950923024,192.731393226668,169.659123222043
2020-10-29,0.877428227864625,184.327408056901,161.734070998246
2020-10-30,0.867398089955627,176.623754984614,153.203107714444
2020-10-31,0.867798349364256,170.881031785273,148.29027732092
2020-11-01,0.868275637053525,165.418441424924,143.628802608627
2020-11-02,0.892813361886733,163.177378712986,145.686944072605
2020-11-03,0.906772375845747,155.613792060195,141.106287940789
2020-11-04,0.93995726781342,152.672397250776,143.505529390365
2020-11-05,0.972840261596888,151.131666636319,147.02697010605
2020-11-06,1.02572347757023,147.48993972942,151.283893885884
2020-11-07,1.04219403531438,146.089275534458,152.253371585411
2020-11-08,1.04680364035042,144.688611339497,151.460565067433
2020-11-09,1.01712130167695,142.727681466551,145.171365158591
2020-11-10,0.992708140095642,142.447548627559,141.408841059248
2020-11-11,0.937755897570725,140.066419496125,131.348110934106
2020-11-12,0.873796836996905,137.545223945195,120.186581627342
2020-11-13,0.783844838881641,136.004493330737,106.606420162011
2020-11-14,0.747394090834508,133.903497038296,100.078682428498
2020-11-15,0.712221417197529,129.42137161442,92.17667270687
2020-11-16,0.716385519187718,125.07931261004,89.6050083037862
2020-11-17,0.72157409904444,121.997851381125,88.0304896956927
2020-11-18,0.757666132011473,119.756788669187,90.7356628530982
2020-11-19,0.783300457444591,114.294198308838,89.5266978185756
2020-11-20,0.810153937915882,110.092205723954,89.191634001107
2020-11-21,0.821516461179669,107.150810914536,88.0261549950412
2020-11-22,0.847372782216713,100.427622778722,85.0996341254159
2020-11-23,0.872826807670738,94.4047667403883,82.3990111829138
2020-11-24,0.88175537909931,85.7206487316285,75.5846431189959
2020-11-25,0.905931203275134,84.1799181171712,76.2612145114911
2020-11-26,0.916708913011815,81.0984568882564,74.3436782609691
2020-11-27,0.953519087535761,77.7368628203494,74.1235825043522
2020-11-28,0.951015065116768,74.2352023329463,70.5987957806234
2020-11-29,0.98042643137024,74.7954680109308,73.3314537846238
2020-11-30,0.963847091975367,71.714006782016,69.1213368907479
2020-12-01,0.981998907156885,71.714006782016,70.4230762877812
2020-12-02,0.957764213279334,68.9126783920935,66.0020972051752
2020-12-03,0.968012660484303,69.6130104895742,67.3862754883344
2020-12-04,0.953801670652166,67.3719477776362,64.2594763453998
2020-12-05,1.01994504064476,66.9517485191478,68.2871038645998
2020-12-06,1.07556863571491,67.5120141971323,72.613805004375
2020-12-07,1.17070233592221,64.7106858072098,75.7569510336285
2020-12-08,1.23951793928705,67.5120141971323,83.6823527147477
2020-12-09,1.33317853436621,69.1928112310858,92.2463706657366
2020-12-10,1.40668809567104,71.0136746845354,99.8940908085922
2020-12-11,1.46991964313624,72.5544052989928,106.649145545058
2020-12-12,1.46877378749264,75.075600849923,110.269074608627
2020-12-13,1.44874648241755,78.8573941763184,114.244372425555
2020-12-14,1.37246326066871,84.4600509561634,115.918316931542
2020-12-15,1.28395974381206,89.0822427995355,114.378013643095
2020-12-16,1.16534246794738,92.7239697064348,108.055179695575
2020-12-17,1.04657088223479,95.8054309353495,100.267174376893
2020-12-18,0.924695980343774,99.0269585837604,91.5698305480726
2020-12-19,0.796121529619969,100.567689198218,80.0641025548307
2020-12-20,0.641276136474876,102.248486232171,65.5695142113713
2020-12-21,0.507158093981647,103.36901758814,52.4244339367566
2020-12-22,0.418652620107487,101.268021295698,42.396122448545
2020-12-23,0.37915132723232,95.245165257365,36.1123308197916
2020-12-24,0.328348426849638,88.9421763800394,29.204023694969
2020-12-25,0.260702913241192,82.6391875027138,21.5442769298426
