"fecha","rho7dpromedio","incidenciaAcum14d","riesgopor10"
2020-01-01,2.25,0,0
2020-01-02,1.8,0.530627838858938,0.955130109946088
2020-01-03,1.5,0.795941758288407,1.19391263743261
2020-01-04,1.28571428571429,0.795941758288407,1.02335368922795
2020-01-05,1,0.795941758288407,0.795941758288407
2020-01-06,0.571428571428571,0.795941758288407,0.45482386187909
2020-01-07,0.142857142857143,0.795941758288407,0.113705965469772
2020-01-08,0,0.795941758288407,0
2020-01-09,0,0.795941758288407,0
2020-01-10,0,0.795941758288407,0
2020-01-11,0.142857142857143,0.795941758288407,0.113705965469772
2020-01-12,0.285714285714286,0.795941758288407,0.227411930939545
2020-01-13,0.428571428571429,0.795941758288407,0.341117896409317
2020-01-14,0.428571428571429,0.795941758288407,0.341117896409317
2020-01-15,0.428571428571429,1.06125567771788,0.45482386187909
2020-01-16,0.428571428571429,0.530627838858938,0.227411930939545
2020-01-17,0.428571428571429,0.265313919429469,0.113705965469772
2020-01-18,0.285714285714286,0.265313919429469,0.0758039769798483
2020-01-19,0.142857142857143,0.265313919429469,0.0379019884899241
2020-01-20,0.142857142857143,0.265313919429469,0.0379019884899241
2020-01-21,0.285714285714286,0.265313919429469,0.0758039769798483
2020-01-22,0.428571428571429,0.265313919429469,0.113705965469772
2020-01-23,0.428571428571429,0.265313919429469,0.113705965469772
2020-01-24,0.428571428571429,0.530627838858938,0.227411930939545
2020-01-25,0.571428571428571,0.530627838858938,0.303215907919393
2020-01-26,0.714285714285714,0.530627838858938,0.379019884899241
2020-01-27,1.14285714285714,0.530627838858938,0.606431815838786
2020-01-28,1.42857142857143,0.530627838858938,0.758039769798483
2020-01-29,1.71428571428571,0.530627838858938,0.909647723758179
2020-01-30,1.71428571428571,0.530627838858938,0.909647723758179
2020-01-31,1.71428571428571,1.32656959714734,2.27411930939545
2020-02-01,1.57142857142857,1.32656959714734,2.08460936694583
2020-02-02,1.42857142857143,1.32656959714734,1.89509942449621
2020-02-03,0.857142857142857,1.32656959714734,1.13705965469772
2020-02-04,0.428571428571429,1.32656959714734,0.568529827348862
2020-02-05,0,1.32656959714734,0
2020-02-06,0,1.32656959714734,0
2020-02-07,0,1.06125567771788,0
2020-02-08,0,1.06125567771788,0
2020-02-09,0.142857142857143,1.06125567771788,0.151607953959697
2020-02-10,0.285714285714286,1.06125567771788,0.303215907919393
2020-02-11,0.428571428571429,1.06125567771788,0.45482386187909
2020-02-12,0.428571428571429,0.795941758288407,0.341117896409317
2020-02-13,0.428571428571429,1.06125567771788,0.45482386187909
2020-02-14,0.428571428571429,0.265313919429469,0.113705965469772
2020-02-15,0.428571428571429,0.265313919429469,0.113705965469772
2020-02-16,0.285714285714286,0.265313919429469,0.0758039769798483
2020-02-17,0.285714285714286,0.265313919429469,0.0758039769798483
2020-02-18,0.285714285714286,0.265313919429469,0.0758039769798483
2020-02-19,0.428571428571429,0.265313919429469,0.113705965469772
2020-02-20,0.428571428571429,0.265313919429469,0.113705965469772
2020-02-21,0.428571428571429,0.530627838858938,0.227411930939545
2020-02-22,0.428571428571429,0.530627838858938,0.227411930939545
2020-02-23,0.428571428571429,0.530627838858938,0.227411930939545
2020-02-24,0.285714285714286,0.530627838858938,0.151607953959697
2020-02-25,0.142857142857143,0.530627838858938,0.0758039769798483
2020-02-26,0,0.530627838858938,0
2020-02-27,0,0.265313919429469,0
2020-02-28,0,0.265313919429469,0
2020-02-29,0,0.265313919429469,0
2020-03-01,0,0.265313919429469,0
2020-03-02,0,0.265313919429469,0
2020-03-03,0,0.265313919429469,0
2020-03-04,0,0.265313919429469,0
2020-03-05,0,0.265313919429469,0
2020-03-06,0,0,0
2020-03-07,0.142857142857143,0,0
2020-03-08,0.285714285714286,0,0
2020-03-09,0.428571428571429,0,0
2020-03-10,0.428571428571429,0,0
2020-03-11,0.428571428571429,0.265313919429469,0.113705965469772
2020-03-12,0.428571428571429,0.265313919429469,0.113705965469772
2020-03-13,0.428571428571429,0.265313919429469,0.113705965469772
2020-03-14,0.285714285714286,0.265313919429469,0.0758039769798483
2020-03-15,0.285714285714286,0.265313919429469,0.0758039769798483
2020-03-16,0.571428571428571,0.265313919429469,0.151607953959697
2020-03-17,1,0.265313919429469,0.265313919429469
2020-03-18,1.28571428571429,0.265313919429469,0.341117896409317
2020-03-19,1.28571428571429,0.530627838858938,0.682235792818635
2020-03-20,1.28571428571429,1.06125567771788,1.36447158563727
2020-03-21,1.33333333333333,1.06125567771788,1.4150075702905
2020-03-22,1.23809523809524,1.06125567771788,1.31393560098404
2020-03-23,0.880952380952381,1.06125567771788,0.934915716084795
2020-03-24,0.452380952380952,1.06125567771788,0.480091854205706
2020-03-25,0.166666666666667,1.06125567771788,0.176875946286313
2020-03-26,0.166666666666667,1.06125567771788,0.176875946286313
2020-03-27,0.166666666666667,1.06125567771788,0.176875946286313
2020-03-28,0.119047619047619,1.06125567771788,0.12633996163308
2020-03-29,0.0714285714285714,1.06125567771788,0.0758039769798483
2020-03-30,0,1.06125567771788,0
2020-03-31,0,1.06125567771788,0
2020-04-01,0,1.06125567771788,0
2020-04-02,0,0.795941758288407,0
2020-04-03,0,0.265313919429469,0
2020-04-04,0,0.265313919429469,0
2020-04-05,0,0.265313919429469,0
2020-04-06,0,0.265313919429469,0
2020-04-07,0,0.265313919429469,0
2020-04-08,0,0,0
2020-04-09,0,0,0
2020-04-10,0,0,0
2020-04-11,0,0,0
2020-04-12,0,0,0
2020-04-13,0,0,0
2020-04-14,0.142857142857143,0,0
2020-04-15,0.285714285714286,0,0
2020-04-16,0.714285714285714,0,0
2020-04-17,1,0,0
2020-04-18,1.28571428571429,0.265313919429469,0.341117896409317
2020-04-19,1.28571428571429,0.265313919429469,0.341117896409317
2020-04-20,1.28571428571429,0.795941758288407,1.02335368922795
2020-04-21,1.14285714285714,0.795941758288407,0.909647723758179
2020-04-22,1,0.795941758288407,0.795941758288407
2020-04-23,0.571428571428571,0.795941758288407,0.45482386187909
2020-04-24,0.285714285714286,0.795941758288407,0.227411930939545
2020-04-25,0,0.795941758288407,0
2020-04-26,0,0.795941758288407,0
2020-04-27,0,0.795941758288407,0
2020-04-28,0,0.795941758288407,0
2020-04-29,0,0.795941758288407,0
2020-04-30,0,0.795941758288407,0
2020-05-01,0,0.795941758288407,0
2020-05-02,0,0.530627838858938,0
2020-05-03,0,0.530627838858938,0
2020-05-04,0,0,0
2020-05-05,0,0,0
2020-05-06,0,0,0
2020-05-07,0,0,0
2020-05-08,0,0,0
2020-05-09,0,0,0
2020-05-10,0.142857142857143,0,0
2020-05-11,0.285714285714286,0,0
2020-05-12,0.428571428571429,0,0
2020-05-13,0.428571428571429,0,0
2020-05-14,0.428571428571429,0.265313919429469,0.113705965469772
2020-05-15,0.428571428571429,0.265313919429469,0.113705965469772
2020-05-16,0.428571428571429,0.265313919429469,0.113705965469772
2020-05-17,0.285714285714286,0.265313919429469,0.0758039769798483
2020-05-18,0.142857142857143,0.265313919429469,0.0379019884899241
2020-05-19,0,0.265313919429469,0
2020-05-20,0.142857142857143,0.265313919429469,0.0379019884899241
2020-05-21,0.428571428571429,0.265313919429469,0.113705965469772
2020-05-22,0.714285714285714,0.265313919429469,0.189509942449621
2020-05-23,0.857142857142857,0.265313919429469,0.227411930939545
2020-05-24,0.857142857142857,0.530627838858938,0.45482386187909
2020-05-25,0.857142857142857,0.795941758288407,0.682235792818634
2020-05-26,0.857142857142857,0.795941758288407,0.682235792818634
2020-05-27,0.714285714285714,0.795941758288407,0.568529827348862
2020-05-28,0.571428571428571,0.530627838858938,0.303215907919393
2020-05-29,0.428571428571429,0.530627838858938,0.227411930939545
2020-05-30,0.428571428571429,0.530627838858938,0.227411930939545
2020-05-31,0.428571428571429,0.530627838858938,0.227411930939545
2020-06-01,0.571428571428571,0.795941758288407,0.45482386187909
2020-06-02,0.857142857142857,0.795941758288407,0.682235792818634
2020-06-03,1.42857142857143,0.795941758288407,1.13705965469772
2020-06-04,1.85714285714286,0.795941758288407,1.47817755110704
2020-06-05,2.28571428571429,1.06125567771788,2.42572726335514
2020-06-06,2.71428571428571,1.32656959714734,3.60068890654279
2020-06-07,3,1.59188351657681,4.77565054973044
2020-06-08,3.07142857142857,1.85719743600628,5.70424926773358
2020-06-09,3.04285714285714,2.38782527486522,7.26581119351846
2020-06-10,2.68571428571429,2.38782527486522,6.41301645249516
2020-06-11,2.57857142857143,2.91845311372416,7.52543981467444
2020-06-12,2.54285714285714,3.97970879144203,10.1198309268097
2020-06-13,2.44761904761905,4.77565054973044,11.6889732502926
2020-06-14,2.51111111111111,5.30627838858938,13.3246546202356
2020-06-15,2.69365079365079,7.16347582459566,19.2959023402204
2020-06-16,2.75518925518926,8.49004542174301,23.3916819220551
2020-06-17,2.83614163614164,10.3472428577493,29.3462462881319
2020-06-18,2.57185592185592,13.000382052044,33.4351095669388
2020-06-19,2.21146631146631,14.8575794880503,32.857036507756
2020-06-20,1.86099012099012,17.510718682345,32.5872744792811
2020-06-21,1.61030593927146,20.1638578766396,32.4699800973784
2020-06-22,1.30564644106357,20.959799634928,27.3660877987493
2020-06-23,1.08900593870878,23.0823109903638,25.1367737476292
2020-06-24,0.894296943999788,24.9395084263701,22.3033261705597
2020-06-25,0.798193047895892,25.2048223457995,20.1183139698682
2020-06-26,0.71572551542836,26.7967058623764,19.1790861151315
2020-06-27,0.690011229714074,27.8579615400942,19.2223062996078
2020-06-28,0.691489062226389,27.8579615400942,19.2634757008986
2020-06-29,0.742180306466021,27.5926476206648,20.4787196673139
2020-06-30,0.89013949013949,27.3273337012353,24.3251388876893
2020-07-01,1.0973026973027,26.2660780235174,28.8218382627688
2020-07-02,1.29952904238619,25.470136265229,33.0991817901987
2020-07-03,1.54340659340659,25.7354501846585,39.7202634992888
2020-07-04,1.77423366107577,26.000764104088,46.1314308871633
2020-07-05,1.89872345699413,24.6741945069406,46.8494718927639
2020-07-06,1.95994794679005,26.2660780235174,51.4801456924203
2020-07-07,1.88137651821862,27.5926476206648,51.9121593089997
2020-07-08,1.71654135338346,30.5111007343889,52.373566147827
2020-07-09,1.50457474855971,32.6336120898247,49.0997087046431
2020-07-10,1.22628161312372,32.8989260092541,40.343348056666
2020-07-11,0.977597402597403,34.7561234452604,33.9774960044413
2020-07-12,0.840409193980623,36.3480069618372,30.5471992335997
2020-07-13,0.740223665223665,36.3480069618372,26.9056549368665
2020-07-14,0.627908394287705,36.0826930424078,22.6566258498344
2020-07-15,0.580289346668657,38.7358322367025,22.4779907813028
2020-07-16,0.573090024251943,38.470518317273,22.0470702754308
2020-07-17,0.618544569706489,37.4092626395551,23.1392962624207
2020-07-18,0.631639807801727,34.490809525831,21.7857682998218
2020-07-19,0.818147744309663,34.2254956064015,28.0015120282577
2020-07-20,1.05948973565165,33.1642399286836,35.137171795129
2020-07-21,1.3575192923019,29.98047289553,40.6990703480162
2020-07-22,1.55692405420666,26.7967058623764,41.7204359306345
2020-07-23,1.75568181818182,27.5926476206648,48.4439097430989
2020-07-24,1.86917701863354,27.0620197818058,50.5837054539577
2020-07-25,1.98083547511958,26.5313919429469,52.5543223648911
2020-07-26,1.94376064518761,27.5926476206648,53.6335025415777
2020-07-27,1.92752687895384,27.8579615400942,53.6969696613941
2020-07-28,2.07038402181099,31.0417285732479,64.2682988474459
2020-07-29,2.24512891977017,32.6336120898247,73.2666662594269
2020-07-30,2.45261191296745,37.4092626395551,91.750403205101
2020-07-31,2.57019597807775,44.8380523835803,115.242581901118
2020-08-01,2.64337461432354,59.1650040327716,156.395269716578
2020-08-02,2.56862971636435,64.7365963407904,166.284345097238
2020-08-03,2.40981172276375,79.5941758288407,191.80697797606
2020-08-04,2.04971320059626,91.0026743643079,186.529382934085
2020-08-05,1.73788847070431,100.02334762491,173.82942263858
2020-08-06,1.3913834257333,107.186823449505,149.137969604643
2020-08-07,1.23413584030217,119.656577662691,147.672471021426
2020-08-08,1.12194386401108,128.411937003863,144.070984787261
2020-08-09,1.11991382664402,138.228552022753,154.804066647263
2020-08-10,1.10115606266886,151.759561913656,167.110961669193
2020-08-11,1.11344879585409,161.045549093688,179.315972716027
2020-08-12,1.12405936919735,169.80090843486,190.866302024426
2020-08-13,1.1583786703056,178.556267776033,206.835772041131
2020-08-14,1.18909652868651,183.066604406334,217.683863817997
2020-08-15,1.22786201422241,183.331918325763,225.10629850673
2020-08-16,1.29664896908039,197.393556055525,255.950150962509
2020-08-17,1.35489781700666,198.720125652672,269.245464442094
2020-08-18,1.41909016061077,208.802054590992,296.308941185389
2020-08-19,1.42825646353525,218.883983529312,312.622464240084
2020-08-20,1.44289710239949,234.272190856221,338.030665359223
2020-08-21,1.40741259846997,244.8847476334,344.653878992386
2020-08-22,1.37292507341641,263.191408074033,361.342083252609
2020-08-23,1.28194997350688,270.885511737488,347.261674595271
2020-08-24,1.19677652240601,287.865602580974,344.51079477717
2020-08-25,1.08333781358915,305.111007343889,330.538291597913
2020-08-26,0.990988870520001,315.458250201639,312.615615063538
2020-08-27,0.886956323180992,324.74423738167,288.033954762261
2020-08-28,0.823295280579889,329.5198879314,271.292168591136
2020-08-29,0.792852947348711,332.438341045125,263.574718509343
2020-08-30,0.798567803326601,325.274865220529,259.754034596514
2020-08-31,0.82603951896321,331.377085367407,273.730568192323
2020-09-01,0.841575085480497,331.377085367407,278.878698944353
2020-09-02,0.866859816294874,330.315829689689,286.337519444093
2020-09-03,0.876789243077123,322.621726026234,282.871258962777
2020-09-04,0.892802430407866,312.009169249055,278.562544615096
2020-09-05,0.881797877192157,294.76376448614,259.922061797047
2020-09-06,0.905658346490008,292.906567050134,265.273277190689
2020-09-07,0.916020324937093,275.395848367789,252.268194508188
2020-09-08,0.9694497455446,263.987349832322,255.922469121938
2020-09-09,0.997745484892971,254.170734813431,253.59770305203
2020-09-10,1.03749229414403,250.721653860848,260.121783855676
2020-09-11,1.02994904577921,250.456339941419,257.957268332018
2020-09-12,1.01494904577921,250.456339941419,254.200423232897
2020-09-13,0.952900564414836,252.313537377425,240.429712176452
2020-09-14,0.903964963932844,242.496922358535,219.208721673658
2020-09-15,0.855177624294301,234.80281869508,200.798116669264
2020-09-16,0.867916423956177,229.231226387061,198.953546264947
2020-09-17,0.902987404382349,223.659634079042,201.96183244214
2020-09-18,0.979029926409025,222.598378401324,217.930474025017
2020-09-19,1.06554198577823,224.190261917901,238.884136876141
2020-09-20,1.13881495693852,224.455575837331,255.613366931801
2020-09-21,1.19460682963992,228.700598548202,273.207296968419
2020-09-22,1.21576705063439,227.639342870484,276.75641249
2020-09-23,1.20932603769284,233.741563017362,282.669758247917
2020-09-24,1.17188448954792,226.047459353908,264.901511518559
2020-09-25,1.13045288505899,230.823109903638,260.934650528857
2020-09-26,1.07175753728009,230.823109903638,247.386407817654
2020-09-27,1.04099374661531,231.884365581356,241.390174508049
2020-09-28,1.02457758983602,239.047841405952,244.923061203214
2020-09-29,1.05347246854222,241.170352761387,254.066326862737
2020-09-30,1.08305380270102,245.415375472259,265.798055646529
2020-10-01,1.13393400747708,252.844165216284,286.708597530897
2020-10-02,1.18182646589585,261.599524557456,309.165241587774
2020-10-03,1.24361395962405,272.212081334635,338.526744326069
2020-10-04,1.28368847847115,272.742709173494,350.116673353022
2020-10-05,1.33226053196446,283.620579870102,377.856504613812
2020-10-06,1.3534262287252,293.437194888993,397.145596046311
2020-10-07,1.37351492842141,302.988495988454,416.159222380091
2020-10-08,1.36228085732818,321.560470348516,438.055673229231
2020-10-09,1.34290347357833,332.173027125695,446.076311956125
2020-10-10,1.31236550928139,351.540943244046,461.350209013732
2020-10-11,1.28403808351094,370.112917604109,475.239081403022
2020-10-12,1.23628653365768,386.031752769877,477.245857513669
2020-10-13,1.18032234373291,409.91000551853,483.825938433201
2020-10-14,1.11695799445264,429.80854947574,480.07809542102
2020-10-15,1.06460965785773,444.66612896379,473.395855417061
2020-10-16,1.02457741818327,462.442161565564,473.807795955937
2020-10-17,0.999314040964586,468.279067793013,467.957847535365
2020-10-18,0.982616452838426,481.544763764486,473.173807653177
2020-10-19,0.958789163787008,490.034809186229,469.840064926191
2020-10-20,0.929672475550118,503.035191238273,467.657971527312
2020-10-21,0.898901888352093,512.586492337734,460.764965906165
2020-10-22,0.866538166404212,507.014900029715,439.347761811364
2020-10-23,0.828730526861064,502.769877318844,416.660745320318
2020-10-24,0.791258195271085,488.973553508511,386.904331484434
2020-10-25,0.762783291796181,480.218194167339,366.30241492738
2020-10-26,0.753817668557286,470.932206987307,354.997018319709
2020-10-27,0.762712063261692,452.360232627245,345.020606364665
2020-10-28,0.79334223335185,438.298594897483,347.720786150947
2020-10-29,0.809176740874235,419.72662053742,339.633018864626
2020-10-30,0.832100098768309,405.399668888229,337.333104522535
2020-10-31,0.82039541689556,396.378995627627,325.18751136657
2020-11-01,0.815497955030885,386.031752769877,314.808104960823
2020-11-02,0.788140491381349,359.76567474636,283.545895676739
2020-11-03,0.804864406016182,339.336502950291,273.119872886694
2020-11-04,0.816003539115387,313.866366685062,256.116066024298
2020-11-05,0.878222494494149,302.723182069024,265.858308097865
2020-11-06,0.907323202671551,290.784055694698,263.835120698736
2020-11-07,0.968723624909412,289.192172178121,280.147289327816
2020-11-08,0.984502746054761,278.844929320372,274.523598639352
2020-11-09,0.998197697719637,269.028314301482,268.543443957134
2020-11-10,0.963246907708251,266.109861187757,256.329500899779
2020-11-11,0.938596163067877,256.823874007726,241.05390272788
2020-11-12,0.895762372922722,253.374793055143,226.963605865878
2020-11-13,0.88995984762251,240.639724922528,214.159692923976
2020-11-14,0.893054454165392,231.619051661926,206.848425756247
2020-11-15,0.925988062693274,227.108715031625,210.299959052894
2020-11-16,0.965979508373343,230.823109903638,222.970394225922
2020-11-17,0.994457492382265,225.516831515049,224.266902758449
2020-11-18,1.00750297753962,227.904656789914,229.614620310984
2020-11-19,1.01096361729468,224.98620367619,227.452866309878
2020-11-20,1.00887207587729,224.98620367619,226.982298346549
2020-11-21,0.988555183467377,216.496158254447,214.018399443207
2020-11-22,0.962500533419438,214.90427473787,206.845479069317
2020-11-23,0.922929255806597,212.781763382434,196.382514527765
2020-11-24,0.882627836173952,207.740798913274,183.357811829871
2020-11-25,0.841975446185699,208.802054590992,175.806203078741
2020-11-26,0.794821642135343,204.82234579955,162.797233234411
2020-11-27,0.737403834717536,200.312009169249,147.710843701378
2020-11-28,0.691099848006572,196.597614297236,135.868581359275
2020-11-29,0.681009695440691,188.903510633782,128.645122244389
2020-11-30,0.689601543394826,180.678779131468,124.596364947754
2020-12-01,0.707261278868933,171.923419790296,121.594777748405
2020-12-02,0.723336095892517,164.494630046271,118.984903492953
2020-12-03,0.766196970649943,160.249607335399,122.782763688226
2020-12-04,0.796558501011474,149.371736638791,118.983326630476
2020-12-05,0.851053574903099,142.473574733625,121.252645106275
2020-12-06,0.895976751587718,133.452901473023,119.570697151755
2020-12-07,0.978579642398655,126.024111728998,123.324630189371
2020-12-08,1.02651746407065,117.003438468396,120.106072944124
2020-12-09,1.09427185440569,111.962473999236,122.517384046993
2020-12-10,1.12117103049841,110.635904402089,124.041770948614
2020-12-11,1.16929512862251,108.513393046653,126.884181879751
2020-12-12,1.15497862615946,107.186823449505,123.798490090106
2020-12-13,1.12245652641047,106.125567771788,119.121336164459
2020-12-14,1.04115907989563,107.717451288364,112.151002472096
2020-12-15,1.00909276295652,110.635904402089,111.641890455297
2020-12-16,0.953945971960673,107.452137368935,102.50353362166
2020-12-17,0.938584988857755,105.594939932929,99.1098255203831
2020-12-18,0.938188163460929,107.186823449505,100.561409039302
2020-12-19,0.994776001298767,109.8399626438,109.266158821605
2020-12-20,1.02975743573301,110.635904402089,113.928145217097
2020-12-21,1.09411530009087,110.370590482659,120.758151727141
2020-12-22,1.18597534951811,115.14624103239,136.560603454084
2020-12-23,1.32421587254386,112.758415757524,149.316483909013
2020-12-24,1.46165864907957,113.554357515813,165.977708803662
2020-12-25,1.57951579193672,119.391263743261,188.580386501762
2020-12-26,1.64091264797643,126.289425648427,207.229915852183
2020-12-27,1.68471272614723,134.514157150741,226.617712398822
2020-12-28,1.67111094331468,144.596086089061,241.636101823901
2020-12-29,1.61723114963897,152.290189752515,246.288438652197
2020-12-30,1.51865554918602,163.168060449123,247.796080450981
2020-12-31,1.4532259785104,177.229698178885,257.554801557114
2021-01-01,1.3779268933591,185.454429681199,255.542646150298
2021-01-02,1.34121911979742,198.454811733243,266.171387912422
2021-01-03,1.29889054453169,213.843019060152,277.758675471342
2021-01-04,1.29123040344745,240.374411003099,310.378747697975
2021-01-05,1.2519353949359,252.844165216284,316.544559837286
2021-01-06,1.21741790901176,268.232372543193,326.550894110799
2021-01-07,1.13447129753135,282.824638111814,320.856434172544
2021-01-08,1.0690942649073,290.518741775268,310.591920680024
2021-01-09,1.00577994301663,298.743473277582,300.470193529717
2021-01-10,0.978299518985423,306.702890860466,300.047290600233
2021-01-11,0.949017392358164,311.743855329626,295.850340668602
2021-01-12,0.922376709823113,315.192936282209,290.72662352747
2021-01-13,0.893689966687203,327.132062656535,292.354642177835
2021-01-14,0.868127223604359,324.74423738167,281.919313179664
2021-01-15,0.839302207592865,325.540179139958,273.226591012344
2021-01-16,0.799993570752302,317.050133718215,253.63806858073
2021-01-17,0.776535705292279,311.743855329626,242.080234568925
2021-01-18,0.769555359328883,299.8047289553,230.716335919694
2021-01-19,0.779636939008126,292.110625291845,227.740233754284
2021-01-20,0.789804343582279,282.294010272955,222.95703548084
2021-01-21,0.802266461799793,270.620197818058,217.109508595054
2021-01-22,0.842068347466341,265.579233348898,223.635866147485
2021-01-23,0.884576259722152,254.436048732861,225.068088326597
2021-01-24,0.90452955247496,241.966294519676,218.865664095907
2021-01-25,0.916470393465077,234.272190856221,214.703526931927
2021-01-26,0.9383816329278,227.904656789914,213.861543990369
2021-01-27,0.963964102177621,213.843019060152,206.136993875271
2021-01-28,0.981103551875211,205.352973638409,201.47253182478
2021-01-29,0.975937665130377,202.965148363544,198.081332996757
2021-01-30,0.9542797595439,202.699834444114,193.432349272918
2021-01-31,0.920216208036769,198.720125652672,182.865480488692
2021-02-01,0.885485341134413,192.087277666936,170.090468592487
2021-02-02,0.859807221785408,188.372882794923,161.964365015611
2021-02-03,0.836850684187524,183.862546164622,153.865497554324
2021-02-04,0.815984984720519,179.086895614892,146.132217781962
2021-02-05,0.812153864384544,176.168442501167,143.075881359929
2021-02-06,0.817114181844862,174.84187290402,142.865773930192
2021-02-07,0.824776419401755,169.270280596001,139.6101359411
2021-02-08,0.818510755241354,163.168060449123,133.554812389479
2021-02-09,0.807632642528379,158.923037738252,128.351432927182
2021-02-10,0.790076725997078,152.290189752515,120.320934521141
2021-02-11,0.771967403930922,148.841108799932,114.900484358483
2021-02-12,0.722862696050169,140.881691217048,101.838119137263
2021-02-13,0.715343899057688,133.452901473023,95.4647188802737
2021-02-14,0.736277272407028,126.289425648427,92.9840338502741
2021-02-15,0.786028516188122,117.268752387825,92.1765834346346
2021-02-16,0.803546467935303,109.574648724371,88.0483219577196
2021-02-17,0.816294468465549,108.513393046653,88.5788824984106
2021-02-18,0.801744203915284,106.921509530076,85.7237005396112
2021-02-19,0.755170166997146,98.9620919471919,74.7332195021479
2021-02-20,0.677179760308184,92.8598718003141,62.8828257279854
2021-02-21,0.633180308594842,88.3495351700132,55.9411859431598
2021-02-22,0.556831295686945,80.6554315065586,44.9114684299866
2021-02-23,0.509419401298822,70.8388164876682,36.086667483865
