"fecha","rho7dpromedio","incidenciaAcum14d","riesgopor10"
2020-04-03,0.5,0.0687907413165447,0.0343953706582724
2020-04-04,0.4,0.0687907413165447,0.0275162965266179
2020-04-05,0.333333333333333,0.0687907413165447,0.0229302471055149
2020-04-06,0.285714285714286,0.0687907413165447,0.0196544975190128
2020-04-07,0.142857142857143,0.0687907413165447,0.00982724875950639
2020-04-08,0,0.0687907413165447,0
2020-04-09,0,0.0687907413165447,0
2020-04-10,0,0.0687907413165447,0
2020-04-11,0,0.0687907413165447,0
2020-04-12,0,0.0687907413165447,0
2020-04-13,0,0.0687907413165447,0
2020-04-14,0,0.0687907413165447,0
2020-04-15,0,0.0687907413165447,0
2020-04-16,0,0.0687907413165447,0
2020-04-17,0,0,0
2020-04-18,0,0,0
2020-04-19,0,0,0
2020-04-20,0,0,0
2020-04-21,0,0,0
2020-04-22,0,0,0
2020-04-23,0,0,0
2020-04-24,0,0,0
2020-04-25,0,0,0
2020-04-26,0,0,0
2020-04-27,0,0,0
2020-04-28,0,0,0
2020-04-29,0,0,0
2020-04-30,0,0,0
2020-05-01,0,0,0
2020-05-02,0,0,0
2020-05-03,0,0,0
2020-05-04,0,0,0
2020-05-05,0,0,0
2020-05-06,0.142857142857143,0,0
2020-05-07,0.285714285714286,0,0
2020-05-08,0.428571428571429,0,0
2020-05-09,0.428571428571429,0,0
2020-05-10,0.428571428571429,0.0687907413165447,0.0294817462785192
2020-05-11,0.428571428571429,0.0687907413165447,0.0294817462785192
2020-05-12,0.571428571428571,0.0687907413165447,0.0393089950380256
2020-05-13,0.571428571428571,0.0687907413165447,0.0393089950380256
2020-05-14,0.571428571428571,0.0687907413165447,0.0393089950380256
2020-05-15,0.428571428571429,0.0687907413165447,0.0294817462785192
2020-05-16,0.428571428571429,0.137581482633089,0.0589634925570383
2020-05-17,0.428571428571429,0.137581482633089,0.0589634925570383
2020-05-18,0.428571428571429,0.137581482633089,0.0589634925570383
2020-05-19,0.285714285714286,0.137581482633089,0.0393089950380256
2020-05-20,0.142857142857143,0.137581482633089,0.0196544975190128
2020-05-21,0,0.137581482633089,0
2020-05-22,0,0.137581482633089,0
2020-05-23,0,0.137581482633089,0
2020-05-24,0.142857142857143,0.0687907413165447,0.00982724875950639
2020-05-25,0.285714285714286,0.0687907413165447,0.0196544975190128
2020-05-26,0.714285714285714,0.0687907413165447,0.0491362437975319
2020-05-27,1,0.0687907413165447,0.0687907413165447
2020-05-28,1.28571428571429,0.137581482633089,0.176890477671115
2020-05-29,1.42857142857143,0.137581482633089,0.196544975190128
2020-05-30,1.71428571428571,0.206372223949634,0.35378095534223
2020-05-31,1.71428571428571,0.206372223949634,0.35378095534223
2020-06-01,2,0.206372223949634,0.412744447899268
2020-06-02,2.14285714285714,0.275162965266179,0.589634925570383
2020-06-03,2.42857142857143,0.343953706582724,0.835316144558043
2020-06-04,2.71428571428571,0.412744447899268,1.12030635858373
2020-06-05,3.14285714285714,0.687907413165447,2.16199472709141
2020-06-06,3.16666666666667,1.03186111974817,3.26756021253587
2020-06-07,3.1952380952381,1.23823334369781,3.95645035057727
2020-06-08,2.87380952380952,1.51339630896398,4.34921272599888
2020-06-09,2.39761904761905,1.92614075686325,4.6181517670507
2020-06-10,1.93608058608059,2.13251298081289,4.12871698171667
2020-06-11,1.48553113553114,2.27009446344598,3.37229600604584
2020-06-12,1.12838827838828,2.47646668739561,2.79441598187626
2020-06-13,1.16807081807082,2.47646668739561,2.89268846947132
2020-06-14,1.44307081807082,2.82042039397833,4.07006636524193
2020-06-15,1.59307081807082,3.09558335924451,4.93148351451807
2020-06-16,1.65367687867688,3.64590928977687,6.02915589425725
2020-06-17,1.62315184815185,4.19623522030923,6.8111269531248
2020-06-18,1.55422077922078,4.6089796682085,7.16337197133574
2020-06-19,1.36850649350649,4.47139818557541,6.1191374520131
2020-06-20,1.01930014430014,4.33381670294232,4.41745999067948
2020-06-21,0.584776334776335,4.47139818557541,2.61476784228634
2020-06-22,0.356204906204906,4.19623522030923,1.49471957306397
2020-06-23,0.271789321789322,3.78349077240996,1.02831239102946
2020-06-24,0.335281385281385,3.57711854846033,1.19934126224352
2020-06-25,0.854761904761905,3.43953706582724,2.93998525388566
2020-06-26,1.39761904761905,3.30195558319415,4.6148760174642
2020-06-27,1.96904761904762,3.30195558319415,6.50170777928943
2020-06-28,2.52857142857143,3.09558335924451,7.82740363694684
2020-06-29,3.07142857142857,3.2331648418776,9.93043487148121
2020-06-30,3.57142857142857,3.02679261792797,10.809973635457
2020-07-01,3.90816326530612,3.2331648418776,12.6357360657053
2020-07-02,3.62840136054422,4.33381670294232,15.7248264213052
2020-07-03,3.26951634312262,5.15930559874085,16.8684339742472
2020-07-04,2.90800030813719,5.98479449453939,17.4037842342583
2020-07-05,2.55085745099433,6.87907413165447,17.5475375046732
2020-07-06,2.18915532333476,7.97972599271919,17.468859635714
2020-07-07,1.76933025044846,9.8370760082659,17.4050361573857
2020-07-08,1.40917635282384,11.8320075064457,16.6733851845174
2020-07-09,1.2147319083794,13.2766130740931,16.127525536308
2020-07-10,1.11757296975704,14.4460556764744,16.1445213436331
2020-07-11,1.09813662379008,15.1339630896398,16.6191591318208
2020-07-12,1.14483992049338,16.4409871746542,18.8222984498638
2020-07-13,1.1900154375087,17.1288945878196,20.3836489869645
2020-07-14,1.25415537919966,18.5047094141505,23.2077808522835
2020-07-15,1.32746120426192,21.1187575841792,28.0343313752102
2020-07-16,1.36843773980368,20.8435946189131,28.5231615096895
2020-07-17,1.40493282366718,21.3939205494454,30.0570212068437
2020-07-18,1.35731377604813,22.6321538931432,30.7189342608047
2020-07-19,1.28937495810932,23.4576427889418,30.2456971883351
2020-07-20,1.19077551833341,24.1455502021072,28.7519300573595
2020-07-21,1.15480735899905,25.383783545805,29.3133800379345
2020-07-22,1.12047943641087,24.7646668739561,27.7482999818333
2020-07-23,1.15810485447107,25.6589465110712,29.7157505150851
2020-07-24,1.17765372665152,27.0347613374021,31.837587438126
2020-07-25,1.2575308387867,28.8921113529488,36.3327210239924
2020-07-26,1.28259289063446,29.8551817313804,38.2920438372684
2020-07-27,1.36608628799341,31.3685780403444,42.8521843347656
2020-07-28,1.43758651729861,32.8131836079918,47.1717903444929
2020-07-29,1.54940877095255,33.5010910211573,51.9068842646608
2020-07-30,1.60905257542394,36.5966743804018,58.8859731637368
2020-07-31,1.68073177341893,39.4858855156967,66.3651823878136
2020-08-01,1.68216165216521,41.9623522030923,70.5874597106922
2020-08-02,1.69320096636805,46.3649596473511,78.5051944805105
2020-08-03,1.62898717512468,49.8044967131784,81.1308864093068
2020-08-04,1.53670748082018,55.0325930532358,84.56899743384
2020-08-05,1.38232603752121,60.3982708759263,83.4901024530518
2020-08-06,1.25145854148714,64.663296837552,80.9234351480732
2020-08-07,1.08972509394424,67.8276709381131,73.9135150850541
2020-08-08,0.965407350374606,70.9920450386741,68.5362420984611
2020-08-09,0.836148379888201,73.1933487608036,61.200499984938
2020-08-10,0.771341071166161,74.9819080350338,57.8366252618255
2020-08-11,0.720149488070812,75.1194895176668,54.0972619202885
2020-08-12,0.762229344068194,76.6328858266308,58.4118342976856
2020-08-13,0.823196625374458,76.0137691547819,62.5742782502096
2020-08-14,0.939210936366311,74.7755358110841,70.2300010064209
2020-08-15,1.04779545954629,74.2940006218683,77.8449165231226
2020-08-16,1.25289848881095,74.0876283979187,92.8242776593393
2020-08-17,1.42137708031569,73.881256173969,105.013124190611
2020-08-18,1.57147423815621,71.9551154171058,113.075610181538
2020-08-19,1.6242103261063,72.1614876410554,117.205433373795
2020-08-20,1.60042961243795,76.0825598960985,121.7647818478
2020-08-21,1.46338580715165,79.5220969619257,116.37150804902
2020-08-22,1.26376870210237,81.9297729080048,103.540282771491
2020-08-23,0.961924344727523,85.9196359043644,82.648189466533
2020-08-24,0.706229170780138,82.8928432864364,58.5413439777879
2020-08-25,0.523049076824615,79.6596784445588,41.6659212705722
2020-08-26,0.332717257948293,74.1564191392352,24.6731204352707
