"fecha","rho7dpromedio","incidenciaAcum14d","riesgopor10"
2020-01-02,0,0,0
2020-01-03,0,0,0
2020-01-04,0,0,0
2020-01-05,0,0,0
2020-01-06,0,0,0
2020-01-07,0,0,0
2020-01-08,0,0,0
2020-01-09,0,0,0
2020-01-10,0,0,0
2020-01-11,0,0,0
2020-01-12,0,0,0
2020-01-13,0,0,0
2020-01-14,0,0,0
2020-01-15,0,0,0
2020-01-16,0,0,0
2020-01-17,0,0,0
2020-01-18,0,0,0
2020-01-19,0,0,0
2020-01-20,0,0,0
2020-01-21,0,0,0
2020-01-22,0,0,0
2020-01-23,0,0,0
2020-01-24,0,0,0
2020-01-25,0,0,0
2020-01-26,0,0,0
2020-01-27,0,0,0
2020-01-28,0,0,0
2020-01-29,0,0,0
2020-01-30,0,0,0
2020-01-31,0,0,0
2020-02-01,0,0,0
2020-02-02,0,0,0
2020-02-03,0,0,0
2020-02-04,0,0,0
2020-02-05,0,0,0
2020-02-06,0,0,0
2020-02-07,0,0,0
2020-02-08,0,0,0
2020-02-09,0,0,0
2020-02-10,0,0,0
2020-02-11,0,0,0
2020-02-12,0,0,0
2020-02-13,0,0,0
2020-02-14,0,0,0
2020-02-15,0,0,0
2020-02-16,0,0,0
2020-02-17,0,0,0
2020-02-18,0,0,0
2020-02-19,0.142857142857143,0,0
2020-02-20,0.285714285714286,0,0
2020-02-21,0.428571428571429,0,0
2020-02-22,0.428571428571429,0,0
2020-02-23,0.428571428571429,0.471809389006841,0.202204023860075
2020-02-24,0.428571428571429,0.471809389006841,0.202204023860075
2020-02-25,0.428571428571429,0.471809389006841,0.202204023860075
2020-02-26,0.285714285714286,0.471809389006841,0.134802682573383
2020-02-27,0.142857142857143,0.471809389006841,0.0674013412866916
2020-02-28,0,0.471809389006841,0
2020-02-29,0,0.471809389006841,0
2020-03-01,0,0.471809389006841,0
2020-03-02,0,0.471809389006841,0
2020-03-03,0,0.471809389006841,0
2020-03-04,0,0.471809389006841,0
2020-03-05,0.142857142857143,0.471809389006841,0.0674013412866916
2020-03-06,0.285714285714286,0.471809389006841,0.134802682573383
2020-03-07,0.428571428571429,0.471809389006841,0.202204023860075
2020-03-08,0.428571428571429,0,0
2020-03-09,0.428571428571429,0.471809389006841,0.202204023860075
2020-03-10,0.428571428571429,0.471809389006841,0.202204023860075
2020-03-11,0.428571428571429,0.471809389006841,0.202204023860075
2020-03-12,0.285714285714286,0.471809389006841,0.134802682573383
2020-03-13,0.142857142857143,0.471809389006841,0.0674013412866916
2020-03-14,0.285714285714286,0.471809389006841,0.134802682573383
2020-03-15,0.714285714285714,0.471809389006841,0.337006706433458
2020-03-16,1.14285714285714,0.471809389006841,0.539210730293533
2020-03-17,1.42857142857143,0.471809389006841,0.674013412866916
2020-03-18,1.85714285714286,1.41542816702052,2.62865231018097
2020-03-19,2.07142857142857,1.88723755602737,3.90927779462811
2020-03-20,2.26190476190476,1.88723755602737,4.2687516148238
2020-03-21,2.11904761904762,2.35904694503421,4.99893281209629
2020-03-22,1.9047619047619,3.30266572304789,6.29079185342455
2020-03-23,1.57142857142857,2.83085633404105,4.44848852492165
2020-03-24,1.33333333333333,3.77447511205473,5.03263348273964
2020-03-25,1.01190476190476,4.24628450106157,4.29683550702659
2020-03-26,0.892857142857143,4.24628450106157,3.7913254473764
2020-03-27,0.845238095238095,4.71809389006841,3.98791269279592
2020-03-28,0.773809523809524,4.71809389006841,3.65090598636246
2020-03-29,0.988095238095238,5.6617126680821,5.5943113267954
2020-03-30,1.08333333333333,5.6617126680821,6.13352205708894
2020-03-31,1.32142857142857,6.13352205708894,8.10501128972466
2020-04-01,1.30952380952381,5.18990327907525,6.79630191307474
2020-04-02,1.21428571428571,5.6617126680821,6.87493681124254
2020-04-03,1.07142857142857,6.60533144609578,7.07714083510262
2020-04-04,1,6.13352205708894,6.13352205708894
2020-04-05,0.571428571428571,5.18990327907525,2.96565901661443
2020-04-06,0.380952380952381,5.18990327907525,1.97710601107629
2020-04-07,0.0952380952380952,4.24628450106157,0.40440804772015
2020-04-08,0,3.77447511205473,0
2020-04-09,0,3.77447511205473,0
2020-04-10,0,3.30266572304789,0
2020-04-11,0.285714285714286,3.30266572304789,0.943618778013682
2020-04-12,0.714285714285714,2.35904694503421,1.68503353216729
2020-04-13,1.14285714285714,2.35904694503421,2.69605365146766
2020-04-14,1.28571428571429,1.88723755602737,2.4264482863209
2020-04-15,1.42857142857143,2.83085633404105,4.0440804772015
2020-04-16,1.5,2.35904694503421,3.53857041755131
2020-04-17,1.5952380952381,1.41542816702052,2.25794493310417
2020-04-18,1.45238095238095,1.41542816702052,2.05574090924409
2020-04-19,1.45238095238095,1.88723755602737,2.74098787899213
2020-04-20,1.30952380952381,1.88723755602737,2.47138251384536
2020-04-21,1.16666666666667,2.35904694503421,2.75222143587324
2020-04-22,1.02380952380952,3.30266572304789,3.3813006212157
2020-04-23,0.952380952380952,3.30266572304789,3.14539592671228
2020-04-24,0.857142857142857,3.30266572304789,2.83085633404105
2020-04-25,0.714285714285714,3.30266572304789,2.35904694503421
2020-04-26,0.285714285714286,3.30266572304789,0.943618778013682
2020-04-27,0,3.30266572304789,0
2020-04-28,0,3.30266572304789,0
2020-04-29,0,2.35904694503421,0
2020-04-30,0,1.88723755602737,0
2020-05-01,0,1.88723755602737,0
2020-05-02,0,1.88723755602737,0
2020-05-03,0,1.41542816702052,0
2020-05-04,0,1.41542816702052,0
2020-05-05,0,0.943618778013683,0
2020-05-06,0,0,0
2020-05-07,0,0,0
2020-05-08,0,0,0
2020-05-09,0,0,0
2020-05-10,0,0,0
2020-05-11,0,0,0
2020-05-12,0,0,0
2020-05-13,0,0,0
2020-05-14,0,0,0
2020-05-15,0,0,0
2020-05-16,0,0,0
2020-05-17,0,0,0
2020-05-18,0,0,0
2020-05-19,0,0,0
2020-05-20,0,0,0
2020-05-21,0,0,0
2020-05-22,0,0,0
2020-05-23,0,0,0
2020-05-24,0,0,0
2020-05-25,0,0,0
2020-05-26,0,0,0
2020-05-27,0,0,0
2020-05-28,0,0,0
2020-05-29,0,0,0
2020-05-30,0,0,0
2020-05-31,0,0,0
2020-06-01,0,0,0
2020-06-02,0,0,0
2020-06-03,0,0,0
2020-06-04,0,0,0
2020-06-05,0,0,0
2020-06-06,0,0,0
2020-06-07,0,0,0
2020-06-08,0.142857142857143,0,0
2020-06-09,0.571428571428571,0,0
2020-06-10,1.14285714285714,0,0
2020-06-11,1.71428571428571,0,0
2020-06-12,2.28571428571429,0.471809389006841,1.07842146058707
2020-06-13,2.85714285714286,1.41542816702052,4.0440804772015
2020-06-14,3.42857142857143,2.35904694503421,8.08816095440299
2020-06-15,3.85714285714286,4.24628450106157,16.3785259326661
2020-06-16,4,6.60533144609578,26.4213257843831
2020-06-17,3.83116883116883,10.8516159471573,41.5743727845639
2020-06-18,3.41847041847042,14.6260910592121,49.9988596237712
2020-06-19,2.92496392496392,21.2314225053079,62.1011449036927
2020-06-20,2.40422659777499,26.89313517339,64.6571908814221
2020-06-21,1.88741987508591,29.2521821184242,55.2111499199464
2020-06-22,1.36207425296609,30.6676102854447,41.7715623698023
2020-06-23,0.840645681537522,32.554847841472,27.3670922510446
2020-06-24,0.473762564654405,34.4420853974994,16.3173707099654
2020-06-25,0.341006431898273,36.8011323425336,12.5494228299435
2020-06-26,0.285062375954217,36.8011323425336,10.4906182233682
2020-06-27,0.262942560286014,36.3293229535268,9.55252519085778
2020-06-28,0.24913703807713,35.8575135645199,8.93343472227502
2020-06-29,0.29829218400647,33.9702760084926,10.1330678218758
2020-06-30,0.391149326863613,32.0830384524652,12.5492588944212
2020-07-01,0.569720755435041,28.3085633404105,16.1279760915794
2020-07-02,0.829461015175301,24.5340882283557,20.3500697282924
2020-07-03,1.30748299319728,18.4005661712668,24.0584273341325
2020-07-04,1.85034013605442,13.2106628921916,24.4442197733068
2020-07-05,2.38095238095238,11.3234253361642,26.9605365146766
2020-07-06,2.85714285714286,10.8516159471573,31.0046169918781
2020-07-07,3.21428571428571,10.8516159471573,34.8801941158629
2020-07-08,3.26530612244898,9.90799716914367,32.352643817612
2020-07-09,3.15816326530612,9.43618778013682,29.8010216117586
2020-07-10,2.78673469387755,11.795234725171,32.8701898310634
2020-07-11,2.34625850340136,13.2106628921916,30.9956301463732
2020-07-12,1.9687074829932,14.1542816702052,27.8656402405265
2020-07-13,1.66101517530089,15.5697098372258,25.8615243146635
2020-07-14,1.51815803244375,16.5133286152394,25.0698424796089
2020-07-15,1.55443921158207,18.4005661712668,28.6025615719277
2020-07-16,1.62262102976389,23.5904694503421,38.2783918321276
2020-07-17,1.68201952600449,26.89313517339,45.23477847712
2020-07-18,1.69392428790925,29.2521821184242,49.5509817647433
2020-07-19,1.60290387974599,31.1394196744515,49.9134966092168
2020-07-20,1.39931799194957,33.9702760084926,47.5352184101765
2020-07-21,1.10984430773904,37.7447511205473,41.8907971781663
2020-07-22,0.8653998632946,38.688369898561,33.4809100213056
2020-07-23,0.690075187969925,37.7447511205473,26.0467162243897
2020-07-24,0.589406850459482,35.8575135645199,21.1346641353718
2020-07-25,0.642978279030911,36.3293229535268,23.3589655510168
2020-07-26,0.76234335839599,36.3293229535268,27.6954180686441
2020-07-27,0.887907268170426,36.8011323425336,32.6759928838373
2020-07-28,1.02261904761905,37.2729417315405,38.1160201754682
2020-07-29,1.21222943722944,36.3293229535268,44.0394747188802
2020-07-30,1.46547619047619,34.4420853974994,50.4740561003831
2020-07-31,1.65368480725624,32.0830384524652,53.0552332594593
2020-08-01,1.81989359846503,32.554847841472,59.246359185698
2020-08-02,1.9085957459907,34.4420853974994,65.7360176727159
2020-08-03,1.98603935501326,34.9138947865062,69.3403690827937
2020-08-04,2.02937268834659,33.4984666194857,67.9808732590744
2020-08-05,2.01013266910657,38.688369898561,77.7687562475768
2020-08-06,1.96251362148753,43.8782731776362,86.1117087984619
2020-08-07,1.93796866837115,46.2373201226704,89.606477707182
2020-08-08,1.88145375471337,54.7298891247936,102.97175538889
2020-08-09,1.80308752450036,59.447983014862,107.189916530807
2020-08-10,1.74258743707249,70.7714083510262,123.325367096425
2020-08-11,1.63080172278677,80.207596131163,130.802685951286
2020-08-12,1.55273904472409,89.6437839112998,139.193403395885
2020-08-13,1.43377800576306,97.1927341354093,139.352804523326
2020-08-14,1.39505765275699,102.854446803491,143.487883133297
2020-08-15,1.33952068387107,109.931587638594,147.255635452682
2020-08-16,1.37362921100286,120.311394196745,165.263245485128
2020-08-17,1.39786215999641,130.219391365888,182.028759688138
2020-08-18,1.46014701369692,146.260910592121,213.562431821678
2020-08-19,1.49613602468593,155.225288983251,232.238146790126
2020-08-20,1.5463184901955,165.605095541401,256.078221306262
2020-08-21,1.53943073509346,180.70299598962,278.179745949892
2020-08-22,1.49651721267174,188.723755602737,282.42834869955
2020-08-23,1.42032673648127,209.011559330031,296.864705950083
2020-08-24,1.36063174737451,224.10945977825,304.930445861238
2020-08-25,1.31002271784982,234.017456947393,306.568184974528
2020-08-26,1.2674403002674,247.699929228592,313.944872677701
2020-08-27,1.2092990843787,262.797829676811,317.801174804877
2020-08-28,1.19097201670953,279.782967681057,333.213685260085
2020-08-29,1.20210656898332,294.409058740269,353.911063479874
2020-08-30,1.2227714387048,306.676102854447,374.994779503712
2020-08-31,1.26320654994736,318.471337579618,402.29507960107
2020-09-01,1.31327315001396,339.230950695919,445.50289920266
2020-09-02,1.3663959066543,370.37037037037,506.072558020113
2020-09-03,1.40811301988271,376.503892427459,530.160032963625
2020-09-04,1.43567261034823,398.678933710781,572.372425451408
2020-09-05,1.4299308134672,423.213021939137,605.165340731341
2020-09-06,1.42043324252364,441.613588110403,627.282620902161
2020-09-07,1.36089236931817,478.414720452937,651.070942433889
2020-09-08,1.28917741760322,513.80042462845,662.379904585944
2020-09-09,1.21622463263426,532.200990799717,647.275954522977
2020-09-10,1.17214016799757,557.20688841708,653.1245757986
2020-09-11,1.13623388792401,572.776598254305,650.808181146381
2020-09-12,1.12508739797894,590.233545647558,664.064324072494
2020-09-13,1.12303864023445,624.675631045058,701.534871276442
2020-09-14,1.15305013876099,665.251238499646,767.068032862938
2020-09-15,1.17115978534709,684.595423448927,801.770629176046
2020-09-16,1.17881652330692,699.221514508139,824.253874753886
2020-09-17,1.16497595842768,740.268931351734,862.395507795719
2020-09-18,1.12008517618349,753.007784854919,843.432857366762
2020-09-19,1.06215489124704,761.972163246049,809.332460185881
2020-09-20,1.0074069563948,783.675395140363,789.480044619845
2020-09-21,0.981164552439706,776.598254305261,761.970678610878
2020-09-22,0.970146480945181,769.521113470158,746.548200246091
2020-09-23,0.967608195626774,799.245104977589,773.356113890897
2020-09-24,0.94400123975542,797.829676810569,753.152204022843
2020-09-25,0.927163110517001,819.061099315877,759.403236545182
2020-09-26,0.900627307827185,828.497287096013,746.167281219409
2020-09-27,0.897807089242893,810.568530313753,727.73417283288
2020-09-28,0.887510354565907,787.921679641425,699.288649268726
2020-09-29,0.908520846898434,780.844538806322,709.413541692337
2020-09-30,0.936175854992139,772.351969804199,723.057265686309
2020-10-01,0.988415815789601,763.387591413069,754.544368930207
2020-10-02,1.03228005514256,756.782259966973,781.21123304962
2020-10-03,1.08991502766313,751.120547298891,818.657572087614
2020-10-04,1.13260182538622,744.515215852795,843.239292502688
2020-10-05,1.18400649322593,751.120547298891,889.331605197301
2020-10-06,1.21179883442351,758.669497523001,919.354812811041
2020-10-07,1.23373480832497,753.951403632932,930.176090447415
2020-10-08,1.25880649423041,770.936541637179,970.459925252417
2020-10-09,1.30277314320095,782.73177636235,1019.72193657484
2020-10-10,1.33139576509265,807.265864590705,1074.79035341992
2020-10-11,1.3292394383743,840.764331210191,1117.57710742298
2020-10-12,1.29762045193277,892.663364000944,1158.33823781873
2020-10-13,1.2460167526018,941.259731068648,1172.825393461
2020-10-14,1.18585506843422,985.609813635291,1168.79039299792
2020-10-15,1.11118392392855,1006.8412361406,1118.78579554778
2020-10-16,1.03237703508893,1041.75513092711,1075.4840733552
2020-10-17,0.959905752503077,1061.09931587639,1018.55533728682
2020-10-18,0.906342072924938,1079.49988204765,978.396160817296
2020-10-19,0.854746486882588,1104.03397027601,943.669157492454
2020-10-20,0.829241436377538,1122.43453644728,930.769227243294
2020-10-21,0.814579192739216,1124.3217740033,915.849123046733
2020-10-22,0.816592642676631,1114.41377683416,910.022091060251
2020-10-23,0.80109480994989,1088.93606982779,872.341033906274
2020-10-24,0.787092387474833,1076.66902571361,847.437993969129
2020-10-25,0.758018761153304,1063.45836282142,806.121390724014
2020-10-26,0.752617475102192,1028.54446803491,774.100540562764
2020-10-27,0.736661486646203,958.244869072895,705.902089822335
2020-10-28,0.747689305511408,910.592120783204,680.839990392554
2020-10-29,0.7538111834203,870.488322717622,656.183832701322
2020-10-30,0.801104495520503,830.856334041047,665.602744331968
2020-10-31,0.821454132246684,801.604151922623,658.481043022937
2020-11-01,0.868506758263105,769.049304081151,667.924518032017
2020-11-02,0.889696709372193,718.093890068412,638.885771014144
2020-11-03,0.921772602229336,688.369898560981,634.5205126929
2020-11-04,0.914325668498415,657.702288275537,601.354084400467
2020-11-05,0.898318534884522,634.111818825195,569.634400040008
2020-11-06,0.855401724786989,624.203821656051,533.945025663216
2020-11-07,0.850205225777664,590.233545647558,501.819644938833
2020-11-08,0.844077927005607,555.791460250059,469.131303615289
2020-11-09,0.853728439095144,526.067468742628,449.118758948377
2020-11-10,0.863587070047525,528.898325076669,456.749754906004
2020-11-11,0.876496548628645,514.744043406464,451.171377472919
2020-11-12,0.884363047273011,507.666902571361,448.96184895766
2020-11-13,0.880390258157364,492.569002123142,433.652950939509
2020-11-14,0.874657943902121,481.717386175985,421.337938534591
2020-11-15,0.86510932269511,462.373201226704,400.003366945604
2020-11-16,0.875325848329754,451.993394668554,395.641501627697
2020-11-17,0.872656030402583,428.874734607219,374.260123442297
2020-11-18,0.886469522102715,420.382165605096,372.655977444454
2020-11-19,0.883147262966503,409.058740268931,361.259106861032
2020-11-20,0.889064346781161,400.094361877801,355.709632493713
2020-11-21,0.860987281265137,390.658174097665,336.351719220351
2020-11-22,0.843024165382946,384.052842651569,323.765827139287
2020-11-23,0.802879160012377,371.785798537391,298.499069634231
2020-11-24,0.798040861056431,357.159707478179,285.028040490549
2020-11-25,0.769219988677276,338.287331917905,260.217377627557
2020-11-26,0.77459754371979,328.851144137768,254.727288498558
2020-11-27,0.762237882874319,318.471337579618,242.750918112841
2020-11-28,0.781005038859521,309.506959188488,241.726494688297
2020-11-29,0.768437011648636,294.409058740269,226.23481730066
2020-11-30,0.762421974054651,283.085633404105,215.830707446469
2020-12-01,0.722412860361327,273.649445623968,197.687878749502
2020-12-02,0.73131774857656,256.664307619722,187.703163588416
2020-12-03,0.729659679306111,245.340882283557,179.015349487699
2020-12-04,0.777116636772641,224.10945977825,174.159189651807
2020-12-05,0.845916884144317,211.370606275065,178.801964659898
2020-12-06,1.03351136638166,206.18070299599,213.090100074916
2020-12-07,1.1702880908014,196.272705826846,229.695610178525
2020-12-08,1.28673674668769,189.66737438075,244.051980263483
2020-12-09,1.33159951938298,191.082802547771,254.445768034964
2020-12-10,1.38768069806274,191.554611936778,265.816637609565
2020-12-11,1.37208602679509,190.610993158764,261.534680266675
2020-12-12,1.30874585819177,185.892899268695,243.286561985164
2020-12-13,1.13495466954909,190.610993158764,216.334836752929
2020-12-14,1.01874549303136,193.913658881812,197.548666023066
2020-12-15,0.920533605536637,193.913658881812,178.504039573276
2020-12-16,0.868139570999745,193.441849492805,167.934524232081
2020-12-17,0.809491527064563,194.857277659825,157.735315252496
2020-12-18,0.823099280733479,199.575371549894,164.270344774835
2020-12-19,0.866958929856286,201.462609105921,174.659807996525
2020-12-20,0.955609646034544,198.63175277188,189.814418957557
2020-12-21,1.02503330992825,200.990799716914,206.022264698955
2020-12-22,1.11732285732616,201.934418494928,225.62594146525
2020-12-23,1.19810824840567,200.990799716914,240.808734994487
2020-12-24,1.3039615787488,197.21632460486,257.162509986788
2020-12-25,1.34782628267951,196.272705826846,264.541511486046
2020-12-26,1.35062740312769,201.462609105921,272.100920564058
2020-12-27,1.27485906762447,205.708893606983,262.249848305859
2020-12-28,1.20144985135811,213.257843831092,256.218604771817
2020-12-29,1.11945137691112,217.032318943147,242.95712827512
2020-12-30,1.05072782909784,216.56050955414,227.546154072143
2020-12-31,0.995834670308575,217.975937721161,217.067996075755
2021-01-01,1.00927949987787,222.694031611229,224.760520850369
2021-01-02,1.04616091911223,233.07383816938,243.832740760294
2021-01-03,1.05213311931307,234.961075725407,247.210329520127
2021-01-04,1.05261147377372,251.474404340646,264.704843369377
2021-01-05,1.04402765306677,255.248879452701,266.486888562926
2021-01-06,1.03333943617417,253.361641896674,261.808576185671
2021-01-07,0.980383301399856,250.530785562633,245.616198652193
2021-01-08,0.903032081191493,250.530785562633,226.237336689164
2021-01-09,0.837987222668373,251.00259495164,210.336967426079
2021-01-10,0.848893938982598,244.869072894551,207.867871824472
2021-01-11,0.871113607219965,232.130219391366,202.211792758775
2021-01-12,0.920038729137788,228.827553668318,210.530211668708
2021-01-13,0.957340316439375,230.714791224345,220.872571237959
2021-01-14,0.989836391792593,235.432885114414,233.040037510972
2021-01-15,0.975126611776691,231.658410002359,225.896280435176
2021-01-16,0.949893692522032,229.771172446332,218.258187430163
2021-01-17,0.900344015395036,225.053078556263,202.625192424361
2021-01-18,0.870136128044291,209.483368719038,182.279047346858
2021-01-19,0.820063977972141,204.765274828969,167.920625826803
2021-01-20,0.796776857216666,200.518990327908,159.768890925729
2021-01-21,0.77636869395136,195.329087048832,151.647388202813
2021-01-22,0.826839814076429,193.913658881812,160.335533656717
2021-01-23,0.876399855484296,184.477471101675,161.676029013616
2021-01-24,0.940349794434235,180.231186600613,169.480359270525
2021-01-25,0.966357901465796,178.343949044586,172.344084337849
2021-01-26,0.985405520513415,179.759377211607,177.13588266837
2021-01-27,0.962462482538732,175.041283321538,168.470668092413
2021-01-28,0.932654790231039,165.133286152394,154.012350356624
2021-01-29,0.871104952904805,164.189667374381,143.026432465615
2021-01-30,0.823387315125055,151.922623260203,125.091160872974
2021-01-31,0.786735078472818,148.148148148148,116.553344958936
2021-02-01,0.764095031952175,145.789101203114,111.396727942072
2021-02-02,0.74588774903901,138.711960368011,103.463551883684
2021-02-03,0.720502594977385,135.88110403397,97.9026880648676
2021-02-04,0.714596001570792,135.409294644963,96.7629405288121
2021-02-05,0.741213457063627,126.444916253833,93.7226735046247
2021-02-06,0.79937935908335,123.142250530786,98.4373733053806
2021-02-07,0.855872865576856,116.065109695683,99.3369780287363
2021-02-08,0.930997740701731,109.931587638594,102.346059723285
2021-02-09,0.977622842355296,105.685303137532,103.320366448496
2021-02-10,1.0542953718322,103.326256192498,108.936393692499
2021-02-11,1.10390142615524,98.136352913423,108.332859938801
2021-02-12,1.16685313166014,92.002830856334,107.353791306311
2021-02-13,1.24707591844927,92.4746402453409,115.322896917224
2021-02-14,1.38546877559213,93.4182590233546,129.428080947035
2021-02-15,1.40183019195354,91.5310214673272,128.310949393247
2021-02-16,1.42007903987981,97.1927341354093,138.021364574306
2021-02-17,1.3853314771109,97.6645435244161,135.297766342041
2021-02-18,1.35360508411015,102.854446803491,139.224302116543
2021-02-19,1.25854583975513,107.100731304553,134.791179818077
2021-02-20,1.10938617588958,108.044350082567,119.862908364574
2021-02-21,0.922963762096478,113.706062750649,104.946575449517
2021-02-22,0.871392657464149,113.234253361642,98.6714969527699
2021-02-23,0.884249800321292,110.875206416608,98.0413791344674
2021-02-24,0.926930104292998,111.347015805615,103.210900973412
2021-02-25,0.987576083996354,117.008728473697,115.555021859446
2021-02-26,1.04531876650651,119.367775418731,124.777375761334
2021-02-27,1.0865275577153,122.198631752772,132.772180914491
2021-02-28,1.09624542605386,121.255012974758,132.92525335968
2021-03-01,1.0610440439137,121.726822363765,129.157519853614
2021-03-02,0.994160927030584,120.783203585751,120.077941646534
2021-03-03,0.932785637998715,117.95234725171,110.024255484633
2021-03-04,0.893433786146864,113.706062750649,101.588838151165
2021-03-05,0.890538707780087,111.347015805615,99.1588275707009
2021-03-06,0.940239007480387,110.875206416608,104.249194035334
2021-03-07,0.986025778848554,108.98796886058,107.464946880876
2021-03-08,1.05643684925962,112.762443972635,119.126401025265
2021-03-09,1.07544762571721,115.121490917669,123.807134076433
2021-03-10,1.09022595084036,115.121490917669,125.508436897876
2021-03-11,1.06893182298886,114.177872139656,122.048361011231
2021-03-12,1.04559471036603,114.649681528662,119.877100551519
2021-03-13,0.976394302930328,109.459778249587,106.875903882914
2021-03-14,0.933204934159564,109.931587638594,102.58870000433
2021-03-15,0.870201271155901,109.459778249587,95.2520381732338
2021-03-16,0.866125559633381,106.157112526539,91.9453884961126
2021-03-17,0.878537420929624,106.157112526539,93.2629958524017
2021-03-18,0.924561247423871,104.269874970512,96.4038856714675
2021-03-19,0.960572163418175,103.798065581505,99.705532414248
2021-03-20,1.02219681327812,104.269874970512,106.584333915765
2021-03-21,1.07714186822317,106.628921915546,114.854476158734
2021-03-22,1.12865701973833,104.269874970512,117.684926332706
2021-03-23,1.15977173835304,100.495399858457,116.551724590327
2021-03-24,1.2393795814903,102.382637414485,126.890950310637
2021-03-25,1.33756400576168,103.326256192498,138.205481133196
2021-03-26,1.41483729233729,101.910828025478,144.187239983418
2021-03-27,1.43335581085581,107.100731304553,153.513455562288
2021-03-28,1.42962369391615,115.593300306676,165.254920976389
2021-03-29,1.42130103066391,123.614059919792,175.692790768551
2021-03-30,1.43816611002899,126.444916253833,181.848793341716
2021-03-31,1.42940834605383,131.163010143902,187.485501393236
2021-04-01,1.43893679229114,137.296532200991,197.561031637991
2021-04-02,1.49118546953981,147.204529370134,219.509255247191
2021-04-03,1.56102036467591,164.661476763388,257.039918505258
2021-04-04,1.5838334006965,175.513092710545,277.983498494502
2021-04-05,1.60768853148121,191.554611936778,307.96015276309
2021-04-06,1.61115376734081,211.370606275065,340.550548605181
2021-04-07,1.59346857829583,227.412125501297,362.374076309785
2021-04-08,1.51040872519378,244.869072894551,369.852384230041
2021-04-09,1.37901674724492,264.685067232838,365.00514045973
2021-04-10,1.26528551779332,285.916489738146,361.765993763979
2021-04-11,1.20013767128954,298.183533852324,357.861291934414
2021-04-12,1.15679605638271,315.16867185657,364.585876699057
2021-04-13,1.11578348348339,333.09742863883,371.664609265992
2021-04-14,1.08222643650352,351.969804199104,380.911026955238
2021-04-15,1.04396031447229,369.898560981364,386.15941804495
2021-04-16,1.01877512254611,383.581033262562,390.782814168429
2021-04-17,0.979992537340579,389.242745930644,381.454986225986
2021-04-18,0.954485536046653,401.509790044822,383.235287178911
2021-04-19,0.928249770001104,402.925218211842,374.015241132787
2021-04-20,0.918438272796747,405.284265156877,372.22858048238
2021-04-21,0.909070591297918,404.340646378863,367.574190489415
2021-04-22,0.921574556614614,402.925218211842,371.325629322425
2021-04-23,0.934783700636601,403.397027600849,377.088966286527
2021-04-24,0.967100689427597,397.735314932767,384.650097281181
2021-04-25,1.01440440982509,396.791696154753,402.507246361361
2021-04-26,1.06355071308324,392.545411653692,417.491952481838
2021-04-27,1.09312082264204,391.129983486671,427.552329308919
2021-04-28,1.11292189097875,391.129983486671,435.297120840475
2021-04-29,1.11492324400615,397.26350554376,442.918316326105
2021-04-30,1.09974148630942,397.735314932767,437.406026401908
2021-05-01,1.06155688731645,392.073602264685,416.208432819048
2021-05-02,1.01741906387692,396.791696154753,403.703436055906
2021-05-03,0.995085743665401,401.037980655815,399.067177218962
2021-05-04,0.999925429085848,395.376267987733,395.346784417995
2021-05-05,1.01129655352616,398.678933710781,403.182631625198
2021-05-06,1.05402704672563,403.868836989856,425.688677516931
2021-05-07,1.12420863135808,411.889596602972,463.049839667659
2021-05-08,1.21732466565058,423.213021939137,515.187650431032
2021-05-09,1.29391056605239,426.515687662184,551.873154853199
2021-05-10,1.36760516617602,439.254541165369,600.726779764035
2021-05-11,1.43008896187215,457.655107336636,654.487517346539
2021-05-12,1.49308809316653,480.773767397971,717.837587608724
2021-05-13,1.49296463083376,492.097192734135,734.683703684649
2021-05-14,1.48431542063691,521.821184241566,774.547230584771
2021-05-15,1.45436465245085,562.396791696155,817.93001449465
2021-05-16,1.42734847925527,590.705355036565,843.142390199387
2021-05-17,1.34984684846597,620.429346543996,837.484598128215
2021-05-18,1.26605979462447,676.102854446803,855.986641045938
2021-05-19,1.17396414011952,715.734843123378,840.247039660916
2021-05-20,1.12098467323845,753.951403632932,845.167967839134
2021-05-21,1.05833207399842,773.295588582213,818.403524078039
2021-05-22,1.01686855789891,799.245104977589,812.727217306321
2021-05-23,0.969464431413148,843.595187544232,817.835528835437
2021-05-24,0.942538130330367,865.298419438547,815.57675443543
2021-05-25,0.905566309678034,885.586223165841,801.957048013998
2021-05-26,0.878954437476118,893.606982778957,785.43982287321
2021-05-27,0.856992491729207,889.360698277896,762.175440863201
2021-05-28,0.864280448463147,883.698985609814,763.763755589278
2021-05-29,0.879443444354573,867.657466383581,763.055670756339
2021-05-30,0.918017750637419,856.805850436424,786.562979550627
2021-05-31,0.948262998634313,851.615947157348,807.555891736227
2021-06-01,0.99076223298706,835.102618542109,827.388135120121
2021-06-02,1.0124324943905,825.194621372965,835.453848874255
2021-06-03,1.01372525836983,810.096720924746,821.21550772399
2021-06-04,0.983050029106741,805.850436423685,792.191294981983
2021-06-05,0.937265925991811,799.716914366596,749.547414275121
2021-06-06,0.884629739673772,773.295588582213,684.080275218359
2021-06-07,0.839312519129965,749.705119131871,629.236892143201
2021-06-08,0.804751482410966,731.776362349611,588.898112394153
2021-06-09,0.779546681496506,709.601321066289,553.167355022763
2021-06-10,0.789573722984222,710.544939844303,561.027613500466
2021-06-11,0.811631232256307,685.067232837933,556.02196236667
2021-06-12,0.865864917735829,677.046473224817,586.230788842139
2021-06-13,0.904914650054792,655.343241330502,593.029699894365
2021-06-14,0.962840827556314,642.604387827318,618.725740566973
2021-06-15,0.993195179783814,629.865534324133,625.579412602685
2021-06-16,1.03008834715869,610.521349374853,628.890927682633
2021-06-17,1.04763589324556,593.064401981599,621.315554522136
2021-06-18,1.07867157529199,581.740976645435,627.507455690033
2021-06-19,1.08969478204305,563.812219863175,614.383234037009
2021-06-20,1.10110890836303,560.03774475112,616.662549765
2021-06-21,1.07663694318852,569.473932531257,613.116673945998
2021-06-22,1.05502612706018,570.889360698278,602.303191197366
2021-06-23,1.02325288215967,574.192026421326,587.54364594872
2021-06-24,1.00278150168829,570.889360698278,572.477290418884
2021-06-25,0.979459425066613,576.079263977353,564.246264688056
2021-06-26,0.972604586356936,572.776598254305,557.085146420061
2021-06-27,0.97341921229735,581.269167256428,565.818574923489
2021-06-28,0.996273200960806,585.987261146497,583.803404384676
2021-06-29,1.00380237797187,581.269167256428,583.479372333734
2021-06-30,1.01571271587753,590.705355036565,599.986940447589
2021-07-01,1.01317727266412,594.008020759613,601.835426413836
2021-07-02,1.00858362025654,591.648973814579,596.727463930973
2021-07-03,0.980419374996748,588.346308091531,576.826119660743
2021-07-04,0.95999465204038,584.10002359047,560.73289890351
2021-07-05,0.941875200870081,578.910120311394,545.261085854017
2021-07-06,0.95041968736697,571.832979476292,543.48132157998
2021-07-07,0.951780231584657,566.643076197216,539.319678288829
2021-07-08,0.965106735589127,560.981363529134,541.40689248194
2021-07-09,0.980790786987464,566.171266808209,555.295562342513
2021-07-10,1.010936989601,569.473932531257,575.702263009391
2021-07-11,1.02719439474729,560.03774475112,575.267632255265
2021-07-12,1.05582687337977,560.03774475112,591.302901015233
2021-07-13,1.07804009601822,560.509554140127,604.251773564354
2021-07-14,1.111866040189,554.847841472045,616.916472404934
2021-07-15,1.13048544894925,560.03774475112,633.114521303495
2021-07-16,1.13674017306112,567.58669497523,645.19859787333
2021-07-17,1.12779794353515,574.663835810333,648.104692250914
2021-07-18,1.11691559811174,582.684595423449,650.80951340788
2021-07-19,1.09066407186022,593.064401981599,646.834035540595
2021-07-20,1.05621838341991,594.951639537627,628.398858925456
2021-07-21,1.02363996701424,609.105921207832,623.505165093361
2021-07-22,1.00202292297787,618.542108987969,619.793372033018
2021-07-23,0.984224187321987,619.485727765983,609.712836968044
2021-07-24,0.964606758521345,620.901155933003,598.92545138669
2021-07-25,0.96173292891163,637.414484548243,613.022499155278
2021-07-26,0.967468069683267,641.660769049304,620.786305623611
2021-07-27,0.976770714908243,636.942675159236,622.146952170855
2021-07-28,0.984885576166549,639.773531493277,630.103723180864
2021-07-29,0.989478329127748,643.076197216325,636.309961123435
2021-07-30,0.986906761185156,640.71715027129,632.328087610022
2021-07-31,0.968866869790001,639.773531493277,619.855378832386
2021-08-01,0.939132003747542,636.942675159236,598.173250794613
2021-08-02,0.903786473365516,627.034677990092,566.705460298547
2021-08-03,0.880785921793536,622.316584100024,548.127686173944
2021-08-04,0.852686472728722,605.803255484784,516.560241086897
2021-08-05,0.82684959680188,597.310686482661,493.886100283643
2021-08-06,0.794974130297439,589.289926869545,468.470247106158
2021-08-07,0.782373822187715,581.269167256428,454.769780106282
2021-08-08,0.761123534633079,563.812219863175,429.130749651583
2021-08-09,0.742176570267396,542.580797357867,402.690755276011
2021-08-10,0.710290110099572,525.123849964614,372.990277207277
2021-08-11,0.70424362035743,508.610521349375,358.185714906964
2021-08-12,0.712934650257763,480.301958008964,342.42390845124
2021-08-13,0.753074054635578,453.880632224581,341.805728029925
2021-08-14,0.788548712799542,429.346543996226,338.560664613155
2021-08-15,0.836829136079965,408.115121490918,341.522624538414
2021-08-16,0.851428644622783,390.658174097665,332.617559682786
2021-08-17,0.850410436073804,372.729417315405,316.972986316728
2021-08-18,0.828307538970907,355.744279311158,294.665668499205
2021-08-19,0.786181771146628,333.09742863883,261.875126411663
2021-08-20,0.745737116463563,313.753243689549,233.977439230134
2021-08-21,0.708148561542317,291.106393017221,206.146573470917
2021-08-22,0.693815964931239,276.952111347016,192.153796373974
2021-08-23,0.685256803561773,257.136117008728,176.204273621687
2021-08-24,0.713708782111599,247.699929228592,176.785614818868
2021-08-25,0.732023800426618,229.771172446332,168.197966882643
2021-08-26,0.777887109779136,220.806794055202,171.762758847198
2021-08-27,0.759547341439367,212.314225053079,161.262705188825
2021-08-28,0.753064485858644,205.708893606983,154.912062200693
2021-08-29,0.691930638582225,189.66737438075,131.236667473486
2021-08-30,0.678325196405354,173.154045765511,117.454752102272
2021-08-31,0.62699557364716,153.80986081623,96.4381019150621
2021-09-01,0.621819590210307,144.373673036093,89.7743782044605
2021-09-02,0.566587032070772,133.993866477943,75.919187123425
2021-09-03,0.576306110755368,125.973106864827,72.5990712770386
2021-09-04,0.514206694717767,118.424156640717,60.8944941609622
2021-09-05,0.518905942838068,108.044350082567,56.0648553479205
2021-09-06,0.476506224329975,99.5517810804435,47.4370433279663
2021-09-07,0.48330894541841,88.2283557442793,42.641553570768
2021-09-08,0.450389690760025,78.7921679641425,35.4871801636821
2021-09-09,0.537765106042417,70.7714083510262,38.0583939166608
2021-09-10,0.582100081411875,64.6378862939372,37.6257188739924
2021-09-11,0.730559465165377,56.1453172918141,41.0174929722481
2021-09-12,0.796035655641567,48.1245576786978,38.3088638242226
2021-09-13,0.840986394557823,40.1037980655815,33.7267485432484
2021-09-14,0.818722943722944,40.5756074545884,33.2201807785672
2021-09-15,0.79454711954712,33.4984666194857,26.6161101617577
2021-09-16,0.68502331002331,30.6676102854447,21.0080279082402
2021-09-17,0.605658230658231,26.89313517339,16.288048665968
2021-09-18,0.558039183039183,23.5904694503421,13.1644062995797
2021-09-19,0.700896325896326,18.4005661712668,12.8968892238531
2021-09-20,0.897324897324897,18.8723755602736,16.9346524618995
2021-09-21,1.03693528693529,16.0415192262326,16.6340173417314
2021-09-22,1.11111111111111,16.0415192262326,17.8239102513696
2021-09-23,1.14920634920635,15.5697098372258,17.8928094002404
2021-09-24,1.13333333333333,14.6260910592121,16.5762365337737
2021-09-25,1.03809523809524,14.1542816702052,14.6934924004988
2021-09-26,0.80952380952381,13.2106628921916,10.6943461508217
2021-09-27,0.619047619047619,10.8516159471573,6.71766701490693
2021-09-28,0.535714285714286,8.96437839112998,4.80234556667678
2021-09-29,0.571428571428571,8.49256900212314,4.8528965726418
2021-09-30,0.628571428571429,7.54895022410946,4.74505442658309
2021-10-01,0.652380952380952,7.54895022410946,4.92479133668093
2021-10-02,0.676190476190476,8.0207596131163,5.42356126220245
2021-10-03,0.69047619047619,7.07714083510262,4.88659724328514
2021-10-04,0.738095238095238,6.60533144609578,4.87536368640403
2021-10-05,0.928571428571429,6.60533144609578,6.13352205708894
2021-10-06,1.21428571428571,5.18990327907525,6.30202541030566
2021-10-07,1.5,4.24628450106157,6.36942675159236
2021-10-08,1.57142857142857,4.71809389006841,7.41414754153608
2021-10-09,1.71428571428571,4.71809389006841,8.08816095440299
2021-10-10,1.71428571428571,4.24628450106157,7.27934485896269
2021-10-11,1.66666666666667,4.71809389006841,7.86348981678069
2021-10-12,1.42857142857143,4.24628450106157,6.06612071580224
2021-10-13,1.28571428571429,4.71809389006841,6.06612071580224
2021-10-14,0.952380952380952,4.71809389006841,4.49342275244611
2021-10-15,0.880952380952381,4.24628450106157,3.74077444141138
2021-10-16,0.666666666666667,4.24628450106157,2.83085633404105
2021-10-17,0.880952380952381,4.71809389006841,4.15641604601265
2021-10-18,0.928571428571429,4.24628450106157,3.94297846527146
2021-10-19,1.02380952380952,4.24628450106157,4.34738651299161
2021-10-20,0.738095238095238,4.24628450106157,3.13416236983116
2021-10-21,0.697278911564354,4.71809389006841,3.28982737232533
2021-10-22,0.730158730158413,4.24628450106157,3.10046169918647
2021-10-23,0.876190476190095,3.30266572304789,2.89376425257403
2021-10-24,0.595238095237619,3.30266572304789,1.9658724541936
