"fecha","rho7dpromedio","incidenciaAcum14d","riesgopor10"
2020-01-05,0,0,0
2020-01-06,0,0,0
2020-01-07,0,0,0
2020-01-08,0,0,0
2020-01-09,0,0,0
2020-01-10,0,0,0
2020-01-11,0,0,0
2020-01-12,0,0,0
2020-01-13,0,0,0
2020-01-14,0,0,0
2020-01-15,0,0,0
2020-01-16,0.142857142857143,0,0
2020-01-17,0.285714285714286,0,0
2020-01-18,0.428571428571429,0,0
2020-01-19,0.428571428571429,0,0
2020-01-20,0.428571428571429,0.717596911462893,0.307541533484097
2020-01-21,0.428571428571429,0.717596911462893,0.307541533484097
2020-01-22,0.428571428571429,0.717596911462893,0.307541533484097
2020-01-23,0.285714285714286,0.717596911462893,0.205027688989398
2020-01-24,0.285714285714286,0.717596911462893,0.205027688989398
2020-01-25,0.285714285714286,0.717596911462893,0.205027688989398
2020-01-26,0.571428571428571,0.717596911462893,0.410055377978796
2020-01-27,0.714285714285714,0.717596911462893,0.512569222473495
2020-01-28,0.857142857142857,1.43519382292579,1.23016613393639
2020-01-29,0.857142857142857,1.43519382292579,1.23016613393639
2020-01-30,0.857142857142857,2.15279073438868,1.84524920090458
2020-01-31,0.714285714285714,2.15279073438868,1.53770766742049
2020-02-01,0.571428571428571,2.15279073438868,1.23016613393639
2020-02-02,0.285714285714286,2.15279073438868,0.615083066968194
2020-02-03,0.142857142857143,1.43519382292579,0.205027688989398
2020-02-04,0,1.43519382292579,0
2020-02-05,0,1.43519382292579,0
2020-02-06,0.142857142857143,1.43519382292579,0.205027688989398
2020-02-07,0.285714285714286,1.43519382292579,0.410055377978796
2020-02-08,0.428571428571429,1.43519382292579,0.615083066968194
2020-02-09,0.428571428571429,1.43519382292579,0.615083066968194
2020-02-10,0.428571428571429,2.15279073438868,0.922624600452291
2020-02-11,0.428571428571429,1.43519382292579,0.615083066968194
2020-02-12,0.428571428571429,1.43519382292579,0.615083066968194
2020-02-13,0.285714285714286,0.717596911462893,0.205027688989398
2020-02-14,0.142857142857143,0.717596911462893,0.102513844494699
2020-02-15,0,0.717596911462893,0
2020-02-16,0,0.717596911462893,0
2020-02-17,0,0.717596911462893,0
2020-02-18,0,0.717596911462893,0
2020-02-19,0,0.717596911462893,0
2020-02-20,0,0.717596911462893,0
2020-02-21,0,0.717596911462893,0
2020-02-22,0,0.717596911462893,0
2020-02-23,0,0.717596911462893,0
2020-02-24,0,0,0
2020-02-25,0.142857142857143,0,0
2020-02-26,0.285714285714286,0,0
2020-02-27,0.571428571428571,0,0
2020-02-28,0.714285714285714,0,0
2020-02-29,0.857142857142857,0.717596911462893,0.615083066968194
2020-03-01,0.857142857142857,0.717596911462893,0.615083066968194
2020-03-02,0.857142857142857,1.43519382292579,1.23016613393639
2020-03-03,0.714285714285714,1.43519382292579,1.02513844494699
2020-03-04,0.571428571428571,1.43519382292579,0.820110755957592
2020-03-05,0.285714285714286,1.43519382292579,0.410055377978796
2020-03-06,0.142857142857143,1.43519382292579,0.205027688989398
2020-03-07,0,1.43519382292579,0
2020-03-08,0,1.43519382292579,0
2020-03-09,0,1.43519382292579,0
2020-03-10,0,1.43519382292579,0
2020-03-11,0,1.43519382292579,0
2020-03-12,0,1.43519382292579,0
2020-03-13,0,1.43519382292579,0
2020-03-14,0,0.717596911462893,0
2020-03-15,0,0.717596911462893,0
2020-03-16,0,0,0
2020-03-17,0,0,0
2020-03-18,0,0,0
2020-03-19,0,0,0
2020-03-20,0,0,0
2020-03-21,0,0,0
2020-03-22,0,0,0
2020-03-23,0,0,0
2020-03-24,0,0,0
2020-03-25,0.142857142857143,0,0
2020-03-26,0.285714285714286,0,0
2020-03-27,0.571428571428571,0,0
2020-03-28,0.857142857142857,0,0
2020-03-29,1.14285714285714,0.717596911462893,0.820110755957592
2020-03-30,1.57142857142857,0.717596911462893,1.12765228944169
2020-03-31,2,1.43519382292579,2.87038764585157
2020-04-01,2.07142857142857,2.15279073438868,4.45935223551941
2020-04-02,2.07142857142857,2.15279073438868,4.45935223551941
2020-04-03,1.85714285714286,3.58798455731447,6.66339989215544
2020-04-04,1.61904761904762,4.30558146877736,6.97094142563953
2020-04-05,1.38095238095238,4.30558146877736,5.94580298069254
2020-04-06,1.04761904761905,5.02317838024025,5.26237735072788
2020-04-07,0.761904761904762,5.02317838024025,3.8271835278021
2020-04-08,0.69047619047619,5.02317838024025,3.46838507207065
2020-04-09,0.547619047619048,5.74077529170314,3.14375789783744
2020-04-10,0.476190476190476,6.45837220316604,3.07541533484097
2020-04-11,0.428571428571429,6.45837220316604,2.76787380135687
2020-04-12,0.380952380952381,5.74077529170314,2.18696201588691
2020-04-13,0.285714285714286,5.74077529170314,1.64022151191518
2020-04-14,0.142857142857143,5.02317838024025,0.717596911462893
2020-04-15,0,4.30558146877736,0
2020-04-16,0.142857142857143,4.30558146877736,0.615083066968194
2020-04-17,0.428571428571429,2.87038764585157,1.23016613393639
2020-04-18,0.714285714285714,2.15279073438868,1.53770766742049
2020-04-19,0.857142857142857,2.15279073438868,1.84524920090458
2020-04-20,0.857142857142857,2.15279073438868,1.84524920090458
2020-04-21,0.857142857142857,2.87038764585157,2.46033226787278
2020-04-22,0.857142857142857,2.87038764585157,2.46033226787278
2020-04-23,0.785714285714286,2.15279073438868,1.69147843416253
2020-04-24,0.785714285714286,1.43519382292579,1.12765228944169
2020-04-25,0.785714285714286,1.43519382292579,1.12765228944169
2020-04-26,0.785714285714286,1.43519382292579,1.12765228944169
2020-04-27,0.928571428571429,2.15279073438868,1.99901996764663
2020-04-28,1.07142857142857,2.87038764585157,3.07541533484097
2020-04-29,1.14285714285714,2.87038764585157,3.28044302383037
2020-04-30,1.07142857142857,2.87038764585157,3.07541533484097
2020-05-01,0.785714285714286,3.58798455731447,2.81913072360422
2020-05-02,0.5,3.58798455731447,1.79399227865723
2020-05-03,0.357142857142857,3.58798455731447,1.28142305618374
2020-05-04,0.214285714285714,2.87038764585157,0.615083066968194
2020-05-05,0.0714285714285714,2.15279073438868,0.153770766742049
2020-05-06,0,2.15279073438868,0
2020-05-07,0,2.15279073438868,0
2020-05-08,0.142857142857143,2.15279073438868,0.307541533484097
2020-05-09,0.285714285714286,2.15279073438868,0.615083066968194
2020-05-10,0.428571428571429,2.15279073438868,0.922624600452291
2020-05-11,0.428571428571429,1.43519382292579,0.615083066968194
2020-05-12,0.428571428571429,1.43519382292579,0.615083066968194
2020-05-13,0.428571428571429,1.43519382292579,0.615083066968194
2020-05-14,0.428571428571429,1.43519382292579,0.615083066968194
2020-05-15,0.285714285714286,0.717596911462893,0.205027688989398
2020-05-16,0.142857142857143,0.717596911462893,0.102513844494699
2020-05-17,0,0.717596911462893,0
2020-05-18,0,0.717596911462893,0
2020-05-19,0,0.717596911462893,0
2020-05-20,0,0.717596911462893,0
2020-05-21,0.142857142857143,0.717596911462893,0.102513844494699
2020-05-22,0.428571428571429,0.717596911462893,0.307541533484097
2020-05-23,0.714285714285714,0.717596911462893,0.512569222473495
2020-05-24,0.857142857142857,0.717596911462893,0.615083066968194
2020-05-25,0.857142857142857,1.43519382292579,1.23016613393639
2020-05-26,0.857142857142857,1.43519382292579,1.23016613393639
2020-05-27,0.857142857142857,1.43519382292579,1.23016613393639
2020-05-28,0.714285714285714,1.43519382292579,1.02513844494699
2020-05-29,0.428571428571429,1.43519382292579,0.615083066968194
2020-05-30,0.142857142857143,1.43519382292579,0.205027688989398
2020-05-31,0,1.43519382292579,0
2020-06-01,0,1.43519382292579,0
2020-06-02,0,1.43519382292579,0
2020-06-03,0,1.43519382292579,0
2020-06-04,0,1.43519382292579,0
2020-06-05,0,1.43519382292579,0
2020-06-06,0,1.43519382292579,0
2020-06-07,0.142857142857143,1.43519382292579,0.205027688989398
2020-06-08,0.285714285714286,0.717596911462893,0.205027688989398
2020-06-09,0.571428571428571,0,0
2020-06-10,0.714285714285714,0,0
2020-06-11,0.857142857142857,0.717596911462893,0.615083066968194
2020-06-12,0.857142857142857,0.717596911462893,0.615083066968194
2020-06-13,0.857142857142857,1.43519382292579,1.23016613393639
2020-06-14,0.714285714285714,1.43519382292579,1.02513844494699
2020-06-15,0.571428571428571,1.43519382292579,0.820110755957592
2020-06-16,0.285714285714286,1.43519382292579,0.410055377978796
2020-06-17,0.142857142857143,1.43519382292579,0.205027688989398
2020-06-18,0.142857142857143,1.43519382292579,0.205027688989398
2020-06-19,0.428571428571429,1.43519382292579,0.615083066968194
2020-06-20,0.714285714285714,1.43519382292579,1.02513844494699
2020-06-21,0.857142857142857,1.43519382292579,1.23016613393639
2020-06-22,1,2.15279073438868,2.15279073438868
2020-06-23,1.14285714285714,2.87038764585157,3.28044302383037
2020-06-24,1.28571428571429,2.87038764585157,3.69049840180916
2020-06-25,1.28571428571429,2.15279073438868,2.76787380135687
2020-06-26,1.57142857142857,2.87038764585157,4.51060915776676
2020-06-27,1.71428571428571,2.15279073438868,3.69049840180916
2020-06-28,2,2.87038764585157,5.74077529170314
2020-06-29,1.92857142857143,3.58798455731447,6.91968450339218
2020-06-30,1.85714285714286,5.02317838024025,9.32875984901761
2020-07-01,1.78571428571429,5.02317838024025,8.96996139328616
2020-07-02,1.92857142857143,5.74077529170314,11.0714952054275
2020-07-03,1.69047619047619,5.74077529170314,9.70464394549817
2020-07-04,1.83333333333333,5.74077529170314,10.5247547014558
2020-07-05,1.97619047619048,7.17596911462893,14.1810818217667
2020-07-06,2.47619047619048,9.32875984901761,23.0997862928055
2020-07-07,2.95238095238095,9.32875984901761,27.5420528875758
2020-07-08,3.45238095238095,10.7639536719434,37.1612686293284
2020-07-09,3.73809523809524,12.9167444063321,48.2840207570032
2020-07-10,3.97619047619048,16.5047289636465,65.6259461173565
2020-07-11,3.97619047619048,26.551085724127,105.572174188791
2020-07-12,3.88302277432712,36.5974424846075,142.108702649858
2020-07-13,3.63812481514345,49.5141868909396,180.138792029578
2020-07-14,3.41491052942916,64.5837220316604,220.547632395643
2020-07-15,3.10663985273743,81.0884509953069,251.912613458767
2020-07-16,2.76158490768249,102.616358339194,283.383786470855
2020-07-17,2.33672405425021,121.273878037229,283.383587961799
2020-07-18,1.90815262567878,158.588917433299,302.611859203905
2020-07-19,1.53343041928525,176.528840219872,270.694693474297
2020-07-20,1.30621953493151,190.88077844913,249.332201653187
2020-07-21,1.0761282265635,210.255895058628,226.262303473963
2020-07-22,0.925086064195557,228.913414756663,211.764609898806
2020-07-23,0.816569580679074,243.265352985921,198.64308728146
2020-07-24,0.791159186371754,254.746903569327,201.545352958632
2020-07-25,0.79311613353418,261.205275772493,207.166118379409
2020-07-26,0.834535453555767,262.640469595419,219.182783415912
2020-07-27,0.901114343176131,267.663647975659,241.195552337713
2020-07-28,1.01242859526708,268.381244887122,271.7168467571
2020-07-29,1.11353247910288,269.098841798585,299.650300431691
2020-07-30,1.19258653315693,261.922872683956,312.365690688663
2020-07-31,1.22877910594829,262.640469595419,322.727121415298
2020-08-01,1.26055231751602,259.052485038104,326.549210373068
2020-08-02,1.24040636439794,258.334888126641,320.440239378315
2020-08-03,1.20736488974356,261.922872683956,316.23648029938
2020-08-04,1.11938424293938,256.899694303716,287.569469819523
2020-08-05,1.1110518447798,264.793260329808,294.199040374691
2020-08-06,1.10033647451387,264.793260329808,291.361682546334
2020-08-07,1.13231532157915,271.251632532974,307.142379520444
2020-08-08,1.11855444088279,276.274810913214,309.028416651027
2020-08-09,1.17401451965114,298.520315168564,350.467184418727
2020-08-10,1.19449944756726,307.131478106118,366.868380928273
2020-08-11,1.21355189613289,307.131478106118,372.719987617777
2020-08-12,1.16321013263323,321.483416335376,373.952767354857
2020-08-13,1.16165042458635,333.682563830245,387.622491950466
2020-08-14,1.17178259748279,339.423339121948,397.730361962597
2020-08-15,1.23362040125607,332.964966918782,410.752376094564
2020-08-16,1.3146095536738,347.31690514804,456.58612166003
2020-08-17,1.40016304112382,364.53923102315,510.414358318313
2020-08-18,1.4344750040162,384.631944544111,551.744910194674
2020-08-19,1.40541217495338,415.488611737015,583.932753489677
2020-08-20,1.35276363399474,450.650860398697,609.624095575799
2020-08-21,1.28630764366107,460.697217159177,592.598351845234
2020-08-22,1.21598656328974,472.896364654047,575.035625247885
2020-08-23,1.12458592920618,465.720395539418,523.742603767964
2020-08-24,1.0944815797741,499.447450378174,546.636034504048
2020-08-25,1.0772516220976,529.586520659615,570.497938421592
2020-08-26,1.09689371316826,543.938458888873,596.642675905636
2020-08-27,1.10311211559495,563.313575498371,621.398030011365
2020-08-28,1.14886176824116,581.971095196406,668.604341492585
2020-08-29,1.17496975176781,595.605436514201,699.81837189265
2020-08-30,1.20495299656513,615.698150035162,741.887330864476
2020-08-31,1.19333440682154,632.920475910272,755.285780685592
2020-09-01,1.24216278432639,664.494740014639,825.410636426824
2020-09-02,1.26331441437732,655.883577077084,828.587177074837
2020-09-03,1.3036798628823,670.953112217805,874.708061336561
2020-09-04,1.28117528412772,711.85613617119,912.012487517186
2020-09-05,1.25382388676639,749.888772478723,940.228455351753
2020-09-06,1.18085652810857,781.46303658309,922.795728224685
2020-09-07,1.11195352676718,805.143734661366,895.282415311208
2020-09-08,1.03505792237158,815.190091421847,843.768962364994
2020-09-09,1.00041422882859,830.97722347403,831.321438195894
2020-09-10,0.953633544723961,853.22272772938,813.661814283615
2020-09-11,0.925518768279032,861.833890666935,797.643440951187
2020-09-12,0.891746768913248,889.102573302525,792.85434697498
2020-09-13,0.875259865985667,900.584123885931,788.245139581219
2020-09-14,0.864930447614977,900.584123885931,778.9426293876
2020-09-15,0.866806129185316,882.644201099358,765.0814034028
2020-09-16,0.885325451807982,881.209007276433,780.156762504271
2020-09-17,0.924560864282831,863.26908448986,798.144810864593
2020-09-18,0.972896228963054,845.329161703288,822.417553653628
2020-09-19,1.02996018130455,837.435595677196,862.525317954572
2020-09-20,1.08684773819211,836.717998765733,909.385064463167
2020-09-21,1.14473171468074,813.037300687458,930.709583315353
2020-09-22,1.18969076700396,817.342882156235,972.385280377677
2020-09-23,1.20847303168288,821.648463625012,992.940009814499
2020-09-24,1.18084720065106,821.648463625012,970.241288190841
2020-09-25,1.14514824953777,852.505130817917,976.244758278104
2020-09-26,1.10080543828428,853.22272772938,939.232218752251
2020-09-27,1.07638541386426,850.352340083528,915.306855511249
2020-09-28,1.04533592643893,853.940324640843,892.654500381998
2020-09-29,1.031877815922,878.338619630581,906.338136464347
2020-09-30,1.00262611524173,899.148930063005,901.510198772825
2020-10-01,0.996999048101594,928.570403432984,925.783808317998
2020-10-02,0.981459321925789,942.204744750779,924.73562989836
2020-10-03,0.981387743974288,942.204744750779,924.668188812836
2020-10-04,0.964866849902373,940.769550927853,907.717353087828
2020-10-05,0.973771815183177,953.686295334185,928.672834922889
2020-10-06,0.964390974621525,955.121489157111,921.110543810188
2020-10-07,0.970740180970731,952.251101511259,924.388406610618
2020-10-08,0.970703737357201,943.639938573705,915.994815093015
2020-10-09,1.00426303520221,940.769550927853,944.780084640629
2020-10-10,1.03425757195918,935.02877563615,967.060591201408
2020-10-11,1.07190522659447,927.852806521521,994.570272820769
2020-10-12,1.08333944455043,944.357535485167,1023.05976794952
2020-10-13,1.08870107012633,948.663116953945,1032.81055061714
2020-10-14,1.08651509769814,957.274279891499,1040.09295774023
2020-10-15,1.08187499948962,957.274279891499,1035.65111106904
2020-10-16,1.06462629727159,960.862264448814,1022.95923478814
2020-10-17,1.03431590829194,955.839086068574,988.639572487958
2020-10-18,1.00780754303189,976.649396500997,984.274628691249
2020-10-19,0.978677962019746,981.672574881238,960.741314955446
2020-10-20,0.967891982200309,993.871722376107,961.960471423445
2020-10-21,0.95186575746893,987.413350172941,939.8849564973
2020-10-22,0.953851644991641,996.742110021959,950.744101276884
2020-10-23,0.950082397188159,988.848543995867,939.487595135614
2020-10-24,0.9514792326445,1001.04769149074,952.476089340153
2020-10-25,0.932344099953148,1006.07086987098,938.004239658936
2020-10-26,0.915984129646044,995.306916199033,911.685339365259
2020-10-27,0.884750830571018,988.130947084404,874.249676145853
2020-10-28,0.872376721867525,960.144667537351,837.607857584819
2020-10-29,0.850804637884431,941.487147839316,801.021631890274
2020-10-30,0.838244811101071,932.875984901761,781.978453744702
2020-10-31,0.826792200698674,908.477689912023,751.122268528008
2020-11-01,0.834425821203581,889.820170213987,742.488926254317
2020-11-02,0.840698435003332,864.704278312786,726.955533518245
2020-11-03,0.86074706508881,834.565208031345,718.349553438212
2020-11-04,0.858937988556487,826.671642005253,710.05967738068
2020-11-05,0.873028022854243,802.273347015514,700.40711393361
2020-11-06,0.884044340499714,774.287067468462,684.504099917614
2020-11-07,0.91121735589694,746.300787921409,680.042230673549
2020-11-08,0.922116927529496,720.467299108745,664.35509223963
2020-11-09,0.93662815667869,706.83295779095,662.039650335484
2020-11-10,0.921539533742771,684.5874535356,630.874402737348
2020-11-11,0.917555679758917,679.56427515536,623.538060430052
2020-11-12,0.883061024049945,658.036367811473,581.086268821706
2020-11-13,0.84909513078035,634.355669733197,538.628310353366
2020-11-14,0.816595518090353,630.767685175883,515.082064670853
2020-11-15,0.802842221235651,602.78140562883,483.938362614598
2020-11-16,0.785170476481411,581.253498284943,456.383086204876
2020-11-17,0.779480845833268,566.901560055686,441.888907536405
2020-11-18,0.776698565188392,555.420009472279,431.393924434042
2020-11-19,0.781551849785813,536.044892862781,418.946877585144
2020-11-20,0.793791810217489,515.95217934182,409.558614425402
2020-11-21,0.798121639747471,492.271481263545,392.892521826977
2020-11-22,0.827567219716812,480.789930680138,397.885986200801
2020-11-23,0.854976573800497,452.803651133086,387.136514250121
2020-11-24,0.904856163040774,434.863728346513,393.489124677231
2020-11-25,0.931319267366473,410.465433356775,382.274366673094
2020-11-26,0.969282413790091,400.419076596294,388.119169090856
2020-11-27,0.998934441152042,385.349541455574,384.938928842119
2020-11-28,1.03643927278388,379.60876616387,393.441433545269
2020-11-29,1.03590484684641,368.844812491927,382.088128994543
2020-11-30,1.02278531331871,361.668843377298,369.909581291267
2020-12-01,0.997609171433389,365.256827934613,364.383561476237
2020-12-02,0.985253959078177,350.187292793892,345.023416644051
2020-12-03,0.989682506174072,350.904889705355,347.284430672332
2020-12-04,1.00193060290493,345.164114413652,345.830489255615
2020-12-05,1.07178039781153,343.728920590726,368.401919250055
2020-12-06,1.14923222570255,348.034502059503,399.972465423122
2020-12-07,1.23864975563246,356.645664997058,441.759065795981
2020-12-08,1.26233780227969,359.516052642909,453.830703777519
2020-12-09,1.2988399962622,381.761556898259,495.847179134785
2020-12-10,1.29753673811683,386.067138367036,500.936295410865
2020-12-11,1.30480356354991,392.525510570203,512.168684976247
2020-12-12,1.24941913646764,393.960704393128,492.222043085044
2020-12-13,1.20927825742098,416.206208648478,503.309118722225
2020-12-14,1.15834469250565,426.970162320421,494.578621382137
2020-12-15,1.16397091559763,438.451712903828,510.345041714018
2020-12-16,1.1559538541465,463.567604805029,535.862759431833
2020-12-17,1.1375411557338,463.567604805029,527.327228930661
2020-12-18,1.1081732123396,494.424271997933,547.907733758619
2020-12-19,1.07679012687504,518.104970076209,557.890316462952
2020-12-20,1.07064100055785,525.998536102301,563.155598984532
2020-12-21,1.07981903641308,523.128148456449,564.883733186799
2020-12-22,1.16253867798275,539.632877420096,627.344091911987
2020-12-23,1.28514093857699,540.350474331558,694.42651574298
2020-12-24,1.44097660617736,571.207141524463,823.096128218192
2020-12-25,1.52816788547983,600.628614894441,917.861360381919
2020-12-26,1.57256405778298,640.096445024901,1006.59266296082
2020-12-27,1.5521740149734,685.305050447063,1063.71269163397
2020-12-28,1.52276527814214,731.948849692151,1114.58629368728
2020-12-29,1.45129956979833,758.499935416278,1100.8106299617
2020-12-30,1.37703625349679,774.287067468462,1066.22136251779
2020-12-31,1.35761453744195,828.824432739642,1125.22409887442
2021-01-01,1.38209962159044,868.292262870101,1200.06640794267
2021-01-02,1.4026612821521,945.792729308093,1326.62684234143
2021-01-03,1.37153810353619,1034.77474632949,1419.23299316789
2021-01-04,1.31363344780545,1151.74304289794,1512.96818442796
2021-01-05,1.21282145549909,1206.28040816912,1463.00276037571
2021-01-06,1.0977115653892,1249.3362228569,1371.41082088968
2021-01-07,0.939962114469792,1265.84095182054,1189.84253765569
2021-01-08,0.815619911799204,1267.27614564347,1033.61565813496
2021-01-09,0.735753571243208,1270.14653328932,934.514847869798
2021-01-10,0.718747956562827,1267.27614564347,910.852140082059
2021-01-11,0.721040883274358,1265.12335490908,912.205661274663
2021-01-12,0.736721185520536,1257.94738579445,926.756489384947
2021-01-13,0.749712010894539,1251.48901359129,938.256344991945
2021-01-14,0.759328496421744,1217.76195875253,924.681357139156
2021-01-15,0.756940907388918,1175.42374097622,889.726313061016
2021-01-16,0.749020748729843,1109.40482512163,830.967232757106
2021-01-17,0.751475623706239,1036.20994015242,778.686511066643
2021-01-18,0.748817816397269,937.181566370538,701.778254097359
2021-01-19,0.744062705621328,877.621022719118,653.005072674544
2021-01-20,0.732498499313538,824.518851270864,603.95882121163
2021-01-21,0.745914283822499,790.791796432108,589.862896488363
2021-01-22,0.760438629859532,753.476757036038,572.972832751488
2021-01-23,0.797648582333673,708.268151613875,564.949087046899
2021-01-24,0.832034417667375,658.036367811473,547.508906095974
2021-01-25,0.893891445963858,626.462103707106,559.989115724305
2021-01-26,0.928906719437068,594.170242691275,551.928730925479
2021-01-27,0.955898903789659,569.771947701537,544.644380217998
2021-01-28,0.970135047173493,557.572800206668,540.920914831152
2021-01-29,0.982279673810274,536.044892862781,526.546002508916
2021-01-30,0.970666936966572,510.211404050117,495.245340774741
2021-01-31,0.955312499737135,493.70667508647,471.644157913766
2021-02-01,0.946105368608822,490.836287440619,464.382846655592
2021-02-02,0.952141852435839,471.461170831121,448.897912546713
2021-02-03,0.958912859206846,462.132410982103,443.144711547002
2021-02-04,0.930037332218111,454.238844956011,422.459083552725
2021-02-05,0.898873063231828,461.41481407064,414.753347344221
2021-02-06,0.863133608887723,465.720395539418,401.978925734555
2021-02-07,0.843761215769892,455.674038778937,384.480080954893
2021-02-08,0.815166727126977,424.817371586033,346.296986422471
2021-02-09,0.848214908805663,419.794193205792,356.075693307198
2021-02-10,0.903802178678647,413.335821002626,373.573815548101
2021-02-11,1.01753844241491,404.724658065072,411.822898174441
2021-02-12,1.12344760936038,398.983882773369,448.237489275062
2021-02-13,1.30807964399241,401.136673507757,524.718717074328
2021-02-14,1.43968257121578,399.701479684831,575.443253991409
2021-02-15,1.52990170971864,401.136673507757,613.699682630364
2021-02-16,1.51463790834555,422.664580851644,640.183796672884
2021-02-17,1.48567719111068,453.521248044548,673.786173903836
2021-02-18,1.39595593675528,452.086054221623,631.092211314944
2021-02-19,1.30926750490586,454.238844956011,594.720159166876
2021-02-20,1.13816360880196,469.308380096732,534.149719531899
2021-02-21,1.0173554691259,492.989078175008,501.545134900678
2021-02-22,0.933417894095885,519.540163899135,484.948085684961
2021-02-23,0.913858242278169,528.868923748152,483.311225052033
2021-02-24,0.904314054788719,528.868923748152,478.263600886437
2021-02-25,0.919273404382215,541.068071243021,497.389487854091
2021-02-26,0.951294546780647,569.054350790074,541.338300728399
2021-02-27,0.985218955705056,569.771947701537,561.350123304544
2021-02-28,1.01069707147967,578.383110639092,584.570116116231
2021-03-01,1.02704269744935,568.336753878611,583.706112763098
2021-03-02,1.0614685890181,564.031172409834,598.701372740093
2021-03-03,1.07455605403927,553.267218737891,594.516639396269
2021-03-04,1.08587258064991,559.007994029594,607.011453080846
2021-03-05,1.06987660479478,561.160784763982,600.372795147265
2021-03-06,1.07532851722344,564.031172409834,606.518804295265
2021-03-07,1.06758748977798,556.137606383742,593.725551170353
2021-03-08,1.06341038033771,560.443187852519,595.981103551927
2021-03-09,1.00762346208879,569.771947701537,574.115582544094
2021-03-10,0.964635761958229,587.711870488109,566.927888000194
2021-03-11,0.91269086028622,585.559079753721,534.434420248831
2021-03-12,0.89586277311915,577.665513727629,517.509029063332
2021-03-13,0.881867507835763,566.901560055686,499.932065954514
2021-03-14,0.909209181295025,562.595978586908,511.517429090876
2021-03-15,0.936189101118565,570.489544613,534.086093968784
2021-03-16,0.988304096052709,566.901560055686,560.271133861705
2021-03-17,1.01310997800145,564.031172409834,571.425608672258
2021-03-18,1.0391314870606,561.878381675445,583.865518297608
2021-03-19,1.03521127490794,559.725590941057,579.434242596691
2021-03-20,1.04416162816967,553.267218737891,577.700399930261
2021-03-21,1.01795079090956,546.808846534725,556.624497806367
2021-03-22,1.0009792253049,538.915280508633,539.442999988504
2021-03-23,0.972621183975161,526.716133013764,512.295268910665
2021-03-24,0.991247294706535,534.609699039855,529.930417897132
2021-03-25,0.989130996866942,528.868923748152,523.120645758956
2021-03-26,1.00887140836897,519.540163899135,524.149216857163
2021-03-27,1.01657201161097,538.19768359717,547.11670185874
2021-03-28,1.07746224820875,542.503265065947,584.526787638545
2021-03-29,1.11690769727446,531.739311394004,593.903729839382
2021-03-30,1.17652498143176,541.785668154484,637.424373165449
2021-03-31,1.20113798452774,548.24404035765,658.516741664532
2021-04-01,1.26087702138542,561.160784763982,707.554738811514
2021-04-02,1.30327246901173,575.51272299324,750.049887443066
2021-04-03,1.33429240449027,586.994273576647,783.222000712602
2021-04-04,1.3026721272714,601.346211805904,783.356948959795
2021-04-05,1.2773644498192,632.920475910272,808.470115490429
2021-04-06,1.2407879127099,678.846678243897,842.304752948295
2021-04-07,1.20033173023691,678.846678243897,814.841207862078
2021-04-08,1.1469900426847,703.962570145098,807.438058379156
2021-04-09,1.10500270097859,735.536834249465,812.770188514904
2021-04-10,1.07424108970851,758.499935416278,814.811797165416
2021-04-11,1.03353410268835,777.157455114313,803.218733019132
2021-04-12,0.999542851221369,815.190091421847,814.817428267201
2021-04-13,0.972647260349037,833.130014208419,810.341625834373
2021-04-14,0.976073448342482,842.458774057436,822.301640680622
2021-04-15,0.979953998426179,838.153192588659,821.351572370924
2021-04-16,0.998307188740979,852.505130817917,851.062000534096
2021-04-17,1.01041372627125,861.116293755472,870.083723126351
2021-04-18,1.06009786771025,877.621022719118,930.364174842224
2021-04-19,1.09627318664419,871.880247427415,955.818937219375
2021-04-20,1.13616151039474,863.26908448986,980.813106911085
2021-04-21,1.15555929297893,881.926604187896,1019.11848319467
2021-04-22,1.18028634437315,905.607302266171,1068.87593222937
2021-04-23,1.17434523369047,911.348077557874,1070.23727111306
2021-04-24,1.16226866283726,919.959240495429,1069.2397963154
2021-04-25,1.11996383676076,940.05195401639,1052.82419317465
2021-04-26,1.08955418073535,957.274279891499,1043.0021937662
2021-04-27,1.04446377615246,974.496605766609,1017.82640470675
2021-04-28,1.01225205047279,995.306916199033,1007.50146677222
2021-04-29,0.973740378473736,1004.63567604805,978.254323423246
2021-04-30,0.964091877854046,1014.68203280853,978.246706435137
2021-05-01,0.967337310029357,1026.8811803034,993.340478674462
2021-05-02,0.979916225308929,1034.05714941803,1013.28937861143
2021-05-03,0.976930563855907,1044.82110308997,1020.71766937024
2021-05-04,0.983230811227583,1058.45544440777,1040.7060052533
2021-05-05,0.988842744074116,1070.65459190264,1058.70902461256
2021-05-06,0.991478644169181,1043.38590926705,1034.49484666532
2021-05-07,0.985894651614504,1041.95071544412,1027.25363760226
2021-05-08,0.987453220247437,1045.53870000144,1032.42055620974
2021-05-09,0.998362721313425,1034.05714941803,1032.36410968659
2021-05-10,1.01942328607137,1022.57559883462,1042.43737722039
2021-05-11,1.04444114846788,1020.42280810023,1065.77156961502
2021-05-12,1.0733870387506,1021.85800192316,1096.8491347079
2021-05-13,1.09537175885902,1029.75156794925,1127.96078617241
2021-05-14,1.10381674023838,1038.36273088681,1146.16216479249
2021-05-15,1.09041462860508,1054.14986293899,1149.46043129071
2021-05-16,1.07653637561533,1062.76102587654,1144.10090294236
2021-05-17,1.05520938777753,1068.50180116825,1127.49313144993
2021-05-18,1.01418039365561,1066.34901043386,1081.47025917608
2021-05-19,0.960177862410551,1064.91381661093,1022.50667208495
2021-05-20,0.922163938858731,1098.64087144969,1013.12699340723
2021-05-21,0.882570999009991,1096.4880807153,967.72858079945
2021-05-22,0.84821357204524,1063.47862278801,902.057001428768
2021-05-23,0.824307082980349,1066.34901043386,878.999042229716
2021-05-24,0.836123174934372,1070.65459190264,895.199116639697
2021-05-25,0.844820192202818,1039.79792470973,878.442282605367
2021-05-26,0.854474771501138,1024.72838956901,875.60455652771
2021-05-27,0.849751544417663,1017.55242045438,864.666740807042
2021-05-28,0.850133925252129,993.154125464644,844.314015061603
2021-05-29,0.828222262036118,952.968698422722,789.269891057282
2021-05-30,0.814786920915789,928.570403432984,756.587019866693
2021-05-31,0.786858349487218,890.53776712545,700.727077596364
2021-06-01,0.790392427555457,847.481952437677,669.843317696654
2021-06-02,0.792218192962603,806.578928484292,638.986501205538
2021-06-03,0.806346921377046,771.41667982261,622.029464873864
2021-06-04,0.797480391563339,747.018384832872,595.732514041532
2021-06-05,0.796390211901731,739.842415718243,589.20325822774
2021-06-06,0.773221334652428,706.115360879487,545.983461757818
2021-06-07,0.754184946512266,658.753964722936,496.822323649311
2021-06-08,0.722770177706193,635.790863556123,459.530675436433
2021-06-09,0.704445251678129,599.911017982979,422.604468047502
2021-06-10,0.696281986372006,566.183963144223,394.223694510034
2021-06-11,0.708381908307994,532.456908305467,377.182840797201
2021-06-12,0.71740859590611,505.188225669877,362.426375646125
2021-06-13,0.719665819020075,472.178767742584,339.810919611356
2021-06-14,0.697899595793109,455.674038778937,318.014727477234
2021-06-15,0.677899595793109,431.993340700662,292.848111046293
2021-06-16,0.663630346026356,404.724658065072,268.587564877122
2021-06-17,0.678092427155104,369.56240940339,250.597471177633
2021-06-18,0.744985851191385,336.552951476097,250.727187026393
2021-06-19,0.868163693756983,312.872253397821,271.624331183923
2021-06-20,0.97155655089984,294.932330611249,286.543437877516
2021-06-21,1.06252149992931,281.297989293454,298.885161511178
2021-06-22,1.0987250224342,273.404423267362,300.396281088041
2021-06-23,1.11706355168415,261.922872683956,292.584494427656
2021-06-24,1.1148980347507,249.006128277624,277.616443057604
2021-06-25,1.07802531464817,241.830159162995,260.699033423104
2021-06-26,0.997258186368285,232.501399313977,231.863923807945
2021-06-27,0.916998446108545,223.890236376423,205.306998856054
2021-06-28,0.85667600992404,220.302251819108,188.727654065675
2021-06-29,0.836799018031392,215.996670350331,180.745801647207
2021-06-30,0.813134674245097,213.843879615942,173.883873390817
2021-07-01,0.778236830732102,207.385507412776,161.395040028688
2021-07-02,0.749803428385656,211.691088881553,158.726704202081
2021-07-03,0.75971829549529,208.820701235702,158.644907206919
2021-07-04,0.789014580605529,195.90395682937,154.571078336689
2021-07-05,0.880905448358466,190.163181537667,167.515782693711
2021-07-06,0.955941043992068,177.246437131335,169.437144155202
2021-07-07,1.05149242243818,173.65845257402,182.600546973923
2021-07-08,1.09373655889874,172.223258751094,188.366874388749
2021-07-09,1.154919820082,170.070468016706,196.417754323115
2021-07-10,1.13830852440094,169.352871105243,192.775816810871
2021-07-11,1.12623990957959,163.61209581354,184.266471995168
2021-07-12,1.05887249438609,152.130545230133,161.086849900147
2021-07-13,1.03258973321961,157.871320521836,163.01630474067
2021-07-14,0.97700434116805,154.283335964522,150.735489007227
2021-07-15,0.935668362332071,152.848142141596,143.015170843127
2021-07-16,0.853229062501467,157.153723610374,134.088124264694
2021-07-17,0.798807293793984,154.283335964522,123.242654079328
2021-07-18,0.73778620761865,157.871320521836,116.475282859554
2021-07-19,0.672568816314302,151.41294831867,101.835627425347
2021-07-20,0.629938430826774,149.977754495745,94.4767513259725
2021-07-21,0.637591492051264,142.084188469653,90.5916697232589
2021-07-22,0.69335054781032,135.625816266487,94.0362340055904
2021-07-23,0.795270367121443,126.297056417469,100.440306423478
2021-07-24,0.910916625624845,123.426668771618,112.431404629557
2021-07-25,1.0303735084791,122.709071860155,126.436176894761
2021-07-26,1.09780917839924,113.380312011137,124.469947175596
2021-07-27,1.11504273848994,105.486745985045,117.622230117558
2021-07-28,1.08220863710746,105.486745985045,114.158667605376
2021-07-29,1.0290950839939,102.616358339194,105.601989904221
2021-07-30,0.94300375596709,94.005195401639,88.6472523441658
2021-07-31,0.881779266171172,89.6996139328616,79.0952597495561
2021-08-01,0.838892546265818,83.9588386411585,70.4324439292024
2021-08-02,0.813382342184185,83.2412417296956,67.7069561644198
2021-08-03,0.78798551678736,84.6764355526214,66.7238048286439
2021-08-04,0.764391046741277,83.9588386411585,64.1773845520971
2021-08-05,0.779043061393292,83.2412417296956,64.8485117912811
2021-08-06,0.819679843965558,80.370854083844,65.8783691348239
2021-08-07,0.933965558251273,76.0652726150667,71.042344801466
2021-08-08,1.14144855144855,71.7596911462893,81.9099955113274
2021-08-09,1.32001998001998,75.3476757036038,99.460437376823
2021-08-10,1.38430569430569,71.0420942348264,98.3439755846719
2021-08-11,1.38716283716284,69.6069004119006,96.5561054614831
2021-08-12,1.36192881192881,74.6300787921409,101.640854543534
2021-08-13,1.28703703703704,69.6069004119006,89.5866588634647
2021-08-14,1.10727513227513,69.6069004119006,77.0739898608492
2021-08-15,0.818159486016629,68.8893035004377,56.3624371439617
2021-08-16,0.627683295540438,66.736512766049,41.8893942658702
2021-08-17,0.584826152683296,63.8661251201975,37.3505802408351
2021-08-18,0.639448001422791,59.5605436514201,38.0858706015555
2021-08-19,0.763583125557915,58.1253498284943,44.383536296189
2021-08-20,0.939773601748392,58.8429467399572,55.2990479952984
2021-08-21,1.16596407793887,59.5605436514201,69.4454543600658
2021-08-22,1.21698448610213,60.278140562883,73.3575619161123
2021-08-23,1.25507972419737,58.1253498284943,72.9519480316224
2021-08-24,1.25320002494925,55.2549621826428,69.2455199858578
2021-08-25,1.26207023970182,53.1021714482541,67.0186702483851
2021-08-26,1.15411936704506,43.7734115992365,50.5197420883138
2021-08-27,1.05411936704506,48.0789930680138,50.6809977410187
2021-08-28,0.862792836432819,48.0789930680138,41.4822108019855
2021-08-29,0.84578603371173,47.3613961565509,40.0576074062992
2021-08-30,0.771276229790162,45.2086054221623,34.8683227440764
2021-08-31,0.76125116713352,43.7734115992365,33.3225606693347
2021-09-01,0.756200662083015,45.9262023336252,34.7294246116459
2021-09-02,0.837178507766743,45.2086054221623,37.8476728255413
2021-09-03,0.837178507766743,43.0558146877736,36.0454026909917
2021-09-04,0.990239732256539,43.0558146877736,42.6355784085081
2021-09-05,1.12034177307287,41.6206208648478,46.6293201761171
2021-09-06,1.30437538651824,39.4678301304591,51.480866181454
2021-09-07,1.34179035250464,38.0326363075333,51.0318244777658
2021-09-08,1.35477736549165,38.7502332189962,52.4979388726188
2021-09-09,1.26087127158556,41.6206208648478,52.478245154041
2021-09-10,1.23559654631083,40.185427041922,49.6529748650248
2021-09-11,1.06272739865177,38.0326363075333,40.4183246469737
2021-09-12,0.951463662388032,37.3150393960704,35.5039040459389
2021-09-13,0.812502623426993,37.3150393960704,30.3185674025888
2021-09-14,0.822706705059646,38.7502332189962,31.8800766918932
2021-09-15,0.739373371726313,37.3150393960704,27.5897464943728
2021-09-16,0.690422322775264,38.0326363075333,26.258581100714
2021-09-17,0.597515229868171,39.4678301304591,23.5826295927992
2021-09-18,0.576506826506826,37.3150393960704,21.5123749432058
2021-09-19,0.509199134199134,34.4446517502189,17.5391868490021
2021-09-20,0.462445887445887,31.5742641043673,14.601388584195
2021-09-21,0.557683982683983,31.5742641043673,17.6084613560395
2021-09-22,0.879112554112554,27.9862795470528,24.6030896927175
2021-09-23,1.1258658008658,24.3982949897384,27.4692059283818
2021-09-24,1.37261904761905,20.8103104324239,28.5646284864104
2021-09-25,1.58690476190476,22.2455042553497,35.3014966337871
2021-09-26,1.61904761904762,22.2455042553497,36.0165306991376
2021-09-27,1.65119047619048,20.8103104324239,34.3617863925856
2021-09-28,1.48452380952381,17.9399227865723,26.6322425176853
2021-09-29,1.22261904761905,17.2223258751094,21.0563436592112
2021-09-30,1.00833333333333,15.0695351407208,15.1951146002268
2021-10-01,0.865476190476191,15.7871320521836,13.6633869070685
2021-10-02,0.66547619047619,14.3519382292579,9.55087317875612
2021-10-03,0.722619047619048,15.0695351407208,10.8895331314494
2021-10-04,0.719047619047619,15.0695351407208,10.8357133630897
2021-10-05,0.79047619047619,14.3519382292579,11.3448654574134
2021-10-06,0.671428571428571,14.3519382292579,9.63630138250171
2021-10-07,0.6,15.7871320521836,9.47227923131019
2021-10-08,0.457142857142857,15.0695351407208,6.88893035004377
2021-10-09,0.371428571428571,12.1991474948692,4.5311119266657
2021-10-10,0.228571428571429,10.0463567604805,2.29631011668126
2021-10-11,0.142857142857143,9.32875984901761,1.33267997843109
2021-10-12,0,7.89356602609182,0
2021-10-13,0,7.17596911462893,0
2021-10-14,0.142857142857143,7.17596911462893,1.02513844494699
2021-10-15,0.285714285714286,4.30558146877736,1.23016613393639
2021-10-16,0.428571428571429,4.30558146877736,1.84524920090458
2021-10-17,0.428571428571429,3.58798455731447,1.53770766742049
2021-10-18,0.455782312924774,3.58798455731447,1.63533990027116
2021-10-19,0.53174603174557,2.87038764585157,1.52631724025308
2021-10-20,0.638095238094684,2.15279073438868,1.37368551622777
2021-10-21,0.547619047618355,0.717596911462893,0.392969737229182
