"fecha","rho7dpromedio","incidenciaAcum14d","riesgopor10"
2020-02-19,0,0,0
2020-02-20,0,0,0
2020-02-21,0,0,0
2020-02-22,0,0,0
2020-02-23,0,0,0
2020-02-24,0,0,0
2020-02-25,0,0,0
2020-02-26,0,0,0
2020-02-27,0,0,0
2020-02-28,0,0,0
2020-02-29,0,0,0
2020-03-01,0,0,0
2020-03-02,0,0,0
2020-03-03,0,0,0
2020-03-04,0,0,0
2020-03-05,0,0,0
2020-03-06,0,0,0
2020-03-07,0,0,0
2020-03-08,0,0,0
2020-03-09,0,0,0
2020-03-10,0,0,0
2020-03-11,0,0,0
2020-03-12,0,0,0
2020-03-13,0,0,0
2020-03-14,0,0,0
2020-03-15,0,0,0
2020-03-16,0,0,0
2020-03-17,0,0,0
2020-03-18,0,0,0
2020-03-19,0,0,0
2020-03-20,0,0,0
2020-03-21,0,0,0
2020-03-22,0,0,0
2020-03-23,0,0,0
2020-03-24,0,0,0
2020-03-25,0,0,0
2020-03-26,0,0,0
2020-03-27,0,0,0
2020-03-28,0,0,0
2020-03-29,0,0,0
2020-03-30,0,0,0
2020-03-31,0,0,0
2020-04-01,0,0,0
2020-04-02,0,0,0
2020-04-03,0,0,0
2020-04-04,0,0,0
2020-04-05,0,0,0
2020-04-06,0,0,0
2020-04-07,0,0,0
2020-04-08,0,0,0
2020-04-09,0,0,0
2020-04-10,0,0,0
2020-04-11,0,0,0
2020-04-12,0,0,0
2020-04-13,0,0,0
2020-04-14,0.142857142857143,0,0
2020-04-15,0.285714285714286,0,0
2020-04-16,0.428571428571429,0,0
2020-04-17,0.428571428571429,0,0
2020-04-18,0.428571428571429,0.368485634587536,0.15792241482323
2020-04-19,0.428571428571429,0.368485634587536,0.15792241482323
2020-04-20,0.428571428571429,0.368485634587536,0.15792241482323
2020-04-21,0.285714285714286,0.368485634587536,0.105281609882153
2020-04-22,0.142857142857143,0.368485634587536,0.0526408049410765
2020-04-23,0,0.368485634587536,0
2020-04-24,0,0.368485634587536,0
2020-04-25,0,0.368485634587536,0
2020-04-26,0,0.368485634587536,0
2020-04-27,0,0.368485634587536,0
2020-04-28,0,0.368485634587536,0
2020-04-29,0,0.368485634587536,0
2020-04-30,0,0.368485634587536,0
2020-05-01,0,0.368485634587536,0
2020-05-02,0,0,0
2020-05-03,0,0,0
2020-05-04,0,0,0
2020-05-05,0,0,0
2020-05-06,0,0,0
2020-05-07,0,0,0
2020-05-08,0,0,0
2020-05-09,0,0,0
2020-05-10,0.142857142857143,0,0
2020-05-11,0.285714285714286,0,0
2020-05-12,0.428571428571429,0,0
2020-05-13,0.428571428571429,0,0
2020-05-14,0.428571428571429,0.368485634587536,0.15792241482323
2020-05-15,0.428571428571429,0.368485634587536,0.15792241482323
2020-05-16,0.428571428571429,0.368485634587536,0.15792241482323
2020-05-17,0.285714285714286,0.368485634587536,0.105281609882153
2020-05-18,0.142857142857143,0.368485634587536,0.0526408049410765
2020-05-19,0,0.368485634587536,0
2020-05-20,0.142857142857143,0.368485634587536,0.0526408049410765
2020-05-21,0.428571428571429,0.368485634587536,0.15792241482323
2020-05-22,1,0.368485634587536,0.368485634587536
2020-05-23,1.42857142857143,0.368485634587536,0.526408049410765
2020-05-24,1.71428571428571,0.736971269175071,1.26337931858584
2020-05-25,1.85714285714286,1.10545690376261,2.05299139270198
2020-05-26,2,1.84242817293768,3.68485634587536
2020-05-27,1.92857142857143,1.84242817293768,3.55325433352266
2020-05-28,1.73809523809524,1.47394253835014,2.56185250713239
2020-05-29,1.23809523809524,1.84242817293768,2.28110154744665
2020-05-30,0.952380952380952,2.21091380752521,2.10563219764306
2020-05-31,0.738095238095238,2.21091380752521,1.63186495317337
2020-06-01,0.738095238095238,2.57939944211275,1.90384244536893
2020-06-02,0.80952380952381,2.57939944211275,2.0880852626627
2020-06-03,1.02380952380952,2.57939944211275,2.640813714544
2020-06-04,1.5,2.94788507670028,4.42182761505043
2020-06-05,1.85714285714286,3.31637071128782,6.15897417810595
2020-06-06,2.21428571428571,3.68485634587536,8.15932476586686
2020-06-07,2.38095238095238,3.31637071128782,7.89612074116148
2020-06-08,2.66666666666667,4.05334198046289,10.808911947901
2020-06-09,2.52380952380952,3.31637071128782,8.36988798563117
2020-06-10,2.33333333333333,4.79031324963796,11.1773975824886
2020-06-11,1.78231292517007,5.1587988842255,9.19459392970803
2020-06-12,1.43945578231293,5.1587988842255,7.42586288368786
2020-06-13,0.987074829931973,4.79031324963796,4.72839763620727
2020-06-14,1.24897959183673,5.1587988842255,6.44323452478776
2020-06-15,1.32040816326531,4.79031324963796,6.32516871941992
2020-06-16,1.82040816326531,5.52728451881303,10.0619138587372
2020-06-17,2.05850340136054,5.52728451881303,11.3779339822641
2020-06-18,2.53809523809524,7.00122705716318,17.7697810546094
2020-06-19,2.55442176870748,7.36971269175071,18.8253545289278
2020-06-20,2.64965986394558,8.47516959551332,22.4563167173635
2020-06-21,2.22758194186766,8.84365523010085,19.6999666906761
2020-06-22,1.82962275819419,8.47516959551332,15.5063631715066
2020-06-23,1.29901051329623,9.21214086468839,11.966667833196
2020-06-24,0.994248608534323,8.84365523010085,8.79279190688506
2020-06-25,0.494248608534323,8.84365523010085,4.37096429183463
2020-06-26,0.392207792207792,8.84365523010085,3.46855049284475
2020-06-27,0.277922077922078,8.84365523010085,2.45784703797608
2020-06-28,0.271428571428571,8.47516959551332,2.30040317592504
2020-06-29,0.312244897959184,8.47516959551332,2.64632846553783
2020-06-30,0.271428571428571,7.73819832633825,2.10036811714895
2020-07-01,0.242857142857143,8.10668396092578,1.96876610479626
2020-07-02,0.242857142857143,6.26425578798811,1.52131926279711
2020-07-03,0.242857142857143,5.52728451881303,1.34234052599745
2020-07-04,0.214285714285714,4.05334198046289,0.868573281527762
2020-07-05,0.142857142857143,3.68485634587536,0.526408049410765
2020-07-06,0,2.94788507670028,0
2020-07-07,0,2.21091380752521,0
2020-07-08,0,1.10545690376261,0
2020-07-09,0,0.736971269175071,0
2020-07-10,0,0.368485634587536,0
2020-07-11,0,0.368485634587536,0
2020-07-12,0,0.368485634587536,0
2020-07-13,0,0.368485634587536,0
2020-07-14,0,0.368485634587536,0
2020-07-15,0,0,0
2020-07-16,0.142857142857143,0,0
2020-07-17,0.285714285714286,0,0
2020-07-18,0.428571428571429,0,0
2020-07-19,0.428571428571429,0,0
2020-07-20,0.428571428571429,0.368485634587536,0.15792241482323
2020-07-21,0.428571428571429,0.368485634587536,0.15792241482323
2020-07-22,0.428571428571429,0.368485634587536,0.15792241482323
2020-07-23,0.285714285714286,0.368485634587536,0.105281609882153
2020-07-24,0.142857142857143,0.368485634587536,0.0526408049410765
2020-07-25,0,0.368485634587536,0
2020-07-26,0.142857142857143,0.368485634587536,0.0526408049410765
2020-07-27,0.428571428571429,0.368485634587536,0.15792241482323
2020-07-28,0.714285714285714,0.368485634587536,0.263204024705383
2020-07-29,0.857142857142857,0.368485634587536,0.315844829646459
2020-07-30,0.857142857142857,0.736971269175071,0.631689659292918
2020-07-31,0.857142857142857,1.10545690376261,0.947534488939377
2020-08-01,0.857142857142857,1.10545690376261,0.947534488939377
2020-08-02,0.714285714285714,1.10545690376261,0.789612074116148
2020-08-03,0.428571428571429,0.736971269175071,0.315844829646459
2020-08-04,0.142857142857143,0.736971269175071,0.105281609882153
2020-08-05,0,0.736971269175071,0
2020-08-06,0,0.736971269175071,0
2020-08-07,0,0.736971269175071,0
2020-08-08,0,0.736971269175071,0
2020-08-09,0,0.736971269175071,0
2020-08-10,0,0.736971269175071,0
2020-08-11,0,0.736971269175071,0
2020-08-12,0,0.736971269175071,0
2020-08-13,0,0.368485634587536,0
2020-08-14,0,0,0
2020-08-15,0,0,0
2020-08-16,0,0,0
2020-08-17,0,0,0
2020-08-18,0.142857142857143,0,0
2020-08-19,0.285714285714286,0,0
2020-08-20,0.428571428571429,0,0
2020-08-21,0.428571428571429,0,0
2020-08-22,0.428571428571429,0.368485634587536,0.15792241482323
2020-08-23,0.428571428571429,0.368485634587536,0.15792241482323
2020-08-24,0.428571428571429,0.368485634587536,0.15792241482323
2020-08-25,0.285714285714286,0.368485634587536,0.105281609882153
2020-08-26,0.142857142857143,0.368485634587536,0.0526408049410765
2020-08-27,0,0.368485634587536,0
2020-08-28,0.142857142857143,0.368485634587536,0.0526408049410765
2020-08-29,0.285714285714286,0.368485634587536,0.105281609882153
2020-08-30,0.714285714285714,0.368485634587536,0.263204024705383
2020-08-31,1,0.368485634587536,0.368485634587536
2020-09-01,1.28571428571429,0.736971269175071,0.947534488939377
2020-09-02,1.28571428571429,0.736971269175071,0.947534488939377
2020-09-03,1.42857142857143,1.47394253835014,2.10563219764306
2020-09-04,1.33333333333333,1.47394253835014,1.96525671780019
2020-09-05,1.26190476190476,1.10545690376261,1.39498133093853
2020-09-06,0.833333333333333,1.10545690376261,0.921214086468839
2020-09-07,0.69047619047619,1.47394253835014,1.01772222886081
2020-09-08,0.833333333333333,1.47394253835014,1.22828544862512
2020-09-09,1.26190476190476,1.47394253835014,1.85997510791804
2020-09-10,1.54761904761905,1.47394253835014,2.28110154744665
2020-09-11,1.78571428571429,1.84242817293768,3.29005030881728
2020-09-12,2,2.57939944211275,5.1587988842255
2020-09-13,2.0952380952381,2.57939944211275,5.40445597395052
2020-09-14,2,2.94788507670028,5.89577015340057
2020-09-15,1.61904761904762,2.94788507670028,4.7727663146576
2020-09-16,1.19047619047619,2.94788507670028,3.50938699607177
2020-09-17,0.761904761904762,2.57939944211275,1.96525671780019
2020-09-18,0.476190476190476,2.57939944211275,1.22828544862512
2020-09-19,0.19047619047619,2.57939944211275,0.491314179450047
2020-09-20,0.0952380952380952,2.57939944211275,0.245657089725024
2020-09-21,0.19047619047619,2.21091380752521,0.421126439528612
2020-09-22,0.285714285714286,2.21091380752521,0.631689659292918
2020-09-23,0.428571428571429,2.21091380752521,0.947534488939377
2020-09-24,0.428571428571429,2.21091380752521,0.947534488939377
2020-09-25,0.428571428571429,2.21091380752521,0.947534488939377
2020-09-26,0.571428571428571,1.47394253835014,0.842252879057224
2020-09-27,0.714285714285714,1.47394253835014,1.05281609882153
2020-09-28,0.857142857142857,1.10545690376261,0.947534488939377
2020-09-29,0.857142857142857,0.736971269175071,0.631689659292918
2020-09-30,0.857142857142857,1.10545690376261,0.947534488939377
2020-10-01,0.857142857142857,0.736971269175071,0.631689659292918
2020-10-02,1,1.10545690376261,1.10545690376261
2020-10-03,1,1.10545690376261,1.10545690376261
2020-10-04,1.14285714285714,1.10545690376261,1.26337931858584
2020-10-05,1.14285714285714,1.10545690376261,1.26337931858584
2020-10-06,1.28571428571429,1.47394253835014,1.89506897787875
2020-10-07,1.57142857142857,1.84242817293768,2.89524427175921
2020-10-08,1.71428571428571,1.84242817293768,3.15844829646459
2020-10-09,1.64285714285714,1.84242817293768,3.0268462841119
2020-10-10,1.5,2.21091380752521,3.31637071128782
2020-10-11,1.21428571428571,2.57939944211275,3.13212789399405
2020-10-12,0.928571428571429,2.57939944211275,2.39515662481898
2020-10-13,0.642857142857143,2.57939944211275,1.65818535564391
2020-10-14,0.214285714285714,2.21091380752521,0.473767244469689
2020-10-15,0.214285714285714,2.21091380752521,0.473767244469689
2020-10-16,0.285714285714286,1.84242817293768,0.526408049410765
2020-10-17,0.571428571428571,1.84242817293768,1.05281609882153
2020-10-18,0.714285714285714,1.84242817293768,1.31602012352691
2020-10-19,0.857142857142857,2.21091380752521,1.89506897787875
2020-10-20,1.14285714285714,1.84242817293768,2.10563219764306
2020-10-21,1.42857142857143,1.84242817293768,2.63204024705383
2020-10-22,1.42857142857143,1.84242817293768,2.63204024705383
2020-10-23,1.42857142857143,1.47394253835014,2.10563219764306
2020-10-24,1.57142857142857,1.84242817293768,2.89524427175921
2020-10-25,1.64285714285714,1.47394253835014,2.42147702728952
2020-10-26,1.64285714285714,1.47394253835014,2.42147702728952
2020-10-27,1.35714285714286,1.84242817293768,2.50043823470113
2020-10-28,1.07142857142857,2.57939944211275,2.76364225940652
2020-10-29,0.928571428571429,2.57939944211275,2.39515662481898
2020-10-30,0.785714285714286,2.57939944211275,2.02667099023145
2020-10-31,0.428571428571429,2.57939944211275,1.10545690376261
2020-11-01,0.357142857142857,2.57939944211275,0.921214086468839
2020-11-02,0.357142857142857,2.21091380752521,0.789612074116148
2020-11-03,0.357142857142857,2.21091380752521,0.789612074116148
2020-11-04,0.357142857142857,2.21091380752521,0.789612074116148
2020-11-05,0.357142857142857,2.21091380752521,0.789612074116148
2020-11-06,0.357142857142857,2.21091380752521,0.789612074116148
2020-11-07,0.285714285714286,1.47394253835014,0.421126439528612
2020-11-08,0.142857142857143,1.47394253835014,0.210563219764306
2020-11-09,0,1.47394253835014,0
2020-11-10,0,1.10545690376261,0
2020-11-11,0,0.368485634587536,0
2020-11-12,0,0.368485634587536,0
2020-11-13,0.142857142857143,0.368485634587536,0.0526408049410765
2020-11-14,0.285714285714286,0.368485634587536,0.105281609882153
2020-11-15,0.571428571428571,0.368485634587536,0.210563219764306
2020-11-16,0.714285714285714,0.368485634587536,0.263204024705383
2020-11-17,0.857142857142857,0.736971269175071,0.631689659292918
2020-11-18,0.857142857142857,0.368485634587536,0.315844829646459
2020-11-19,1,0.736971269175071,0.736971269175071
2020-11-20,0.928571428571429,0.736971269175071,0.684330464233995
2020-11-21,1.21428571428571,0.736971269175071,0.894893683998301
2020-11-22,1.35714285714286,0.736971269175071,1.00017529388045
2020-11-23,1.64285714285714,1.10545690376261,1.81610777046714
2020-11-24,1.64285714285714,1.10545690376261,1.81610777046714
2020-11-25,1.78571428571429,1.84242817293768,3.29005030881728
2020-11-26,1.73809523809524,2.21091380752521,3.84277876069859
2020-11-27,1.76190476190476,2.21091380752521,3.89541956563966
2020-11-28,1.38095238095238,2.21091380752521,3.05316668658244
2020-11-29,1.0952380952381,2.57939944211275,2.82505653183777
2020-11-30,0.80952380952381,2.94788507670028,2.3863831573288
2020-12-01,0.80952380952381,2.57939944211275,2.0880852626627
2020-12-02,0.738095238095238,2.57939944211275,1.90384244536893
2020-12-03,0.785714285714286,2.57939944211275,2.02667099023145
2020-12-04,0.833333333333333,2.57939944211275,2.14949953509396
2020-12-05,0.928571428571429,2.94788507670028,2.73732185693598
2020-12-06,0.857142857142857,2.94788507670028,2.52675863717167
2020-12-07,0.857142857142857,2.57939944211275,2.21091380752521
2020-12-08,0.857142857142857,2.94788507670028,2.52675863717167
2020-12-09,0.928571428571429,2.21091380752521,2.05299139270198
2020-12-10,0.785714285714286,1.84242817293768,1.4476221358796
2020-12-11,0.785714285714286,2.21091380752521,1.73714656305552
2020-12-12,0.785714285714286,2.21091380752521,1.73714656305552
2020-12-13,0.857142857142857,1.84242817293768,1.5792241482323
2020-12-14,0.714285714285714,1.47394253835014,1.05281609882153
2020-12-15,0.571428571428571,1.84242817293768,1.05281609882153
2020-12-16,0.428571428571429,1.84242817293768,0.789612074116148
2020-12-17,0.857142857142857,1.47394253835014,1.26337931858584
2020-12-18,1.28571428571429,1.47394253835014,1.89506897787875
2020-12-19,1.71428571428571,1.10545690376261,1.89506897787875
2020-12-20,2,1.10545690376261,2.21091380752521
2020-12-21,2.28571428571429,2.21091380752521,5.05351727434334
2020-12-22,2.38095238095238,2.21091380752521,5.26408049410765
2020-12-23,2.45238095238095,2.21091380752521,5.42200290893088
2020-12-24,2.0952380952381,2.94788507670028,6.17652111308631
2020-12-25,1.76190476190476,2.57939944211275,4.54465615991294
2020-12-26,1.47619047619048,2.57939944211275,3.80768489073787
2020-12-27,1.4047619047619,3.31637071128782,4.65871123728527
2020-12-28,1.33333333333333,3.31637071128782,4.42182761505043
2020-12-29,1.66666666666667,4.05334198046289,6.75556996743815
2020-12-30,1.7952380952381,4.42182761505043,7.93823338511434
2020-12-31,1.97380952380952,4.79031324963796,9.45516591416636
2021-01-01,2.02142857142857,5.1587988842255,10.4281434588273
2021-01-02,2.30714285714286,6.63274142257564,15.3026819963709
2021-01-03,2.52142857142857,7.36971269175071,18.5822041442
2021-01-04,2.87857142857143,6.63274142257564,19.0928199521285
2021-01-05,3.02142857142857,8.84365523010085,26.7204725880904
2021-01-06,3.39285714285714,10.317597768451,35.0061352858159
2021-01-07,3.71428571428571,14.3709397489139,53.3777762102516
2021-01-08,3.82142857142857,21.3721668060771,81.6722088660802
2021-01-09,3.5,28.7418794978278,100.596578242397
2021-01-10,3.09340659340659,35.3746209204034,109.428085594435
2021-01-11,2.64062208977463,42.3758479775666,111.898600242494
2021-01-12,2.17815235611846,51.2195032076674,111.563881590998
2021-01-13,1.68248136044746,57.115273361068,96.0953828268584
2021-01-14,1.18361514729553,62.6425578798811,74.1446803719645
2021-01-15,0.871710385390773,68.1698423986941,59.4243595893939
2021-01-16,0.72083574982226,71.4862131099819,51.5298180290877
2021-01-17,0.657587886574396,72.960155648332,47.9777145569257
2021-01-18,0.620576471839011,77.3819832633825,48.0214381574953
2021-01-19,0.591974776923757,80.3298683400828,47.5532558909352
2021-01-20,0.583444091922483,81.0668396092578,47.297968620849
2021-01-21,0.573906943729873,80.3298683400828,46.10186922928
2021-01-22,0.555454562777492,74.4340981866822,41.3447594640205
2021-01-23,0.520614912631719,68.5383280332816,35.682075660971
2021-01-24,0.482519674536481,64.4849860528187,31.1152744826956
2021-01-25,0.454458450046685,58.2207302648306,26.4589028367411
2021-01-26,0.412196545284781,49.3770750347298,20.353059745583
2021-01-27,0.375581899426437,44.5867617850918,16.7459806805189
2021-01-28,0.360175736961451,39.0594772662788,14.068276009711
2021-01-29,0.333390022675737,33.5321927474657,11.1792985004448
2021-01-30,0.411961451247166,29.4788507670029,12.1441501430731
2021-01-31,0.705612244897959,27.2679369594776,19.240590211713
2021-02-01,1.2234693877551,22.8461093444272,27.9515154122125
2021-02-02,1.75680272108844,17.6873104602017,31.0731151452183
2021-02-03,2.29761904761905,16.9503391910266,38.9454221889064
2021-02-04,2.82142857142857,14.7394253835014,41.5862359034505
2021-02-05,3.15714285714286,16.5818535564391,52.3512805139006
2021-02-06,3.27478991596639,19.8982242677269,65.1625041775898
2021-02-07,3.08248222365869,19.1612529985519,59.0642217510629
2021-02-08,2.64880875427094,22.1091380752521,58.5628784831128
2021-02-09,2.20118970665189,24.3200518827773,53.5330478696095
2021-02-10,1.78910179456398,27.2679369594776,48.7851149482589
2021-02-11,1.35592207106168,30.2158220361779,40.9702999941254
2021-02-12,1.12258873772834,32.0582502091156,35.9882306360304
2021-02-13,0.989068663031797,35.3746209204034,34.987929019
2021-02-14,0.994563168526302,39.7964485354538,39.5800819515149
2021-02-15,1.01936964284017,42.0073623429791,42.82102994822
2021-02-16,1.07175059522112,45.3237330542669,48.5757378785536
2021-02-17,1.0552670787376,46.4291899580295,48.995195655163
2021-02-18,1.08963727843038,49.7455606693173,54.2046173417084
2021-02-19,1.10361577305404,51.2195032076674,56.5266516279737
2021-02-20,1.15412082355909,50.4825319384924,58.2629413362008
2021-02-21,1.14209231153058,50.1140463039048,57.234866983377
2021-02-22,1.17657507015127,50.8510175730799,59.8300395683098
2021-02-23,1.17772449543862,53.0619313806051,62.492336362222
2021-02-24,1.20369852141265,53.7989026497802,64.7576595731634
2021-02-25,1.15651501386329,54.9043595535428,63.4977161502205
2021-02-26,1.14381410344404,57.8522446302431,66.172213323967
2021-02-27,1.12703921166915,57.4837589956556,64.7864504222432
2021-02-28,1.15127773590768,58.5892158994182,67.4524598292882
2021-03-01,1.14104658774549,60.0631584377683,68.5348619846325
2021-03-02,1.15418287674385,61.5371009761184,71.0250682310933
2021-03-03,1.15320885076983,66.3274142257564,76.4893611338188
2021-03-04,1.16428124720808,65.5904429565813,76.3657227304187
2021-03-05,1.14292084726867,68.1698423986941,77.9127340324874
2021-03-06,1.0886491385852,70.3807562062193,76.6199496168756
2021-03-07,1.0043237417598,72.223184379157,72.5354587774831
2021-03-08,0.923893533670021,73.3286412829196,67.7478575140979
2021-03-09,0.853018672097485,72.223184379157,61.6077248337603
2021-03-10,0.839296867586206,71.1177274753944,59.688885899948
2021-03-11,0.95466863032639,70.3807562062193,67.190300128727
2021-03-12,1.13968651099644,70.3807562062193,80.2119984819575
2021-03-13,1.36385617886359,71.1177274753944,96.9943520440536
2021-03-14,1.48786411537153,71.1177274753944,105.813514677411
2021-03-15,1.55569716452269,81.8038108784329,127.261956630728
2021-03-16,1.51925148593886,82.1722965130204,124.840383580415
2021-03-17,1.47123859657259,84.3832103205457,124.147835926289
2021-03-18,1.36045237175128,85.4886672243083,116.303260083166
2021-03-19,1.33548329321077,81.8038108784329,109.247622749121
2021-03-20,1.36201390545567,81.0668396092578,110.414162819154
2021-03-21,1.58667813011989,87.3310953972459,138.566339146224
2021-03-22,1.67070386048709,95.4377793581717,159.448266410012
2021-03-23,1.75361963873869,107.229319664973,188.039440813085
2021-03-24,1.74317215699369,119.389345606362,208.116183102707
2021-03-25,1.70493582542403,128.233000836462,218.629037127714
2021-03-26,1.50884181404899,128.969972105637,194.595286669717
2021-03-27,1.25808193562954,140.393026777851,176.625930877568
2021-03-28,0.907969682291475,140.024541143264,127.138038134859
2021-03-29,0.776929489607447,137.445141701151,106.785183790898
2021-03-30,0.756889807067765,140.393026777851,106.262050951547
2021-03-31,0.930602594935205,135.971199162801,126.535150777354
2021-04-01,1.15427606432296,140.024541143264,161.626976259475
2021-04-02,1.45779637955288,145.920311296664,212.722101511506
2021-04-03,1.63932548874156,155.50093779594,254.9166508521
2021-04-04,1.73509787904411,169.503391910266,294.104975794285
2021-04-05,1.72477943036949,175.399162063667,302.524866831458
2021-04-06,1.68946197005203,177.97856150578,300.688011148581
2021-04-07,1.51755320654663,171.714305717792,260.585595251963
2021-04-08,1.31970307412725,176.136133332842,232.447396624239
2021-04-09,1.05863950891622,183.137360390005,193.876445267488
2021-04-10,0.913584563861274,183.137360390005,167.311465518608
2021-04-11,0.850070238074859,191.981015620106,163.197347654037
2021-04-12,0.887128007891249,193.454958158456,171.619311647796
2021-04-13,0.941062632588586,197.139814504332,185.520912825472
2021-04-14,1.03141432882263,205.983469734432,212.454302184697
2021-04-15,1.08130527756855,211.510754253245,228.707694836538
2021-04-16,1.10611600831246,219.248952579584,242.514776254016
2021-04-17,1.23068743688388,222.196837656284,273.454856618917
2021-04-18,1.33589887629836,215.195610599121,287.479574383705
2021-04-19,1.38417126927692,210.036811714895,290.726920266284
2021-04-20,1.28195622129916,202.667099023145,259.810348445373
2021-04-21,1.15273359207653,253.149630961637,291.814083431256
2021-04-22,1.01384470318764,246.516889539061,249.929842705471
2021-04-23,0.924827818406825,236.936263039785,219.12524724855
2021-04-24,0.752637342216349,229.198064713447,172.50302226706
2021-04-25,0.963914225851159,221.459866387109,213.468315665631
2021-04-26,1.33312951760166,217.406524406646,289.831055005686
2021-04-27,1.7695967540689,224.039265829222,396.45915759537
2021-04-28,2.07117106628151,231.040492886385,478.524384005699
2021-04-29,2.25217082937082,243.937490096949,549.388899386282
2021-04-30,2.35111451095732,260.519343653388,612.510809248557
2021-05-01,2.35472845653555,264.572685633851,622.996831684063
2021-05-02,1.97906313029903,278.943625382764,552.047044426974
2021-05-03,1.47577658361282,287.05030934369,423.622124848234
2021-05-04,1.13968806549701,296.999421477554,338.486696117484
2021-05-05,0.863370359447473,249.833260250349,215.698631704278
2021-05-06,0.693018919458595,245.779918269886,170.330133384018
