"fecha","rho7dpromedio","incidenciaAcum14d","riesgopor10"
2020-01-29,0,0,0
2020-01-30,0,0,0
2020-01-31,0,0,0
2020-02-01,0,0,0
2020-02-02,0,0,0
2020-02-03,0,0,0
2020-02-04,0,0,0
2020-02-05,0,0,0
2020-02-06,0,0,0
2020-02-07,0,0,0
2020-02-08,0,0,0
2020-02-09,0,0,0
2020-02-10,0,0,0
2020-02-11,0,0,0
2020-02-12,0,0,0
2020-02-13,0,0,0
2020-02-14,0,0,0
2020-02-15,0,0,0
2020-02-16,0,0,0
2020-02-17,0,0,0
2020-02-18,0,0,0
2020-02-19,0,0,0
2020-02-20,0,0,0
2020-02-21,0,0,0
2020-02-22,0,0,0
2020-02-23,0,0,0
2020-02-24,0,0,0
2020-02-25,0,0,0
2020-02-26,0,0,0
2020-02-27,0,0,0
2020-02-28,0,0,0
2020-02-29,0,0,0
2020-03-01,0,0,0
2020-03-02,0,0,0
2020-03-03,0,0,0
2020-03-04,0,0,0
2020-03-05,0,0,0
2020-03-06,0,0,0
2020-03-07,0,0,0
2020-03-08,0,0,0
2020-03-09,0,0,0
2020-03-10,0,0,0
2020-03-11,0,0,0
2020-03-12,0,0,0
2020-03-13,0,0,0
2020-03-14,0,0,0
2020-03-15,0,0,0
2020-03-16,0,0,0
2020-03-17,0,0,0
2020-03-18,0,0,0
2020-03-19,0,0,0
2020-03-20,0,0,0
2020-03-21,0,0,0
2020-03-22,0,0,0
2020-03-23,0,0,0
2020-03-24,0,0,0
2020-03-25,0,0,0
2020-03-26,0,0,0
2020-03-27,0,0,0
2020-03-28,0,0,0
2020-03-29,0,0,0
2020-03-30,0,0,0
2020-03-31,0,0,0
2020-04-01,0,0,0
2020-04-02,0,0,0
2020-04-03,0,0,0
2020-04-04,0,0,0
2020-04-05,0,0,0
2020-04-06,0,0,0
2020-04-07,0,0,0
2020-04-08,0,0,0
2020-04-09,0,0,0
2020-04-10,0,0,0
2020-04-11,0,0,0
2020-04-12,0,0,0
2020-04-13,0,0,0
2020-04-14,0,0,0
2020-04-15,0,0,0
2020-04-16,0,0,0
2020-04-17,0,0,0
2020-04-18,0.142857142857143,0,0
2020-04-19,0.285714285714286,0,0
2020-04-20,0.428571428571429,0,0
2020-04-21,0.428571428571429,0,0
2020-04-22,0.428571428571429,0.615149912033563,0.263635676585812
2020-04-23,0.428571428571429,0.615149912033563,0.263635676585812
2020-04-24,0.428571428571429,0.615149912033563,0.263635676585812
2020-04-25,0.285714285714286,0.615149912033563,0.175757117723875
2020-04-26,0.142857142857143,0.615149912033563,0.0878785588619375
2020-04-27,0,0.615149912033563,0
2020-04-28,0,0.615149912033563,0
2020-04-29,0,0.615149912033563,0
2020-04-30,0,0.615149912033563,0
2020-05-01,0,0.615149912033563,0
2020-05-02,0,0.615149912033563,0
2020-05-03,0,0.615149912033563,0
2020-05-04,0,0.615149912033563,0
2020-05-05,0,0.615149912033563,0
2020-05-06,0,0,0
2020-05-07,0,0,0
2020-05-08,0,0,0
2020-05-09,0,0,0
2020-05-10,0,0,0
2020-05-11,0,0,0
2020-05-12,0,0,0
2020-05-13,0,0,0
2020-05-14,0,0,0
2020-05-15,0,0,0
2020-05-16,0.142857142857143,0,0
2020-05-17,0.285714285714286,0,0
2020-05-18,0.428571428571429,0,0
2020-05-19,0.571428571428571,0,0
2020-05-20,0.714285714285714,0.615149912033563,0.439392794309688
2020-05-21,1,0.615149912033563,0.615149912033563
2020-05-22,1.28571428571429,0.615149912033563,0.790907029757438
2020-05-23,1.57142857142857,1.23029982406713,1.93332829496262
2020-05-24,1.71428571428571,1.23029982406713,2.1090854126865
2020-05-25,1.71428571428571,1.84544973610069,3.16362811902975
2020-05-26,1.71428571428571,2.46059964813425,4.218170825373
2020-05-27,1.71428571428571,3.07574956016781,5.27271353171625
2020-05-28,1.52380952380952,3.07574956016781,4.68685647263667
2020-05-29,1.23809523809524,3.07574956016781,3.80807088401729
2020-05-30,0.80952380952381,4.30604938423494,3.48584950152352
2020-05-31,0.523809523809524,4.30604938423494,2.2555496774564
2020-06-01,0.380952380952381,4.30604938423494,1.64039976542283
2020-06-02,0.238095238095238,4.30604938423494,1.02524985338927
2020-06-03,0.0952380952380952,3.69089947220138,0.35151423544775
2020-06-04,0,3.69089947220138,0
2020-06-05,0,3.69089947220138,0
2020-06-06,0.142857142857143,3.07574956016781,0.439392794309688
2020-06-07,0.285714285714286,3.07574956016781,0.878785588619375
2020-06-08,0.571428571428571,2.46059964813425,1.406056941791
2020-06-09,0.857142857142857,1.84544973610069,1.58181405951488
2020-06-10,1.14285714285714,1.84544973610069,2.1090854126865
2020-06-11,1.28571428571429,1.84544973610069,2.37272108927231
2020-06-12,1.28571428571429,2.46059964813425,3.16362811902975
2020-06-13,1.14285714285714,1.84544973610069,2.1090854126865
2020-06-14,1,1.84544973610069,1.84544973610069
2020-06-15,0.714285714285714,1.84544973610069,1.31817838292906
2020-06-16,0.571428571428571,1.84544973610069,1.05454270634325
2020-06-17,0.571428571428571,1.84544973610069,1.05454270634325
2020-06-18,0.857142857142857,1.84544973610069,1.58181405951488
2020-06-19,1.28571428571429,1.84544973610069,2.37272108927231
2020-06-20,1.57142857142857,2.46059964813425,3.86665658992525
2020-06-21,1.85714285714286,3.07574956016781,5.71210632602594
2020-06-22,1.92857142857143,3.69089947220138,7.11816326781694
2020-06-23,1.83333333333333,4.30604938423494,7.89442387109739
2020-06-24,1.54761904761905,3.69089947220138,5.71210632602594
2020-06-25,1.19047619047619,4.30604938423494,5.12624926694635
2020-06-26,0.904761904761905,3.69089947220138,3.33938523675363
2020-06-27,1.19047619047619,3.07574956016781,3.6616066192474
2020-06-28,1.47619047619048,3.07574956016781,4.54039220786677
2020-06-29,1.97619047619048,3.69089947220138,7.29392038554081
2020-06-30,2.5,4.30604938423494,10.7651234605873
2020-07-01,2.71428571428571,6.15149912033563,16.6969261837681
2020-07-02,2.84285714285714,7.38179894440275,20.9853998562307
2020-07-03,3.03333333333333,7.99694885643631,24.2574115311902
2020-07-04,2.7952380952381,7.99694885643631,22.3533760891815
2020-07-05,2.61666666666667,7.99694885643631,20.925349507675
2020-07-06,2.28333333333333,10.4575485045706,23.8780690854361
2020-07-07,1.8547619047619,14.7635978888055,27.3829589413797
2020-07-08,1.70170068027211,15.3787478008391,26.170025594421
2020-07-09,1.58333333333333,15.9938977128726,25.323671378715
2020-07-10,1.34090909090909,17.2241975369398,23.0960830608965
2020-07-11,1.26471861471861,19.0696472730404,24.1177378823323
2020-07-12,1.01471861471861,19.684797185074,19.9745301306552
2020-07-13,0.919480519480519,21.5302469211747,19.7966426236256
2020-07-14,0.830194805194805,22.1453968332083,18.384993409907
2020-07-15,0.871011131725417,22.1453968332083,19.2888871582012
2020-07-16,0.868743558029272,22.1453968332083,19.2386708388515
2020-07-17,0.920691609977324,22.1453968332083,20.3890810639532
2020-07-18,0.734977324263039,21.5302469211747,15.8242432728475
2020-07-19,0.687358276643991,23.3756966572754,16.0674785696975
2020-07-20,0.544501133786848,20.9150970091411,11.3882940347393
2020-07-21,0.519501133786848,17.2241975369398,8.94799014900884
2020-07-22,0.499092970521542,16.6090476249062,8.28945891664819
2020-07-23,0.753061224489796,15.3787478008391,11.5811386500196
2020-07-24,1.18163265306122,14.1484479767719,16.7182681194917
2020-07-25,1.68163265306122,12.9181481527048,21.723579750671
2020-07-26,2.1578231292517,14.1484479767719,30.5298482872929
2020-07-27,2.58639455782313,13.5332980647384,35.0024484640376
2020-07-28,2.8843537414966,14.1484479767719,40.8091288581721
2020-07-29,3.10430839002268,14.7635978888055,45.83076079314
2020-07-30,3.15668934240363,14.7635978888055,46.604092111125
2020-07-31,3.0297052154195,17.8393474489733,54.047964005835
2020-08-01,2.81541950113379,22.7605467452418,64.0804871630209
2020-08-02,2.44934807256236,23.3756966572754,57.2552175522998
2020-08-03,2.23882175677288,31.3726455137117,70.237761343621
2020-08-04,2.07102130325815,35.6786948979466,73.8913372060952
2020-08-05,1.93780134860962,39.9847442821816,77.4824913938222
2020-08-06,1.76161087241914,44.2907936664165,78.0231436708322
2020-08-07,1.67120369505544,53.5180423469199,89.4395501223063
2020-08-08,1.67859285761702,57.8240917311549,97.063107378108
2020-08-09,1.83514047666464,62.1301411153898,114.017536781738
2020-08-10,1.95475770154502,76.2785890921618,149.106159490891
2020-08-11,2.08174182852915,87.3512875087659,181.842828982874
2020-08-12,2.13893839136481,101.499735485538,217.10168094339
2020-08-13,2.18231033473675,117.49363319841,256.40756999466
2020-08-14,2.11022795487405,127.951181702981,270.0061604888
2020-08-15,2.04423073370442,145.790529151954,298.029480375455
2020-08-16,1.92096233543602,161.169276952793,309.600110655773
2020-08-17,1.800760315234,191.926772554472,345.614115447034
2020-08-18,1.66989881032669,220.838818420049,368.778480153592
2020-08-19,1.57766823388559,242.984215253257,383.348477740682
2020-08-20,1.45097756425014,268.205361646633,389.159962360859
2020-08-21,1.30604891609915,287.275008919674,375.195214021912
2020-08-22,1.13994373174579,311.881005401016,355.526797157462
2020-08-23,1.01700153309936,334.026402234224,339.70536316787
2020-08-24,0.909745297271698,348.79000012303,317.310062347321
2020-08-25,0.859059183131385,363.553598011836,312.314056932523
2020-08-26,0.838187855877079,366.629347572003,307.30426674299
2020-08-27,0.836842165192709,372.780846692339,311.958730888388
2020-08-28,0.888635801902051,382.008095372842,339.466070164721
2020-08-29,0.977105658620083,377.086896076574,368.453739947904
2020-08-30,1.12263598342606,385.698994845044,432.999570384309
2020-08-31,1.24280513216664,369.705097132171,459.471392104028
2020-09-01,1.35871568557719,378.317195900641,514.025508193781
2020-09-02,1.39568976972373,388.159594493178,541.75037505424
2020-09-03,1.40598863206654,397.386843173681,558.721384035003
2020-09-04,1.31910328009966,404.153492206051,533.120197232734
2020-09-05,1.19237779164233,405.998941942151,484.104121802105
2020-09-06,1.01636633442786,409.074691502319,415.769744709422
2020-09-07,0.879434254099558,412.76559097452,363.000199616641
2020-09-08,0.75338958375109,403.538342294017,304.021583728494
2020-09-09,0.703015015944713,403.538342294017,283.693514142131
2020-09-10,0.688922136328642,404.768642118084,278.854077646834
2020-09-11,0.718640273583544,401.077742645883,288.230618703308
2020-09-12,0.745345412020526,402.923192381984,300.316952838575
2020-09-13,0.764527983834677,394.926243525547,301.932164725989
2020-09-14,0.797402623263438,394.311093613514,314.424700429291
2020-09-15,0.820512930677542,367.244497484037,301.328858905828
2020-09-16,0.86734806479331,346.329400474896,300.388135282928
2020-09-17,0.897256715464673,322.95370381762,289.772379534549
2020-09-18,0.925378490490473,308.805255840848,285.761741505529
2020-09-19,0.906540185937882,291.581058303909,264.32994681079
2020-09-20,0.887510435200815,284.199259359506,252.229808357904
2020-09-21,0.832623217155702,268.820511558667,223.826199171419
2020-09-22,0.787676980596562,259.593262878163,204.475637487081
2020-09-23,0.732536626582616,248.520564461559,182.050415927078
2020-09-24,0.714895933941923,236.217566220888,168.87097761697
2020-09-25,0.74462587102954,225.144867804284,167.648693296596
2020-09-26,0.803299340417295,213.457019475646,171.469882952228
2020-09-27,0.918541389494321,210.996419827512,193.80894464669
2020-09-28,1.00319747415041,198.078271674807,198.711621828244
2020-09-29,1.09171513928097,195.617672026673,213.558774062419
2020-09-30,1.10645334225447,190.081322818371,210.316114932537
2020-10-01,1.07364910945024,191.926772554472,206.062008432767
2020-10-02,0.942586294713954,180.238924225834,169.890739749258
2020-10-03,0.842404696651,178.393474489733,150.279500762042
2020-10-04,0.707556431103647,162.399576776861,114.906864956978
2020-10-05,0.631828917876133,146.405679063988,92.5033417739199
2020-10-06,0.565099594567863,142.714779591787,80.6480640861604
2020-10-07,0.597171226639495,140.869329855686,84.1231105058035
2020-10-08,0.656642126110394,134.102680823317,88.0574694529263
2020-10-09,0.750909927274747,129.796631439082,97.465579074428
2020-10-10,0.854398403644579,127.336031790947,108.795702288621
2020-10-11,0.965781623599228,116.878483286377,112.879091352132
2020-10-12,1.07223766755527,112.572433902142,120.704403958253
2020-10-13,1.14662005208803,106.420934781806,122.024377782772
2020-10-14,1.18877741682604,102.730035309605,122.1231460058
2020-10-15,1.16241796982143,91.0421869809673,105.829074158519
2020-10-16,1.15717404800354,91.0421869809673,105.351656047861
2020-10-17,1.08558985877229,84.2755379485981,91.4886693395776
2020-10-18,1.01234310552554,85.5058377726652,86.5612453513429
2020-10-19,0.928094021276456,85.5058377726652,79.3574568210451
2020-10-20,0.897657708820439,87.3512875087659,78.4115566076342
2020-10-21,0.851862777944863,83.6603880365645,71.267170556773
2020-10-22,0.88705339378064,82.4300882124974,73.1198894985333
2020-10-23,0.930064146468812,87.9664374207995,81.814429537678
2020-10-24,0.995790436985018,85.5058377726652,85.1458955604123
2020-10-25,1.02964943512973,84.8906878606316,87.4076488034736
2020-10-26,1.05089485637515,86.7361375967323,91.1505608622534
2020-10-27,1.06131547024404,86.1209876846988,91.4015365424674
2020-10-28,1.08810118452976,84.8906878606316,92.369658016699
2020-10-29,1.07134374841748,84.2755379485981,90.2880707257507
2020-10-30,1.06605274312648,81.1997883884303,86.5632571527754
2020-10-31,1.06723013716101,81.1997883884303,86.6588612992296
2020-11-01,1.09878720443237,82.4300882124974,90.5731261881233
2020-11-02,1.07418402982919,83.6603880365645,89.8666527581907
2020-11-03,0.999425455070616,83.045238124531,82.997524904057
2020-11-04,0.891772393846126,86.7361375967323,77.348893057605
2020-11-05,0.81851639511738,88.581587332833,72.5054815374459
2020-11-06,0.718152638503624,81.1997883884303,58.3138422770871
2020-11-07,0.655954836305822,79.9694885643631,52.4563727806971
2020-11-08,0.579079641783568,78.1240388282624,45.2400404193558
2020-11-09,0.622730435434362,75.0482892680946,46.7348538545245
2020-11-10,0.68306593326986,71.9725397079268,49.1619900053971
2020-11-11,0.757824257652244,69.5119400597926,52.6778343737796
2020-11-12,0.796653582485626,65.2058906755576,51.946506405849
2020-11-13,0.841702283784327,63.9755908514905,53.8484009261513
2020-11-14,0.832471514553558,62.1301411153898,51.7215726737548
2020-11-15,0.78765358738269,53.5180423469199,42.1536780442502
2020-11-16,0.686813251248236,52.2877425228528,35.9119144425512
2020-11-17,0.60390508798293,46.7513933145508,28.2334042929483
2020-11-18,0.533228396253606,40.5998941942151,21.6490164692474
2020-11-19,0.487009908858648,35.6786948979466,17.3758779504445
2020-11-20,0.442854064702804,34.4483950738795,15.2556117809556
2020-11-21,0.440656262505002,33.2180952498124,14.6377617003175
2020-11-22,0.507322929171669,30.1423456896446,15.2919031073755
2020-11-23,0.608163265306122,27.0665961294768,16.4609094828246
2020-11-24,0.735714285714286,23.3756966572754,17.1978339692812
2020-11-25,0.916666666666667,21.5302469211747,19.7360596777435
2020-11-26,1.13095238095238,22.7605467452418,25.7410945333092
2020-11-27,1.25952380952381,17.8393474489733,22.4690828583497
2020-11-28,1.31666666666667,15.3787478008391,20.2486846044381
2020-11-29,1.31666666666667,15.3787478008391,20.2486846044381
2020-11-30,1.37380952380952,12.9181481527048,17.7470749621683
2020-12-01,1.38571428571429,12.9181481527048,17.9008624401767
2020-12-02,1.31428571428571,12.9181481527048,16.9781375721263
2020-12-03,1.20714285714286,12.3029982406713,14.8514764476674
2020-12-04,1.24285714285714,14.1484479767719,17.5844996282737
2020-12-05,1.34489795918367,14.7635978888055,19.8555326708629
2020-12-06,1.48061224489796,14.1484479767719,20.9483653207103
2020-12-07,1.58673469387755,14.7635978888055,23.4259129766251
2020-12-08,1.71054421768707,17.2241975369398,29.4627515011122
2020-12-09,1.78877551020408,19.684797185074,35.2116831279946
2020-12-10,1.70544217687075,20.9150970091411,35.6694885727325
2020-12-11,1.54727891156463,23.9908465693089,37.1205309672743
2020-12-12,1.35,23.3756966572754,31.5571904873218
2020-12-13,1.22987012987013,25.2211463933761,31.018734590295
2020-12-14,1.0308905380334,25.2211463933761,26.0002411752865
2020-12-15,0.877319109461967,25.2211463933761,22.1269936934466
2020-12-16,0.711786229643372,25.8362963054096,18.3899199351765
2020-12-17,0.75940527726242,28.9120458655774,21.9559602067726
2020-12-18,0.738997113997114,26.4514462174432,19.5475424157404
2020-12-19,0.738997113997114,26.4514462174432,19.5475424157404
2020-12-20,0.656746031746032,27.6817460415103,18.1798768645633
2020-12-21,0.578174603174603,26.4514462174432,15.2935544201646
2020-12-22,0.446031746031746,25.2211463933761,11.2494319627598
2020-12-23,0.423809523809524,22.1453968332083,9.38543008645493
2020-12-24,0.471428571428571,19.684797185074,9.2799758158206
2020-12-25,0.638095238095238,16.6090476249062,10.5981541987497
2020-12-26,1.16190476190476,15.9938977128726,18.5833859140044
2020-12-27,1.54285714285714,13.5332980647384,20.8799455855964
2020-12-28,2.08571428571429,14.1484479767719,29.5096200658386
2020-12-29,2.37857142857143,13.5332980647384,32.1899161111277
2020-12-30,2.63571428571429,12.9181481527048,34.0485476310577
2020-12-31,2.62380952380952,9.842398592537,25.824579164228
2021-01-01,2.67142857142857,13.5332980647384,36.1532391158011
2021-01-02,2.16349206349206,12.9181481527048,27.9483110033915
2021-01-03,1.83015873015873,13.5332980647384,24.7680836010212
2021-01-04,1.36262626262626,13.5332980647384,18.4408273629617
2021-01-05,1.29834054834055,13.5332980647384,17.5708296302285
2021-01-06,1.19834054834055,14.1484479767719,16.9546589066526
2021-01-07,1.23405483405483,15.3787478008391,18.9782180653356
2021-01-08,1.09119769119769,17.8393474489733,19.4662547487931
2021-01-09,1.13484848484848,19.0696472730404,21.641160314405
2021-01-10,1.1507215007215,19.684797185074,22.6517193582067
2021-01-11,1.14206349206349,19.0696472730404,21.7787479570676
2021-01-12,1.02777777777778,19.684797185074,20.2315971068816
2021-01-13,0.932539682539683,20.9150970091411,19.5041579251911
2021-01-14,0.884920634920635,21.5302469211747,19.052559775484
2021-01-15,0.884920634920635,17.8393474489733,15.7864066711153
2021-01-16,0.968253968253968,19.0696472730404,18.4642616453249
2021-01-17,0.976190476190476,17.8393474489733,17.4146010811406
2021-01-18,0.938095238095238,19.0696472730404,17.8891452989951
2021-01-19,0.795238095238095,19.684797185074,15.6541006186065
2021-01-20,0.757823129251701,20.2999470971076,15.383769432774
2021-01-21,0.680442176870748,18.4544973610069,12.557218357379
2021-01-22,0.737585034013605,15.9938977128726,11.7968595885593
2021-01-23,1.04710884353741,14.7635978888055,15.4590939117986
2021-01-24,1.49948979591837,15.3787478008391,23.0602754013602
2021-01-25,1.83520408163265,15.3787478008391,28.223140734499
2021-01-26,2.03520408163265,15.3787478008391,31.2988902946668
2021-01-27,2.05561224489796,15.9938977128726,32.8772519822264
2021-01-28,2.12959183673469,17.2241975369398,36.6805104689727
2021-01-29,2.11530612244898,18.4544973610069,39.0369112544564
2021-01-30,1.79712430426716,16.6090476249062,29.8485231574497
2021-01-31,1.47059369202226,17.2241975369398,25.329796247969
2021-02-01,1.36345083487941,19.0696472730404,26.0005264952828
2021-02-02,1.30630797773655,20.2999470971076,26.5179828405815
2021-02-03,1.29217924932211,20.9150970091411,27.026054352771
2021-02-04,1.17993435136292,23.3756966572754,27.5817874729587
2021-02-05,1.05374387517245,25.2211463933761,26.5766285368477
2021-02-06,0.914782836211408,25.8362963054096,23.6346004114609
2021-02-07,0.759170591313448,25.8362963054096,19.6141563435273
2021-02-08,0.562742019884877,25.2211463933761,14.1929988652206
2021-02-09,0.562742019884877,24.6059964813425,13.8468281611909
2021-02-10,0.617687074829932,23.3756966572754,14.4388656903442
2021-02-11,0.947619047619048,22.1453968332083,20.9853998562307
2021-02-12,1.23095238095238,20.9150970091411,25.7454884612523
2021-02-13,1.50238095238095,22.1453968332083,33.2708223851295
2021-02-14,1.78452380952381,22.1453968332083,39.5189879202133
2021-02-15,1.95238095238095,20.9150970091411,40.834237017847
2021-02-16,1.9702380952381,21.5302469211747,42.4197126839811
2021-02-17,1.88690476190476,20.2999470971076,38.304066843947
2021-02-18,1.57088744588745,21.5302469211747,33.8215945953302
2021-02-19,1.27198634698635,20.9150970091411,26.6037178415225
2021-02-20,1.0211926961927,20.9150970091411,21.3583443058966
2021-02-21,0.74500222000222,19.684797185074,14.6652176031736
2021-02-22,0.659287934287934,20.9150970091411,13.7890711025884
2021-02-23,0.67000222000222,20.2999470971076,13.6010096209897
2021-02-24,1.00333555333555,20.2999470971076,20.3676586533589
2021-02-25,1.47411477411477,21.5302469211747,31.7380550768427
2021-02-26,1.76349206349206,20.9150970091411,36.883607582787
2021-02-27,1.89047619047619,20.9150970091411,39.5394929172811
2021-02-28,1.91428571428571,25.2211463933761,48.2804802387485
2021-03-01,1.92467532467532,25.2211463933761,48.542518123355
2021-03-02,1.90562770562771,22.1453968332083,42.2008817574817
2021-03-03,1.70664811379097,23.3756966572754,39.8940886086889
2021-03-04,1.42093382807669,20.2999470971076,28.8448815384472
2021-03-05,1.51617192331478,25.2211463933761,38.2395940354486
2021-03-06,1.52977736549165,27.6817460415103,42.3469085315906
2021-03-07,1.6071583178726,28.9120458655774,46.466234999577
2021-03-08,1.59075366988901,30.7574956016781,48.9275990049645
2021-03-09,1.66286251342642,34.4483950738795,57.2829448160577
2021-03-10,1.68803258145363,38.7544444581144,65.4187649214324
2021-03-11,1.60231829573935,40.5998941942151,65.0539532724727
2021-03-12,1.31011050353156,44.2907936664165,58.0258339921212
2021-03-13,1.23589900074862,48.5968430506514,60.0607897658379
2021-03-14,1.14336653321616,47.9816931386179,54.860662141743
2021-03-15,1.05248716087225,49.211992962685,51.7949907541617
2021-03-16,0.859053265575005,52.9028924348864,45.4464025045524
2021-03-17,0.680821973057998,55.3634920830206,37.692681915343
2021-03-18,0.573679115915141,55.9786419950542,32.1137778498529
2021-03-19,0.544458336694361,51.6725926108193,28.133573825572
2021-03-20,0.59315963539566,48.5968430506514,28.8256857053045
2021-03-21,1.0321206743567,47.9816931386179,49.5228974790065
2021-03-22,1.36234841762792,47.9816931386179,65.3677837225045
2021-03-23,1.61700680272109,46.7513933145508,75.5973210263178
2021-03-24,1.70714285714286,44.9059435784501,76.6608608232112
2021-03-25,1.7547619047619,46.1362434025172,80.9581223515599
2021-03-26,1.72280701754386,43.6756437543829,75.2447055557966
2021-03-27,1.62826920241781,41.2150441062487,67.1091869944964
2021-03-28,1.25505491670352,38.7544444581144,48.6389560612701
2021-03-29,1.1360072976559,36.2938448099802,41.2300725641284
2021-03-30,1.16198132362993,34.4483950738795,40.0283917048733
2021-03-31,1.33102894267755,32.6029453377788,43.3954638611177
2021-04-01,1.4834098950585,38.1392945460809,56.5762069202071
2021-04-02,1.52852267701339,40.5998941942151,62.0578589602021
2021-04-03,1.5353981544771,44.2907936664165,68.004002855742
2021-04-04,1.47885053542948,47.3665432265843,70.048037812078
2021-04-05,1.33599339257234,46.7513933145508,62.4595525617905
2021-04-06,1.1989082554872,46.7513933145508,56.0506314003441
2021-04-07,1.04176539834435,46.7513933145508,48.7039838794862
2021-04-08,0.958091928956591,46.7513933145508,44.7921326021462
2021-04-09,0.958091928956591,49.211992962685,47.149613265417
2021-04-10,1.01003998090464,50.4422927867521,50.9487324431175
2021-04-11,1.02032136618603,49.8271428747186,50.8396984910792
2021-04-12,1.04710708047174,52.9028924348864,55.3949932460045
2021-04-13,1.04057113275932,54.1331922589535,56.3294371887775
2021-04-14,1.09414256133075,56.5937919070878,61.9216764326406
2021-04-15,1.06353031643279,52.9028924348864,56.2638299314847
2021-04-16,1.08608670741024,52.2877425228528,56.7890221145595
2021-04-17,1.10864309838768,54.1331922589535,60.0143899915822
2021-04-18,1.1281236178682,53.5180423469199,60.3749675536309
2021-04-19,1.07536387760846,54.1331922589535,58.2128795349125
2021-04-20,1.00933746704423,55.9786419950542,56.501340719864
2021-04-21,0.940728444487843,58.4392416431884,54.9754568880458
2021-04-22,0.908260912020311,54.7483421709871,49.7257791918207
2021-04-23,0.908260912020311,54.1331922589535,49.1670625716879
2021-04-24,0.917450552788899,54.1331922589535,49.6645271622046
2021-04-25,1.03173626707461,55.3634920830206,57.1205226539506
2021-04-26,1.12493718380494,54.1331922589535,60.8964408501586
2021-04-27,1.24978712378093,56.5937919070878,70.7301924114158
2021-04-28,1.30053900348018,55.9786419950542,72.8024072764215
2021-04-29,1.35248705542823,59.054391555222,79.8703001446281
2021-04-30,1.34190504484622,60.2846913792891,80.8963314888656
2021-05-01,1.33301615595733,60.2846913792891,80.3604675654941
2021-05-02,1.23989446283564,60.8998412913227,75.5093760046802
2021-05-03,1.17266757207934,62.7452910274234,73.57936808854
2021-05-04,1.05434824434824,63.9755908514905,67.4525518954106
2021-05-05,0.95006253006253,65.2058906755576,61.949673470201
2021-05-06,0.881320926838168,69.5119400597926,61.2623274398156
2021-05-07,0.855036577973174,68.2816402357254,58.3833000055501
2021-05-08,0.855036577973174,67.6664903236919,57.8573243298244
2021-05-09,0.886504135756521,67.0513404116583,59.4412905829535
2021-05-10,0.98540523465762,69.5119400597926,68.4974296061263
2021-05-11,1.04976613691326,69.5119400597926,72.9712807859145
2021-05-12,1.18044936672692,71.3573897958933,84.2337855958485
2021-05-13,1.27404542584022,68.896790147759,87.7776403428262
2021-05-14,1.36036233473778,67.6664903236919,92.0509447602488
2021-05-15,1.4024402568157,68.896790147759,96.6236320686006
2021-05-16,1.42434283935902,73.8179894440275,105.14212468048
2021-05-17,1.35141576643194,75.6634391801282,102.25276465049
2021-05-18,1.31382178146954,75.0482892680946,98.6000771024492
2021-05-19,1.23130181696199,75.6634391801282,93.1645301400852
2021-05-20,1.16464541302111,78.1240388282624,90.9868034680188
2021-05-21,1.08662343499913,83.6603880365645,90.9073382216518
2021-05-22,1.00337335174905,86.1209876846988,86.4115040691345
2021-05-23,0.924870936290109,88.581587332833,81.9265356145813
2021-05-24,0.913182624601798,88.581587332833,80.8911664119898
2021-05-25,0.931283432176289,89.1967372448666,83.067443600326
2021-05-26,0.941487513808942,91.6573368930008,86.29423823374
2021-05-27,0.925993816329951,94.1179365411351,87.1526272428258
2021-05-28,0.913748918370767,95.9633862772358,87.6864404140203
2021-05-29,0.884444889066738,95.3482363652022,84.3302603347304
2021-05-30,0.834225950916765,89.8118871569001,74.9234069670942
2021-05-31,0.76303285829501,87.9664374207995,67.1212821792217
2021-06-01,0.711192655665166,89.1967372448666,63.4360644378447
2021-06-02,0.667716901083913,83.6603880365645,55.8614550432525
2021-06-03,0.650822596943127,77.5088889162289,50.4445363706364
