"fecha","rho7dpromedio","incidenciaAcum14d","riesgopor10"
2020-03-28,2.75,0.436770865636179,1.20111988049949
2020-03-29,2.8,0.873541731272357,2.4459168475626
2020-04-03,2.66666666666667,1.31031259690854,3.49416692508943
2020-04-06,2.47619047619048,1.74708346254471,4.3261114310631
2020-04-10,2.42857142857143,2.18385432818089,5.30364622558217
2020-04-12,2.23809523809524,2.62062519381707,5.8652087671144
2020-04-14,2.04761904761905,3.49416692508943,7.15472275137359
2020-04-19,1.83333333333333,3.93093779072561,7.20671928299695
2020-04-20,1.61904761904762,4.80447952199796,7.77868113085385
2020-04-23,1.56190476190476,5.67802125327032,8.86852843367936
2020-04-24,1.54285714285714,6.1147921189065,9.43425069774146
2020-04-25,1.44761904761905,7.42510471581504,10.7487230171799
2020-05-01,1.3047619047619,8.29864644708739,10.8277577452474
2020-05-03,1.18571428571429,9.60895904399593,11.3934800093095
2020-05-04,1.09642857142857,9.60895904399593,10.5355372375241
2020-05-05,1.025,9.60895904399593,9.84918302009583
2020-05-06,0.939285714285714,10.0457299096321,9.43581059369016
2020-05-07,0.946428571428571,10.4825007752683,9.92093823373606
2020-05-08,1.03214285714286,11.3560425065406,11.7210581585366
2020-05-09,1.16139455782313,11.3560425065406,13.1888459655044
2020-05-10,1.49472789115646,10.9192716409045,16.3213398727737
2020-05-11,1.94115646258503,11.7928133721768,22.8916958894602
2020-05-12,2.36972789115646,12.6663551034492,30.0158149679355
2020-05-13,2.58401360544218,13.5398968347215,34.9872776372039
2020-05-14,2.69115646258503,17.9076054910833,48.1921682467521
2020-05-15,2.65055495882564,19.2179180879919,50.9381480864317
2020-05-16,2.74579305406373,21.8385432818089,59.9641204540611
2020-05-17,2.59626924453992,23.1488558787175,60.1006625642013
2020-05-18,2.43198353025421,26.2062519381707,63.7331731033236
2020-05-19,2.1267887250594,30.5739605945325,65.0243546728622
2020-05-20,1.99250301077369,41.9300031010731,83.5456574206383
2020-05-21,1.82532975849405,47.1712534887073,86.1030927384038
2020-05-22,1.76673988759038,52.4125038763414,92.5992612068177
2020-05-23,1.5873628736269,57.2169833983394,90.8241151874505
2020-05-24,1.47962768198927,62.0214629203374,91.7686734144021
2020-05-25,1.28860204096363,67.2627133079715,86.6748696494033
2020-05-26,1.24947450183609,74.6878180237865,93.320524218495
2020-05-27,1.22304593040752,81.6761518739654,99.8936851607996
2020-05-28,1.30858652962593,83.4232353365101,109.166522019171
2020-05-29,1.44706361857471,91.2851109179613,132.095362926939
2020-05-30,1.61179748714444,97.836673902504,157.692905146626
2020-05-31,1.71160641150097,103.514695155774,177.176415913191
2020-06-01,1.75739395728851,116.61782112486,204.943454156981
2020-06-02,1.74814487303943,132.778343153398,232.115779834283
2020-06-03,1.73402922678093,138.019593541032,239.330009068574
2020-06-04,1.71362106351562,149.375636047573,255.973236307164
2020-06-05,1.64219249208705,160.731678554114,263.952355762114
2020-06-06,1.58268035553331,173.398033657563,274.433661557928
2020-06-07,1.54301880080036,190.86886828301,294.514252248173
2020-06-08,1.57429101117705,214.454495027364,337.613783828092
2020-06-09,1.5848289300483,229.304704458994,363.40872942279
2020-06-10,1.58758093994317,257.258039859709,408.417960728415
2020-06-11,1.52890747055542,285.211375260425,436.061802323047
2020-06-12,1.47074888602068,323.647211436408,476.003775683798
2020-06-13,1.35192952356496,343.301900390036,464.119974633247
2020-06-14,1.24227520547973,355.968255493486,442.21053773743
2020-06-15,1.11137893495266,368.197839731299,409.207322972442
2020-06-16,1.05331354355394,389.599612147471,410.370548038293
2020-06-17,0.956941905713106,407.507217638555,389.960733438884
2020-06-18,0.970598889998624,427.598677457819,415.026801705439
2020-06-19,0.971140686346972,449.873991605264,436.890936977188
2020-06-20,0.992107676115533,449.000449873992,445.456792899315
