"fecha","rho7dpromedio","incidenciaAcum14d","riesgopor10"
2020-01-29,0,0,0
2020-01-30,0,0,0
2020-01-31,0,0,0
2020-02-01,0,0,0
2020-02-02,0,0,0
2020-02-03,0,0,0
2020-02-04,0,0,0
2020-02-05,0,0,0
2020-02-06,0,0,0
2020-02-07,0,0,0
2020-02-08,0,0,0
2020-02-09,0,0,0
2020-02-10,0,0,0
2020-02-11,0,0,0
2020-02-12,0,0,0
2020-02-13,0,0,0
2020-02-14,0,0,0
2020-02-15,0,0,0
2020-02-16,0,0,0
2020-02-17,0,0,0
2020-02-18,0,0,0
2020-02-19,0,0,0
2020-02-20,0,0,0
2020-02-21,0,0,0
2020-02-22,0,0,0
2020-02-23,0,0,0
2020-02-24,0,0,0
2020-02-25,0,0,0
2020-02-26,0,0,0
2020-02-27,0,0,0
2020-02-28,0,0,0
2020-02-29,0,0,0
2020-03-01,0,0,0
2020-03-02,0,0,0
2020-03-03,0,0,0
2020-03-04,0,0,0
2020-03-05,0,0,0
2020-03-06,0,0,0
2020-03-07,0,0,0
2020-03-08,0.142857142857143,0,0
2020-03-09,0.285714285714286,0,0
2020-03-10,0.428571428571429,0,0
2020-03-11,0.428571428571429,0,0
2020-03-12,0.428571428571429,0.158464039755458,0.0679131598951964
2020-03-13,0.428571428571429,0.158464039755458,0.0679131598951964
2020-03-14,0.571428571428571,0.158464039755458,0.0905508798602619
2020-03-15,0.571428571428571,0.158464039755458,0.0905508798602619
2020-03-16,0.571428571428571,0.158464039755458,0.0905508798602619
2020-03-17,0.428571428571429,0.158464039755458,0.0679131598951964
2020-03-18,0.428571428571429,0.316928079510917,0.135826319790393
2020-03-19,0.428571428571429,0.316928079510917,0.135826319790393
2020-03-20,0.571428571428571,0.316928079510917,0.181101759720524
2020-03-21,0.571428571428571,0.316928079510917,0.181101759720524
2020-03-22,0.571428571428571,0.316928079510917,0.181101759720524
2020-03-23,0.428571428571429,0.316928079510917,0.135826319790393
2020-03-24,0.428571428571429,0.475392119266375,0.203739479685589
2020-03-25,0.428571428571429,0.475392119266375,0.203739479685589
2020-03-26,0.428571428571429,0.316928079510917,0.135826319790393
2020-03-27,0.285714285714286,0.316928079510917,0.0905508798602619
2020-03-28,0.142857142857143,0.316928079510917,0.0452754399301309
2020-03-29,0,0.316928079510917,0
2020-03-30,0,0.316928079510917,0
2020-03-31,0,0.316928079510917,0
2020-04-01,0,0.158464039755458,0
2020-04-02,0,0.158464039755458,0
2020-04-03,0,0.158464039755458,0
2020-04-04,0,0.158464039755458,0
2020-04-05,0,0.158464039755458,0
2020-04-06,0,0.158464039755458,0
2020-04-07,0,0,0
2020-04-08,0,0,0
2020-04-09,0,0,0
2020-04-10,0,0,0
2020-04-11,0,0,0
2020-04-12,0,0,0
2020-04-13,0.285714285714286,0,0
2020-04-14,0.571428571428571,0,0
2020-04-15,0.857142857142857,0,0
2020-04-16,0.857142857142857,0,0
2020-04-17,0.857142857142857,0.316928079510917,0.271652639580786
2020-04-18,0.857142857142857,0.316928079510917,0.271652639580786
2020-04-19,0.857142857142857,0.316928079510917,0.271652639580786
2020-04-20,0.571428571428571,0.316928079510917,0.181101759720524
2020-04-21,0.285714285714286,0.316928079510917,0.0905508798602619
2020-04-22,0,0.316928079510917,0
2020-04-23,0,0.316928079510917,0
2020-04-24,0,0.316928079510917,0
2020-04-25,0,0.316928079510917,0
2020-04-26,0,0.316928079510917,0
2020-04-27,0,0.316928079510917,0
2020-04-28,0,0.316928079510917,0
2020-04-29,0,0.316928079510917,0
2020-04-30,0,0.316928079510917,0
2020-05-01,0.142857142857143,0,0
2020-05-02,0.285714285714286,0,0
2020-05-03,0.428571428571429,0,0
2020-05-04,0.428571428571429,0,0
2020-05-05,0.428571428571429,0.158464039755458,0.0679131598951964
2020-05-06,0.428571428571429,0.158464039755458,0.0679131598951964
2020-05-07,0.571428571428571,0.158464039755458,0.0905508798602619
2020-05-08,0.571428571428571,0.158464039755458,0.0905508798602619
2020-05-09,0.571428571428571,0.158464039755458,0.0905508798602619
2020-05-10,0.428571428571429,0.158464039755458,0.0679131598951964
2020-05-11,0.428571428571429,0.316928079510917,0.135826319790393
2020-05-12,0.428571428571429,0.316928079510917,0.135826319790393
2020-05-13,0.428571428571429,0.316928079510917,0.135826319790393
2020-05-14,0.571428571428571,0.316928079510917,0.181101759720524
2020-05-15,0.714285714285714,0.316928079510917,0.226377199650655
2020-05-16,0.857142857142857,0.316928079510917,0.271652639580786
2020-05-17,0.857142857142857,0.316928079510917,0.271652639580786
2020-05-18,0.857142857142857,0.633856159021833,0.543305279161571
2020-05-19,0.857142857142857,0.475392119266375,0.407478959371178
2020-05-20,0.857142857142857,0.475392119266375,0.407478959371178
2020-05-21,0.571428571428571,0.475392119266375,0.271652639580786
2020-05-22,0.285714285714286,0.475392119266375,0.135826319790393
2020-05-23,0.285714285714286,0.475392119266375,0.135826319790393
2020-05-24,0.857142857142857,0.475392119266375,0.407478959371178
2020-05-25,1.42857142857143,0.316928079510917,0.452754399301309
2020-05-26,1.85714285714286,0.316928079510917,0.588580719091702
2020-05-27,2,0.633856159021833,1.26771231804367
2020-05-28,2.07142857142857,1.10924827828821,2.29772857645415
2020-05-29,2.12857142857143,1.10924827828821,2.36111419235633
2020-05-30,1.87142857142857,1.10924827828821,2.0758789207965
2020-05-31,1.3952380952381,1.26771231804367,1.76876051993712
2020-06-01,0.966666666666667,0.95078423853275,0.919091430581658
2020-06-02,0.823809523809524,1.10924827828821,0.913809295923143
2020-06-03,0.752380952380952,1.10924827828821,0.834577276045414
2020-06-04,0.823809523809524,1.26771231804367,1.04435348105502
2020-06-05,0.766666666666667,1.26771231804367,0.971912777166811
2020-06-06,0.738095238095238,1.42617635779912,1.05265397837554
2020-06-07,0.642857142857143,1.42617635779912,0.916827658585152
2020-06-08,0.5,1.42617635779912,0.713088178899562
2020-06-09,0.214285714285714,1.42617635779912,0.305609219528384
2020-06-10,0.142857142857143,1.10924827828821,0.158464039755458
2020-06-11,0.142857142857143,0.633856159021833,0.0905508798602619
2020-06-12,0.285714285714286,0.633856159021833,0.181101759720524
2020-06-13,0.428571428571429,0.633856159021833,0.271652639580786
2020-06-14,0.571428571428571,0.475392119266375,0.271652639580786
2020-06-15,0.857142857142857,0.633856159021833,0.543305279161571
2020-06-16,1.14285714285714,0.475392119266375,0.543305279161571
2020-06-17,1.28571428571429,0.475392119266375,0.611218439056768
2020-06-18,1.14285714285714,0.475392119266375,0.543305279161571
2020-06-19,1,0.633856159021833,0.633856159021833
2020-06-20,0.857142857142857,0.475392119266375,0.407478959371178
2020-06-21,0.714285714285714,0.475392119266375,0.339565799475982
2020-06-22,0.428571428571429,0.475392119266375,0.203739479685589
2020-06-23,0.428571428571429,0.475392119266375,0.203739479685589
2020-06-24,0.714285714285714,0.475392119266375,0.339565799475982
2020-06-25,1.28571428571429,0.475392119266375,0.611218439056768
2020-06-26,1.85714285714286,0.475392119266375,0.882871078637553
2020-06-27,2.42857142857143,0.792320198777291,1.92420619703056
2020-06-28,2.85714285714286,0.95078423853275,2.71652639580786
2020-06-29,3.14285714285714,1.10924827828821,3.48620887462008
2020-06-30,2.94285714285714,1.42617635779912,4.19703328152314
2020-07-01,2.65714285714286,1.9015684770655,5.05273909620261
2020-07-02,2.18775510204082,1.9015684770655,4.16016613758003
2020-07-03,1.80680272108844,2.06003251682096,3.72207235692276
2020-07-04,1.49727891156463,2.06003251682096,3.08444324457342
2020-07-05,1.59251700680272,2.53542463608733,4.03770685243568
2020-07-06,1.70680272108844,2.85235271559825,4.86840337648708
2020-07-07,1.93537414965986,3.32774483486462,6.44043133006113
2020-07-08,2.02465986394558,4.27852907339737,8.66256609163193
2020-07-09,2.10443722943723,4.59545715290829,9.67085111886382
2020-07-10,2.13474025974026,5.54624139144104,11.839784788547
2020-07-11,2.0463048855906,5.7047054311965,11.6735665947126
2020-07-12,1.66535250463822,6.18009755046287,10.2920409345719
2020-07-13,1.36425360353932,6.97241774924017,9.5121460397824
2020-07-14,1.14180462394748,7.606273908262,8.68487871946463
2020-07-15,1.02730882562815,7.76473794801746,7.97678382268817
2020-07-16,0.979944425322577,7.76473794801746,7.60901166625037
2020-07-17,1.01890546428362,8.08166602752837,8.23445367596392
2020-07-18,1.06765829875074,8.71552218655021,9.30519959041649
2020-07-19,1.11527734636978,9.19091430581658,10.2504185177032
2020-07-20,1.08780481889726,9.82477046483841,10.6874326562107
2020-07-21,1.11203951277481,10.6170906636157,11.8066243286532
2020-07-22,1.10153531109413,9.66630642508296,10.647777855085
2020-07-23,1.13034683570398,9.98323450459387,11.2845175323585
2020-07-24,1.06108276643991,9.5078423853275,10.0886077010979
2020-07-25,1.12457482993197,9.98323450459387,11.2268942451747
2020-07-26,1.16486787022501,10.3001625841048,11.9983284523175
2020-07-27,1.34105834641549,9.82477046483841,13.1755904334879
2020-07-28,1.51962977498692,9.82477046483841,14.9300137307805
2020-07-29,1.70712977498692,9.82477046483841,16.7721581929377
2020-07-30,1.90100732600733,11.409410862393,21.6893736348366
2020-07-31,1.96903453689168,12.5186591406812,24.649672203576
2020-08-01,1.91958398744113,13.6279074189694,26.1599128637839
2020-08-02,1.86630393416108,14.4202276177467,26.9125275344989
2020-08-03,1.80916107701822,15.5294758960349,28.095323337599
2020-08-04,1.690028423957,16.4802601345677,27.8521080616247
2020-08-05,1.59463368711489,19.015684770655,30.323051518844
2020-08-06,1.440148637281,20.1249330489432,28.982894905807
2020-08-07,1.43251631605983,22.3434296055196,32.0073274666411
2020-08-08,1.4462525797961,23.7696059633187,34.3768539451864
2020-08-09,1.53786639234014,26.1465665596506,40.2099259871713
2020-08-10,1.61423656304993,29.4743113945152,47.5785111237458
2020-08-11,1.67291839643903,32.6435921896244,54.610065899876
2020-08-12,1.68398773645574,36.1298010642445,60.8421419127731
2020-08-13,1.69839857478684,38.9821537798427,66.2072344218063
2020-08-14,1.67680439059103,44.2114670917729,74.1339821339555
2020-08-15,1.63026759405423,46.7468917278602,76.2099427066924
2020-08-16,1.56259317544958,50.5500286819912,78.9891298372601
2020-08-17,1.51542336412883,57.2055183517204,86.6905790672975
2020-08-18,1.50467455010132,61.3255833853624,92.2750445900714
2020-08-19,1.51633511176189,66.0795045780261,100.198672959491
2020-08-20,1.56066464241361,73.0519223272663,114.009552236509
2020-08-21,1.65762888122182,80.1828041162619,132.913331880467
2020-08-22,1.76792553753074,88.2644701437903,156.045010823827
2020-08-23,1.8670434141896,96.6630642508296,180.474137504898
2020-08-24,1.93520279077416,111.400219948087,215.582016536394
2020-08-25,1.95040851528221,127.880480082655,249.419177291587
2020-08-26,1.9223080443246,141.191459422113,271.413478237058
2020-08-27,1.84087794464893,159.573288033746,293.754946496434
2020-08-28,1.70387614199363,176.687404327336,301.053452824129
2020-08-29,1.57860347070869,193.64305658117,305.685601197673
2020-08-30,1.46731787777538,212.024885192803,311.107904576673
2020-08-31,1.36320212131579,229.614393605659,313.010828447872
2020-09-01,1.31999188099834,253.859391688244,335.09233594366
2020-09-02,1.29642245322723,274.776644935965,356.226612117432
2020-09-03,1.29655546732673,297.753930700506,386.054486767765
2020-09-04,1.27193960283095,317.086543550672,403.314932266882
2020-09-05,1.26215094001738,343.550038189834,433.612003644305
2020-09-06,1.23542770931336,362.090330841222,447.336427995687
2020-09-07,1.21054212578933,383.482976208209,464.222297223104
2020-09-08,1.14551067707088,396.793955547668,454.531712677043
2020-09-09,1.09634888469436,416.760424556855,456.914826647656
2020-09-10,1.03431322783365,433.716076810689,448.598275369411
2020-09-11,1.00054039108358,439.420782241886,439.658241314549
2020-09-12,0.962797064057472,446.393199991126,429.786062366676
2020-09-13,0.950513716075236,452.8902256211,430.478371329264
2020-09-14,0.943496845942916,460.021107410095,434.028463908593
2020-09-15,0.941193840777226,467.468917278602,439.978865697419
2020-09-16,0.936910429255707,473.490550789309,443.618235188533
2020-09-17,0.935143988761262,472.539766550777,441.892722140609
2020-09-18,0.92341423703151,472.381302511021,436.203620046166
2020-09-19,0.903875564522284,458.278002972785,414.226288645171
2020-09-20,0.882768532364807,459.545715290829,405.672496641821
2020-09-21,0.862129523255296,451.14712118379,388.94725250418
2020-09-22,0.856361496814207,439.896174361152,376.71014631876
2020-09-23,0.861269795175128,428.011371379493,368.633266160642
2020-09-24,0.881025223583373,414.541928000279,365.221894801128
2020-09-25,0.907794547677538,409.312614688349,371.57175990972
2020-09-26,0.924798607164813,403.766373296908,373.402579644968
2020-09-27,0.936050748415097,399.329380183755,373.79256518514
2020-09-28,0.937215887820323,393.307746673047,368.614268984791
2020-09-29,0.93035585098791,378.095198856523,351.763080486604
2020-09-30,0.898278722969823,367.795036272419,330.382455497428
2020-10-01,0.847999636976451,362.724187000244,307.589978898785
2020-10-02,0.787761199938338,351.948632296873,277.251476894841
2020-10-03,0.744801228464986,346.719318984943,258.236974712529
2020-10-04,0.706390060871909,327.228242095021,231.15077785251
2020-10-05,0.697508844327495,310.431053880943,216.528405635863
2020-10-06,0.710146532854864,304.25095633048,216.062761755867
2020-10-07,0.749232422305716,292.683081428331,219.28765406645
2020-10-08,0.785834708908003,279.689030168384,219.789347607134
2020-10-09,0.822410895283935,269.071939504768,221.287694663901
2020-10-10,0.858860516490243,258.930240960419,222.384960486209
2020-10-11,0.890659146595206,245.61926162096,218.763041942669
2020-10-12,0.897907910379348,231.832890162236,208.164585962778
2020-10-13,0.888161378314565,220.265015260087,195.630879547878
2020-10-14,0.876319313575891,209.647924596471,183.71852537499
2020-10-15,0.88257239659246,196.812337376279,173.701136277146
2020-10-16,0.913492143797467,188.255279229484,171.969718604532
2020-10-17,0.940873943837185,180.332077241712,169.669752714761
2020-10-18,0.967537482815995,179.69822108269,173.864764492858
2020-10-19,0.973792215603555,178.113580685135,173.44561836446
2020-10-20,0.958782340685846,177.004332406847,169.708628136572
2020-10-21,0.921460462417353,174.310443731004,160.620182084545
2020-10-22,0.876163090356495,170.348842737118,149.253368491206
2020-10-23,0.81073468884424,165.119529425188,133.868130310637
2020-10-24,0.750520994459835,159.256359954236,119.525241646906
2020-10-25,0.69289135354131,153.551654523039,106.394613740976
2020-10-26,0.672439917867238,149.590053529153,100.590323308899
2020-10-27,0.678897800559486,143.885348097956,97.6834463564384
2020-10-28,0.711526662380894,135.803682070428,96.6279406426075
2020-10-29,0.75443917622364,130.098976639231,98.1517647632403
2020-10-30,0.809577020835169,126.2958396851,102.24620963614
2020-10-31,0.832237810256127,121.541918492437,101.151780100474
2020-11-01,0.836875976891926,116.787997299773,97.737069329499
2020-11-02,0.835945701493566,109.974043590288,91.9323290151673
2020-11-03,0.850190497156192,99.3569529266723,84.4723372046519
2020-11-04,0.869424739525706,92.3845351774322,80.3214004328424
2020-11-05,0.877289679521638,87.3136859052575,76.5993955256763
2020-11-06,0.872247662714915,83.9859410703929,73.2565407995628
2020-11-07,0.866078355715124,83.1936208716156,72.0521943704763
2020-11-08,0.863958548285582,81.4505164343056,70.3698699356936
2020-11-09,0.839033473360507,75.2704188838427,63.1544009974109
2020-11-10,0.806588229816866,74.002706565799,59.6897120905648
2020-11-11,0.770927904819178,72.4180661682445,55.8291080221413
2020-11-12,0.747928228758278,68.9318572936244,51.5560819306388
2020-11-13,0.715788249478895,66.2379686177816,47.4123596059598
2020-11-14,0.712772538598015,63.8610080214497,45.5183728048769
2020-11-15,0.711549656019201,60.2163351070742,42.8469125321755
2020-11-16,0.735176029645574,57.047054311965,41.9396268920459
2020-11-17,0.745601939139807,54.5116296758776,40.6439767920054
2020-11-18,0.747666721692394,52.9269892783231,39.5717485627723
2020-11-19,0.729962203987876,50.3915646422357,36.7839375886439
2020-11-20,0.743888386120494,47.380747886882,35.2459880787547
2020-11-21,0.767697909930018,43.577610932751,33.4544408328165
2020-11-22,0.80643883002687,39.77447397862,32.0756802602525
2020-11-23,0.823427247015287,38.1898335810655,31.4465495296287
2020-11-24,0.82222676682321,36.2882651039999,29.8371828900854
2020-11-25,0.807676502272946,35.0205527859563,28.2852775818262
2020-11-26,0.77549439866227,32.9605202691353,25.5606988457087
2020-11-27,0.727321641187187,31.2174158318253,22.7051021164261
2020-11-28,0.666588256924391,29.4743113945152,19.6472298565166
2020-11-29,0.618969209305344,27.5727429174497,17.0666788819934
2020-11-30,0.596538615446178,25.1957823211179,15.030257100923
2020-12-01,0.646491930105376,24.0865340428297,15.5717498828978
2020-12-02,0.734587168200614,22.1849655657642,16.2967910315828
2020-12-03,0.84796585300787,20.9172532477205,17.7371164927849
2020-12-04,0.937251567293584,19.6495409296768,18.416563032939
2020-12-05,1.00447845804989,18.8572207308995,18.9416720028803
2020-12-06,1.08217269363886,18.8572207308995,20.4067693529001
2020-12-07,1.13999582289056,17.7479724526113,20.2326144607536
2020-12-08,1.15803334092808,16.0048680153013,18.5341707788723
2020-12-09,1.14533492822967,14.7371556972576,16.878979162828
2020-12-10,1.17608889648363,15.0540837767685,17.7049407765919
2020-12-11,1.22655473499295,15.0540837767685,18.464657737376
2020-12-12,1.27757514315622,15.0540837767685,19.2327232361907
2020-12-13,1.34090654859288,14.8956197370131,19.9736340507102
2020-12-14,1.45281131049765,15.8464039755458,23.0218349263878
2020-12-15,1.55727206713232,17.272580333345,26.8981068804171
2020-12-16,1.58761753865426,18.0649005321222,28.6801529188419
2020-12-17,1.55519272662418,20.1249330489432,31.2981495015151
2020-12-18,1.49019200439394,20.9172532477205,31.1707235436362
2020-12-19,1.42085657791565,22.0265015260087,31.2964995816986
2020-12-20,1.29173569879477,23.4526778838078,30.2946612548492
2020-12-21,1.13062458768366,24.7203902018515,27.9494809793476
2020-12-22,0.975345084578072,26.1465665596506,25.5019251725486
2020-12-23,0.93562010367662,26.3050305994061,24.611515456633
2020-12-24,0.922351638395771,26.3050305994061,24.2624880714131
2020-12-25,0.966648426878606,27.5727429174497,26.653148565881
2020-12-26,1.00812946835965,28.2065990764716,28.435903731197
2020-12-27,1.11151292700626,30.425095633048,33.8178871015347
2020-12-28,1.17107124308632,29.9497035137816,35.0732365239509
2020-12-29,1.27110393350803,29.7912394740262,37.8677616795142
2020-12-30,1.28409094649504,31.2174158318253,40.0860010426177
2020-12-31,1.29386229689566,32.0097360306026,41.4161905835793
2021-01-01,1.2615493717256,32.6435921896244,41.1815032176873
2021-01-02,1.26093973953702,33.4359123884017,42.1606706582137
2021-01-03,1.22282721685099,32.8020562293799,40.1112471259623
2021-01-04,1.23723715473919,33.4359123884017,41.3681531095349
2021-01-05,1.21807159377796,36.2882651039999,44.2017049106665
2021-01-06,1.25158646600251,37.8729055015545,47.4012159539378
2021-01-07,1.25098241888684,39.2990818593537,49.1624604844461
2021-01-08,1.26016609235623,41.0421862966637,51.7199715272229
2021-01-09,1.23334530905469,43.1022188134847,53.15991938346
2021-01-10,1.18769207933152,45.4791794098165,54.0152611595363
2021-01-11,1.10550720538194,47.380747886882,52.3797581853333
2021-01-12,1.03116977810334,49.1238523241921,50.6550319007183
2021-01-13,0.959010623332067,48.9653882844366,46.9583275403542
2021-01-14,0.937432201753645,48.4899961651702,45.4560838681413
2021-01-15,0.976434469327341,50.3915646422357,49.2040606800159
2021-01-16,1.04003952099209,50.5500286819912,52.5740276165548
2021-01-17,1.11495962988072,51.8177410000349,57.7746893266539
2021-01-18,1.16869379960495,52.9269892783231,61.8554442013337
2021-01-19,1.21259517186453,55.1454858348995,66.8691498735229
2021-01-20,1.20821105423999,55.9378060336768,67.5846755998209
2021-01-21,1.18828749953383,57.047054311965,67.7883015241355
2021-01-22,1.11735495985129,57.3639823914759,64.0959302419377
2021-01-23,1.06506897423197,57.2055183517204,60.9278227512751
2021-01-24,1.02252030919634,55.6208779541659,56.8734773234654
2021-01-25,1.03999356981267,57.9978385504977,60.3173791555508
2021-01-26,1.05447690227925,58.6316947095196,61.8257678126771
2021-01-27,1.09529322880987,58.790158749275,64.392462798738
2021-01-28,1.17468672533891,61.9594395443842,72.782931142227
2021-01-29,1.24056875997095,63.5440799419388,78.8308004570657
2021-01-30,1.27518075291627,64.653328220227,82.444679758412
2021-01-31,1.24938207901633,66.8718247768034,83.5484594672586
2021-02-01,1.22719425651891,72.4180661682445,88.8710348698762
2021-02-02,1.17783304862112,69.8826415321571,82.3100847215175
2021-02-03,1.14789179172134,71.9426740489781,82.5824050153056
2021-02-04,1.05522440218488,72.7349942477554,76.7517408230082
2021-02-05,1.01864873295615,74.9534908043318,76.3512784384728
2021-02-06,0.993416958830568,77.6473794801746,77.1362235843581
2021-02-07,1.04393455717425,78.5981637187073,82.0513392363982
2021-02-08,1.07530462732621,77.6473794801746,83.4945864547857
2021-02-09,1.15674622096292,81.1335883547946,93.8509717225702
2021-02-10,1.20481726211133,85.0951893486811,102.524153049923
2021-02-11,1.25742862923882,87.1552218655021,109.591471161344
2021-02-12,1.26065926512252,89.6906465015894,113.069344507057
2021-02-13,1.29946246781953,92.0676070979213,119.638399925703
2021-02-14,1.30832486308402,93.3353194159649,122.112918995796
2021-02-15,1.30511499318238,93.4937834557204,122.020138557408
2021-02-16,1.25142944970092,99.9908090856942,125.13144318926
2021-02-17,1.21438918348763,106.646298755423,129.510111667577
2021-02-18,1.16722801132646,109.815579550533,128.179820531431
2021-02-19,1.11867732844742,111.241755908332,124.443630311332
2021-02-20,1.04480569283665,114.727964782952,119.868430732791
2021-02-21,0.986343656772933,119.164957896105,117.537600330436
2021-02-22,0.926165998376571,123.126558889991,114.03563234102
2021-02-23,0.87978685558645,123.443486969502,108.603957243525
2021-02-24,0.865272429126211,124.55273524779,107.772047782169
2021-02-25,0.893981220335002,124.394271208035,111.206142377242
2021-02-26,0.93941340009554,123.760415049013,116.262192298429
2021-02-27,0.976843932949414,123.126558889991,120.275432036627
2021-02-28,1.0078987645206,125.661983526078,126.654557943142
2021-03-01,1.0360153334519,126.771231804367,131.336939989909
2021-03-02,1.05274234000026,124.077343128524,130.621472546137
2021-03-03,1.03635912004561,119.957278094882,124.318819169479
2021-03-04,1.00276277453066,120.591134253904,120.924300368244
2021-03-05,0.978139249907137,120.432670214148,117.799921707581
2021-03-06,0.975313863459652,117.897245578061,114.98681807599
2021-03-07,0.978074967901429,115.361820941974,112.832509314871
2021-03-08,0.98198593308901,114.727964782952,112.66124754879
2021-03-09,0.986962360537936,116.471069220262,114.952561412007
2021-03-10,0.998837173356145,118.372637697327,118.23499084031
2021-03-11,1.00073958431403,118.531101737083,118.618765480653
2021-03-12,0.977194610769059,116.787997299773,114.124601563849
2021-03-13,0.952874210672261,117.104925379284,111.586263336619
2021-03-14,0.952555901530423,116.471069220262,110.945204343319
2021-03-15,0.97180352863882,113.618716504664,110.415069618646
2021-03-16,0.999541127549736,111.875612067354,111.824275431119
2021-03-17,1.02798053565799,112.192540146864,115.331747517005
2021-03-18,1.06219910075693,112.509468226375,119.507455976696
2021-03-19,1.0847029410027,113.143324385397,122.726896715663
2021-03-20,1.0888251923777,114.569500743196,124.746158687328
2021-03-21,1.06478375762198,115.044892862463,122.497933317311
2021-03-22,1.05039638977162,115.520284981729,121.342090290196
2021-03-23,1.06248341636307,113.301788425153,120.381271246003
2021-03-24,1.11052723180789,112.667932266131,125.120806933025
2021-03-25,1.18278483123118,113.777180544419,134.57392328819
2021-03-26,1.27269293801273,116.946461339528,148.836935472396
2021-03-27,1.34955870588241,121.700382532192,164.241810755539
2021-03-28,1.4114445713397,125.503519486323,177.141261262997
2021-03-29,1.44763065867787,134.377505712629,194.528997106261
2021-03-30,1.449731499014,141.349923461869,204.919436425889
2021-03-31,1.41025473716975,144.836132336489,204.255841740878
2021-04-01,1.36061295664279,152.917798364017,208.061937755372
2021-04-02,1.30747972110006,160.999464391546,210.503534799917
2021-04-03,1.26458208538701,168.922666379319,213.616577719093
2021-04-04,1.20497087979366,176.21201220807,212.330343380569
2021-04-05,1.15749599580033,188.096815189729,217.721310404906
2021-04-06,1.11031786528887,198.080049694323,219.931817932913
2021-04-07,1.07734514323755,206.320179761607,222.278043618066
2021-04-08,1.0327232571569,213.134133471091,220.108576529578
2021-04-09,0.991771325925688,220.898871419109,219.081166602818
2021-04-10,0.953574017721043,223.592760094952,213.21224657708
2021-04-11,0.93798497169995,226.762040890061,212.699386506887
2021-04-12,0.936719278381277,230.882105923703,216.271719652
2021-04-13,0.9513179194167,229.614393605659,218.436287193063
2021-04-14,0.972109937136699,232.308282281502,225.829189685005
2021-04-15,0.988126378509521,230.882105923703,228.14069918904
2021-04-16,1.00649427612728,232.625210361013,234.135942711265
2021-04-17,1.00579248570587,233.259066520035,234.610216328616
2021-04-18,0.993278442331693,233.41753055979,231.848601167339
2021-04-19,0.964442328589919,229.772857645415,221.602669874304
2021-04-20,0.93843171535821,226.44511281055,212.503275649288
2021-04-21,0.924975328680651,223.592760094952,206.817786759442
2021-04-22,0.910852261327973,220.581943339598,200.917561898992
2021-04-23,0.897692722419472,218.521910822777,196.165529034804
2021-04-24,0.902633046547988,217.095734464978,195.957784192696
2021-04-25,0.934837372741477,216.937270425222,202.801067934022
2021-04-26,0.980545931927125,210.281780755493,206.19094467819
2021-04-27,1.0360595231314,209.964852675982,217.536085137832
2021-04-28,1.07998705678496,210.75717287476,227.61501882933
2021-04-29,1.12969760718565,209.964852675982,237.196791661144
2021-04-30,1.17785558991612,211.232564994026,248.801457450534
2021-05-01,1.2146620606594,211.07410095427,256.383702416945
2021-05-02,1.22877728727581,211.549493073537,259.947212223474
2021-05-03,1.23292847870924,215.352630027668,265.514390526045
2021-05-04,1.21578123806125,221.21579949862,268.950018593141
2021-05-05,1.1907800220488,227.554361088838,270.967187114667
2021-05-06,1.166386541904,232.466746321257,271.146084349327
2021-05-07,1.16673459742447,240.706876388541,280.841040520487
2021-05-08,1.18925771200025,245.143869501694,291.539237354473
2021-05-09,1.23002804982786,249.422398575091,306.796546502706
2021-05-10,1.27835007440148,266.378050828925,340.524401096079
2021-05-11,1.33645261443174,282.224454804471,377.179610480007
2021-05-12,1.38534158927171,294.267721825886,407.661313425637
2021-05-13,1.42484570565696,307.261773085834,437.800617893892
2021-05-14,1.44041275355159,324.217425339668,467.006914382918
2021-05-15,1.42974479770597,345.293142627144,493.681074354704
2021-05-16,1.39049013932088,366.527323954375,509.652629750227
2021-05-17,1.32909198581746,389.980001838183,518.319295072207
2021-05-18,1.25798504724064,408.520294489571,513.912421962224
2021-05-19,1.19454567005356,425.792874822916,508.629034959371
2021-05-20,1.13469148065942,449.720944825991,510.294524768155
2021-05-21,1.07478945739532,469.528949795423,504.644765182019
2021-05-22,1.03676349818836,487.910778407056,505.848085425107
2021-05-23,1.01898154330115,505.024894700646,514.611046607563
2021-05-24,1.02251641720639,516.909697682305,528.548652093349
2021-05-25,1.03396277826549,529.745284902497,547.736906550828
2021-05-26,1.05069338561507,547.493257355108,575.24754417186
2021-05-27,1.06023881041473,557.951883978969,591.562241738518
2021-05-28,1.06943283244668,568.093582523318,607.537929052692
2021-05-29,1.05593194955848,571.104399278672,603.04738173175
2021-05-30,1.03851991195508,577.44296086889,599.686012880641
2021-05-31,0.99818998125478,580.770705703755,579.719499839756
2021-06-01,0.964392223476196,585.524626896418,564.675396832707
2021-06-02,0.927758504818688,580.453777624244,538.520928845028
2021-06-03,0.915117133398691,576.967568749624,527.992907578168
2021-06-04,0.908908364186666,573.481359875004,521.242004695534
2021-06-05,0.923712769559391,572.847503715982,529.146554192673
2021-06-06,0.936049619192861,572.21364755696,535.620366892651
2021-06-07,0.949408963711004,573.639823914759,544.618790766274
2021-06-08,0.958300288514372,571.421327358183,547.593222870612
2021-06-09,0.958459731794947,560.645772654811,537.356396890702
2021-06-10,0.959565696942696,561.7550209331,539.040848172729
2021-06-11,0.944430689576659,545.116296758776,514.824560047366
2021-06-12,0.937573172885557,540.679303645624,506.926410232581
2021-06-13,0.929294675751191,529.745284902497,492.289472764188
2021-06-14,0.948526132619997,523.882115431545,496.915876899066
2021-06-15,0.967127362861439,511.046528211353,494.24708112854
2021-06-16,1.01260136683831,510.571136092087,517.005030275033
2021-06-17,1.05923443302024,508.669567615021,538.800321047349
2021-06-18,1.11989099458507,506.292607018689,566.99253122523
2021-06-19,1.15872083596767,513.423488807685,594.914494156678
2021-06-20,1.18050226852278,517.543553841327,610.961339369028
2021-06-21,1.17584873957641,523.72365139179,615.819795375393
2021-06-22,1.16089980482499,529.745284902497,614.981197850269
2021-06-23,1.12790614205562,536.400774572226,605.009728243404
2021-06-24,1.08155688019665,537.510022850514,581.347663388632
2021-06-25,1.02527652524643,550.345610070707,564.256434777919
2021-06-26,0.979261080317124,555.891851462148,544.363255002309
2021-06-27,0.957861518909302,562.864269211388,539.146023846594
2021-06-28,0.947400818428049,568.252046563073,538.36245398727
2021-06-29,0.944974143637961,572.530575636471,541.026590418623
2021-06-30,0.942011205269875,577.284496829135,543.808464641627
2021-07-01,0.939076543032888,586.950803254218,551.191731250347
2021-07-02,0.922727982332012,586.792339214462,541.449711211242
2021-07-03,0.904521852758318,580.612241663999,525.176460564081
2021-07-04,0.887309100773169,575.541392391825,510.683115340927
2021-07-05,0.891794714992715,563.656589410165,502.665967506804
2021-07-06,0.903604461825504,545.274760798532,492.712706778388
2021-07-07,0.935225147121036,539.41159132758,504.471284858128
2021-07-08,0.971994285155997,535.133062254183,520.146278309094
2021-07-09,1.01952566236505,528.794500663964,539.119563544422
2021-07-10,1.04634028228777,524.674435630322,548.987997086609
2021-07-11,1.05824096284077,522.931331193012,553.387355421302
2021-07-12,1.03636020609177,518.652802119615,537.511124894758
2021-07-13,0.998488224823561,518.81126615937,518.026940165934
2021-07-14,0.943105941007866,513.740416887196,484.511639302172
2021-07-15,0.883448277935383,500.587901587493,442.243519612758
2021-07-16,0.834116655850154,493.298555758742,411.468541665192
2021-07-17,0.806675030271315,482.839929134881,389.49491445108
2021-07-18,0.797016307341104,476.184439465152,379.526763555809
2021-07-19,0.804287802239582,467.151989199091,375.724646704786
2021-07-20,0.823323461100039,466.359669000314,383.964856798807
2021-07-21,0.841166906375274,454.63333005841,382.422511780321
2021-07-22,0.858103050460415,443.065455156261,380.19581862322
2021-07-23,0.874862079661296,433.240684691423,379.025846403022
2021-07-24,0.881785604155262,417.077352636366,367.772805373936
2021-07-25,0.880128193112913,402.65712501862,354.389887886678
2021-07-26,0.875845694294013,384.433760446742,336.704653828535
2021-07-27,0.882745668359886,371.915101306061,328.306444675553
2021-07-28,0.896052721586877,358.128729847336,320.902223058157
2021-07-29,0.911169199832851,344.500822428366,313.898538713814
2021-07-30,0.930659877687466,338.954581036925,315.451428929431
2021-07-31,0.961218374688203,334.042195804506,321.087496528486
2021-08-01,0.987157633236989,326.91131401551,322.712999021945
2021-08-02,1.0017951138565,320.097360306026,320.67197151294
2021-08-03,1.00049294459381,316.45268739165,316.608681033096
2021-08-04,0.997655225037823,316.135759312139,315.394492099055
2021-08-05,0.97636384692536,310.747981960454,303.403095091201
2021-08-06,0.936159423186953,305.360204608768,285.865833010794
2021-08-07,0.880764422547103,302.032459773903,266.019445023243
2021-08-08,0.848277619490139,300.606283416104,254.997582499991
2021-08-09,0.832130839573469,293.000009507842,243.814343906795
2021-08-10,0.844913062981775,283.809095202026,239.79401192923
2021-08-11,0.860313323432735,279.689030168384,240.620199071841
2021-08-12,0.891362910016016,278.579781890096,248.315685057183
2021-08-13,0.893089871987245,274.301252816698,244.975670764006
2021-08-14,0.885686611281765,272.716612419144,241.541452293754
2021-08-15,0.863584384007124,265.902658709659,229.629383727637
2021-08-16,0.855253617179041,256.870208443598,219.689174916921
2021-08-17,0.852215131483007,244.510013342672,208.375133169737
2021-08-18,0.883719063330976,232.308282281502,205.295257621837
2021-08-19,0.911754429524237,228.029753208104,207.907137550808
2021-08-20,0.940285145845564,222.95890393593,209.644945504963
2021-08-21,0.949789246887178,219.47269506131,208.452805754581
2021-08-22,0.947944545042476,214.401845789135,203.241060162849
2021-08-23,0.925056622844561,209.172532477205,193.496436485208
2021-08-24,0.881880306676488,203.943219165275,179.853508662063
2021-08-25,0.817498418550059,199.981618171388,163.484656594192
2021-08-26,0.769927099071523,191.266095984838,147.260950432342
2021-08-27,0.757826683684129,181.758253599511,137.741254557536
2021-08-28,0.766392481137131,172.250411214183,132.011420027329
2021-08-29,0.796701361446011,166.862633862498,132.939687572719
2021-08-30,0.818757757310727,162.425640749345,132.987253349691
2021-08-31,0.83673304017165,160.999464391546,134.713571306345
2021-09-01,0.826766520295826,156.404007238637,129.309596825011
2021-09-02,0.803094453530976,150.857765847196,121.153035023958
2021-09-03,0.761944660280342,141.191459422113,107.580078583868
2021-09-04,0.727289855795956,132.317473195808,96.2331559998643
2021-09-05,0.673627264633365,122.80963081048,82.7279156734972
2021-09-06,0.650510654735549,116.312605180506,75.6625889499686
2021-09-07,0.654185853628666,111.558683987843,72.9801129142774
2021-09-08,0.727210160561921,104.427802198847,75.940958804152
2021-09-09,0.862301735653496,97.7723125291178,84.3092347927143
2021-09-10,1.02354572042689,93.3353194159649,95.5329667528879
2021-09-11,1.1159175697091,90.0075745811003,100.441033881952
2021-09-12,1.163895448804,87.9475420642793,102.361743942113
2021-09-13,1.15953267778338,86.2044376269693,99.9568623984098
2021-09-14,1.10889878786377,81.4505164343056,90.3203789448797
2021-09-15,0.994410259533186,78.9150917982182,78.4739769161514
2021-09-16,0.852498407943915,73.6857784862881,62.8170088476686
2021-09-17,0.723303278748786,69.8826415321571,50.5463437478353
2021-09-18,0.676751301817062,66.2379686177816,44.8266314918014
2021-09-19,0.684825010023749,62.1179035841396,42.5398939446627
2021-09-20,0.771843423946695,62.4348316636506,48.1899142448076
2021-09-21,0.852029904133175,60.850191266096,51.8461826309371
2021-09-22,0.906979438294666,59.7409429878078,54.1838069142756
2021-09-23,0.925046880325242,60.6917272263405,56.1426929322768
2021-09-24,0.925833381111742,58.1563025902532,53.8430462600917
2021-09-25,0.924027427692886,55.6208779541659,51.3952167820078
2021-09-26,0.891727007524819,49.7577084832139,44.3702924870286
2021-09-27,0.823178833538243,45.4791794098165,37.4374978568492
2021-09-28,0.775376635736045,44.8453232507947,34.7720158706966
2021-09-29,0.763456043030878,43.2606828532401,33.0276297499484
2021-09-30,0.74444330973243,40.4083301376419,30.0817110284268
2021-10-01,0.749356386074078,39.2990818593537,29.4490179581546
2021-10-02,0.779723868054463,38.9821537798427,30.3953157303129
2021-10-03,0.888399770848013,37.8729055015545,33.6462805689295
2021-10-04,1.03633970153727,34.7036247064454,35.964744070539
2021-10-05,1.23231039750797,34.8620887462008,42.9609144407887
2021-10-06,1.38532591502516,34.3866966269345,47.6367819694007
2021-10-07,1.49548404957354,34.228232587179,51.1877758792195
2021-10-08,1.53990181668038,34.8620887462008,53.6841937935474
2021-10-09,1.54870484161244,35.4959449052227,54.9727417323268
2021-10-10,1.49084126374886,36.7636572232663,54.8087771947644
2021-10-11,1.36200364174354,36.1298010642445,49.2089206249706
2021-10-12,1.19771792745783,37.8729055015545,45.361057884128
2021-10-13,1.07887242660893,39.4575458991091,42.569658292205
2021-10-14,0.994036795643924,41.0421862966637,40.7974433525565
2021-10-15,0.914300791653286,41.2006503364192,37.6697872192183
2021-10-16,0.83626699749046,42.4683626544628,35.5148901253836
2021-10-17,0.778852031504065,45.1622513303056,35.1747111959057
2021-10-18,0.715518358761982,45.0037872905502,32.2010360202078
2021-10-19,0.617899311142935,44.0530030520174,27.2203202396191
2021-10-20,0.495203458608372,44.0530030520174,21.8151994734442
2021-10-21,0.414897423150653,41.9929705351964,17.4227752654943
2021-10-22,0.374457952579871,38.3482976208209,14.3598250120161
2021-10-23,0.336016209762512,34.5451606666899,11.6077339528582
2021-10-24,0.277163119345997,32.0097360306026,8.87191828768377
