"fecha","rho7dpromedio","incidenciaAcum14d","riesgopor10"
2020-01-03,0,0,0
2020-01-04,0,0,0
2020-01-05,0,0,0
2020-01-06,0,0,0
2020-01-07,0,0,0
2020-01-08,0,0,0
2020-01-09,0,0,0
2020-01-10,0,0,0
2020-01-11,0,0,0
2020-01-12,0,0,0
2020-01-13,0,0,0
2020-01-14,0,0,0
2020-01-15,0,0,0
2020-01-16,0,0,0
2020-01-17,0,0,0
2020-01-18,0,0,0
2020-01-19,0,0,0
2020-01-20,0.142857142857143,0,0
2020-01-21,0.285714285714286,0,0
2020-01-22,0.428571428571429,0,0
2020-01-23,0.428571428571429,0,0
2020-01-24,0.571428571428571,2.47837616793477,1.41621495310558
2020-01-25,0.714285714285714,2.47837616793477,1.77026869138198
2020-01-26,0.857142857142857,2.47837616793477,2.12432242965837
2020-01-27,0.714285714285714,2.47837616793477,1.77026869138198
2020-01-28,0.571428571428571,4.95675233586954,2.83242990621116
2020-01-29,0.428571428571429,4.95675233586954,2.12432242965837
2020-01-30,0.428571428571429,4.95675233586954,2.12432242965837
2020-01-31,0.285714285714286,4.95675233586954,1.41621495310558
2020-02-01,0.142857142857143,4.95675233586954,0.708107476552791
2020-02-02,0,4.95675233586954,0
2020-02-03,0,4.95675233586954,0
2020-02-04,0,4.95675233586954,0
2020-02-05,0,4.95675233586954,0
2020-02-06,0,4.95675233586954,0
2020-02-07,0,2.47837616793477,0
2020-02-08,0,2.47837616793477,0
2020-02-09,0,2.47837616793477,0
2020-02-10,0,2.47837616793477,0
2020-02-11,0,0,0
2020-02-12,0,0,0
2020-02-13,0,0,0
2020-02-14,0,0,0
2020-02-15,0,0,0
2020-02-16,0,0,0
2020-02-17,0,0,0
2020-02-18,0,0,0
2020-02-19,0,0,0
2020-02-20,0,0,0
2020-02-21,0,0,0
2020-02-22,0,0,0
2020-02-23,0,0,0
2020-02-24,0,0,0
2020-02-25,0,0,0
2020-02-26,0,0,0
2020-02-27,0,0,0
2020-02-28,0,0,0
2020-02-29,0,0,0
2020-03-01,0,0,0
2020-03-02,0,0,0
2020-03-03,0,0,0
2020-03-04,0,0,0
2020-03-05,0,0,0
2020-03-06,0,0,0
2020-03-07,0,0,0
2020-03-08,0,0,0
2020-03-09,0,0,0
2020-03-10,0,0,0
2020-03-11,0,0,0
2020-03-12,0,0,0
2020-03-13,0,0,0
2020-03-14,0,0,0
2020-03-15,0.142857142857143,0,0
2020-03-16,0.285714285714286,0,0
2020-03-17,0.428571428571429,0,0
2020-03-18,0.571428571428571,0,0
2020-03-19,0.714285714285714,2.47837616793477,1.77026869138198
2020-03-20,0.857142857142857,2.47837616793477,2.12432242965837
2020-03-21,0.857142857142857,2.47837616793477,2.12432242965837
2020-03-22,0.714285714285714,4.95675233586954,3.54053738276396
2020-03-23,0.714285714285714,4.95675233586954,3.54053738276396
2020-03-24,0.714285714285714,4.95675233586954,3.54053738276396
2020-03-25,0.714285714285714,4.95675233586954,3.54053738276396
2020-03-26,0.714285714285714,4.95675233586954,3.54053738276396
2020-03-27,1,7.43512850380431,7.43512850380431
2020-03-28,1.42857142857143,7.43512850380431,10.6216121482919
2020-03-29,1.71428571428571,7.43512850380431,12.7459345779502
2020-03-30,1.85714285714286,9.91350467173908,18.4107943903726
2020-03-31,2.14285714285714,14.8702570076086,31.8648364448756
2020-04-01,2.19047619047619,14.8702570076086,32.5729439214284
2020-04-02,2.23809523809524,12.3918808396738,27.7342094983177
2020-04-03,2.0952380952381,17.3486331755434,36.34951712971
2020-04-04,2.02380952380952,19.8270093434782,40.1260903379915
2020-04-05,1.88095238095238,19.8270093434782,37.2936604317803
2020-04-06,1.8452380952381,24.7837616793477,45.7319411940344
2020-04-07,1.66666666666667,27.2621378472825,45.4368964121374
2020-04-08,1.76190476190476,32.218890183152,56.7666160369821
2020-04-09,1.77142857142857,32.218890183152,57.073462610155
2020-04-10,1.81904761904762,42.1323948548911,76.6408325455638
2020-04-11,1.68639455782313,47.0891471907606,79.410881555031
2020-04-12,1.80884353741497,49.5675233586954,89.6598942930415
2020-04-13,1.86241496598639,57.0026518624997,106.162591929632
2020-04-14,1.9593537414966,57.0026518624997,111.688359202017
2020-04-15,2.02057823129252,69.3945327021735,140.217082148729
2020-04-16,2.08031849103278,84.2647897097821,175.297600176248
2020-04-17,1.96676537747966,94.1782943815212,185.226608699663
2020-04-18,1.88513272441844,104.09179905326,196.226856738889
2020-04-19,1.73747366079299,116.483679892934,202.387325726215
2020-04-20,1.53474256835601,133.832313068478,205.398147887741
2020-04-21,1.31637522141724,143.745817740217,189.22343265558
2020-04-22,1.06943644590703,146.224193908151,156.377482238754
2020-04-23,0.944149967679379,161.09445091576,152.097320625442
2020-04-24,0.816206482593037,156.13769857989,127.440601758064
2020-04-25,0.780492196878751,173.486331755434,135.404728200234
2020-04-26,0.702527677737762,175.964707923369,123.620077621208
2020-04-27,0.662911831399226,178.443084091303,118.292031675492
2020-04-28,0.587911831399226,178.443084091303,104.908800368644
2020-04-29,0.599022942510337,171.007955587499,102.437688748701
2020-04-30,0.528061224489796,158.616074747825,83.7589986551016
2020-05-01,0.493367346938775,151.180946244021,74.5877423561062
2020-05-02,0.410034013605442,143.745817740217,58.9406745870174
2020-05-03,0.394160997732426,133.832313068478,52.7514780479095
2020-05-04,0.353344671201814,111.526927557065,39.4074455477995
2020-05-05,0.299773242630385,99.1350467173908,29.718034412787
2020-05-06,0.188662131519274,94.1782943815212,17.7678777608675
2020-05-07,0.125170068027211,79.3080373739126,9.92699243319723
2020-05-08,0.210884353741497,71.8729088701083,15.1568719385943
2020-05-09,0.329931972789116,49.5675233586954,16.3539107680049
2020-05-10,0.877551020408163,44.6107710228258,39.1482276322757
2020-05-11,1.28571428571429,32.218890183152,41.4242873783383
2020-05-12,1.71428571428571,29.7405140152172,50.983738311801
2020-05-13,1.71428571428571,24.7837616793477,42.4864485931675
2020-05-14,1.71428571428571,29.7405140152172,50.983738311801
2020-05-15,1.57142857142857,22.3053855114129,35.0513200893632
2020-05-16,1.42857142857143,17.3486331755434,24.7837616793477
2020-05-17,0.857142857142857,12.3918808396738,10.6216121482919
2020-05-18,0.428571428571429,12.3918808396738,5.31080607414593
2020-05-19,0,12.3918808396738,0
2020-05-20,0,9.91350467173908,0
2020-05-21,0,9.91350467173908,0
2020-05-22,0,9.91350467173908,0
2020-05-23,0,9.91350467173908,0
2020-05-24,0,9.91350467173908,0
2020-05-25,0,9.91350467173908,0
2020-05-26,0,7.43512850380431,0
2020-05-27,0,7.43512850380431,0
2020-05-28,0,0,0
2020-05-29,0,0,0
2020-05-30,0,0,0
2020-05-31,0.142857142857143,0,0
2020-06-01,0.285714285714286,0,0
2020-06-02,0.428571428571429,0,0
2020-06-03,0.428571428571429,0,0
2020-06-04,0.428571428571429,2.47837616793477,1.06216121482919
2020-06-05,0.428571428571429,2.47837616793477,1.06216121482919
2020-06-06,0.428571428571429,2.47837616793477,1.06216121482919
2020-06-07,0.285714285714286,2.47837616793477,0.708107476552791
2020-06-08,0.142857142857143,2.47837616793477,0.354053738276396
2020-06-09,0,2.47837616793477,0
2020-06-10,0,2.47837616793477,0
2020-06-11,0,2.47837616793477,0
2020-06-12,0,2.47837616793477,0
2020-06-13,0,2.47837616793477,0
2020-06-14,0,2.47837616793477,0
2020-06-15,0.142857142857143,2.47837616793477,0.354053738276396
2020-06-16,0.428571428571429,2.47837616793477,1.06216121482919
2020-06-17,0.714285714285714,2.47837616793477,1.77026869138198
2020-06-18,0.857142857142857,0,0
2020-06-19,0.857142857142857,2.47837616793477,2.12432242965837
2020-06-20,0.857142857142857,4.95675233586954,4.24864485931675
2020-06-21,0.857142857142857,4.95675233586954,4.24864485931675
2020-06-22,0.714285714285714,4.95675233586954,3.54053738276396
2020-06-23,0.428571428571429,4.95675233586954,2.12432242965837
2020-06-24,0.142857142857143,4.95675233586954,0.708107476552791
2020-06-25,0,4.95675233586954,0
2020-06-26,0,4.95675233586954,0
2020-06-27,0,4.95675233586954,0
2020-06-28,0,4.95675233586954,0
2020-06-29,0,4.95675233586954,0
2020-06-30,0,4.95675233586954,0
2020-07-01,0,4.95675233586954,0
2020-07-02,0,4.95675233586954,0
2020-07-03,0,2.47837616793477,0
2020-07-04,0,0,0
2020-07-05,0,0,0
2020-07-06,0,0,0
2020-07-07,0,0,0
2020-07-08,0,0,0
2020-07-09,0,0,0
2020-07-10,0,0,0
2020-07-11,0,0,0
2020-07-12,0,0,0
2020-07-13,0,0,0
2020-07-14,0,0,0
2020-07-15,0,0,0
2020-07-16,0,0,0
2020-07-17,0,0,0
2020-07-18,0,0,0
2020-07-19,0,0,0
2020-07-20,0,0,0
2020-07-21,0,0,0
2020-07-22,0,0,0
2020-07-23,0,0,0
2020-07-24,0.142857142857143,0,0
2020-07-25,0.285714285714286,0,0
2020-07-26,0.428571428571429,0,0
2020-07-27,0.428571428571429,0,0
2020-07-28,0.571428571428571,2.47837616793477,1.41621495310558
2020-07-29,0.857142857142857,2.47837616793477,2.12432242965837
2020-07-30,1.42857142857143,2.47837616793477,3.54053738276396
2020-07-31,1.85714285714286,2.47837616793477,4.60269859759314
2020-08-01,2.28571428571429,4.95675233586954,11.3297196248447
2020-08-02,2.71428571428571,7.43512850380431,20.1810630817545
2020-08-03,3.28571428571429,12.3918808396738,40.7161799017855
2020-08-04,3.64285714285714,22.3053855114129,81.2553329344328
2020-08-05,3.64285714285714,34.6972663510868,126.397184564673
2020-08-06,3.22727272727273,39.6540186869563,127.974333035177
2020-08-07,2.73376623376623,52.0458995266302,142.281322731892
2020-08-08,2.23376623376623,69.3945327021735,155.011163958102
2020-08-09,1.69294990723562,74.3512850380431,125.873001108004
2020-08-10,1.17254174397032,81.7864135418474,95.8979839674352
2020-08-11,0.708256029684601,81.7864135418474,57.9257205372917
2020-08-12,0.589208410636982,86.7431658777169,51.1098029004297
2020-08-13,0.719078540507112,86.7431658777169,62.375149118315
2020-08-14,1.21258503401361,94.1782943815212,114.19919029596
2020-08-15,1.48401360544218,91.6999182135865,136.083926246897
2020-08-16,1.8343537414966,99.1350467173908,181.848743859486
2020-08-17,2.02823129251701,114.005303724999,231.229124527949
2020-08-18,2.15918367346939,109.04855138913,235.455851774897
2020-08-19,2.14557823129252,101.613422885326,218.019548149875
2020-08-20,2.07414965986395,106.570175221195,221.042492686683
2020-08-21,1.91343537414966,109.04855138913,208.657355727738
2020-08-22,1.91581632653061,101.613422885326,194.672654558366
2020-08-23,1.81037414965986,109.04855138913,197.418678492736
2020-08-24,1.78452380952381,123.918808396738,221.136064031799
2020-08-25,1.76865079365079,143.745817740217,254.236154630216
2020-08-26,1.73360199152125,166.05120325163,287.866696651524
2020-08-27,1.60798622797445,183.399836427173,294.904411187661
2020-08-28,1.28721903220725,188.356588763042,242.456185897423
2020-08-29,1.02893745870829,205.705221938586,211.657808304513
2020-08-30,0.866209209513873,213.14035044239,184.624134472213
2020-08-31,0.737387154376028,203.226845770651,149.856865495636
2020-09-01,0.697704614693489,213.14035044239,148.709006081043
2020-09-02,0.688935889812232,218.09710277826,150.25492156801
2020-09-03,0.732919000297805,220.575478946194,161.663959519454
2020-09-04,0.719162386541192,213.14035044239,153.282523092375
2020-09-05,0.739348721944918,218.09710277826,161.249814198996
2020-09-06,0.708199420118925,215.618726610325,152.701057152213
2020-09-07,0.760830999066293,200.748469602716,152.735658688864
2020-09-08,0.781588019823314,180.921460259238,141.40604586756
2020-09-09,0.940201465201465,166.05120325163,156.121584595648
2020-09-10,1.09326268969126,153.659322411956,167.990004116231
2020-09-11,1.46350078492936,156.13769857989,228.507644428733
2020-09-12,1.6530612244898,148.702570076086,245.814452574755
2020-09-13,1.89285714285714,143.745817740217,272.09029786541
2020-09-14,2.03571428571429,156.13769857989,317.851743537634
2020-09-15,2.18956043956044,168.529579419564,369.005699992837
2020-09-16,2.13884615384615,175.964707923369,376.361438754559
2020-09-17,2.05419006919007,185.878212595108,381.829178391671
2020-09-18,1.82469271469271,213.14035044239,388.915644659281
2020-09-19,1.75656084656085,230.488983617934,404.867924186866
2020-09-20,1.64544973544974,247.837616793477,407.804340987319
2020-09-21,1.57402116402116,275.099754640759,433.012836021585
2020-09-22,1.47627680311891,312.275397159781,461.004925011729
2020-09-23,1.46122453831055,344.494287342933,503.383505973298
2020-09-24,1.44171395629996,386.626682197824,557.405083602554
2020-09-25,1.41615740244152,421.323948548911,596.661028563432
2020-09-26,1.34046817938388,438.672581724454,588.026636969805
2020-09-27,1.28443643335213,493.196857419019,633.480012483765
2020-09-28,1.21054480773637,527.894123770106,639.039490564442
2020-09-29,1.14435474240912,552.677885449454,632.459559238725
2020-09-30,1.05091606154344,577.461647128801,606.863719892985
2020-10-01,1.00285790385413,594.810280304345,596.510190896902
2020-10-02,0.972858902157015,619.594041983692,602.777579467282
2020-10-03,0.982883964813657,617.115665815758,606.553092365611
2020-10-04,1.01815869008838,634.464298991301,645.985339568826
2020-10-05,1.08675931041314,666.683189174453,724.524162931261
2020-10-06,1.21059348601608,666.683189174453,807.08232605102
2020-10-07,1.31037248789622,676.596693846192,886.593693017589
2020-10-08,1.3768830265379,706.337207861409,972.543712516548
2020-10-09,1.36664608151835,721.207464869018,985.635355825025
2020-10-10,1.35563754752514,795.558749907061,1078.48931263617
2020-10-11,1.28415290971397,783.166869067387,1005.70601370446
2020-10-12,1.21641020713981,795.558749907061,967.725783766332
2020-10-13,1.10580402134565,800.51550224293,885.213261529765
2020-10-14,1.11655119018848,840.169520929887,938.092278554354
2020-10-15,1.13593894529052,862.4749064413,979.718835562474
2020-10-16,1.24405948819368,877.345163448908,1091.46957500945
2020-10-17,1.29670620856192,924.434310639669,1198.71971001411
2020-10-18,1.36301578887245,1006.22072418152,1371.49473415007
2020-10-19,1.34803929265598,1055.78824754021,1423.24404240861
2020-10-20,1.32709567370572,1137.57466108206,1509.67041123925
2020-10-21,1.20024023485699,1157.40167042554,1389.16005273542
2020-10-22,1.10103388565064,1159.88004659347,1277.06723458945
2020-10-23,0.974335758952513,1187.14218444075,1156.67508126163
2020-10-24,0.935735470352224,1169.79355126521,1094.61731890815
2020-10-25,0.888659380941522,1174.75030360108,1043.952877559
2020-10-26,0.924789885775034,1224.31782695978,1132.23674334647
2020-10-27,0.950887380499119,1244.14483630325,1183.04162435391
2020-10-28,1.00558276766924,1251.57996480706,1258.56724497006
2020-10-29,1.01956285245678,1268.9285979826,1293.75246092313
2020-10-30,1.0385168714108,1293.71235966195,1343.54211226161
2020-10-31,1.00352408641802,1296.19073582988,1300.75862399718
2020-11-01,0.984346661900786,1254.05834097499,1234.42814176757
2020-11-02,0.921671105084216,1241.66646013532,1144.40809845893
2020-11-03,0.876747475254926,1192.09893677662,1045.16973307299
2020-11-04,0.822246451544471,1187.14218444075,976.123448635162
2020-11-05,0.793424066200346,1179.70705593695,936.007969246735
2020-11-06,0.763171373156956,1130.13953257825,862.490138936707
2020-11-07,0.759632119617702,1110.31252323478,843.429055462913
2020-11-08,0.772452632438215,1112.79089940271,859.578259596913
2020-11-09,0.784066712032317,1048.35311903641,821.9787830917
2020-11-10,0.784719027753126,1035.96123819673,812.938495627665
2020-11-11,0.766566013122616,991.350467173908,759.935575228745
2020-11-12,0.765123011679615,966.56670549456,739.542428697241
2020-11-13,0.756414665761966,899.650548960321,680.508869294391
2020-11-14,0.766467845626467,855.039777937495,655.360496520685
2020-11-15,0.760879896160966,798.037126074996,607.210405620539
2020-11-16,0.814948892180427,750.947978884235,611.984223476838
2020-11-17,0.89167752884057,723.685841036953,645.29440239274
2020-11-18,0.990390459745282,679.075070014127,672.549470792851
2020-11-19,1.07136830542901,644.37780366304,690.365955566539
2020-11-20,1.16147200018387,649.33455599891,754.183905544557
2020-11-21,1.20582387472442,644.37780366304,777.006139999379
2020-11-22,1.18883382747399,631.985922823366,751.326243539787
2020-11-23,1.14813684692739,631.985922823366,725.606324732916
2020-11-24,1.10755243134297,614.637289647823,680.743024543502
2020-11-25,1.09138417337144,607.202161144018,662.690828709515
2020-11-26,1.0595714482814,577.461647128801,611.861873775227
2020-11-27,1.03873182279061,619.594041983692,643.592048619924
2020-11-28,1.00496558902438,636.942675159236,640.105470716165
2020-11-29,1.03476450689565,649.33455599891,671.90835164852
2020-11-30,1.01878995787206,649.33455599891,661.535524951005
2020-12-01,1.02008865917077,646.856179830975,659.850653160103
2020-12-02,0.998384075698033,664.204813006518,663.131508307697
2020-12-03,1.0057238537145,688.988574685866,692.932244498331
2020-12-04,0.954656277223197,664.204813006518,634.087294098532
2020-12-05,0.943859231132034,659.248060670649,622.237367669882
2020-12-06,0.940890010656958,664.204813006518,624.943673588106
2020-12-07,0.977700567039466,659.248060670649,644.547202737362
2020-12-08,0.947045805134704,641.899427495105,607.908160127608
2020-12-09,0.93088934254967,646.856179830975,602.151523967047
2020-12-10,0.916260934795591,681.553446182062,624.480797711932
2020-12-11,0.968798739172219,639.421051327171,619.470308325937
2020-12-12,1.00879251446011,609.680537311953,615.041162252317
2020-12-13,1.1220356377964,627.029170487497,703.549075224888
2020-12-14,1.22727672794315,614.637289647823,754.330041710828
2020-12-15,1.35031244222887,639.421051327171,863.418201430142
2020-12-16,1.38042448704679,651.812932166844,899.778532536883
2020-12-17,1.4158885660686,666.683189174453,943.949104742254
2020-12-18,1.37010015636509,708.815584029344,971.148342512618
2020-12-19,1.30677552974933,708.815584029344,926.262860314524
2020-12-20,1.14151096492505,711.293960197279,811.949854850153
2020-12-21,1.00138129803482,760.861483555974,761.912460027978
2020-12-22,0.88659138206843,765.818235891844,678.967848172557
2020-12-23,0.880288861060027,745.991226548365,656.687767179033
2020-12-24,0.875922935585359,743.512850380431,651.259958550665
2020-12-25,1.0117148610512,768.296612059778,777.297100116165
2020-12-26,1.08220639483387,795.558749907061,860.958766615461
2020-12-27,1.14188089754635,822.820887754343,939.563453828812
2020-12-28,1.14624474295647,837.691144761952,960.199070904576
2020-12-29,1.15803099591919,845.126273265756,978.682419907421
2020-12-30,1.13205696994517,832.734392426083,942.702773059002
2020-12-31,1.08999507476456,802.993878410865,875.259372533936
2021-01-01,0.992027824623398,802.993878410865,796.592270385836
2021-01-02,0.973510857719334,802.993878410865,781.723259315136
2021-01-03,0.979907446205475,805.4722545788,789.288259973678
2021-01-04,0.979958981971297,758.383107388039,743.184337860211
2021-01-05,0.965990363525066,812.907383082604,785.260698496175
2021-01-06,0.935526999728369,827.777640090213,774.408332075827
2021-01-07,0.866194337085847,817.864135418474,708.429282605094
2021-01-08,0.768420682169335,820.342511586409,630.368152365734
2021-01-09,0.686265907022346,790.601997571191,542.563196956873
2021-01-10,0.654659234502592,748.4696027163,489.992537162713
2021-01-11,0.694098819860545,708.815584029344,491.988060373531
2021-01-12,0.801807032046369,666.683189174453,534.551269227176
2021-01-13,0.877041414298295,656.769684502714,576.014212964505
2021-01-14,0.912405559956559,649.33455599891,592.456459165328
2021-01-15,0.919888553153837,644.37780366304,592.755765496041
2021-01-16,0.900834737743483,614.637289647823,553.686621627262
2021-01-17,0.863187678919954,577.461647128801,498.457778850403
2021-01-18,0.781758429479314,537.807628441845,420.435646972691
2021-01-19,0.696260593981478,475.848224243476,331.314367256794
2021-01-20,0.626035030071704,458.499591067932,287.036805282077
2021-01-21,0.638289932032488,433.715829388585,276.836447261854
2021-01-22,0.645092653120924,386.626682197824,249.410032186334
2021-01-23,0.703779249543369,386.626682197824,272.099836250627
2021-01-24,0.73416885993298,351.929415846737,258.375618009078
2021-01-25,0.83965058750773,351.929415846737,295.497740776965
2021-01-26,0.844036552420011,337.059158839129,284.490250388167
2021-01-27,0.887528615912075,314.753773327716,279.35298079465
2021-01-28,0.879696535711573,289.970011648368,255.085614707314
2021-01-29,0.922313582530301,255.272745297281,235.44152023748
2021-01-30,0.906079816296535,235.445735953803,213.332629180824
2021-01-31,0.875055285272003,225.532231282064,197.353170982558
2021-02-01,0.788920831490491,230.488983617934,181.837560605258
2021-02-02,0.806643710115625,213.14035044239,171.928323056194
2021-02-03,0.79672307519499,203.226845770651,161.915517524571
2021-02-04,0.862888488728825,185.878212595108,160.392169953808
2021-02-05,0.885577564359077,185.878212595108,164.609574777394
2021-02-06,0.921291850073363,185.878212595108,171.248082370077
2021-02-07,0.889545818327331,180.921460259238,160.93792841928
2021-02-08,0.84812925170068,183.399836427173,155.546766031005
2021-02-09,0.734750566893424,168.529579419564,123.827204016835
2021-02-10,0.700659657802515,161.09445091576,112.87238285252
2021-02-11,0.659101216244073,153.659322411956,101.27704628896
2021-02-12,0.759101216244073,131.353936900543,99.7109332596493
2021-02-13,0.787672644815502,128.875560732608,101.511753774334
2021-02-14,0.854339311482169,128.875560732608,110.103457823175
2021-02-15,0.905359719645434,121.440432228804,109.94727567629
2021-02-16,0.908534322820037,111.526927557065,101.326041604257
2021-02-17,0.833498247783962,106.570175221195,88.8260543128959
2021-02-18,0.775056689342404,106.570175221195,82.5979271895793
2021-02-19,0.696485260770975,96.656670549456,67.3199463928921
2021-02-20,0.667913832199546,76.8296612059778,51.3155934426775
2021-02-21,0.696485260770975,74.3512850380431,51.7845741483785
2021-02-22,1.02301587301587,59.4810280304345,60.8500358184365
2021-02-23,1.12301587301587,61.9594041983692,69.581394397375
2021-02-24,1.25,59.4810280304345,74.3512850380431
2021-02-25,1.35,54.5242756945649,73.6077721876626
2021-02-26,1.6,57.0026518624997,91.2042429799995
2021-02-27,1.74285714285714,54.5242756945649,95.0280233533846
2021-02-28,1.79047619047619,49.5675233586954,88.7494703946165
2021-03-01,1.41904761904762,47.0891471907606,66.8217422040317
2021-03-02,1.34761904761905,54.5242756945649,73.477952483628
2021-03-03,1.26825396825397,49.5675233586954,62.8642081961867
2021-03-04,1.16825396825397,47.0891471907606,55.0120830673013
2021-03-05,0.882539682539683,47.0891471907606,41.5580410127983
2021-03-06,0.811111111111111,49.5675233586954,40.2047689464974
2021-03-07,0.763492063492063,54.5242756945649,41.6288517604535
2021-03-08,0.742063492063492,47.0891471907606,34.9431370026676
2021-03-09,0.718253968253968,47.0891471907606,33.821966831459
2021-03-10,0.726190476190476,49.5675233586954,35.9954633914336
2021-03-11,0.892857142857143,47.0891471907606,42.043881420322
2021-03-12,0.94047619047619,42.1323948548911,39.6245142087666
2021-03-13,1.1547619047619,44.6107710228258,51.5148189192155
2021-03-14,1.29761904761905,39.6540186869563,51.4558099628362
2021-03-15,1.47619047619048,39.6540186869563,58.5368847283641
2021-03-16,1.51428571428571,32.218890183152,48.7886051344873
2021-03-17,1.55,32.218890183152,49.9392797838856
2021-03-18,1.50238095238095,34.6972663510868,52.1285120655613
2021-03-19,1.74047619047619,34.6972663510868,60.3897659586772
2021-03-20,1.6452380952381,32.218890183152,53.0077455156144
2021-03-21,1.59761904761905,32.218890183152,51.47351264975
2021-03-22,1.62142857142857,37.1756425190215,60.2776489415564
2021-03-23,1.67857142857143,37.1756425190215,62.4019713712147
2021-03-24,1.66666666666667,42.1323948548911,70.2206580914851
2021-03-25,1.59863945578231,42.1323948548911,67.3545087816286
2021-03-26,1.37006802721088,47.0891471907606,64.5153349946883
2021-03-27,1.35102040816327,49.5675233586954,66.9667356397068
2021-03-28,1.47006802721088,47.0891471907606,69.2242497137644
2021-03-29,1.66054421768707,49.5675233586954,82.3090642983506
2021-03-30,1.85102040816327,57.0026518624997,105.513071916913
2021-03-31,2.02108843537415,66.9161565342388,135.243470111036
2021-04-01,2.10643166357452,69.3945327021735,146.174840962816
2021-04-02,2.12071737786024,79.3080373739126,168.189933062845
2021-04-03,1.99690785405071,94.1782943815212,188.06537573156
2021-04-04,1.73160173160173,94.1782943815212,163.07929763034
2021-04-05,1.37995337995338,109.04855138913,150.48191706845
2021-04-06,1.16269147519148,116.483679892934,135.434581610447
2021-04-07,1.0973853527425,116.483679892934,127.827484148051
2021-04-08,1.05923600209314,118.962056060869,126.008892662695
2021-04-09,1.01955346241061,121.440432228804,123.815013155517
2021-04-10,0.931118088260945,138.789065404347,129.229009250819
2021-04-11,0.916204430490145,161.09445091576,147.595449656396
2021-04-12,0.907308564451422,153.659322411956,139.41641923217
2021-04-13,0.851387511819843,148.702570076086,126.603511138295
2021-04-14,0.76827062870296,146.224193908151,112.339753385399
2021-04-15,0.912913485845817,146.224193908151,133.490038575685
2021-04-16,1.00361643369162,143.745817740217,144.265664958522
2021-04-17,1.07300418879366,131.353936900543,140.943324508821
2021-04-18,1.2103668261563,136.310689236412,164.985936302254
2021-04-19,1.36456183749417,131.353936900543,179.240569499098
2021-04-20,1.46025561739847,126.397184564673,184.572198783916
2021-04-21,1.44227359941646,126.397184564673,182.299322338197
2021-04-22,1.2351307422736,138.789065404347,171.42264137233
2021-04-23,1.11268176268176,143.745817740217,159.943349861316
2021-04-24,1.09431441574299,123.918808396738,135.606138410244
2021-04-25,1.02288584431442,109.04855138913,111.544219558934
2021-04-26,0.991139812568384,118.962056060869,117.908029946919
2021-04-27,1.12100994243851,126.397184564673,141.692500593235
2021-04-28,1.31972789115646,133.832313068478,176.622236294453
2021-04-29,1.46020408163265,131.353936900543,191.803554800691
2021-04-30,1.51972789115646,131.353936900543,199.622241520961
2021-05-01,1.53333333333333,158.616074747825,243.211314613332
2021-05-02,1.53333333333333,171.007955587499,262.212198567499
2021-05-03,1.46285714285714,168.529579419564,246.53469903662
2021-05-04,1.34197802197802,168.529579419564,226.162991634255
2021-05-05,1.28805645335057,175.964707923369,226.652477602643
2021-05-06,1.43839658940499,183.399836427173,263.801699214279
2021-05-07,1.56934897035737,185.878212595108,291.707781548001
2021-05-08,1.74281835811248,220.575478946194,384.42299405688
2021-05-09,1.83329454858867,232.967359785868,427.097790694527
2021-05-10,1.97437829243103,260.229497633151,513.791471177125
2021-05-11,2.01833433638707,294.926763984238,595.260814468914
2021-05-12,2.00252801385806,319.710525663585,640.229283966617
2021-05-13,1.81599740161317,351.929415846737,639.102904728914
2021-05-14,1.71006931609324,396.540186869563,678.11120616352
2021-05-15,1.58826210264182,416.367196213041,661.300238528406
2021-05-16,1.54289869412052,456.021214899997,703.59453696046
2021-05-17,1.45452283940396,515.502242930432,749.80978610628
2021-05-18,1.41561580049692,567.548142457062,803.430118004893
2021-05-19,1.354391310701,622.072418151627,842.529477771322
2021-05-20,1.29992922957225,656.769684502714,853.754109982023
2021-05-21,1.23633350556836,716.250712533148,885.524754291946
2021-05-22,1.15733447059449,765.818235891844,886.30784260749
2021-05-23,1.09598792240583,810.42900691467,888.220403545831
2021-05-24,1.0190414147557,840.169520929887,856.167537243011
2021-05-25,0.95509624968694,874.866787280974,835.58198750772
2021-05-26,0.881452838834227,882.301915784778,777.707528377369
2021-05-27,0.840218717431329,912.042429799995,766.315120609505
2021-05-28,0.804614321826933,894.693796624452,719.883442413748
2021-05-29,0.873715429179407,904.607301296191,790.369356490826
2021-05-30,0.933239238703216,884.780291952713,825.711686081559
2021-05-31,1.05431459192143,869.910034945104,917.158843501501
2021-06-01,1.11355415853459,884.780291952713,985.250773493391
2021-06-02,1.17767375986349,904.607301296191,1065.33228171745
2021-06-03,1.18232662371135,897.172172792386,1060.7505459454
2021-06-04,1.18701186095473,894.693796624452,1062.01214851584
2021-06-05,1.10295069550494,869.910034945104,959.467878069429
2021-06-06,1.05386914642339,862.4749064413,908.935693462887
2021-06-07,0.942783803195191,859.996530273365,810.790799545791
2021-06-08,0.909033803195191,855.039777937495,777.260061221693
2021-06-09,0.871533803195191,850.083025601626,740.87609233426
2021-06-10,0.921032740334577,842.647897097822,776.106301801176
2021-06-11,0.957156459393115,845.126273265756,808.918071459149
2021-06-12,1.03830049595511,857.51815410543,890.361524698177
2021-06-13,1.04202160837187,869.910034945104,906.465053752329
2021-06-14,1.07912735976334,904.607301296191,976.186488670397
2021-06-15,1.06295852859451,892.215420456517,948.387990517788
2021-06-16,1.06576465104349,852.561401769561,908.629804850082
2021-06-17,1.03525330345897,859.996530273365,890.314248928751
2021-06-18,1.04481064752335,847.604649433691,885.586362618621
2021-06-19,1.04611989078075,845.126273265756,884.103404684717
2021-06-20,1.12062489180137,847.604649433691,949.846868561967
2021-06-21,1.18014870132518,859.996530273365,1014.92378834627
2021-06-22,1.23096038963687,857.51815410543,1055.57088109831
2021-06-23,1.236242502482,904.607301296191,1118.3139939179
2021-06-24,1.23236305278913,949.218072319017,1169.78128136567
2021-06-25,1.20198922101343,969.045081662495,1164.78174283439
2021-06-26,1.15903173951336,964.088329326625,1117.40897338397
2021-06-27,1.09274152510866,971.523457830429,1061.62402498846
2021-06-28,1.04449591107357,978.958586334234,1022.51824053647
2021-06-29,1.00420088001767,1031.00448586086,1035.33561200364
2021-06-30,0.992299903410808,1058.26662370815,1050.11786848848
2021-07-01,0.985011659009162,1050.83149520434,1035.08127443031
2021-07-02,0.998817007721534,1068.18012837989,1066.916479536
2021-07-03,1.05272149634625,1083.05038538749,1140.15042232351
2021-07-04,1.08890514543313,1095.44226622717,1192.83272021969
2021-07-05,1.12842060073806,1130.13953257825,1275.27273026978
2021-07-06,1.1740727746511,1145.00978958586,1344.32482066175
2021-07-07,1.24655434713267,1164.83679892934,1452.03237540548
2021-07-08,1.29092064749897,1125.18278024239,1452.52168322519
2021-07-09,1.33572042307931,1194.57731294456,1595.62131384725
2021-07-10,1.3252103413977,1246.62321247119,1652.03797299324
2021-07-11,1.31576211766376,1296.19073582988,1705.47866747167
2021-07-12,1.27482068361887,1340.80150685271,1709.28149356319
2021-07-13,1.25381784539749,1348.23663535651,1690.44315322867
2021-07-14,1.22058134505573,1444.89330590597,1763.60981478473
2021-07-15,1.16746108678293,1484.54732459293,1733.15123294995
2021-07-16,1.06664914910463,1529.15809561575,1631.075181535
2021-07-17,0.949711776588201,1638.20664700488,1555.82414514561
2021-07-18,0.859329711812605,1670.42553718803,1435.44629547621
2021-07-19,0.790603036189378,1635.72827083695,1293.21173730449
2021-07-20,0.739598152403037,1650.59852784456,1220.77962155301
2021-07-21,0.7286223433151,1603.5093806538,1168.35276245971
2021-07-22,0.77972510887653,1610.9445091576,1256.09388279696
2021-07-23,0.855689212684437,1588.63912364619,1359.3813609525
2021-07-24,0.93326059374767,1546.5067287913,1443.29378794653
2021-07-25,0.992149802481173,1539.07160028749,1526.98958422962
2021-07-26,1.02023608401573,1504.3743339364,1534.81697934905
2021-07-27,1.01849533227498,1469.67706758532,1496.85923328723
2021-07-28,0.96176313166926,1382.9339017076,1330.05484019789
2021-07-29,0.887700423879377,1377.97714937173,1223.23089959338
2021-07-30,0.803273009188805,1311.06099283749,1053.13990894663
2021-07-31,0.72643085281793,1187.14218444075,862.376709459437
2021-08-01,0.67147246169449,1152.44491808967,773.835026116974
2021-08-02,0.648206584980338,1135.09628491412,735.776886468053
2021-08-03,0.628448565222318,1078.09363305162,677.526396866609
2021-08-04,0.607479777288101,1053.30987137228,639.864446076589
2021-08-05,0.584880174833689,1023.56935735706,598.665424685404
2021-08-06,0.581638416591931,951.696448486951,553.543215374114
2021-08-07,0.596176673366212,902.128925128256,537.8282215304
2021-08-08,0.605530414862811,817.864135418474,495.241609221363
2021-08-09,0.616294425626822,736.077721876626,453.640596820655
2021-08-10,0.652658061990458,684.031822349996,446.43888351475
2021-08-11,0.703142788531523,619.594041983692,435.663082437931
2021-08-12,0.755301583083826,550.199509281519,415.566560372276
2021-08-13,0.818651336778408,515.502242930432,422.016600287266
2021-08-14,0.899396678393314,480.804976579345,432.434398890439
2021-08-15,0.943614365468144,433.715829388585,409.260487141999
2021-08-16,0.949867371721151,399.018563037498,379.014713740378
2021-08-17,0.945105466959246,384.148306029889,363.060664151982
2021-08-18,0.9309009215047,364.321296686411,339.147030809167
2021-08-19,0.895326691812824,334.580782671194,299.559105293145
2021-08-20,0.832929319070623,319.710525663585,266.296270440681
2021-08-21,0.732308201058201,317.23214949565,232.311704714986
2021-08-22,0.657774039567518,309.797020991846,203.77643794379
2021-08-23,0.576798654244306,292.448387816303,168.68383652836
2021-08-24,0.497350032690422,275.099754640759,136.820871963709
2021-08-25,0.412528604118993,255.272745297281,105.307309287111
2021-08-26,0.357766699357088,247.837616793477,88.6680461367291
2021-08-27,0.314476656067045,228.010607449999,71.7040133786913
2021-08-28,0.371619513209902,205.705221938586,76.4440744415522
2021-08-29,0.4104393889863,185.878212595108,76.2917400034015
2021-08-30,0.671308954203691,161.09445091576,108.144147372277
2021-08-31,0.784090909090909,136.310689236412,106.879972242187
2021-09-01,0.944805194805195,121.440432228804,114.737551229162
2021-09-02,1.01623376623377,109.04855138913,110.818820080512
2021-09-03,1.20238095238095,96.656670549456,116.218139589227
2021-09-04,1.20238095238095,71.8729088701083,86.4186166176302
2021-09-05,1.23809523809524,64.437780366304,79.7801090249478
2021-09-06,0.980952380952381,57.0026518624997,55.9168870651187
2021-09-07,0.838095238095238,44.6107710228258,37.3880747619874
2021-09-08,0.688095238095238,44.6107710228258,30.6964591085635
2021-09-09,0.616666666666667,37.1756425190215,22.9249795533966
2021-09-10,0.426190476190476,37.1756425190215,15.8439047878687
2021-09-11,0.283333333333333,34.6972663510868,9.83089213280792
2021-09-12,0.14047619047619,34.6972663510868,4.87413979693838
2021-09-13,0.111904761904762,32.218890183152,3.6054472347813
2021-09-14,0.111904761904762,27.2621378472825,3.05076304481494
2021-09-15,0.226190476190476,24.7837616793477,5.60585085604293
2021-09-16,0.333333333333333,24.7837616793477,8.2612538931159
2021-09-17,0.428571428571429,17.3486331755434,7.43512850380431
2021-09-18,0.428571428571429,17.3486331755434,7.43512850380431
2021-09-19,0.428571428571429,14.8702570076086,6.37296728897512
2021-09-20,0.428571428571429,12.3918808396738,5.31080607414593
2021-09-21,0.428571428571429,7.43512850380431,3.18648364448756
2021-09-22,0.306122448979592,4.95675233586954,1.5173731640417
2021-09-23,0.19047619047619,4.95675233586954,0.944143302070388
2021-09-24,0.0285714285714286,4.95675233586954,0.141621495310558
2021-09-25,0.0357142857142857,4.95675233586954,0.177026869138198
