"fecha","rho7dpromedio","incidenciaAcum14d","riesgopor10"
2020-02-09,0.5,0.448227484412889,0.224113742206445
2020-02-10,0.4,0.448227484412889,0.179290993765156
2020-02-11,0.333333333333333,0.448227484412889,0.149409161470963
2020-02-12,0.285714285714286,0.448227484412889,0.12806499554654
2020-02-13,0.142857142857143,0.448227484412889,0.0640324977732699
2020-02-14,0,0.448227484412889,0
2020-02-15,0,0.448227484412889,0
2020-02-16,0,0.448227484412889,0
2020-02-17,0,0.448227484412889,0
2020-02-18,0,0.448227484412889,0
2020-02-19,0,0.448227484412889,0
2020-02-20,0,0.448227484412889,0
2020-02-21,0,0.448227484412889,0
2020-02-22,0,0.448227484412889,0
2020-02-23,0,0,0
2020-02-24,0,0,0
2020-02-25,0,0,0
2020-02-26,0,0,0
2020-02-27,0.142857142857143,0,0
2020-02-28,0.285714285714286,0,0
2020-02-29,0.428571428571429,0,0
2020-03-01,0.571428571428571,0,0
2020-03-02,0.714285714285714,0.448227484412889,0.320162488866349
2020-03-03,0.857142857142857,0.448227484412889,0.384194986639619
2020-03-04,0.857142857142857,0.448227484412889,0.384194986639619
2020-03-05,0.714285714285714,0.896454968825778,0.640324977732699
2020-03-06,0.571428571428571,0.896454968825778,0.512259982186159
2020-03-07,0.428571428571429,0.896454968825778,0.384194986639619
2020-03-08,0.571428571428571,0.896454968825778,0.512259982186159
2020-03-09,0.714285714285714,0.896454968825778,0.640324977732699
2020-03-10,1,0.896454968825778,0.896454968825778
2020-03-11,1.28571428571429,0.896454968825778,1.15258495991886
2020-03-12,1.57142857142857,1.79290993765156,2.81742990202388
2020-03-13,1.64285714285714,1.79290993765156,2.94549489757041
2020-03-14,1.64285714285714,2.24113742206445,3.68186862196302
2020-03-15,1.35714285714286,2.68936490647734,3.64985237307638
2020-03-16,1.07142857142857,2.24113742206445,2.40121866649762
2020-03-17,0.928571428571429,2.24113742206445,2.08105617763127
2020-03-18,1.21428571428571,2.24113742206445,2.72138115536397
2020-03-19,1.5,1.79290993765156,2.68936490647734
2020-03-20,1.85714285714286,1.79290993765156,3.32968988421003
2020-03-21,2.14285714285714,3.58581987530311,7.68389973279239
2020-03-22,2.21428571428571,4.034047359716,8.93253343937115
2020-03-23,2.21428571428571,4.034047359716,8.93253343937115
2020-03-24,1.98571428571429,4.93050232854178,9.79056890953296
2020-03-25,1.7,4.93050232854178,8.38185395852103
2020-03-26,1.7,4.034047359716,6.8578805115172
2020-03-27,1.84285714285714,4.034047359716,7.43417299147663
2020-03-28,2.12857142857143,4.48227484412889,9.54084216821721
2020-03-29,2.62857142857143,5.82695729736756,15.3165734673662
2020-03-30,2.96190476190476,6.72341226619334,19.9141068074869
2020-03-31,3.0297619047619,8.96454968825778,27.1604511388286
2020-04-01,2.84794372294372,12.5503695635609,35.7427462191672
2020-04-02,2.35270562770563,13.8950520167996,32.6909670771868
2020-04-03,1.90627705627706,15.2397344700382,29.0511561639885
2020-04-04,1.46750154607297,13.8950520167996,20.3910103174178
2020-04-05,1.16137909709338,15.2397344700382,17.6991090587559
2020-04-06,0.988760049474335,16.5844169232769,16.3980088975623
2020-04-07,1.00661719233148,18.8255543453413,18.9501266591912
2020-04-08,1.0047619047619,20.17023679858,20.2662855452399
2020-04-09,1.01648351648352,21.5149192518187,21.8695607779476
2020-04-10,1.04532967032967,22.8596017050574,23.8958199142152
2020-04-11,1.11902581545439,22.8596017050574,25.5804844389643
2020-04-12,1.19300540729112,23.3078291894702,27.8063662552558
2020-04-13,1.26086255014826,22.8596017050574,28.8228157012122
2020-04-14,1.42157683586255,24.204284158296,34.4082496880685
2020-04-15,1.46239316239316,22.4113742206445,32.7742404201048
2020-04-16,1.50634920634921,24.204284158296,36.4601042320999
2020-04-17,1.45024741340531,25.1007391271218,36.4022819936698
2020-04-18,1.35996963562753,26.8936490647734,36.5745461193145
2020-04-19,1.1719444255435,26.8936490647734,31.5178621039842
2020-04-20,1.08623013982921,26.8936490647734,29.2126921841465
2020-04-21,0.973134901733973,26.4454215803605,25.7349627309176
2020-04-22,0.984123912722984,26.8936490647734,26.4666831450236
2020-04-23,1.05005797865705,29.1347864868378,30.5932150069736
2020-04-24,1.07929774473892,28.6865590024249,30.9613384356372
2020-04-25,1.10608345902464,30.4794689400765,33.7128364344737
2020-04-26,1.05303724053724,30.9276964244894,32.5680160990178
2020-04-27,1.07344540380255,33.1688338465538,35.6049322420735
2020-04-28,1.01788984824699,31.3759239089022,31.9372344262416
2020-04-29,1.00690083725798,31.3759239089022,31.5924440536163
2020-04-30,0.962159863945578,29.5830139712507,28.4635886976787
2020-05-01,1.02998093176665,31.3759239089022,32.3166033427305
2020-05-02,1.03890950319522,31.3759239089022,32.5967455204886
2020-05-03,1.04993891495992,30.4794689400765,32.0015805474986
2020-05-04,0.98488789455176,32.7206063621409,32.2261291084659
2020-05-05,0.916633926297792,32.272378877728,29.5819573616618
2020-05-06,0.811872021535887,32.272378877728,26.2010414792331
2020-05-07,0.675617519735167,30.4794689400765,20.5924632081395
2020-05-08,0.557735401853049,30.9276964244894,17.2494711937017
2020-05-09,0.548806830424477,28.238331518012,15.4973892168758
2020-05-10,0.766093745190384,25.9971940959476,19.9162877894058
2020-05-11,1.20359374519038,23.7560566738831,28.592641223074
2020-05-12,1.70835564995229,24.204284158296,41.3495255948757
2020-05-13,1.97638286083664,24.6525116427089,48.7228014872257
2020-05-14,2.12840730697874,25.9971940959476,55.3326178747593
2020-05-15,2.12291280148423,23.7560566738831,50.4320368257714
2020-05-16,2.01815089672233,24.204284158296,48.8478977785871
2020-05-17,1.70947742733457,25.5489666115347,43.6753817141431
2020-05-18,1.21185837971552,22.8596017050574,27.702599883233
2020-05-19,0.684385852242995,21.0666917674058,14.4177457991765
2020-05-20,0.503263403263403,19.7220093141671,9.92536552664028
2020-05-21,0.513003663003663,17.9290993765156,9.19769365450918
2020-05-22,0.727289377289377,17.9290993765156,13.0396435209054
2020-05-23,0.760622710622711,18.3773268609285,13.978212170959
2020-05-24,0.921336996336996,19.2737818297542,17.7576482590803
2020-05-25,1.0056907378336,19.2737818297542,19.3834638692093
2020-05-26,1.10459183673469,17.0326444076898,18.814119970739
2020-05-27,1.05102040816327,15.2397344700382,16.0172719429994
2020-05-28,0.943877551020408,14.3432795012125,13.5382995292056
2020-05-29,0.801020408163265,12.9985970479738,10.4121415129178
2020-05-30,0.848639455782313,10.3092321414965,8.74882115409308
2020-05-31,0.898639455782313,8.5163222038449,7.65310315053001
2020-06-01,1.27619047619048,7.61986723501912,9.72440199516725
2020-06-02,1.7047619047619,8.96454968825778,15.2824228018871
2020-06-03,1.8047619047619,8.96454968825778,16.1788777707129
2020-06-04,1.81904761904762,10.3092321414965,18.7529841811983
2020-06-05,1.69404761904762,10.3092321414965,17.4643301635112
2020-06-06,1.575,10.7574596259093,16.9429989108072
2020-06-07,1.4,9.86100465708356,13.805406519917
2020-06-08,0.971428571428571,9.41277717267067,9.14384068202294
2020-06-09,0.59047619047619,9.41277717267067,5.55802080671983
2020-06-10,0.704761904761905,8.96454968825778,6.3178731136293
2020-06-11,1.04761904761905,8.5163222038449,8.92186135640894
2020-06-12,1.26785714285714,8.06809471943201,10.2291915192799
2020-06-13,1.64880952380952,8.5163222038449,14.04179315753
2020-06-14,2.05952380952381,8.5163222038449,17.5395683483948
2020-06-15,2.55952380952381,8.96454968825778,22.944978368755
2020-06-16,2.94047619047619,8.5163222038449,25.0420426708296
2020-06-17,3.22619047619048,9.86100465708356,31.8134793103529
2020-06-18,3.36904761904762,11.2056871103222,37.7524934788237
2020-06-19,3.48260073260073,12.5503695635609,43.7079262364671
2020-06-20,3.39629120879121,17.4808718921027,59.3701315291537
2020-06-21,3.18343406593407,22.8596017050574,72.772034801564
2020-06-22,2.79950549450549,26.4454215803605,74.0341030187333
2020-06-23,2.38353910795087,31.3759239089022,74.7857416849593
2020-06-24,1.96389625080802,37.6511086906827,73.9428711963968
2020-06-25,1.5439828308946,44.8227484412889,69.2055540268576
2020-06-26,1.30921759612936,48.8567958010049,63.9641767531747
2020-06-27,1.12681963694569,52.442615676308,59.0933691568596
2020-06-28,1.01824820837426,59.1660279425014,60.2457019490734
2020-06-29,0.990412073920477,63.2000753022174,62.5941176519994
2020-06-30,0.994133562515915,66.3376676931076,65.948501912746
2020-07-01,0.969331975214328,70.3717150528236,68.2135535513734
2020-07-02,0.969331975214328,73.9575349281267,71.6894034138637
2020-07-03,0.999167005049358,76.1986723501912,76.1351992408778
2020-07-04,1.04857624242852,76.6468998346041,80.3701182223643
2020-07-05,1.04125023510251,73.9575349281267,77.0083006315142
2020-07-06,1.00212208384201,76.6468998346041,76.8095509822831
2020-07-07,0.94089759404609,79.3362647410814,74.6473006154872
2020-07-08,0.926695421949181,78.4398097722556,72.6898126145139
2020-07-09,0.868203526247983,73.5093074437138,63.8210399346795
2020-07-10,0.852759510803968,72.6128524748881,61.9213005545662
2020-07-11,0.833962518322765,72.6128524748881,60.5563973125571
2020-07-12,0.882955192315439,71.7163975060623,63.3223655521357
2020-07-13,0.886229001839248,69.4752600839978,61.5709903967636
2020-07-14,0.946433083471901,71.7163975060623,67.8747712271591
2020-07-15,0.96390322942502,69.0270325995849,66.535379640366
2020-07-16,1.04019214292324,66.7858951775205,69.4701634217516
2020-07-17,1.08864151395325,66.3376676931076,72.2179389895524
2020-07-18,1.19853162384336,65.4412127242818,78.4333629527123
2020-07-19,1.27668062537946,66.3376676931076,84.6920150766514
2020-07-20,1.44780197714597,64.9929852398689,94.0969725309013
2020-07-21,1.58874585469699,65.8894402086947,104.681574999869
2020-07-22,1.68926298462589,67.6823501463463,114.333288814711
2020-07-23,1.7249197594131,73.9575349281267,127.57081335501
2020-07-24,1.73065991625682,82.4738571319716,142.734198677395
2020-07-25,1.66541266350957,86.9561319761005,144.817843362807
2020-07-26,1.58610872238569,88.7490419137521,140.765629482776
2020-07-27,1.48618918467814,99.5065015396614,147.885486393403
2020-07-28,1.38188723662619,104.885231352616,144.939562516765
2020-07-29,1.30941916415812,114.298008525287,149.664002788118
2020-07-30,1.26091280509275,124.15901318237,156.55368958933
2020-07-31,1.2382398436193,131.778880417389,163.173860280355
2020-08-01,1.22183618913425,140.743430105647,171.965416285967
2020-08-02,1.20513398586488,147.018614887428,177.17712935562
2020-08-03,1.21743972116713,158.672529482163,193.174240049648
2020-08-04,1.21828670027498,167.188851686008,203.68395444331
2020-08-05,1.24365901136158,172.567581498962,214.615227800058
2020-08-06,1.28414510871314,180.187448733981,231.386830943242
2020-08-07,1.30774896886185,191.841363328717,250.880345078181
2020-08-08,1.30111840966143,199.013003079323,258.939482068513
2020-08-09,1.26143586997889,208.425780251994,262.915755438202
2020-08-10,1.21965167662675,225.906652144096,275.527427048683
2020-08-11,1.18295322504771,227.251334597335,268.827699158314
2020-08-12,1.1525644271928,232.181836925877,267.604525881046
2020-08-13,1.09221637045895,237.560566738831,259.467539967657
2020-08-14,1.09842385345214,254.144983662108,279.158912289665
2020-08-15,1.09149231371296,262.661305865953,286.692796462497
2020-08-16,1.10917364784999,266.695353225669,295.811457801957
2020-08-17,1.06706156492158,271.625855554211,289.84151050084
2020-08-18,1.0542365230674,286.417362539836,301.951644430133
2020-08-19,1.02867181369161,292.692547321617,301.084573507343
2020-08-20,1.01452016763172,296.27836719692,300.580378754272
2020-08-21,0.957632412529681,290.003182415139,277.716447217495
2020-08-22,0.978950809373911,296.27836719692,290.041947367405
2020-08-23,1.03897617980926,300.312414556636,312.017445225347
2020-08-24,1.13671940408309,288.210272477488,327.614209181236
2020-08-25,1.23075635507325,303.001779463113,372.921365672729
2020-08-26,1.32860030269063,310.173419213719,412.096498653937
2020-08-27,1.4145969655067,324.068471230519,458.426276019089
2020-08-28,1.47531125122099,331.240110981125,488.682262586143
2020-08-29,1.50766845059021,343.342253060273,517.646282693533
2020-08-30,1.51480027913223,365.753627280918,554.043696698758
2020-08-31,1.49958863892059,376.511086906827,564.611748353119
2020-09-01,1.4484624163176,393.99195879893,570.682544651603
2020-09-02,1.38740067104533,432.091294974025,599.483752599809
2020-09-03,1.31117879192915,458.984944038799,601.81132443846
2020-09-04,1.24847115073314,492.153777885352,614.439793414186
2020-09-05,1.16112588267597,509.634649777455,591.749982565107
2020-09-06,1.08890303644436,534.735388904577,582.274988672452
2020-09-07,1.01171005398822,558.49144557846,565.031410558145
2020-09-08,0.982011304461889,585.833322127646,575.294944859812
2020-09-09,0.975894233127426,597.935464206794,583.521771301781
2020-09-10,1.02462285078808,606.900013895052,621.843622380475
2020-09-11,1.06756858722219,614.968108614484,656.520634900268
2020-09-12,1.13504916368973,636.931255350716,722.94828871368
2020-09-13,1.15442830190522,659.34262957136,761.163792229785
2020-09-14,1.1573215644734,681.305776307592,788.489866921067
2020-09-15,1.10925910062146,684.891596182895,759.722236005036
2020-09-16,1.04598374946377,685.339823667308,716.854318416371
2020-09-17,0.945607468161061,686.236278636133,648.910150001382
2020-09-18,0.843387481574877,677.271728947876,571.202497819212
2020-09-19,0.733674983436936,680.409321338766,499.199297563556
2020-09-20,0.670255876914381,660.687312024599,442.829553687253
2020-09-21,0.645601480742957,641.861757679257,414.386901190006
2020-09-22,0.659927149988535,619.0021559742,408.496328628812
2020-09-23,0.703041346202462,610.485833770355,429.196782411443
2020-09-24,0.747085307343066,596.142554269143,445.369343376443
2020-09-25,0.794572249196205,579.109909861453,460.144663610426
2020-09-26,0.858885542080926,549.078668405789,471.59572975878
2020-09-27,0.918741709079951,516.358062043648,474.399688419193
2020-09-28,0.972158448177372,482.292773228269,468.864993988755
2020-09-29,1.01641521062077,458.536716554386,466.063693333983
2020-09-30,1.07261223604857,436.573569818154,468.274152922356
2020-10-01,1.12183949196275,411.921058175445,462.109310632301
2020-10-02,1.17595204607531,401.163598549536,471.74915452526
2020-10-03,1.18849934817485,391.302593892452,465.062877780307
2020-10-04,1.18253388506653,404.301190940426,478.099858059806
2020-10-05,1.15317478169722,411.472830691032,474.50009170647
2020-10-06,1.12865576942636,417.748015472813,471.4937078298
2020-10-07,1.09348539125472,419.989152894877,459.252003175991
2020-10-08,1.09388535193655,414.16219559751,453.045959089995
2020-10-09,1.09150864367749,429.401930067548,468.695918280524
2020-10-10,1.08873645182699,443.296982084347,482.633583380125
2020-10-11,1.06504902813957,455.847351647908,485.499778852599
2020-10-12,1.04166119474534,477.81049838414,497.716654608689
2020-10-13,0.99138260504859,478.706953352966,474.581746469937
2020-10-14,0.930058286849602,474.224678508837,441.056592075732
2020-10-15,0.848357593314243,481.396318259443,408.396221988918
2020-10-16,0.778016835651955,480.499863290617,373.836983168563
2020-10-17,0.717766162732226,467.949493727056,335.878312464957
2020-10-18,0.709603668381886,454.50266919467,322.516761349897
2020-10-19,0.727986021323063,444.193437053173,323.366612938156
2020-10-20,0.770027502345002,425.367882707832,327.544968299293
2020-10-21,0.785236422024586,415.955105535161,326.623098793289
2020-10-22,0.811563665076679,419.540925410464,340.484171075778
2020-10-23,0.818493823599982,398.026006158646,325.78182767302
2020-10-24,0.846832964134245,375.166404453588,317.703278327019
2020-10-25,0.843118446607573,350.513892810879,295.524728821082
2020-10-26,0.840554709248222,327.206063621409,275.034597671549
2020-10-27,0.797435165422214,315.552149026674,251.632380158421
2020-10-28,0.766287556101275,305.69114436959,234.247319940776
2020-10-29,0.712248894033416,285.969135055423,203.681200170918
2020-10-30,0.680937393806338,269.384718132146,183.434127896159
2020-10-31,0.646763724338551,258.179031021824,166.980831649793
2020-11-01,0.650972848547676,239.353476676483,155.81261452188
2020-11-02,0.666014304267097,229.044244534986,152.546743170352
2020-11-03,0.739099559778758,219.631467362316,162.32952084105
2020-11-04,0.804504272388439,206.632870314342,166.237026983774
2020-11-05,0.889222678981846,190.048453391065,168.995394860759
2020-11-06,0.955436600883374,181.083903702807,173.014189428502
2020-11-07,1.01312217511307,173.464036467788,175.740261930138
2020-11-08,1.02546171962652,166.292396717182,170.526487098417
2020-11-09,1.04077973494454,160.017211935401,166.542671424691
2020-11-10,1.01017007139787,150.156207278318,151.683306627171
2020-11-11,1.01470521879016,137.605837714757,139.629361665155
2020-11-12,0.988528270738208,137.157610230344,135.584175259587
2020-11-13,0.993026844361205,135.812927777105,134.865883093955
2020-11-14,0.953868681095899,132.675335386215,126.554847178805
2020-11-15,0.957362469915775,137.605837714757,131.738664669429
2020-11-16,0.920787104982201,134.91647280828,124.229348411546
2020-11-17,0.957258881438266,134.020017839454,128.291852367332
2020-11-18,0.95251759098269,132.675335386215,126.375590844898
2020-11-19,1.01782021288909,134.020017839454,136.408283088752
2020-11-20,1.00625558703875,129.985970479738,130.79910903189
2020-11-21,1.06432608796639,132.675335386215,141.209820681239
2020-11-22,1.06911387264548,135.364700292693,144.720278949415
2020-11-23,1.09049854591777,131.330652932977,143.215886057843
2020-11-24,1.03389274570295,130.434197964151,134.854971066718
2020-11-25,1.00493319950202,134.468245323867,135.131604004737
2020-11-26,0.923396811361862,133.123562870628,122.925873471868
2020-11-27,0.879118204396688,128.641288026499,113.090898141133
2020-11-28,0.827603052881537,131.330652932977,108.689649304257
2020-11-29,0.811693714317736,124.607240666783,101.142914007705
2020-11-30,0.836728728323338,124.607240666783,104.262458022998
2020-12-01,0.895997435806331,121.469648275893,108.836493383497
2020-12-02,0.972576029626305,124.607240666783,121.190015390389
2020-12-03,0.992117808602046,119.676738338241,118.733423380777
2020-12-04,0.994511090008425,121.469648275893,120.802912309798
2020-12-05,0.960311955809291,120.124965822654,115.357440870677
2020-12-06,0.922250700977296,116.090918462938,107.064930929543
2020-12-07,0.846655462882057,111.160416134397,94.1145735764296
2020-12-08,0.771364176154601,108.919278712332,84.0164296912914
2020-12-09,0.697771102561527,101.299411477313,70.6838020353585
2020-12-10,0.695510429576569,96.8171366331841,67.3373282901192
2020-12-11,0.705422966019718,95.9206816643583,67.6646517623048
2020-12-12,0.733011593608345,90.5419518514036,66.3683004150074
2020-12-13,0.773806956437607,87.8525869449263,67.9809429190236
2020-12-14,0.833670902015838,86.5079044916876,72.1191227690852
2020-12-15,0.897388114669221,82.4738571319716,74.0110591611587
2020-12-16,0.919033136314242,76.6468998346041,70.4410407437597
2020-12-17,0.927262234405092,77.5433548034298,71.9030244382951
2020-12-18,0.94921860315949,70.8199425372365,67.223606931031
2020-12-19,0.983967637908525,64.0965302710432,63.0689114889306
2020-12-20,1.00128365522454,62.3036203333916,62.3835967011404
2020-12-21,1.01266513089173,61.4071653645658,62.1848951515983
2020-12-22,1.01347913170573,60.9589378801529,61.7806114324811
2020-12-23,1.02996264818925,61.4071653645658,63.2470866566834
2020-12-24,1.02046229632437,59.6142554269143,60.8340999866162
2020-12-25,0.993765967069638,57.3731180048498,57.01545209789
2020-12-26,1.01839650894156,60.0624829113272,61.1674229152576
2020-12-27,1.0564917470368,60.0624829113272,63.4555175023558
2020-12-28,1.10404763942028,56.476663036024,62.3529265072567
2020-12-29,1.13349818887083,58.2695729736756,66.0484554319377
2020-12-30,1.26636532173796,62.7518478178045,79.4667639514454
2020-12-31,1.32808656195818,60.51071039574,80.3634613311257
2021-01-01,1.41467399829095,64.0965302710432,90.6756947551136
2021-01-02,1.41385298022855,64.0965302710432,90.6230703460241
2021-01-03,1.46399303625096,69.0270325995849,101.055095038861
2021-01-04,1.41582664325698,72.1646249904752,102.172598762164
2021-01-05,1.37738508481543,74.8539898969525,103.102769222987
2021-01-06,1.21089157832192,77.9915822878427,94.4393501723497
2021-01-07,1.17762112728436,82.9220846163845,97.6507987627159
2021-01-08,1.13770315052428,84.2667670696232,95.8705663796059
2021-01-09,1.14532219814333,86.0596770072747,98.5660584414766
2021-01-10,1.10768214212092,89.6454968825778,99.2987160183879
2021-01-11,1.15999094442972,96.3689091487712,111.787061937145
2021-01-12,1.19920173364051,101.747638961726,122.01594503673
2021-01-13,1.25143231008161,101.747638961726,127.330282871222
2021-01-14,1.25673747664472,108.471051227919,136.319635209176
2021-01-15,1.24934486925212,112.056871103222,139.997676977257
2021-01-16,1.21132289123014,118.332055885003,143.338328059828
2021-01-17,1.14664314609265,120.124965822654,137.74046873516
2021-01-18,1.06437682086858,122.366103244719,130.24364395369
2021-01-19,0.978063880078023,124.607240666783,121.87384129237
2021-01-20,0.909494017922634,125.951923120022,114.552520623511
2021-01-21,0.853967841296511,126.400150604435,107.941663751223
2021-01-22,0.820451357780027,130.882425448564,107.382663668817
2021-01-23,0.780169764373434,127.296605573261,99.3129627756286
2021-01-24,0.769044187382074,128.641288026499,98.9308348141224
2021-01-25,0.768551434949109,127.296605573261,97.8339888774801
2021-01-26,0.792926313801599,123.262558213545,97.7381259140209
2021-01-27,0.805575123325409,120.573193307067,97.130765068079
2021-01-28,0.833760741158439,116.987373431764,97.5394791786466
2021-01-29,0.87627774796116,113.849781040874,99.7640297363681
2021-01-30,0.92315274796116,107.126368774681,98.8940017134469
2021-01-31,0.962300114224738,103.540548899377,99.637082032763
2021-02-01,0.997783297044905,101.299411477313,101.074860772542
2021-02-02,1.02217557143718,98.1618190864228,100.338613517977
2021-02-03,1.05274916451077,95.4724541799454,100.50854637173
2021-02-04,1.08227196728939,92.7830892734681,100.416536559183
2021-02-05,1.1262628969946,90.5419518514036,101.974040991708
2021-02-06,1.17489511583959,91.8866343046423,107.957157855463
2021-02-07,1.24401431201494,91.8866343046423,114.308288157858
2021-02-08,1.2778196348706,92.7830892734681,118.560053257589
2021-02-09,1.3243921100145,97.7135916020099,129.411109758881
2021-02-10,1.32636145214778,100.8511839929,133.765122851646
2021-02-11,1.30332496482558,104.437003868203,136.115354393015
2021-02-12,1.22732122999831,107.126368774681,131.478466689794
2021-02-13,1.16110659357091,113.849781040874,132.191731443163
2021-02-14,1.08621338047172,115.642690978525,125.61263829463
2021-02-15,1.04665364942263,116.539145947351,121.976122406391
2021-02-16,1.01876249296004,119.228510853829,121.46553494936
2021-02-17,1.07082840129059,121.469648275893,130.073149268604
2021-02-18,1.15532535796799,129.537742995325,149.65823929644
2021-02-19,1.20370146516763,130.882425448564,157.543367277129
2021-02-20,1.18605883382637,135.364700292693,160.550498570407
2021-02-21,1.11611950674418,144.777477465363,161.588966736309
2021-02-22,1.04453060182195,148.363297340666,154.970004259535
2021-02-23,0.957625839917185,146.570387403015,140.359590343799
2021-02-24,0.84567757223802,141.19165759006,119.402618211024
2021-02-25,0.744606713272424,136.709382745931,101.79472415995
2021-02-26,0.741848853371707,139.398747652409,103.412801107391
2021-02-27,0.794566613665649,134.468245323867,106.843978332547
2021-02-28,0.85634267544171,132.675335386215,113.615551669758
2021-03-01,0.920298862204915,133.123562870628,122.513463442503
2021-03-02,0.973870290776343,130.882425448564,127.462505729106
2021-03-03,1.04287638158476,131.778880417389,137.429081978978
2021-03-04,1.07404521275359,124.607240666783,133.833810312593
2021-03-05,1.07701367286491,125.055468151196,134.68644906536
2021-03-06,1.04761619958988,119.228510853829,124.905719423449
2021-03-07,1.06314414990044,112.953326072048,120.085667825295
2021-03-08,1.05302795031056,111.608643618809,117.527021226857
2021-03-09,1.05549100449775,109.367506196745,115.436418975016
2021-03-10,1.03019338545013,112.953326072048,116.363769384016
2021-03-11,1.05097260622935,115.642690978525,121.537300329077
2021-03-12,1.07521503047178,111.608643618809,120.003291149512
2021-03-13,1.12680233205908,114.7462360097,129.296326330731
2021-03-14,1.14517268683327,117.88382840059,134.997340503695
2021-03-15,1.16850741661961,120.573193307067,140.890670624818
2021-03-16,1.18768938407744,123.710785697957,146.929986869343
2021-03-17,1.2152629134892,124.15901318237,150.885844095952
2021-03-18,1.2280993524126,128.641288026499,157.984282518866
2021-03-19,1.2137484065548,128.641288026499,156.138158359321
2021-03-20,1.22034353286824,137.605837714757,167.92639414012
2021-03-21,1.21840011500154,139.398747652409,169.843450170765
2021-03-22,1.21936260698077,142.536340043299,173.803483184695
2021-03-23,1.19129703958936,149.259752309492,177.812701056139
2021-03-24,1.17612430382839,156.879619544511,184.509933321651
2021-03-25,1.15143376156153,161.36189438864,185.797533028606
2021-03-26,1.16117641248845,165.844169232769,192.574337461834
2021-03-27,1.17141366015024,168.533534139246,197.422484084111
2021-03-28,1.21508902503304,176.153401374265,214.04206473211
2021-03-29,1.26406589759419,183.325041124872,231.734932661003
2021-03-30,1.31130276987119,192.289590813129,252.149873050654
2021-03-31,1.31753391246597,202.150595470213,266.340264957195
2021-04-01,1.29856686845285,208.874007736406,271.236866127462
2021-04-02,1.24896270917128,224.113742206445,279.909706628674
2021-04-03,1.17735725225395,228.596017050573,269.13917851086
2021-04-04,1.08691218533829,233.078291894702,253.335635598187
2021-04-05,1.00012378576794,240.249931645309,240.279671167594
2021-04-06,0.936450316380182,243.835751520612,228.340066656276
2021-04-07,0.893480822530923,247.869798880328,221.46691178417
2021-04-08,0.867609056501677,252.80030120887,219.331830815167
2021-04-09,0.863576725196618,255.93789359976,221.022008008601
2021-04-10,0.868982038431962,256.834348568585,223.184435758475
2021-04-11,0.886517941682151,254.593211146521,225.701449511863
2021-04-12,0.922831669725203,254.593211146521,234.946678143045
2021-04-13,0.962495535271421,252.80030120887,243.319161228807
2021-04-14,0.981093296956741,246.973343911502,242.303892238566
2021-04-15,0.989734262290619,244.283979005025,241.776223749955
2021-04-16,0.969652390042222,239.801704160896,232.52429557581
2021-04-17,0.943939389977939,237.560566738831,224.242776450266
2021-04-18,0.897358652419758,231.285381957051,207.545938677368
2021-04-19,0.841442346503452,226.354879628509,190.464581057119
2021-04-20,0.800575473438437,219.631467362316,175.831565965564
2021-04-21,0.793772752350001,212.459827611709,168.644822127153
2021-04-22,0.806530582754891,207.529325283168,167.378747659363
2021-04-23,0.830004919845695,201.7023679858,167.413957772741
2021-04-24,0.861740146271187,200.805913016974,173.042516855367
2021-04-25,0.90379147712998,196.323638172846,177.435630939768
2021-04-26,0.964602287940791,192.289590813129,185.482979245543
2021-04-27,1.00277178575941,184.221496093697,184.732118613147
2021-04-28,1.03501668371859,181.083903702807,187.424861485297
2021-04-29,1.07369426001227,179.290993765156,192.503710877543
2021-04-30,1.11023156237236,172.567581498962,191.589975622412
2021-05-01,1.1319569634081,169.878216592485,192.294830203213
2021-05-02,1.12252932661594,169.878216592485,190.693280078279
2021-05-03,1.09226929033181,171.671126530137,187.511099545534
2021-05-04,1.05972676316562,174.360491436614,184.77447921409
2021-05-05,1.03992939741081,175.705173889853,182.720975605236
2021-05-06,1.02546722156303,173.015808983375,177.422040924661
2021-05-07,1.04668584034262,175.25694640544,183.438964224259
2021-05-08,1.12148058582702,176.601628858678,198.055298190437
2021-05-09,1.22089996239996,180.635676218394,220.538090303128
2021-05-10,1.31240570278694,188.255543453413,247.067648809514
2021-05-11,1.37499472666628,192.737818297542,265.013483788285
2021-05-12,1.42202503965404,205.736415345516,292.562334189988
2021-05-13,1.41210808585954,212.011600127297,299.383294835775
2021-05-14,1.35722338761234,219.183239877903,297.480619334935
2021-05-15,1.23599051090001,230.388926988225,284.758527573881
2021-05-16,1.12300550208167,239.353476676483,268.795271250066
2021-05-17,1.01979819351721,239.801704160896,244.549344705631
2021-05-18,0.969475853986242,245.18043397385,237.696510607516
2021-05-19,0.9270048115152,247.869798880328,229.776496191369
2021-05-20,0.918208052718441,256.386121084173,235.415800984733
2021-05-21,0.929772984034479,266.247125741256,247.549384591051
2021-05-22,0.957023858497089,271.177628069798,259.523459953446
2021-05-23,0.976454876518332,272.522310523037,266.105739070262
2021-05-24,0.968573049246741,268.936490647734,260.484636800393
2021-05-25,0.971044963341081,277.452812851578,269.419156484341
2021-05-26,0.955044963341082,269.832945616559,257.702595654583
2021-05-27,0.952864604017865,267.591808194495,254.978762353672
2021-05-28,0.941197437151118,259.07548599065,243.84118344308
2021-05-29,0.976335901985871,255.93789359976,249.881354200085
2021-05-30,0.998141363807302,252.80030120887,252.330437419518
2021-05-31,1.03833228588799,251.903846240044,261.559896490401
2021-06-01,1.02692814475298,254.593211146521,261.448933989401
2021-06-02,1.02795118622763,258.627258506237,265.856197172288
2021-06-03,0.993989909409215,255.041438630934,253.508616480358
2021-06-04,0.966708163377469,252.80030120887,244.384114882897
2021-06-05,0.915272955147836,248.318026364741,227.278773807334
2021-06-06,0.923513387282073,247.869798880328,228.911077568898
2021-06-07,0.946679410448096,243.835751520612,230.834285495701
2021-06-08,1.01386146619723,236.215884285593,239.490182780865
2021-06-09,1.06673929935814,239.801704160896,255.805901881482
2021-06-10,1.10939294201178,244.283979005025,271.006922154729
2021-06-11,1.13117219634918,252.352073724457,285.453649488163
2021-06-12,1.11617231990664,247.869798880328,276.665408451048
2021-06-13,1.07732033219969,250.110936302392,269.449596984069
2021-06-14,1.03871029358965,247.421571395915,256.999333065064
2021-06-15,1.04019838882775,246.076888942676,255.968783405917
2021-06-16,1.06063084752551,240.698159129722,255.291892515588
2021-06-17,1.16412096936426,243.835751520612,283.854311425837
2021-06-18,1.26004416323779,246.525116427089,310.63253404547
2021-06-19,1.35582969776732,260.420168443889,353.085398273792
2021-06-20,1.3727892921533,269.832945616559,370.423778412597
2021-06-21,1.35926435555144,289.554954930726,393.581729210641
2021-06-22,1.29081197459906,301.208869525462,388.804015638912
2021-06-23,1.22718763597472,301.657097009874,370.189859754546
2021-06-24,1.13436820078432,302.105324494287,342.698673393947
2021-06-25,1.08025891807739,306.587599338416,331.193988357262
2021-06-26,1.0738509785575,320.034423870803,343.669279245746
2021-06-27,1.09266273158852,328.102518590235,358.505394203878
2021-06-28,1.13287526630655,345.583390482338,391.502875523797
2021-06-29,1.15134559413617,352.306802748531,405.626885128722
2021-06-30,1.18267826609384,375.166404453588,443.701152715831
2021-07-01,1.16871924438147,381.441589235369,445.798125946826
2021-07-02,1.17366864742004,393.543731314517,461.889938832545
2021-07-03,1.14449030941817,397.577778674233,455.023914932663
2021-07-04,1.17751747377229,407.438783331316,479.766286865146
2021-07-05,1.17537361385624,404.749418424839,475.731786640216
2021-07-06,1.21589220417452,424.471427739006,516.111499882687
2021-07-07,1.20591479453597,442.848754599935,534.03786491389
2021-07-08,1.21664745099782,460.77785397645,560.604201516692
2021-07-09,1.16718627387706,475.121133477663,554.55486542404
2021-07-10,1.13350086989091,493.050232854178,558.872867840126
2021-07-11,1.06026735113129,503.359464995675,533.695606617828
2021-07-12,1.02128317971817,511.875787199519,522.770131571866
2021-07-13,0.965990668958843,522.185019341016,504.425856153515
2021-07-14,0.956040919990764,521.736791856603,498.801722479617
2021-07-15,0.958991867811753,533.838933935751,511.947196365681
2021-07-16,1.00115332710647,536.976526326641,537.595835909993
2021-07-17,1.04607414895455,546.389303499312,571.563725655913
2021-07-18,1.11267258124715,552.21626079668,614.43589230729
2021-07-19,1.18201706563285,566.559540297892,669.683045329212
2021-07-20,1.24267157528954,568.352450235544,706.275434653871
2021-07-21,1.2634027048134,578.66168237704,731.082734687023
2021-07-22,1.26033472683356,595.246099300317,750.209329960408
2021-07-23,1.23372808127346,615.416336098897,759.256415519637
2021-07-24,1.18624357258024,622.13974836509,738.009277744775
2021-07-25,1.11688448184882,629.759615600109,703.368741958839
2021-07-26,1.0385744581176,644.102895101322,668.94881525183
2021-07-27,0.964673851631339,665.169586868728,641.671707352682
2021-07-28,0.906262046503941,671.892999134921,608.911124427684
2021-07-29,0.860078461394358,678.616411401114,583.663358994831
2021-07-30,0.83117417863651,686.236278636133,570.381875245964
2021-07-31,0.822753599798142,683.995141214069,562.759464678314
2021-08-01,0.819150903282059,681.754003792004,558.459408022381
2021-08-02,0.812427005710704,679.064638885527,551.69045125379
2021-08-03,0.799939509490917,669.203634228444,535.32242691424
2021-08-04,0.793230744419866,656.653264664883,520.87755795586
2021-08-05,0.785745129879613,629.759615600109,494.830550952643
2021-08-06,0.782098222277903,600.176601628859,469.397053186724
2021-08-07,0.773315328126345,574.627635017324,444.368358123888
2021-08-08,0.781695836506854,558.043218094047,436.220060175003
2021-08-09,0.794889035060877,528.908431607209,420.423512835816
2021-08-10,0.807229600137941,500.221872604784,403.793902203012
2021-08-11,0.818002622897645,481.396318259443,393.783450989494
2021-08-12,0.825345660848974,462.122536429689,381.410830222766
2021-08-13,0.817455657389964,444.193437053173,363.108438094609
2021-08-14,0.793840552038259,422.230290316942,335.183526752475
2021-08-15,0.76498052317823,406.542328362491,310.996963044834
2021-08-16,0.730829209891257,385.475636595085,281.716854925115
2021-08-17,0.711289135797104,361.271352436789,256.968388063014
2021-08-18,0.690064578320836,339.75643318497,234.453879797578
2021-08-19,0.689333667979171,326.757836136996,225.245177725253
2021-08-20,0.687428906074409,307.484054307242,211.373427087752
2021-08-21,0.714627486718459,293.14077480603,209.486455154335
2021-08-22,0.743364706945041,277.901040335991,206.581825409086
2021-08-23,0.789410675001138,262.21307838154,206.993803199298
2021-08-24,0.794872859875087,243.387524036199,193.46213728857
2021-08-25,0.800366244499439,234.871201832354,187.982981751631
2021-08-26,0.792993173319748,220.976149815554,175.232578270216
2021-08-27,0.810073740486373,203.495277923452,164.846180958765
2021-08-28,0.818227769007513,193.634273266368,158.436939418131
2021-08-29,0.851074126493541,177.049856343091,150.682551833003
2021-08-30,0.845334472141234,168.533534139246,142.467206119696
2021-08-31,0.834728850582265,167.188851686008,139.55735799803
2021-09-01,0.800410912880869,160.017211935401,128.079522681866
2021-09-02,0.768863686211691,152.397344700382,117.17278421521
2021-09-03,0.727056706741014,145.673932434189,105.913209573614
2021-09-04,0.700177662440366,134.91647280828,94.4655005556005
2021-09-05,0.657732840708618,128.641288026499,84.6115998060848
2021-09-06,0.659585940439076,123.710785697957,81.5978949270442
2021-09-07,0.661227976563871,117.88382840059,77.9480853229246
2021-09-08,0.682388019528425,107.574596259093,73.4076156928127
2021-09-09,0.69452260309158,100.402956508487,69.7321227123652
2021-09-10,0.698796963607175,94.5759992111196,66.0894210788449
2021-09-11,0.687232337756834,90.5419518514036,62.2233572359069
2021-09-12,0.689738603420995,86.9561319761005,59.9770010280873
2021-09-13,0.70487835497379,77.5433548034298,54.6586323729906
2021-09-14,0.773925974021409,67.2341226619334,52.0342338686117
2021-09-15,0.869999491147558,62.3036203333916,54.2041179867013
2021-09-16,0.968817965905882,55.5802080671983,53.8471041242887
2021-09-17,1.04301151429298,56.0284355516112,58.4383034081525
2021-09-18,1.06563056191203,55.5802080671983,59.2279683538358
2021-09-19,1.05838418510043,51.5461607074823,54.5556412954445
2021-09-20,1.00248356398242,50.6497057386565,50.7754975235492
2021-09-21,0.915578802077658,48.408568316592,44.3218589895998
2021-09-22,0.810961197460053,44.374520956876,35.9860146519044
2021-09-23,0.750810821520204,44.8227484412889,33.6534045799976
2021-09-24,0.776207646917029,41.6851560503987,32.3563368892491
2021-09-25,0.853588599297981,39.4440186283342,33.6689646116433
2021-09-26,0.928600543875143,39.8922461127471,37.0439614366981
2021-09-27,1.02590903248798,39.8922461127471,40.9258156133008
2021-09-28,1.09138522296417,41.6851560503987,45.4945633303606
2021-09-29,1.11284202702967,40.34047359716,44.8925744092004
2021-09-30,1.06396984657854,38.5475636595085,41.0134453927838
2021-10-01,0.965463777484238,38.0993361750956,36.7835290232497
2021-10-02,0.85534472986519,37.2028812062698,31.8212883755836
2021-10-03,0.766745828766289,35.4099712686182,27.1504477669472
2021-10-04,0.64769820971867,31.8241513933151,20.6124458832661
2021-10-05,0.633412495432956,31.8241513933151,20.1578151490759
2021-10-06,0.619747899159664,30.9276964244894,19.1673748849251
2021-10-07,0.627684407096172,28.6865590024249,18.0061057790664
2021-10-08,0.647546897546898,28.6865590024249,18.5758922833163
2021-10-09,0.72790404040404,29.1347864868378,21.2073288000783
2021-10-10,0.788419913419913,25.9971940959476,20.4967055182877
2021-10-11,0.907467532467532,23.7560566738831,21.5578501310076
2021-10-12,1.26461038961039,22.4113742206445,28.3416566848734
2021-10-13,1.48246753246753,21.0666917674058,31.2306865616802
2021-10-14,1.76818181818182,20.6184642829929,36.4571936640193
2021-10-15,1.95,18.8255543453413,36.7098309734156
2021-10-16,2.18214285714286,21.5149192518187,46.9486273673615
2021-10-17,2.17467320261438,21.0666917674058,45.8131700543143
2021-10-18,2.10184407096172,24.6525116427089,51.8157354305424
2021-10-19,1.68445276661389,25.9971940959476,43.7910455191172
2021-10-20,1.45596637205609,26.8936490647734,39.1562486601878
2021-10-21,1.27270150813952,27.7901040335991,35.3685073149157
2021-10-22,1.12724180976742,28.6865590024249,32.3366886858933
2021-10-23,0.721552262209275,27.7901040335991,20.0520124324745
