"fecha","rho7dpromedio","incidenciaAcum14d","riesgopor10"
2020-03-18,0,0,0
2020-03-19,0,0,0
2020-03-20,0,0,0
2020-03-21,0,0,0
2020-03-22,0,0,0
2020-03-23,0,0,0
2020-03-24,0.142857142857143,0,0
2020-03-25,0.285714285714286,0,0
2020-03-26,0.428571428571429,0,0
2020-03-27,0.428571428571429,0,0
2020-03-28,0.428571428571429,1.48453853119758,0.636230799084676
2020-03-29,0.428571428571429,1.48453853119758,0.636230799084676
2020-03-30,0.428571428571429,1.48453853119758,0.636230799084676
2020-03-31,0.285714285714286,1.48453853119758,0.424153866056451
2020-04-01,0.142857142857143,1.48453853119758,0.212076933028225
2020-04-02,0,1.48453853119758,0
2020-04-03,0,1.48453853119758,0
2020-04-04,0,1.48453853119758,0
2020-04-05,0,1.48453853119758,0
2020-04-06,0,1.48453853119758,0
2020-04-07,0,1.48453853119758,0
2020-04-08,0,1.48453853119758,0
2020-04-09,0,1.48453853119758,0
2020-04-10,0,1.48453853119758,0
2020-04-11,0,0,0
2020-04-12,0,0,0
2020-04-13,0,0,0
2020-04-14,0,0,0
2020-04-15,0.142857142857143,0,0
2020-04-16,0.285714285714286,0,0
2020-04-17,0.428571428571429,0,0
2020-04-18,0.428571428571429,0,0
2020-04-19,0.428571428571429,1.48453853119758,0.636230799084676
2020-04-20,0.428571428571429,1.48453853119758,0.636230799084676
2020-04-21,0.428571428571429,1.48453853119758,0.636230799084676
2020-04-22,0.285714285714286,1.48453853119758,0.424153866056451
2020-04-23,0.142857142857143,1.48453853119758,0.212076933028225
2020-04-24,0,1.48453853119758,0
2020-04-25,0,1.48453853119758,0
2020-04-26,0,1.48453853119758,0
2020-04-27,0,1.48453853119758,0
2020-04-28,0,1.48453853119758,0
2020-04-29,0,1.48453853119758,0
2020-04-30,0,1.48453853119758,0
2020-05-01,0,1.48453853119758,0
2020-05-02,0,1.48453853119758,0
2020-05-03,0,0,0
2020-05-04,0,0,0
2020-05-05,0.142857142857143,0,0
2020-05-06,0.285714285714286,0,0
2020-05-07,0.428571428571429,0,0
2020-05-08,0.428571428571429,0,0
2020-05-09,0.428571428571429,1.48453853119758,0.636230799084676
2020-05-10,0.428571428571429,1.48453853119758,0.636230799084676
2020-05-11,0.428571428571429,1.48453853119758,0.636230799084676
2020-05-12,0.285714285714286,1.48453853119758,0.424153866056451
2020-05-13,0.142857142857143,1.48453853119758,0.212076933028225
2020-05-14,0,1.48453853119758,0
2020-05-15,0,1.48453853119758,0
2020-05-16,0,1.48453853119758,0
2020-05-17,0,1.48453853119758,0
2020-05-18,0.142857142857143,1.48453853119758,0.212076933028225
2020-05-19,0.285714285714286,1.48453853119758,0.424153866056451
2020-05-20,0.428571428571429,1.48453853119758,0.636230799084676
2020-05-21,0.428571428571429,1.48453853119758,0.636230799084676
2020-05-22,0.428571428571429,2.96907706239515,1.27246159816935
2020-05-23,0.428571428571429,1.48453853119758,0.636230799084676
2020-05-24,0.428571428571429,1.48453853119758,0.636230799084676
2020-05-25,0.285714285714286,1.48453853119758,0.424153866056451
2020-05-26,0.142857142857143,1.48453853119758,0.212076933028225
2020-05-27,0,1.48453853119758,0
2020-05-28,0,1.48453853119758,0
2020-05-29,0,1.48453853119758,0
2020-05-30,0,1.48453853119758,0
2020-05-31,0,1.48453853119758,0
2020-06-01,0,1.48453853119758,0
2020-06-02,0,1.48453853119758,0
2020-06-03,0,1.48453853119758,0
2020-06-04,0,1.48453853119758,0
2020-06-05,0,0,0
2020-06-06,0,0,0
2020-06-07,0,0,0
2020-06-08,0,0,0
2020-06-09,0.142857142857143,0,0
2020-06-10,0.285714285714286,0,0
2020-06-11,0.428571428571429,0,0
2020-06-12,0.428571428571429,0,0
2020-06-13,0.428571428571429,1.48453853119758,0.636230799084676
2020-06-14,0.428571428571429,1.48453853119758,0.636230799084676
2020-06-15,0.428571428571429,1.48453853119758,0.636230799084676
2020-06-16,0.285714285714286,1.48453853119758,0.424153866056451
2020-06-17,0.142857142857143,1.48453853119758,0.212076933028225
2020-06-18,0,1.48453853119758,0
2020-06-19,0,1.48453853119758,0
2020-06-20,0,1.48453853119758,0
2020-06-21,0,1.48453853119758,0
2020-06-22,0,1.48453853119758,0
2020-06-23,0,1.48453853119758,0
2020-06-24,0,1.48453853119758,0
2020-06-25,0,1.48453853119758,0
2020-06-26,0,1.48453853119758,0
2020-06-27,0,0,0
2020-06-28,0,0,0
2020-06-29,0,0,0
2020-06-30,0,0,0
2020-07-01,0,0,0
2020-07-02,0,0,0
2020-07-03,0,0,0
2020-07-04,0,0,0
2020-07-05,0.142857142857143,0,0
2020-07-06,0.285714285714286,0,0
2020-07-07,0.428571428571429,0,0
2020-07-08,0.428571428571429,0,0
2020-07-09,0.428571428571429,1.48453853119758,0.636230799084676
2020-07-10,0.428571428571429,1.48453853119758,0.636230799084676
2020-07-11,0.428571428571429,1.48453853119758,0.636230799084676
2020-07-12,0.285714285714286,1.48453853119758,0.424153866056451
2020-07-13,0.142857142857143,1.48453853119758,0.212076933028225
2020-07-14,0,1.48453853119758,0
2020-07-15,0,1.48453853119758,0
2020-07-16,0,1.48453853119758,0
2020-07-17,0.142857142857143,1.48453853119758,0.212076933028225
2020-07-18,0.285714285714286,1.48453853119758,0.424153866056451
2020-07-19,0.428571428571429,1.48453853119758,0.636230799084676
2020-07-20,0.428571428571429,1.48453853119758,0.636230799084676
2020-07-21,0.714285714285714,2.96907706239515,2.12076933028225
2020-07-22,1,2.96907706239515,2.96907706239515
2020-07-23,1.57142857142857,1.48453853119758,2.33284626331048
2020-07-24,2,1.48453853119758,2.96907706239515
2020-07-25,2.42857142857143,4.45361559359273,10.8159235844395
2020-07-26,2.71428571428571,4.45361559359273,12.0883851826088
2020-07-27,3.28571428571429,7.42269265598789,24.3888472982459
2020-07-28,3.39285714285714,10.391769718383,35.2577901159425
2020-07-29,3.5,11.8763082495806,41.5670788735322
2020-07-30,3.04285714285714,16.3299238431734,49.6896254085132
2020-07-31,2.59047619047619,26.7216935615564,69.2219109404127
2020-08-01,2.04502164502165,28.206232092754,57.682355154186
2020-08-02,1.65541125541126,32.6598476863467,54.0654794599956
2020-08-03,1.0969696969697,32.6598476863467,35.8268632195682
2020-08-04,0.73982683982684,34.1443862175443,25.2609333531529
2020-08-05,0.346969696969697,34.1443862175443,11.8470673391176
2020-08-06,0.375541125541126,35.6289247487419,13.3801265019626
2020-08-07,0.351731601731602,35.6289247487419,12.5318187698497
2020-08-08,0.611471861471861,32.6598476863467,19.9705778601579
2020-08-09,0.715367965367965,32.6598476863467,23.3638087886095
2020-08-10,0.845238095238095,32.6598476863467,27.605347449174
2020-08-11,0.952380952380952,29.6907706239515,28.2769244037634
2020-08-12,1.02380952380952,28.206232092754,28.8778090473433
2020-08-13,0.952380952380952,25.2371550303588,24.0353857431989
2020-08-14,0.857142857142857,14.8453853119758,12.7246159816935
2020-08-15,0.571428571428571,14.8453853119758,8.48307732112901
2020-08-16,0.571428571428571,10.391769718383,5.93815412479031
2020-08-17,0.857142857142857,10.391769718383,8.90723118718546
2020-08-18,1.14285714285714,7.42269265598789,8.48307732112901
2020-08-19,1.64285714285714,7.42269265598789,12.194423649123
2020-08-20,2.14285714285714,8.90723118718546,19.0869239725403
2020-08-21,2.42857142857143,10.391769718383,25.2371550303588
2020-08-22,2.47619047619048,10.391769718383,25.7320012074247
2020-08-23,2.47619047619048,14.8453853119758,36.7600017248924
2020-08-24,2.19047619047619,13.3608467807782,29.2666167578951
2020-08-25,1.9047619047619,13.3608467807782,25.449231963387
2020-08-26,1.4047619047619,13.3608467807782,18.7688085729979
2020-08-27,1.11904761904762,16.3299238431734,18.2739623959321
2020-08-28,0.928571428571429,17.8144623743709,16.5420007762016
2020-08-29,0.988095238095238,16.3299238431734,16.1355199878975
2020-08-30,0.988095238095238,17.8144623743709,17.6023854413427
2020-08-31,1.13095238095238,19.2990009055685,21.8262510241549
2020-09-01,1.13095238095238,19.2990009055685,21.8262510241549
2020-09-02,1.13095238095238,22.2680779679637,25.1841357971018
2020-09-03,0.94047619047619,22.2680779679637,20.9425971365373
2020-09-04,1.02380952380952,20.7835394367661,21.2783856138319
2020-09-05,1.27380952380952,20.7835394367661,26.4742704730235
2020-09-06,1.70238095238095,17.8144623743709,30.3270014230362
2020-09-07,1.98809523809524,17.8144623743709,35.4168478157136
2020-09-08,2.27380952380952,22.2680779679637,50.6333677604888
2020-09-09,2.37380952380952,31.1753091551491,74.0042457801992
2020-09-10,2.32142857142857,26.7216935615564,62.0325029107559
2020-09-11,2.15873015873016,29.6907706239515,64.0943619818636
2020-09-12,1.84920634920635,34.1443862175443,63.1400157832366
2020-09-13,1.3968253968254,32.6598476863467,45.6201047047382
2020-09-14,0.968253968253968,31.1753091551491,30.1856168010174
2020-09-15,0.873015873015873,32.6598476863467,28.5125654404614
2020-09-16,1.27301587301587,32.6598476863467,41.5765045150001
2020-09-17,1.51587301587302,32.6598476863467,49.5081818102557
2020-09-18,1.7,35.6289247487419,60.5691720728612
2020-09-19,1.93809523809524,40.0825403423346,77.6837805682389
2020-09-20,2.16598639455782,40.0825403423346,86.8182370408118
2020-09-21,2.42789115646258,41.5670788735322,100.920343197031
2020-09-22,2.38027210884354,43.0516174047297,102.474564149081
2020-09-23,1.99251700680272,43.0516174047297,85.781079849288
2020-09-24,1.82585034013605,53.4433871231128,97.5796265567583
2020-09-25,1.76030412164866,54.9279256543104,96.6898539228937
2020-09-26,1.63425370148059,51.9588485919152,84.9139406360071
2020-09-27,1.56112444977991,57.8970027167055,90.3844265100229
2020-09-28,1.5531879418434,65.3196953726934,101.453763217752
2020-09-29,1.58175937041483,74.2269265598789,117.409136623182
2020-09-30,1.54987161531279,81.6496192158667,126.54642722377
2020-10-01,1.56616234212983,92.0413889342498,144.151757266148
2020-10-02,1.5807768835986,102.433158652633,161.923969312069
2020-10-03,1.62111301805238,103.91769718383,168.462331710732
2020-10-04,1.61353726047662,108.371312777423,174.861151133138
2020-10-05,1.62007320818904,120.247621027004,194.809949174318
2020-10-06,1.71054939866523,129.154852214189,220.925754789678
2020-10-07,1.8742398748557,142.515698994967,267.108605849301
2020-10-08,1.98379948817472,155.876545775746,309.227811728367
2020-10-09,2.06121200143028,175.175546681314,361.073939176636
2020-10-10,2.09633104904933,200.412701711673,420.131369222042
2020-10-11,2.0821981231517,221.196241148439,460.574398167491
2020-10-12,1.93220605085108,249.402473241193,481.896967893858
2020-10-13,1.74172986037489,273.155089740354,475.762376314158
2020-10-14,1.60867125231628,310.268553020294,499.120101741517
2020-10-15,1.56449662043822,348.866554831431,545.800546017696
2020-10-16,1.52373006991557,375.588248392987,572.295107983311
2020-10-17,1.46034354509287,411.217173141729,600.518344428862
2020-10-18,1.35427445078848,446.846097890471,605.152253807594
2020-10-19,1.23859881022082,513.650331794362,636.206689830027
2020-10-20,1.1169771885992,549.279256543104,613.532399729375
2020-10-21,1.0139246855467,562.640103323882,570.474689838628
2020-10-22,0.901696933462331,589.361796885438,531.425724951449
2020-10-23,0.823125504890902,596.784489541426,491.228534264846
2020-10-24,0.760321553523121,593.815412479031,451.49065692203
2020-10-25,0.713496156697724,607.176259259809,433.217927419975
2020-10-26,0.672505821731485,611.629874853402,411.324651583813
2020-10-27,0.661474382128617,599.753566603821,396.721619898697
2020-10-28,0.666995431127927,580.454565698253,387.16054329808
2020-10-29,0.688570113517929,552.248333605499,380.261697760826
2020-10-30,0.727141542089358,525.526640043942,382.132251450591
2020-10-31,0.767563620011436,506.227639138374,388.561919246893
2020-11-01,0.821928699376515,489.8977152952,402.66099196011
2020-11-02,0.857629583857888,430.516174047297,369.223407192274
2020-11-03,0.897577477909125,408.248096079334,366.434296440091
2020-11-04,0.961150733298237,390.433633704963,375.26557333982
2020-11-05,1.04673264960004,357.773786018616,374.493502996704
2020-11-06,1.10699843033094,345.897477769036,382.907964945752
2020-11-07,1.16441469827352,342.92840070664,399.310870238243
2020-11-08,1.15727184113066,339.959323644245,393.425352383311
2020-11-09,1.12998895374653,335.505708050652,379.117744016147
2020-11-10,1.07870319121457,332.536630988257,358.708325042775
2020-11-11,1.02240970607858,331.05209245706,338.470872545721
2020-11-12,0.938445843853848,322.144861269874,302.315506177588
2020-11-13,0.899713164168248,325.113938332269,292.509290172127
2020-11-14,0.839466393395161,317.691245676282,266.691124221084
2020-11-15,0.886586209063364,320.660322738677,284.293019933918
2020-11-16,0.913607772405682,319.175784207479,291.601477215632
2020-11-17,0.946303021047774,313.237630082689,296.417715653094
2020-11-18,0.928541884335025,311.753091551491,289.475803076491
2020-11-19,0.891853572646713,317.691245676282,283.334072454976
2020-11-20,0.802837478404138,311.753091551491,250.287065905894
2020-11-21,0.748981424548084,298.392244770713,223.490248562469
2020-11-22,0.675248705654075,276.124166802749,186.452486233366
2020-11-23,0.708820134225503,249.402473241193,176.781494558995
2020-11-24,0.809911733655973,240.495242054008,194.779918427974
2020-11-25,0.983954176720156,230.103472335624,226.411272682448
2020-11-26,1.20062084338682,227.134395273229,272.7022892151
2020-11-27,1.41359834207861,225.649856742032,318.978263380811
2020-11-28,1.55246134301057,228.618933804427,354.922057011666
2020-11-29,1.66121710337924,227.134395273229,377.319542193589
2020-11-30,1.65264567480781,234.557087929217,387.639756861736
2020-12-01,1.57684392553667,236.041626460415,372.200804857901
2020-12-02,1.44160426773754,237.526164991612,342.418733151239
2020-12-03,1.32318988070613,243.464319116403,322.149523367832
2020-12-04,1.22543347044972,246.433396178798,301.987731914095
2020-12-05,1.19195832490561,256.825165897181,306.124894536409
2020-12-06,1.16793235087963,268.701474146761,313.825144385051
2020-12-07,1.24888473183202,299.876783301911,374.511536096654
2020-12-08,1.32361236724708,319.175784207479,422.465015302806
2020-12-09,1.37304218271464,323.629399801072,444.356817493491
2020-12-10,1.37777585155713,354.804708956221,488.841360018637
2020-12-11,1.39067267695395,380.04186398658,528.513836344787
2020-12-12,1.40078399420813,399.340864892148,559.390291774152
2020-12-13,1.37966005641752,405.279019016939,559.147274241748
2020-12-14,1.33847601523348,420.124404328914,562.326438608506
2020-12-15,1.35727300771469,455.753329077656,618.581691733211
2020-12-16,1.42226515842112,486.928638232805,692.541636795962
2020-12-17,1.48797668893497,503.258562075979,748.837008875987
2020-12-18,1.55360550456378,541.856563887116,841.83134033904
2020-12-19,1.60174476026606,596.784489541426,955.896429131037
2020-12-20,1.60597457523034,656.166030789329,1053.78596257747
2020-12-21,1.54896485615166,715.547572037232,1108.35804199032
2020-12-22,1.46016527098184,794.228114190704,1159.70430957866
2020-12-23,1.35951988462216,837.279731595434,1138.2984440951
2020-12-24,1.2547763478632,852.125116907409,1069.22644211558
2020-12-25,1.12934210468702,901.114888436929,1017.66698467217
2020-12-26,1.00684240058002,957.527352622437,964.07913833541
2020-12-27,0.928538511541672,1003.54804708956,931.833009905094
2020-12-28,0.891721449293575,1052.53781861908,938.570549055307
2020-12-29,0.887930006331269,1058.47597274387,939.852577179963
2020-12-30,0.906498439994042,1049.56874155669,951.432426887647
2020-12-31,0.959810877997716,1082.22858924303,1038.73477243559
2021-01-01,1.00220719136177,1095.58943602381,1098.00761156305
2021-01-02,1.04950673666509,1113.40389839818,1168.52489199806
2021-01-03,1.06438289646878,1107.46574427339,1178.76759662967
2021-01-04,1.06447308405897,1103.0121286798,1174.12672237024
2021-01-05,1.01027955302783,1062.92958833747,1073.85602940563
2021-01-06,0.940510964506363,1074.80589658705,1010.86673045621
2021-01-07,0.835201106009188,1080.74405071184,902.638626467376
2021-01-08,0.758505911802474,1025.81612505753,778.087595278439
2021-01-09,0.683630655824855,973.857276465611,665.758688589993
2021-01-10,0.687066627808468,948.620121435252,651.765227905778
2021-01-11,0.669277903123192,907.05304256172,607.070558347219
2021-01-12,0.675890604069492,901.114888436929,609.055086281649
2021-01-13,0.654652086489511,880.331349000163,576.310754425083
2021-01-14,0.658007551614092,847.671501313817,557.774249152546
2021-01-15,0.637599388348786,789.774498597111,503.559737238987
2021-01-16,0.690712941462339,724.454803224418,500.390308091657
2021-01-17,0.713563571075886,669.526877570107,477.749989690214
2021-01-18,0.822055243606968,605.691720728611,497.912055034282
2021-01-19,0.875487525610678,561.155564792684,491.28469690301
2021-01-20,0.93734418746734,516.619408856757,484.250200024694
2021-01-21,0.960332693214467,485.444099701608,466.187839671517
2021-01-22,0.962926951256667,472.08325292083,454.581687474384
2021-01-23,0.891305590161621,454.268790546459,404.892312450017
2021-01-24,0.814971210255813,421.608942860112,343.599150417379
2021-01-25,0.708755996897742,394.887249298556,279.878706038805
2021-01-26,0.68238671400672,348.866554831431,238.061901978265
2021-01-27,0.730819762439769,344.412939237838,251.703782434979
2021-01-28,0.821600902481992,310.268553020294,254.916923173255
2021-01-29,0.949392131968137,311.753091551491,295.975932235728
2021-01-30,1.06802204007173,313.237630082689,334.544692708147
2021-01-31,1.13262172609999,314.722168613886,356.461165857391
2021-02-01,1.18781653129479,304.330398895503,361.488678783617
2021-02-02,1.19912087912088,295.423167708318,354.248088575073
2021-02-03,1.18394557823129,286.515936521132,339.219276136992
2021-02-04,1.14103610675039,267.216935615564,304.904171872553
2021-02-05,1.14150296015842,277.608705333947,316.891158904448
2021-02-06,1.10975692841239,271.670551209157,301.488276449975
2021-02-07,1.13424672433076,267.216935615564,303.089933907656
2021-02-08,1.12125971134375,274.639628271552,307.942350319314
2021-02-09,1.11814282822686,292.454090645923,327.005444041347
2021-02-10,1.07090884029207,296.907706239515,317.961087362737
2021-02-11,1.02142499080822,305.814937426701,312.367019650083
2021-02-12,0.953497819939868,311.753091551491,297.255893153861
2021-02-13,0.978894645336694,298.392244770713,292.094570616047
2021-02-14,1.06166108524599,295.423167708318,313.639280836021
2021-02-15,1.16863306063902,301.361321833108,352.180803892046
2021-02-16,1.25440775106487,313.237630082689,392.927711100916
2021-02-17,1.28110275417497,320.660322738677,410.798822615153
2021-02-18,1.31737362616013,342.92840070664,451.7648307522
2021-02-19,1.3077730117208,339.959323644245,444.589628544802
2021-02-20,1.2937140548047,348.866554831431,451.333565236718
2021-02-21,1.21630057575188,347.382016300233,422.520946431822
2021-02-22,1.2104615100024,360.742863081011,436.66535076763
2021-02-23,1.18021749579688,363.711940143406,429.259195187475
2021-02-24,1.21889707019074,387.464556642568,472.279412894379
2021-02-25,1.19985774714445,396.371787829753,475.589760377024
2021-02-26,1.20152185364726,417.155327266519,501.221242076099
2021-02-27,1.1490394571799,437.938866703285,503.209037674725
2021-02-28,1.09266608816016,449.815174952866,491.497787610828
2021-03-01,0.956257643241082,463.176021733644,442.915610948794
2021-03-02,0.876507942801726,470.598714389632,412.483511034793
2021-03-03,0.816815597395095,472.08325292083,385.604964254747
2021-03-04,0.804595937975161,452.784252015261,364.308369950601
2021-03-05,0.798030281409504,449.815174952866,358.966130649901
2021-03-06,0.810344229545149,452.784252015261,366.911105849483
2021-03-07,0.802265998252632,466.145098796039,373.972363016176
2021-03-08,0.799508138351915,449.815174952866,359.630893129007
2021-03-09,0.790587888052355,439.423405234483,347.402821905104
2021-03-10,0.790945388409855,418.639865797717,331.121271257225
2021-03-11,0.80281661577404,394.887249298556,317.022045094186
2021-03-12,0.870720140820422,380.04186398658,330.91010532805
2021-03-13,0.931296752417442,365.196478674604,340.106294583944
2021-03-14,1.04981916138103,345.897477769036,363.129800035301
2021-03-15,1.12522981344673,336.99024658185,379.191472294663
2021-03-16,1.22243835203458,331.05209245706,404.690774340808
2021-03-17,1.25122764552976,317.691245676282,397.504069332949
2021-03-18,1.29023863454075,334.021169519455,430.967017668484
2021-03-19,1.25997294335861,329.567553925862,415.246200955467
2021-03-20,1.30064754653322,331.05209245706,430.582091828962
2021-03-21,1.27344719270747,323.629399801072,412.12495065428
2021-03-22,1.31902779428609,334.021169519455,440.583206476105
2021-03-23,1.28795831731497,348.866554831431,449.32558092816
2021-03-24,1.28923155388232,372.619171330592,480.392393260883
2021-03-25,1.24213106401075,397.856326360951,494.189701986136
2021-03-26,1.21258513823841,403.794480485741,489.635185939708
2021-03-27,1.14755741482027,417.155327266519,478.709688936472
2021-03-28,1.19760440730148,432.000712578495,517.365957341384
2021-03-29,1.23477641896328,440.90794376568,544.422731895452
2021-03-30,1.33591392314529,461.691483202447,616.780080607746
2021-03-31,1.42489901213037,492.866792357596,702.285405542204
2021-04-01,1.52561524110156,525.526640043942,801.751451655931
2021-04-02,1.5720687875551,556.701949199091,875.173758306979
2021-04-03,1.57629719124535,590.846335416636,931.34941897485
2021-04-04,1.48523302167508,644.289722539748,956.92037144191
2021-04-05,1.37698274482015,679.91864728849,936.236245197711
2021-04-06,1.25393852713308,715.547572037232,897.252668574017
2021-04-07,1.16356815676271,737.815650005196,858.498795907225
2021-04-08,1.0910979844251,761.568266504357,830.945600585023
2021-04-09,1.07996625900766,797.197191253099,860.946068329026
2021-04-10,1.09128641206889,834.310654533038,910.471880736205
2021-04-11,1.13282815638999,880.331349000163,997.264139100164
2021-04-12,1.15873716340364,918.9293508113,1064.79758932744
2021-04-13,1.18865570976956,967.91912234082,1150.52259136556
2021-04-14,1.18601577660331,1005.03258562076,1191.98450254664
2021-04-15,1.17772362760998,1018.39343240154,1199.38600754211
2021-04-16,1.15143514611568,1052.53781861908,1211.92903697395
2021-04-17,1.13055998762033,1071.83681952465,1211.77582141281
2021-04-18,1.12502288905998,1065.89866539986,1199.16039599333
2021-04-19,1.14458687407427,1097.07397455501,1255.69647116416
2021-04-20,1.16156898452281,1138.64105342854,1322.61013216697
2021-04-21,1.17065580413594,1159.42459286531,1357.28712909573
2021-04-22,1.19016528662491,1232.16698089399,1466.48236798544
2021-04-23,1.20688744158859,1261.85775151794,1522.92027337822
2021-04-24,1.22656189764657,1284.1258294859,1575.0598142312
2021-04-25,1.20912393654663,1309.36298451626,1583.18212620675
2021-04-26,1.19682833507623,1383.58991107614,1655.91960970153
2021-04-27,1.16358762942173,1435.54875966806,1670.38677818147
2021-04-28,1.14192357918626,1477.11583854159,1686.75340522012
2021-04-29,1.11941668499152,1503.83753210315,1683.42082495273
2021-04-30,1.11419104822519,1540.95099538309,1716.91380480952
2021-05-01,1.11725186971018,1572.12630453823,1756.4610531659
2021-05-02,1.14433679304328,1610.72430634937,1843.2110872047
2021-05-03,1.17357890067726,1696.82754115883,1991.36100039208
2021-05-04,1.21013016303497,1735.42554296997,2100.09079524931
2021-05-05,1.25635435258469,1797.77616128027,2258.64390519746
2021-05-06,1.29929972424854,1846.76593280979,2399.50246725135
2021-05-07,1.325143492883,1916.53924377607,2539.68950774478
2021-05-08,1.32436592960544,1998.18886299194,2646.33325106356
2021-05-09,1.30322471449871,2088.74571339499,2722.10503599959
2021-05-10,1.27414502758312,2197.11702617241,2799.44573391579
2021-05-11,1.24759558373786,2250.56041329553,2807.78923256275
2021-05-12,1.2206904605888,2345.57087929217,2863.21599698683
2021-05-13,1.18162107441261,2461.36488472558,2908.40061961092
2021-05-14,1.1294252885471,2547.46811953504,2877.17491597041
2021-05-15,1.06164224576406,2667.71574056205,2832.15972987042
2021-05-16,0.990519041855354,2765.69528362109,2739.47384239623
2021-05-17,0.907079866207989,2813.20051661941,2551.79754823138
2021-05-18,0.841218574805492,2860.70574961773,2406.4788136313
2021-05-19,0.791599430814121,2866.64390374252,2269.23368254935
2021-05-20,0.753085447062208,2833.98405605617,2134.23214982223
2021-05-21,0.736135393516392,2783.50974599546,2049.04004222508
2021-05-22,0.743572884850681,2758.2725909651,2050.97670766848
2021-05-23,0.769220644663251,2715.22097356037,2088.60402768529
2021-05-24,0.781000905449257,2586.06612134618,2019.71998232301
2021-05-25,0.792761182515964,2543.01450394145,2016.00318529987
2021-05-26,0.797492230223174,2431.67411410163,1939.24121243087
2021-05-27,0.812338863665633,2320.33372426181,1884.89726089189
2021-05-28,0.8046026745996,2189.69433351643,1761.83391730291
2021-05-29,0.8105925974353,2059.05494277104,1669.05469432277
2021-05-30,0.812006738849441,1968.49809236799,1598.43371641508
2021-05-31,0.835086424904573,1842.31231721619,1538.49000654173
2021-06-01,0.838952540316255,1728.00285031398,1449.71238094464
2021-06-02,0.838957062829325,1673.07492465967,1403.63802468587
2021-06-03,0.823550900364339,1616.66246047416,1331.40382490872
2021-06-04,0.820298945178302,1575.09538160063,1292.04908008221
2021-06-05,0.802030585437031,1500.86845504075,1203.74240566031
2021-06-06,0.79918542221451,1414.76522023129,1130.65973986495
2021-06-07,0.798549242473852,1361.32183310818,1087.08251859165
2021-06-08,0.820433852482239,1281.15675242351,1051.10437002445
2021-06-09,0.84216790459365,1244.04328914357,1047.69333004183
2021-06-10,0.866405625159583,1198.02259467644,1037.97351509595
2021-06-11,0.870376044496149,1168.33182405249,1016.88803167778
2021-06-12,0.883828616536201,1137.15651489734,1005.05146934685
2021-06-13,0.877603484974142,1083.71312777423,951.070417646893
2021-06-14,0.885369912095408,1042.1460489007,922.684755705789
2021-06-15,0.888495396052665,1003.54804708956,891.647819556719
2021-06-16,0.930821703624874,963.465506747228,896.814604374257
2021-06-17,0.977397674389131,929.321120529683,908.316301966414
2021-06-18,1.0711911763459,911.506658155312,976.397889396508
2021-06-19,1.15587332506746,910.022119624115,1051.87029329486
2021-06-20,1.2437279791242,920.413889342498,1144.74450654979
2021-06-21,1.27797063780764,915.960273748905,1170.57033524935
2021-06-22,1.28482689776612,932.290197592078,1197.83152238999
2021-06-23,1.23349626118958,957.527352622437,1181.10640944653
2021-06-24,1.17347150081639,970.888199403215,1139.30963247861
2021-06-25,1.08456349343012,984.249046183994,1067.48058393457
2021-06-26,1.01304313116227,976.826353528006,989.567227779836
2021-06-27,0.955556019806062,973.857276465611,930.57518295865
2021-06-28,0.93846645892088,991.671738839982,930.650665161069
2021-06-29,0.915316091391318,1031.75427918232,944.381294097425
2021-06-30,0.905955640521433,1046.59966449429,948.172869416444
2021-07-01,0.889271328156058,1052.53781861908,935.991703897871
2021-07-02,0.878606078074332,1056.99143421268,928.679098571762
2021-07-03,0.865623310596631,1028.78520211992,890.540452551871
2021-07-04,0.865132583487199,1013.93981680795,877.192373215595
2021-07-05,0.871353089707705,1008.00166268315,878.325363209471
2021-07-06,0.894238968197032,961.98096821603,860.240868442685
2021-07-07,0.937365652833151,936.743813185671,878.071475984202
2021-07-08,0.975086071948919,914.475735217708,891.692552546034
2021-07-09,1.01932891045013,904.083965499325,921.55892350786
2021-07-10,1.03894469464129,890.723118718546,925.412058586975
2021-07-11,1.08295298864958,905.568504030522,980.688117866785
2021-07-12,1.1021293078259,871.424117812978,960.422059788013
2021-07-13,1.14711033019528,852.125116907409,977.481524223348
2021-07-14,1.18148197358948,852.125116907409,1006.77046486893
2021-07-15,1.24279419078405,869.93957928178,1081.15585546452
2021-07-16,1.27782237752807,874.393194875373,1117.31919117001
2021-07-17,1.2932822167584,912.99119668651,1180.75527873163
2021-07-18,1.2645993986019,950.104659966449,1201.50178160243
2021-07-19,1.22001065401315,978.310892059203,1193.54971124934
2021-07-20,1.16875281613448,1036.20789477591,1211.07089512012
2021-07-21,1.10060214388736,1025.81612505753,1129.01542647254
2021-07-22,1.04965966744927,1068.86774246226,1121.94735910018
2021-07-23,0.991829607254025,1080.74405071184,1071.91394735964
2021-07-24,0.950577829160142,1110.43482133579,1055.5547218892
2021-07-25,0.876494894550891,1120.82659105417,982.398784735861
2021-07-26,0.845353992442247,1171.30090111489,990.163893108673
2021-07-27,0.825573578954801,1166.8472855213,963.31828960151
2021-07-28,0.830948263613903,1129.73382224136,938.750357937353
2021-07-29,0.829369731648631,1113.40389839818,923.42349243104
2021-07-30,0.852034566813466,1108.95028280459,944.86397382708
2021-07-31,0.871917990970188,1107.46574427339,965.619306815161
2021-08-01,0.889651109433234,1071.83681952465,953.560815621494
2021-08-02,0.90910685971074,1043.6305874319,948.771726038287
2021-08-03,0.912823146502529,988.702661777586,902.510674679242
2021-08-04,0.92148300753723,976.826353528006,900.128886090612
2021-08-05,0.912935998990221,936.743813185671,855.18714888857
2021-08-06,0.90539889323883,933.774736123276,845.438612620395
2021-08-07,0.886218313148796,895.176734312139,793.322015452152
2021-08-08,0.892294718495275,864.00142515699,770.943908439972
2021-08-09,0.876151723630341,825.403423345853,723.178632054853
2021-08-10,0.870682544921725,812.042576565075,707.031297148474
2021-08-11,0.845706531186433,813.527115096272,688.005194534174
2021-08-12,0.821184756664658,797.197191253099,654.646181512925
2021-08-13,0.797794168757941,764.537343566752,609.943434495242
2021-08-14,0.808345108501428,730.392957349208,590.409574357124
2021-08-15,0.803968004124323,711.09395644364,571.696788906861
2021-08-16,0.785185377627343,676.949570226095,531.530903932644
2021-08-17,0.741952706683828,669.526877570107,496.757279010713
2021-08-18,0.71001815131343,653.196953726934,463.781693528762
2021-08-19,0.671658362953642,611.629874853402,410.806320477577
2021-08-20,0.6366073924188,568.578257448672,361.961121860424
2021-08-21,0.613475509104546,543.341102418313,333.3264594235
2021-08-22,0.643898789527826,510.681254731967,328.827041756465
2021-08-23,0.671689786006365,463.176021733644,311.110602921551
2021-08-24,0.723280765308187,434.96978964089,314.605282337404
2021-08-25,0.776126293763472,409.732634610531,318.004271134214
2021-08-26,0.843983436620615,380.04186398658,320.749038427098
2021-08-27,0.903653496290674,365.196478674604,330.011074787349
2021-08-28,0.92969199679726,335.505708050652,311.91697165449
2021-08-29,0.87964079352025,314.722168613886,276.842458137933
2021-08-30,0.840328226388134,299.876783301911,251.994925447073
2021-08-31,0.774394160454068,271.670551209157,210.380088423709
2021-09-01,0.721280607340515,244.9488576476,176.676860811426
2021-09-02,0.664944201810561,233.07254939802,154.980240323419
2021-09-03,0.657222194088554,228.618933804427,150.253437285131
2021-09-04,0.676269813136173,210.804471430056,142.560700502274
2021-09-05,0.74433078442295,203.381778774068,151.383318932237
2021-09-06,0.789909015715467,197.443624649278,155.962499206005
2021-09-07,0.829591555398007,179.629162274907,149.018836126481
2021-09-08,0.83848742143673,175.175546681314,146.882492435585
2021-09-09,0.837170765742194,164.783776962931,137.952160741948
2021-09-10,0.818123146694575,157.361084306943,128.740745460467
2021-09-11,0.775266003837432,145.484776057363,112.789400953175
2021-09-12,0.727313955885384,129.154852214189,93.9361264856942
2021-09-13,0.67320140177283,117.278543964609,78.952080194851
2021-09-14,0.621614100185529,106.886774246226,66.4423259948013
2021-09-15,0.590740212168784,102.433158652633,60.511385875575
2021-09-16,0.564052614052614,99.4640815902377,56.102975225316
2021-09-17,0.51960816960817,87.5877733406571,45.511322585594
2021-09-18,0.481512931512932,87.5877733406571,42.17464550595
2021-09-19,0.412248862248862,78.6805421534716,32.4359639838923
2021-09-20,0.347313797313797,68.2887724350886,23.7176328683284
2021-09-21,0.311599511599512,63.8351568414958,19.8910036946883
2021-09-22,0.267643467643468,51.9588485919152,13.9064464119021
2021-09-23,0.212698412698413,47.5052329983225,10.1042876536114
2021-09-24,0.419047619047619,41.5670788735322,17.4185854327182
2021-09-25,0.619047619047619,35.6289247487419,22.0560010349354
2021-09-26,1,31.1753091551491,31.1753091551491
2021-09-27,1.28571428571429,23.7526164991612,30.5390783560644
2021-09-28,1.85714285714286,19.2990009055685,35.8410016817701
2021-09-29,2.21428571428571,14.8453853119758,32.8719246193749
2021-09-30,2.57142857142857,14.8453853119758,38.1738479450806
2021-10-01,2.57142857142857,14.8453853119758,38.1738479450806
2021-10-02,2.64285714285714,17.8144623743709,47.081079132266
2021-10-03,2.38571428571429,16.3299238431734,38.958532597285
2021-10-04,2.3,14.8453853119758,34.1443862175443
2021-10-05,1.98571428571429,19.2990009055685,38.3223017982003
2021-10-06,1.81904761904762,19.2990009055685,35.1058016472722
2021-10-07,1.69047619047619,22.2680779679637,37.64365561251
2021-10-08,1.69047619047619,29.6907706239515,50.19154081668
2021-10-09,1.68027210884354,32.6598476863467,54.8774311464465
2021-10-10,1.79455782312925,34.1443862175443,61.2740754026407
2021-10-11,1.91598639455782,41.5670788735322,79.6419575831995
2021-10-12,1.98027210884354,47.5052329983225,94.0732879306916
2021-10-13,1.98027210884354,56.4124641855079,111.712029417696
2021-10-14,1.8609443777511,63.8351568414958,118.793676227041
2021-10-15,1.65459517140189,71.2578494974837,117.902893703019
2021-10-16,1.37908496732026,75.7114650910764,104.412543360896
2021-10-17,1.1759481570406,80.1650806846692,94.2699788901481
2021-10-18,0.996939516547372,83.1341577470643,82.8797270329313
2021-10-19,0.746327419856847,81.6496192158667,60.9373496416719
2021-10-20,0.599575941487725,86.1032348094595,51.6254280760204
