"fecha","rho7dpromedio","incidenciaAcum14d","riesgopor10"
2020-02-08,0,0,0
2020-02-09,0,0,0
2020-02-10,0,0,0
2020-02-11,0,0,0
2020-02-12,0,0,0
2020-02-13,0,0,0
2020-02-14,0,0,0
2020-02-15,0,0,0
2020-02-16,0,0,0
2020-02-17,0,0,0
2020-02-18,0,0,0
2020-02-19,0,0,0
2020-02-20,0,0,0
2020-02-21,0,0,0
2020-02-22,0,0,0
2020-02-23,0,0,0
2020-02-24,0,0,0
2020-02-25,0,0,0
2020-02-26,0,0,0
2020-02-27,0,0,0
2020-02-28,0,0,0
2020-02-29,0,0,0
2020-03-01,0,0,0
2020-03-02,0,0,0
2020-03-03,0,0,0
2020-03-04,0,0,0
2020-03-05,0,0,0
2020-03-06,0,0,0
2020-03-07,0,0,0
2020-03-08,0,0,0
2020-03-09,0,0,0
2020-03-10,0,0,0
2020-03-11,0,0,0
2020-03-12,0,0,0
2020-03-13,0,0,0
2020-03-14,0,0,0
2020-03-15,0,0,0
2020-03-16,0,0,0
2020-03-17,0,0,0
2020-03-18,0,0,0
2020-03-19,0,0,0
2020-03-20,0,0,0
2020-03-21,0,0,0
2020-03-22,0,0,0
2020-03-23,0,0,0
2020-03-24,0,0,0
2020-03-25,0,0,0
2020-03-26,0,0,0
2020-03-27,0,0,0
2020-03-28,0,0,0
2020-03-29,0,0,0
2020-03-30,0,0,0
2020-03-31,0,0,0
2020-04-01,0,0,0
2020-04-02,0,0,0
2020-04-03,0,0,0
2020-04-04,0,0,0
2020-04-05,0.142857142857143,0,0
2020-04-06,0.285714285714286,0,0
2020-04-07,0.428571428571429,0,0
2020-04-08,0.428571428571429,0,0
2020-04-09,0.428571428571429,0.93109002709472,0.399038583040594
2020-04-10,0.428571428571429,0.93109002709472,0.399038583040594
2020-04-11,0.428571428571429,0.93109002709472,0.399038583040594
2020-04-12,0.428571428571429,0.93109002709472,0.399038583040594
2020-04-13,0.428571428571429,0.93109002709472,0.399038583040594
2020-04-14,0.428571428571429,0.93109002709472,0.399038583040594
2020-04-15,0.428571428571429,0.93109002709472,0.399038583040594
2020-04-16,0.428571428571429,1.86218005418944,0.798077166081188
2020-04-17,0.428571428571429,1.86218005418944,0.798077166081188
2020-04-18,0.428571428571429,1.86218005418944,0.798077166081188
2020-04-19,0.285714285714286,1.86218005418944,0.532051444054126
2020-04-20,0.142857142857143,1.86218005418944,0.266025722027063
2020-04-21,0,1.86218005418944,0
2020-04-22,0,1.86218005418944,0
2020-04-23,0,0.93109002709472,0
2020-04-24,0,0.93109002709472,0
2020-04-25,0,0.93109002709472,0
2020-04-26,0,0.93109002709472,0
2020-04-27,0,0.93109002709472,0
2020-04-28,0,0.93109002709472,0
2020-04-29,0,0.93109002709472,0
2020-04-30,0.142857142857143,0,0
2020-05-01,0.285714285714286,0,0
2020-05-02,0.428571428571429,0,0
2020-05-03,0.428571428571429,0,0
2020-05-04,0.428571428571429,0.93109002709472,0.399038583040594
2020-05-05,0.428571428571429,0.93109002709472,0.399038583040594
2020-05-06,0.428571428571429,0.93109002709472,0.399038583040594
2020-05-07,0.285714285714286,0.93109002709472,0.266025722027063
2020-05-08,0.142857142857143,0.93109002709472,0.133012861013531
2020-05-09,0,0.93109002709472,0
2020-05-10,0,0.93109002709472,0
2020-05-11,0,0.93109002709472,0
2020-05-12,0,0.93109002709472,0
2020-05-13,0,0.93109002709472,0
2020-05-14,0.142857142857143,0.93109002709472,0.133012861013531
2020-05-15,0.285714285714286,0.93109002709472,0.266025722027063
2020-05-16,0.428571428571429,0.93109002709472,0.399038583040594
2020-05-17,0.428571428571429,0.93109002709472,0.399038583040594
2020-05-18,0.428571428571429,0.93109002709472,0.399038583040594
2020-05-19,0.428571428571429,0.93109002709472,0.399038583040594
2020-05-20,0.428571428571429,0.93109002709472,0.399038583040594
2020-05-21,0.285714285714286,0.93109002709472,0.266025722027063
2020-05-22,0.142857142857143,0.93109002709472,0.133012861013531
2020-05-23,0,0.93109002709472,0
2020-05-24,0,0.93109002709472,0
2020-05-25,0,0.93109002709472,0
2020-05-26,0,0.93109002709472,0
2020-05-27,0,0.93109002709472,0
2020-05-28,0,0.93109002709472,0
2020-05-29,0,0.93109002709472,0
2020-05-30,0,0.93109002709472,0
2020-05-31,0,0.93109002709472,0
2020-06-01,0.142857142857143,0,0
2020-06-02,0.285714285714286,0,0
2020-06-03,0.428571428571429,0,0
2020-06-04,0.428571428571429,0,0
2020-06-05,0.428571428571429,0.93109002709472,0.399038583040594
2020-06-06,0.428571428571429,0.93109002709472,0.399038583040594
2020-06-07,0.428571428571429,0.93109002709472,0.399038583040594
2020-06-08,0.285714285714286,0.93109002709472,0.266025722027063
2020-06-09,0.142857142857143,0.93109002709472,0.133012861013531
2020-06-10,0,0.93109002709472,0
2020-06-11,0,0.93109002709472,0
2020-06-12,0,0.93109002709472,0
2020-06-13,0,0.93109002709472,0
2020-06-14,0,0.93109002709472,0
2020-06-15,0,0.93109002709472,0
2020-06-16,0.142857142857143,0.93109002709472,0.133012861013531
2020-06-17,0.285714285714286,0.93109002709472,0.266025722027063
2020-06-18,0.428571428571429,0.93109002709472,0.399038583040594
2020-06-19,0.428571428571429,0,0
2020-06-20,0.571428571428571,0.93109002709472,0.532051444054126
2020-06-21,0.714285714285714,0.93109002709472,0.665064305067657
2020-06-22,0.857142857142857,0.93109002709472,0.798077166081188
2020-06-23,0.714285714285714,0.93109002709472,0.665064305067657
2020-06-24,0.571428571428571,1.86218005418944,1.06410288810825
2020-06-25,0.428571428571429,1.86218005418944,0.798077166081188
2020-06-26,0.428571428571429,1.86218005418944,0.798077166081188
2020-06-27,0.285714285714286,1.86218005418944,0.532051444054126
2020-06-28,0.142857142857143,1.86218005418944,0.266025722027063
2020-06-29,0,1.86218005418944,0
2020-06-30,0,1.86218005418944,0
2020-07-01,0,1.86218005418944,0
2020-07-02,0,1.86218005418944,0
2020-07-03,0,1.86218005418944,0
2020-07-04,0,0.93109002709472,0
2020-07-05,0,0.93109002709472,0
2020-07-06,0,0.93109002709472,0
2020-07-07,0,0.93109002709472,0
2020-07-08,0,0,0
2020-07-09,0,0,0
2020-07-10,0,0,0
2020-07-11,0,0,0
2020-07-12,0,0,0
2020-07-13,0,0,0
2020-07-14,0,0,0
2020-07-15,0,0,0
2020-07-16,0,0,0
2020-07-17,0,0,0
2020-07-18,0,0,0
2020-07-19,0,0,0
2020-07-20,0,0,0
2020-07-21,0,0,0
2020-07-22,0,0,0
2020-07-23,0,0,0
2020-07-24,0,0,0
2020-07-25,0,0,0
2020-07-26,0,0,0
2020-07-27,0,0,0
2020-07-28,0,0,0
2020-07-29,0,0,0
2020-07-30,0,0,0
2020-07-31,0.142857142857143,0,0
2020-08-01,0.285714285714286,0,0
2020-08-02,0.428571428571429,0,0
2020-08-03,0.428571428571429,0,0
2020-08-04,0.428571428571429,0.93109002709472,0.399038583040594
2020-08-05,0.428571428571429,0.93109002709472,0.399038583040594
2020-08-06,0.428571428571429,0.93109002709472,0.399038583040594
2020-08-07,0.285714285714286,0.93109002709472,0.266025722027063
2020-08-08,0.285714285714286,0.93109002709472,0.266025722027063
2020-08-09,0.285714285714286,0.93109002709472,0.266025722027063
2020-08-10,0.571428571428571,0.93109002709472,0.532051444054126
2020-08-11,0.714285714285714,0.93109002709472,0.665064305067657
2020-08-12,1.14285714285714,1.86218005418944,2.1282057762165
2020-08-13,1.57142857142857,1.86218005418944,2.92628294229769
2020-08-14,2.14285714285714,2.79327008128416,5.98557874560891
2020-08-15,2.28571428571429,2.79327008128416,6.38461732864951
2020-08-16,2.71428571428571,4.6554501354736,12.6362217962855
2020-08-17,2.66666666666667,5.58654016256832,14.8974404335155
2020-08-18,3.04761904761905,7.44872021675776,22.700861612976
2020-08-19,2.9047619047619,7.44872021675776,21.6367587248678
2020-08-20,2.97619047619048,9.3109002709472,27.7110127111524
2020-08-21,2.71904761904762,12.1041703522314,32.9118155767814
2020-08-22,2.71904761904762,17.6907105147997,48.1018843045267
2020-08-23,2.27748917748918,20.4839805960838,46.6520441194792
2020-08-24,2.15844155844156,25.1394307315574,54.2619920465564
2020-08-25,1.80810142238714,27.9327008128416,50.5051560708132
2020-08-26,1.69121830550402,28.8637908399363,48.8149714347395
2020-08-27,1.39121830550402,33.5192409754099,46.6325816315907
2020-08-28,1.17693259121831,35.3814210295994,41.6415475333522
2020-08-29,0.99121830550402,43.7612312734518,43.3769335096404
2020-08-30,0.894961621012041,42.8301412463571,38.3313326380144
2020-08-31,0.808881034931455,45.6234113276413,36.9039121718059
2020-09-01,0.676227973706965,44.6923213005465,30.2221978733292
2020-09-02,0.650253947732939,45.6234113276413,29.6668033248424
2020-09-03,0.572702927324776,44.6923213005465,25.5954232377624
2020-09-04,0.651274355896205,42.8301412463571,27.8941726531647
2020-09-05,0.694131498753347,39.1057811379782,27.1445544712252
2020-09-06,0.910518053375196,40.036871165073,36.4542939964557
2020-09-07,1.06122448979592,35.3814210295994,37.5476304803911
2020-09-08,1.23469387755102,33.5192409754099,41.3860016124959
2020-09-09,1.26326530612245,33.5192409754099,42.3436942117933
2020-09-10,1.28367346938776,32.5881509483152,41.8325447887556
2020-09-11,1.16632653061225,32.5881509483152,38.0084250346166
2020-09-12,1.10283446712018,26.0705207586522,28.7514688684138
2020-09-13,0.979818594104308,26.0705207586522,25.5443809973097
2020-09-14,1.05804988662132,22.3461606502733,23.6433527424433
2020-09-15,1.41519274376417,22.3461606502733,31.6241244032552
2020-09-16,1.81519274376417,24.2083407044627,43.9428043853116
2020-09-17,2.0437641723356,26.0705207586522,53.2819962806648
2020-09-18,2.23253968253968,29.794880867031,66.5182538721891
2020-09-19,2.27005772005772,31.6570609212205,71.8633555385541
2020-09-20,2.28593073593074,35.3814210295994,80.8794778124673
2020-09-21,2.13326967150497,36.3125110566941,77.4643785334342
2020-09-22,1.68272022095551,40.036871165073,67.370852693259
2020-09-23,1.22353654748613,40.9679611921677,50.1257977946105
2020-09-24,0.963219087168667,40.9679611921677,39.4611221826811
2020-09-25,0.820361944311524,43.7612312734518,35.9000487729552
2020-09-26,0.769412893362473,42.8301412463571,32.954062899483
2020-09-27,0.730451854401434,45.6234113276413,33.325705408395
2020-09-28,0.725104260818547,47.4855913818307,34.4320046384539
2020-09-29,0.849123099123099,48.4166814089254,41.1117225672025
2020-09-30,1.00671947100519,46.554501354736,46.86732297675
2020-10-01,1.37179883608455,47.4855913818307,65.1406789883819
2020-10-02,1.67537026465598,45.6234113276413,76.4361067104989
2020-10-03,1.96657905586477,46.554501354736,91.5531073204519
2020-10-04,2.13649247577819,47.4855913818307,101.452608695159
2020-10-05,2.24268040549553,52.1410415173043,116.935692132987
2020-10-06,2.23349673202614,54.9343115985885,122.695605431553
2020-10-07,2.16241322616003,57.7275816798726,124.83088613879
2020-10-08,1.90050846425527,62.3830318153462,118.559479990971
2020-10-09,1.6264401412739,66.1073919237251,107.519715859673
2020-10-10,1.38358299841676,78.2115622759565,108.212187844627
2020-10-11,1.20501156984533,81.9359223843353,98.733734459073
2020-10-12,1.14224896480331,87.5224625469037,99.9724422412374
2020-10-13,1.09701086956522,90.3157326281878,99.077340385868
2020-10-14,1.19046089779785,94.9711827636614,113.059479497752
2020-10-15,1.31903232636928,100.55772292623,132.638887205783
2020-10-16,1.53303571428571,113.592983305556,174.142100299678
2020-10-17,1.71312229437229,121.041703522314,207.359240852877
2020-10-18,1.91074134199134,126.628243684882,241.953820272458
2020-10-19,2.26183261183261,139.663504064208,315.895468175242
2020-10-20,2.6398088023088,149.90549436225,395.72184353192
2020-10-21,2.91902958152958,171.320564985428,500.089797116827
2020-10-22,3.08247495968084,194.597815662796,599.842893989158
2020-10-23,3.20220888429282,272.809377938753,873.592613753871
2020-10-24,3.13349628054836,318.432789266394,997.807960770887
2020-10-25,3.00369074576901,377.091460973362,1132.6661316342
2020-10-26,2.62495223281997,469.269373655739,1231.80969017166
2020-10-27,2.17208965625407,549.343115985885,1193.22249996732
2020-10-28,1.69166637583079,589.379987150958,997.034306850859
2020-10-29,1.27522560597446,651.763018966304,831.14489081305
2020-10-30,0.903793837921526,696.45534026685,629.452044920719
2020-10-31,0.78733384811642,733.698941350639,577.666010852543
2020-11-01,0.723915939672334,770.011452407333,557.423564127913
2020-11-02,0.715537435271798,797.01306319308,570.292683115296
2020-11-03,0.699764480702163,824.014673978827,576.616200427756
2020-11-04,0.700528347691195,842.636474520721,590.290737200335
2020-11-05,0.689922956617399,847.291924656195,584.566149776849
2020-11-06,0.689710945207331,802.599603355648,553.561731053453
2020-11-07,0.665799090866469,766.287092298954,510.193249395354
2020-11-08,0.65397666253028,725.319131106787,474.341784630579
2020-11-09,0.62515520827128,653.625199020493,408.617197425014
2020-11-10,0.638213137995877,602.415247530284,384.469325502865
2020-11-11,0.64826768820824,568.896006554874,368.796899000228
2020-11-12,0.683297042415677,513.030604929191,350.552295016841
2020-11-13,0.733811277960641,476.718093872497,349.821113691537
2020-11-14,0.842400982499173,446.923213005465,376.488553737491
2020-11-15,0.917536139773091,415.266152084245,381.021702161804
2020-11-16,0.965125878853829,391.057811379782,377.420013890567
2020-11-17,0.977251099312383,371.504920810793,363.053592262307
2020-11-18,1.00399881967712,350.089850187615,351.489796369306
2020-11-19,1.03820934599291,332.399139672815,345.09989340832
2020-11-20,1.05725307061832,303.535348832879,320.913679594764
2020-11-21,1.05541299032391,300.742078751594,317.407096651448
2020-11-22,1.07103799032391,300.742078751594,322.106191631942
2020-11-23,1.0792960199039,301.673168778689,325.594650374636
2020-11-24,1.05556184268871,293.293358534837,309.589277983392
2020-11-25,1.02665818820366,302.604258805784,310.671140088257
2020-11-26,0.984433724605638,304.466438859973,299.727030424339
2020-11-27,0.944707697208378,297.94880867031,281.474532924909
2020-11-28,0.886159687840697,295.155538589026,261.554939940504
2020-11-29,0.863200504167227,297.94880867031,257.189561860237
2020-11-30,0.858211842035708,295.155538589026,253.30597845953
2020-12-01,0.864674356487432,288.637908399363,249.577797703098
2020-12-02,0.839836514373842,280.258098155511,235.370984279966
2020-12-03,0.801233910302689,283.98245826389,227.536375492146
2020-12-04,0.787416580091916,283.98245826389,223.612496092247
2020-12-05,0.814641404447888,270.947197884563,220.724805815901
2020-12-06,0.935426675077879,256.049757451048,239.515773266931
2020-12-07,1.13542667507788,235.565776854964,267.46766677657
2020-12-08,1.41923272937574,236.496866882059,335.644093873835
2020-12-09,1.53390717058079,238.359046936248,365.620651268314
2020-12-10,1.63177087746705,253.256487369764,413.256560619583
2020-12-11,1.63740201185118,251.394307315574,411.633544566455
2020-12-12,1.60099199329831,255.118667423953,408.442943886682
2020-12-13,1.42498057815646,257.911937505237,367.519501819665
2020-12-14,1.18175713493301,262.567387640711,310.290883745132
2020-12-15,0.870457577058112,266.29174774909,231.795669536243
2020-12-16,0.783810346737412,267.222837776185,209.452025133506
2020-12-17,0.759002413613914,254.187577396858,192.928984754889
2020-12-18,0.808946851198801,252.325397342669,204.117835657838
2020-12-19,0.893701817486868,262.567387640711,234.656951547282
2020-12-20,0.995406309435263,273.740467965848,272.482988960966
2020-12-21,1.07196308599204,288.637908399363,309.409183022069
2020-12-22,1.13025639086069,274.671557992942,310.449283809185
2020-12-23,1.18868957058419,270.947197884563,322.072108304391
2020-12-24,1.22653605246052,259.774117559427,318.622320682755
2020-12-25,1.24832460873184,261.636297613616,326.607028848564
2020-12-26,1.21386854988553,261.636297613616,317.59207318166
2020-12-27,1.18365295755104,264.4295676949,312.992839866012
2020-12-28,1.15984343374151,263.498477667806,305.61697912389
2020-12-29,1.15083910473719,264.4295676949,304.31588695204
2020-12-30,1.09760739021515,273.740467965848,300.459560640268
2020-12-31,1.052616666653,286.775728345174,301.864911247682
2021-01-01,0.981092132074275,291.431178480647,285.920836248497
2021-01-02,0.965672630940488,298.879898697405,288.62013811035
2021-01-03,0.942957294806034,291.431178480647,274.807155682246
2021-01-04,0.97685559989078,297.017718643216,290.143421723409
2021-01-05,0.96637940941459,301.673168778689,291.530738680577
2021-01-06,0.959419702454883,308.190798968352,295.684324645549
2021-01-07,0.904593576200185,309.121888995447,279.629675048148
2021-01-08,0.866494853996835,310.984069049636,269.466095506506
2021-01-09,0.805158538648778,304.466438859973,245.143752980094
2021-01-10,0.777427446211803,286.775728345174,222.947322122918
2021-01-11,0.768373861623952,281.189188182605,216.058422370773
2021-01-12,0.795505644569688,270.016107857469,214.799337925354
2021-01-13,0.816357962982982,261.636297613616,213.588874962261
2021-01-14,0.843317669942689,256.980847478143,216.716489515165
2021-01-15,0.886873120291843,255.118667423953,226.257888622978
2021-01-16,0.908073381218131,239.290136963343,217.293003764453
2021-01-17,0.91651493965969,234.634686827869,215.046195840115
2021-01-18,0.912078382428101,222.530516475638,202.96527350799
2021-01-19,0.924200138735904,220.668336421449,203.941707135324
2021-01-20,0.92288383985863,203.908715933744,188.184058741576
2021-01-21,0.947328284303074,193.666725635702,183.465966923064
2021-01-22,0.960563578420721,189.942365527323,182.451718324622
2021-01-23,1.00937310223025,186.218005418944,187.963445820848
2021-01-24,1.03281307688973,186.218005418944,192.328391149008
2021-01-25,1.03496130460187,188.080185473133,194.655714127036
2021-01-26,0.995127045255415,184.355825364755,183.457467770851
2021-01-27,0.958741208869579,183.42473533766,175.85685249421
2021-01-28,0.913688861689572,181.56255528347,165.891684462404
2021-01-29,0.878299251299961,175.044925093807,153.741826653749
2021-01-30,0.830571978572689,174.113835066713,144.614072488238
2021-01-31,0.828522378244753,170.389474958334,141.171493020353
2021-02-01,0.905344869254887,166.665114849955,150.889406613183
2021-02-02,0.960347358055285,162.009664714481,155.585553487975
2021-02-03,1.01895541666334,162.940754741576,166.029364639142
2021-02-04,1.06126216109775,162.940754741576,172.922857507943
2021-02-05,1.13990573974133,161.078574687387,183.614391835504
2021-02-06,1.21391506375065,156.423124551913,189.884387212511
2021-02-07,1.25593187047334,157.354214579008,197.626173043076
2021-02-08,1.19226727420005,153.629854470629,183.167847825447
2021-02-09,1.14866801631508,162.940754741576,187.164833525887
2021-02-10,1.10829534550762,162.940754741576,180.586480073588
2021-02-11,1.09678518305406,155.492034524818,170.541359549751
2021-02-12,1.06641941355786,159.216394633197,169.791454193531
2021-02-13,1.09370879084724,159.216394633197,174.13637045733
2021-02-14,1.16233624182763,164.802934795765,191.556423872674
2021-02-15,1.20887303836442,173.182745039618,209.355951188334
2021-02-16,1.2118932739428,175.044925093807,212.135767359006
2021-02-17,1.20561871442955,188.080185473133,226.752991419791
2021-02-18,1.18648994301837,190.873455554418,226.469435404481
2021-02-19,1.1434069390658,187.149095446039,213.987574372889
2021-02-20,1.02912122478009,193.666725635702,199.306537885363
2021-02-21,0.874359320018184,191.804545581512,167.706092051048
2021-02-22,0.761805207464071,195.528905689891,148.95493856431
2021-02-23,0.727554297797879,189.942365527323,138.193384373299
2021-02-24,0.723181119955314,178.769285202186,129.282571886128
2021-02-25,0.743623043623044,180.631465256376,134.321719968036
2021-02-26,0.810722610722611,176.907105147997,143.422590140963
2021-02-27,0.901381951381951,177.838195175091,160.300139397168
2021-02-28,0.946948453845006,175.044925093807,165.758521170996
2021-03-01,1.00899751589407,166.665114849955,168.164686869804
2021-03-02,1.06660806011175,166.665114849955,177.766354838413
2021-03-03,1.11762846827502,150.836584389345,168.579260770899
2021-03-04,1.15120600185255,144.318954199682,166.140846255757
2021-03-05,1.1593473228971,148.974404335155,172.713076846152
2021-03-06,1.1606793242291,146.181134253871,169.669420120827
2021-03-07,1.19572506666401,148.04331430806,177.019101870166
2021-03-08,1.22575509669404,145.250044226776,178.040982006005
2021-03-09,1.26499381849855,144.318954199682,182.562584954772
2021-03-10,1.30785096135569,154.560944497723,202.142679849391
2021-03-11,1.34028712422664,160.147484660292,214.643611667472
2021-03-12,1.35160750090466,169.458384931239,229.041224164251
2021-03-13,1.30880753357639,175.976015120902,230.318734318989
2021-03-14,1.25566781615096,183.42473533766,230.320536849506
2021-03-15,1.19389175437489,194.597815662796,232.328727539178
2021-03-16,1.14852409794569,200.184355825365,229.916556697165
2021-03-17,1.11473724987312,203.908715933744,227.304641225141
2021-03-18,1.1285517711839,211.357436150501,238.527808920536
2021-03-19,1.22152933488018,217.875066340164,266.140784873477
2021-03-20,1.35090938878854,229.048146665301,309.423291814769
2021-03-21,1.49048755256025,239.290136963343,356.6589705943
2021-03-22,1.58643637985236,256.980847478143,407.683765364616
2021-03-23,1.63452960019134,283.98245826389,464.17773396743
2021-03-24,1.62834530829277,293.293358534837,477.58286432363
2021-03-25,1.58102624804267,324.950419456057,513.755142472502
2021-03-26,1.42444933156179,338.916769862478,482.769766285689
2021-03-27,1.29052076013322,348.227670133425,449.395037560009
2021-03-28,1.16561936103827,370.573830783698,431.9480318556
2021-03-29,1.11210334845621,385.471271217214,428.683891454334
2021-03-30,1.08033729341033,391.988901406877,423.480228792796
2021-03-31,1.10472401779706,427.370322436476,472.126259689249
2021-04-01,1.15787989553277,447.85430303256,518.561493609242
2021-04-02,1.26351180346836,465.54501354736,588.221619662925
2021-04-03,1.3265570597388,487.891174197633,647.215481516125
2021-04-04,1.34486895994047,507.444064766622,682.445771610651
2021-04-05,1.28716896965791,548.41202595879,705.898942401381
2021-04-06,1.22215776350344,575.413636744537,703.246243373084
2021-04-07,1.14751271942834,594.035437286431,681.663220077358
2021-04-08,1.05268087806236,576.344726771632,606.70707304457
2021-04-09,0.965523474022286,580.06908688001,560.070319937323
2021-04-10,0.958262711036332,602.415247530284,577.272068267993
2021-04-11,0.9966110424949,602.415247530284,600.373687855979
2021-04-12,1.05285274741404,617.312687963799,649.939359536233
2021-04-13,1.12399482165369,646.176478803735,726.299016049813
2021-04-14,1.18774566438872,649.900838912114,771.916903700458
2021-04-15,1.23683921043658,670.384819508198,829.158230849192
2021-04-16,1.24155548574292,678.764629752051,842.723949596921
2021-04-17,1.19749646578029,699.248610348135,837.347739593668
2021-04-18,1.12487741816124,711.352780700366,800.184679356045
2021-04-19,1.06839268473298,695.524250239756,743.093021010548
2021-04-20,1.00429334151797,694.593160212661,697.575285865498
2021-04-21,0.973477125615696,704.835150510703,686.140896352066
2021-04-22,0.9719733662172,713.214960754555,693.225946241074
2021-04-23,1.00295425568281,730.905671269355,733.064953502303
2021-04-24,1.01160424023641,725.319131106787,733.735908552216
2021-04-25,1.03320048436787,750.458561838344,775.37414958939
2021-04-26,1.01405303840723,784.908892840849,795.939247658121
2021-04-27,0.98769888673339,783.046712786659,773.414366479624
2021-04-28,0.94147121466777,767.218182326049,722.313834029704
2021-04-29,0.92564974610274,767.218182326049,710.175315675513
2021-04-30,0.949072751668603,747.66529175706,709.588755774982
2021-05-01,1.03695622236457,710.421690673271,736.676192646409
2021-05-02,1.11852124273892,721.594770998408,807.119080011046
2021-05-03,1.22347367736168,744.872021675776,911.331311523494
2021-05-04,1.25004372567086,745.803111702871,932.286500369979
2021-05-05,1.25129063005754,761.631642163481,953.022537394502
2021-05-06,1.23041843312836,771.873632461523,949.727545426406
2021-05-07,1.23034309150117,775.597992569902,954.251631940557
2021-05-08,1.24841395016379,759.769462109291,948.506795405677
2021-05-09,1.36191935232465,737.423301459018,1004.31106511217
2021-05-10,1.49400552012511,763.49382221767,1140.66398497462
2021-05-11,1.58192253363602,824.945764005922,1305.00029310855
2021-05-12,1.6190967994902,903.157326281878,1462.29913641912
2021-05-13,1.60319586372717,939.469837338572,1506.15415731764
2021-05-14,1.51607268958442,1002.78395918101,1520.29337406767
2021-05-15,1.37812736271759,1040.9586502919,1434.57359942484
2021-05-16,1.18115036967318,1049.33846053575,1239.42651057409
2021-05-17,0.980525857573263,1077.27116134859,1056.29222932027
2021-05-18,0.884021416996657,1104.27277213434,976.200780773024
2021-05-19,0.82366113843145,1123.82566270333,925.6515247407
2021-05-20,0.799119608626211,1160.13817376002,927.089163367435
2021-05-21,0.800546752910498,1159.20708373293,927.999466833241
2021-05-22,0.835622385082319,1165.72471392259,974.105665797397
2021-05-23,0.901132196659546,1152.68945354326,1038.72557933773
2021-05-24,1.0387766780375,1138.72310313684,1182.87900228104
2021-05-25,1.10644253930801,1127.55002281171,1247.56931043659
2021-05-26,1.16658157187957,1094.0307818363,1276.27614915922
2021-05-27,1.19321769053479,1082.85770151116,1292.08496577496
2021-05-28,1.21421789174701,1058.6493608067,1285.43099497802
2021-05-29,1.17833068550534,1033.50993007514,1217.81646438202
2021-05-30,1.11821370855668,1050.26955056284,1174.42580911904
2021-05-31,0.956256395920254,1020.47466969581,975.83542977123
2021-06-01,0.898027472898339,1026.99229988548,922.267299752208
2021-06-02,0.861757221288648,981.368888557835,845.701726462728
2021-06-03,0.858829731886988,962.74708801594,826.835823475708
2021-06-04,0.835764631288444,960.884907961751,803.073620813283
2021-06-05,0.836016420315744,968.333628178509,809.542813501153
2021-06-06,0.827141096693156,1004.6461392352,830.98410939555
2021-06-07,0.858150573046762,959.953817934656,823.784918959052
2021-06-08,0.897310505763456,915.26149663411,821.273756450571
2021-06-09,0.935851729940523,882.673345685794,826.05137753244
2021-06-10,0.989786313407071,863.120455116805,854.304813296296
2021-06-11,1.00923606258048,853.809554845858,861.695393326229
2021-06-12,1.00929047743937,860.327185035521,868.320035338568
2021-06-13,0.966491532511505,821.221403897543,793.703533184186
2021-06-14,0.930163882675413,821.221403897543,763.870489585492
2021-06-15,0.879483102711318,757.907282055102,666.566647989323
2021-06-16,0.881921312887571,761.631642163481,671.699177793533
2021-06-17,0.858836357975373,736.492211431923,632.526288543422
2021-06-18,0.907693536836332,716.939320862934,650.761187851115
2021-06-19,0.931448645786972,722.525861025503,672.99573479827
2021-06-20,1.02072036178981,723.456951052597,738.447240817759
2021-06-21,1.05228156219444,709.490600646177,746.58387761023
2021-06-22,1.10500220664593,709.490600646177,783.988679308571
2021-06-23,1.11872294918023,703.904060483608,787.473626484162
2021-06-24,1.17203826206035,707.628420591987,829.367584255143
2021-06-25,1.15221873746193,690.868800104282,796.031976607993
2021-06-26,1.166696398166,698.31752032104,814.724535734773
2021-06-27,1.12018477025903,715.077140808745,801.018522694326
2021-06-28,1.10736192168974,699.248610348135,774.321284893992
2021-06-29,1.05523915112158,729.97458124226,770.297757450413
2021-06-30,1.00985015449152,736.492211431923,743.746773496329
2021-07-01,0.912939706587694,743.009841621586,678.32318680178
2021-07-02,0.856926792947661,756.976192028007,648.673180572293
2021-07-03,0.812125935771321,743.009841621586,603.417562914232
2021-07-04,0.834893182204778,727.181311160976,607.11871891503
2021-07-05,0.866803721951516,720.663680971313,624.673960941214
2021-07-06,0.944448813064758,712.283870727461,672.715656273722
2021-07-07,0.994865385696971,726.250221133881,722.521206360869
2021-07-08,1.06920882004041,708.559510619082,757.598078277435
2021-07-09,1.11084645070243,713.214960754555,792.272307742068
2021-07-10,1.14203544804049,708.559510619082,809.200078173215
2021-07-11,1.11635851059885,683.420079887524,762.941822496583
2021-07-12,1.10048073520083,689.937710077187,759.263158428522
2021-07-13,1.05544268997524,678.764629752051,716.397166685553
2021-07-14,1.04886403430441,670.384819508198,703.1425263258
2021-07-15,1.03334643596072,668.522639454009,690.815486838854
2021-07-16,1.04757777709124,670.384819508198,702.28023901611
2021-07-17,1.05058529588823,690.868800104282,725.816602777505
2021-07-18,1.03780887730392,700.179700375229,726.652708757412
2021-07-19,1.01513159468277,732.767851323544,743.855797446338
2021-07-20,0.990110286999831,730.905671269355,723.677223950305
2021-07-21,0.96819496932375,726.250221133881,703.151810572085
2021-07-22,0.941090844820994,717.870410890029,675.581271456491
2021-07-23,0.911862799669382,724.388041079692,660.542507185947
2021-07-24,0.873421107202922,716.00823083584,625.376701743044
2021-07-25,0.865360082828829,723.456951052597,626.050767085968
2021-07-26,0.864111485438232,704.835150510703,609.056148896884
2021-07-27,0.874270633872753,685.282259941714,599.122155780995
2021-07-28,0.887095440009404,680.62680980624,603.780939327264
2021-07-29,0.9004832084045,675.040269643672,607.862427810973
2021-07-30,0.924127996049288,667.591549426914,616.940040751333
2021-07-31,0.928466573585566,648.038658857925,601.682233140803
2021-08-01,0.945569189279731,636.865578532788,602.200468773415
2021-08-02,0.944059804372135,610.795057774136,576.627062753718
2021-08-03,0.950769650817081,608.001787692852,578.069647380894
2021-08-04,0.928740405328931,586.586717069673,544.786785371856
2021-08-05,0.911676356708081,587.517807096768,535.626093875103
2021-08-06,0.867894707463017,571.689276636158,496.166097505882
2021-08-07,0.865030403846833,558.654016256832,483.252709293303
2021-08-08,0.866305914050915,546.5498459046,473.479363830772
2021-08-09,0.899530875577225,526.065865308517,473.21248843226
2021-08-10,0.930515577150162,519.548235118854,483.447725858968
2021-08-11,0.957606541741126,514.89278498338,493.064699195392
2021-08-12,0.987073042981821,514.89278498338,508.23678808293
2021-08-13,1.01672574153156,505.581884712433,514.038116639173
2021-08-14,1.06436602869014,502.788614631149,535.151121025571
2021-08-15,1.1033502587458,483.23572406216,533.178261179196
2021-08-16,1.14462866431749,484.166814089254,554.191213717836
2021-08-17,1.14410509040194,479.511363953781,548.611392405097
2021-08-18,1.16932671751432,504.650794685338,590.1016572404
2021-08-19,1.17492401137692,500.926434576959,588.5504959179
2021-08-20,1.18253624474702,499.06425452277,590.161569430825
2021-08-21,1.14319448167644,507.444064766622,580.107254600664
2021-08-22,1.08927014514341,524.203685254327,570.99942432169
2021-08-23,0.992179950115068,550.274206012979,545.971034271567
2021-08-24,0.914165102292493,555.860746175548,508.148495887951
2021-08-25,0.825298786535421,549.343115985885,453.372207014738
2021-08-26,0.737063710607558,541.894395769127,399.410694103034
2021-08-27,0.643569438921797,533.514585525274,343.353682463096
2021-08-28,0.54749829178682,524.203685254327,287.0006222251
2021-08-29,0.457892664307961,522.341505200138,239.176343494722
2021-08-30,0.389995649042525,488.822264224728,190.638556202759
2021-08-31,0.353213366227639,457.165203303507,161.476860380975
2021-09-01,0.332248515475554,411.541791975866,136.734149440131
2021-09-02,0.339336846991367,378.953641027551,128.592933702187
2021-09-03,0.343099388797387,348.227670133425,119.476700785116
2021-09-04,0.364038260800088,319.363879293489,116.260671180371
2021-09-05,0.458379913123668,270.947197884563,124.196753027428
2021-09-06,0.549545326657503,215.08179625888,118.197195983169
2021-09-07,0.684273794315753,184.355825364755,126.149860126553
2021-09-08,0.752524692353885,156.423124551913,117.712263680462
2021-09-09,0.823953263782456,132.21478384745,108.938802671399
2021-09-10,0.784201710987425,109.868623197177,86.1591622950589
2021-09-11,0.771730055658627,94.9711827636614,73.2921161601661
2021-09-12,0.671414929608207,69.831752032104,46.8860808750529
2021-09-13,0.641653024846302,62.3830318153462,40.0282610634
2021-09-14,0.539612208519772,54.0032215714938,29.1407976593763
2021-09-15,0.565586234493798,48.4166814089254,27.38380852476
2021-09-16,0.565586234493798,44.6923213005465,25.2773617151631
2021-09-17,0.715586234493798,42.8301412463571,30.6486594973182
2021-09-18,0.855042016806723,37.2436010837888,31.8448437838278
2021-09-19,0.964285714285714,32.5881509483152,31.4242884144468
2021-09-20,1.1547619047619,34.4503310025046,39.7819298481303
2021-09-21,1.19761904761905,31.6570609212205,37.9130991508902
2021-09-22,1.2547619047619,32.5881509483152,40.8903703565764
2021-09-23,1.20119047619048,24.2083407044627,29.0788282985749
2021-09-24,1.16547619047619,24.2083407044627,28.2142447019869
2021-09-25,1.02261904761905,20.4839805960838,20.9473087286143
2021-09-26,0.951190476190476,22.3461606502733,21.2554551899623
2021-09-27,0.726700680272109,21.4150706231786,15.5623463899391
2021-09-28,0.669557823129252,21.4150706231786,14.3386280686146
2021-09-29,0.540986394557823,19.5528905689891,10.5778477721011
2021-09-30,0.594557823129252,19.5528905689891,11.6253240525826
2021-10-01,0.665986394557823,18.6218005418944,12.4018658030712
2021-10-02,0.761224489795918,17.6907105147997,13.4666020857557
2021-10-03,1.0469387755102,18.6218005418944,19.4958850571262
2021-10-04,1.34285714285714,15.8285304606102,21.2554551899623
2021-10-05,1.85714285714286,15.8285304606102,29.3958422839904
2021-10-06,2.11904761904762,13.9663504064208,29.5953615755107
2021-10-07,2.35714285714286,16.759620487705,39.5048197210188
2021-10-08,2.25714285714286,14.8974404335155,33.6256512642207
2021-10-09,2.22857142857143,18.6218005418944,41.5000126362218
2021-10-10,1.91904761904762,16.759620487705,32.1625097930719
2021-10-11,1.62312925170068,17.6907105147997,28.7143097199402
2021-10-12,1.08741496598639,18.6218005418944,20.2496246028695
2021-10-13,0.789795918367347,18.6218005418944,14.707422060639
2021-10-14,0.408843537414966,18.6218005418944,7.61340280658403
2021-10-15,0.294557823129252,18.6218005418944,5.48519703036753
2021-10-16,0.180272108843537,18.6218005418944,3.35699125415103
2021-10-17,0.148809523809549,17.6907105147997,2.63254620755991
2021-10-18,0.102182539682569,16.759620487705,1.7125405855497
2021-10-19,0.0726190476190823,15.8285304606102,1.14945280725915
2021-10-20,0.0282738095238528,14.8974404335155,0.421207393210161
