"fecha","rho7dpromedio","incidenciaAcum14d","riesgopor10"
2020-01-02,1.25,0.171418384278877,0.214272980348596
2020-01-03,1.2,0.342836768557754,0.411404122269305
2020-01-04,1.08333333333333,0.342836768557754,0.3714064992709
2020-01-05,1,0.342836768557754,0.342836768557754
2020-01-06,0.714285714285714,0.342836768557754,0.244883406112682
2020-01-07,0.428571428571429,0.514255152836631,0.220395065501413
2020-01-08,0.285714285714286,0.514255152836631,0.146930043667609
2020-01-09,0.285714285714286,0.514255152836631,0.146930043667609
2020-01-10,0.142857142857143,0.514255152836631,0.0734650218338045
2020-01-11,0.0714285714285714,0.514255152836631,0.0367325109169022
2020-01-12,0,0.514255152836631,0
2020-01-13,0,0.514255152836631,0
2020-01-14,0,0.514255152836631,0
2020-01-15,0,0.514255152836631,0
2020-01-16,0,0.342836768557754,0
2020-01-17,0,0.171418384278877,0
2020-01-18,0,0.171418384278877,0
2020-01-19,0,0.171418384278877,0
2020-01-20,0,0.171418384278877,0
2020-01-21,0,0,0
2020-01-22,0.142857142857143,0,0
2020-01-23,0.285714285714286,0,0
2020-01-24,0.571428571428571,0,0
2020-01-25,0.714285714285714,0,0
2020-01-26,1.14285714285714,0.171418384278877,0.195906724890145
2020-01-27,1.42857142857143,0.171418384278877,0.244883406112682
2020-01-28,1.71428571428571,0.342836768557754,0.587720174670436
2020-01-29,1.57142857142857,0.342836768557754,0.5387434934479
2020-01-30,1.42857142857143,0.685673537115508,0.979533624450726
2020-01-31,1.14285714285714,0.685673537115508,0.783626899560581
2020-02-01,1,0.685673537115508,0.685673537115508
2020-02-02,0.571428571428571,0.685673537115508,0.391813449780291
2020-02-03,0.285714285714286,0.685673537115508,0.195906724890145
2020-02-04,0,0.685673537115508,0
2020-02-05,0,0.685673537115508,0
2020-02-06,0,0.685673537115508,0
2020-02-07,0,0.685673537115508,0
2020-02-08,0,0.685673537115508,0
2020-02-09,0,0.514255152836631,0
2020-02-10,0,0.514255152836631,0
2020-02-11,0,0.342836768557754,0
2020-02-12,0,0.342836768557754,0
2020-02-13,0,0,0
2020-02-14,0,0,0
2020-02-15,0,0,0
2020-02-16,0,0,0
2020-02-17,0,0,0
2020-02-18,0,0,0
2020-02-19,0,0,0
2020-02-20,0,0,0
2020-02-21,0,0,0
2020-02-22,0,0,0
2020-02-23,0,0,0
2020-02-24,0.285714285714286,0,0
2020-02-25,0.571428571428571,0,0
2020-02-26,0.857142857142857,0,0
2020-02-27,0.857142857142857,0,0
2020-02-28,0.857142857142857,0.342836768557754,0.293860087335218
2020-02-29,0.857142857142857,0.342836768557754,0.293860087335218
2020-03-01,0.857142857142857,0.342836768557754,0.293860087335218
2020-03-02,0.571428571428571,0.342836768557754,0.195906724890145
2020-03-03,0.285714285714286,0.342836768557754,0.0979533624450726
2020-03-04,0,0.342836768557754,0
2020-03-05,0,0.342836768557754,0
2020-03-06,0,0.342836768557754,0
2020-03-07,0,0.342836768557754,0
2020-03-08,0,0.342836768557754,0
2020-03-09,0,0.342836768557754,0
2020-03-10,0.285714285714286,0.342836768557754,0.0979533624450726
2020-03-11,0.714285714285714,0.342836768557754,0.244883406112682
2020-03-12,1.28571428571429,0.342836768557754,0.440790131002827
2020-03-13,1.85714285714286,0,0
2020-03-14,2.42857142857143,0.342836768557754,0.832603580783117
2020-03-15,2.78571428571429,0.514255152836631,1.43256792575919
2020-03-16,3.16666666666667,1.19992868995214,3.79977418484844
2020-03-17,3.08503401360544,1.37134707423102,4.230652368461
2020-03-18,2.9421768707483,1.71418384278877,5.04343205446356
2020-03-19,2.5952380952381,2.05702061134653,5.33845825325646
2020-03-20,2.22380952380952,2.74269414846203,6.09922936824652
2020-03-21,1.7952380952381,3.42836768557754,6.15473627363207
2020-03-22,1.50952380952381,4.11404122269305,6.21024317901761
2020-03-23,1.18809523809524,4.62829637552968,5.49885688426027
2020-03-24,0.984013605442177,4.62829637552968,4.55430660353992
2020-03-25,0.739115646258503,5.48538829692407,4.05433631605986
2020-03-26,0.60391156462585,5.48538829692407,3.31268942897574
2020-03-27,0.575340136054422,5.48538829692407,3.15596404906363
2020-03-28,0.718197278911565,5.14255152836631,3.69336651433519
2020-03-29,1.21819727891156,5.31396991264519,6.4734636878023
2020-03-30,1.73010204081633,5.14255152836631,8.89713889422968
2020-03-31,1.81581632653061,5.14255152836631,9.33792902523251
2020-04-01,1.82261904761905,5.82822506548182,10.6226340181579
2020-04-02,1.76190476190476,5.82822506548182,10.2687774963251
2020-04-03,1.63809523809524,5.31396991264519,8.70478880928546
2020-04-04,1.4,4.62829637552968,6.47961492574156
2020-04-05,0.971428571428571,4.11404122269305,3.99649718775896
2020-04-06,0.542857142857143,3.7712044541353,2.04722527510202
2020-04-07,0.528571428571429,3.94262283841417,2.08395778601892
2020-04-08,0.480952380952381,3.25694930129867,1.56643752110079
2020-04-09,0.452380952380952,3.42836768557754,1.55092823871365
2020-04-10,0.452380952380952,3.42836768557754,1.55092823871365
2020-04-11,0.476190476190476,3.42836768557754,1.63255604075121
2020-04-12,0.619047619047619,3.08553091701979,1.91009056767892
2020-04-13,0.761904761904762,2.57127576418316,1.95906724890145
2020-04-14,1.11904761904762,2.57127576418316,2.87738002182401
2020-04-15,1.54761904761905,1.54276545850989,2.38761320959865
2020-04-16,1.83333333333333,1.37134707423102,2.51413630275686
2020-04-17,1.85714285714286,1.37134707423102,2.54678742357189
2020-04-18,1.78571428571429,1.54276545850989,2.75493831876767
2020-04-19,1.5952380952381,1.54276545850989,2.46107823143245
2020-04-20,1.4047619047619,1.37134707423102,1.92641612808643
2020-04-21,1.11904761904762,1.19992868995214,1.34277734351787
2020-04-22,0.69047619047619,1.02851030567326,0.710161877726777
2020-04-23,0.404761904761905,1.19992868995214,0.485685422123485
2020-04-24,0.404761904761905,1.19992868995214,0.485685422123485
2020-04-25,0.476190476190476,1.19992868995214,0.571394614262924
2020-04-26,0.452380952380952,1.19992868995214,0.542824883549778
2020-04-27,0.5,1.19992868995214,0.59996434497607
2020-04-28,0.5,1.19992868995214,0.59996434497607
2020-04-29,0.642857142857143,1.19992868995214,0.771382729254947
2020-04-30,0.642857142857143,1.02851030567326,0.66118519650424
2020-05-01,0.571428571428571,1.02851030567326,0.587720174670436
2020-05-02,0.5,0.857091921394386,0.428545960697193
2020-05-03,0.571428571428571,0.685673537115508,0.391813449780291
2020-05-04,0.714285714285714,0.685673537115508,0.489766812225363
2020-05-05,0.857142857142857,0.685673537115508,0.587720174670436
2020-05-06,0.857142857142857,0.685673537115508,0.587720174670436
2020-05-07,0.857142857142857,0.514255152836631,0.440790131002827
2020-05-08,0.857142857142857,0.685673537115508,0.587720174670436
2020-05-09,0.857142857142857,0.685673537115508,0.587720174670436
2020-05-10,0.714285714285714,0.685673537115508,0.489766812225363
2020-05-11,0.571428571428571,0.685673537115508,0.391813449780291
2020-05-12,0.428571428571429,0.514255152836631,0.220395065501413
2020-05-13,0.428571428571429,0.514255152836631,0.220395065501413
2020-05-14,0.571428571428571,0.514255152836631,0.293860087335218
2020-05-15,0.714285714285714,0.514255152836631,0.367325109169022
2020-05-16,0.857142857142857,0.514255152836631,0.440790131002827
2020-05-17,1,0.514255152836631,0.514255152836631
2020-05-18,1.28571428571429,0.685673537115508,0.881580262005654
2020-05-19,1.71428571428571,0.685673537115508,1.17544034934087
2020-05-20,2.14285714285714,0.685673537115508,1.46930043667609
2020-05-21,2.57142857142857,0.685673537115508,1.76316052401131
2020-05-22,3,0.857091921394386,2.57127576418316
2020-05-23,3.0952380952381,1.19992868995214,3.714064992709
2020-05-24,3.0952380952381,1.37134707423102,4.24464570595315
2020-05-25,2.80952380952381,1.71418384278877,4.81604032021607
2020-05-26,2.35238095238095,2.05702061134653,4.83889610478659
2020-05-27,1.86666666666667,2.2284389956254,4.15975279183409
2020-05-28,1.32380952380952,2.57127576418316,3.40387934496627
2020-05-29,0.780952380952381,2.74269414846203,2.14191352546559
2020-05-30,0.571428571428571,2.74269414846203,1.56725379912116
2020-05-31,0.5,2.91411253274091,1.45705626637046
2020-06-01,0.452380952380952,2.74269414846203,1.24074259097092
2020-06-02,0.480952380952381,2.74269414846203,1.31910528092698
2020-06-03,0.395238095238095,2.91411253274091,1.15176828674998
2020-06-04,0.509523809523809,2.91411253274091,1.48480971906323
2020-06-05,0.552380952380952,2.57127576418316,1.42032375545355
2020-06-06,0.595238095238095,2.2284389956254,1.32645178311036
2020-06-07,0.666666666666667,2.05702061134653,1.37134707423102
2020-06-08,0.857142857142857,1.88560222706765,1.6162304803437
2020-06-09,1,1.54276545850989,1.54276545850989
2020-06-10,1.28571428571429,1.37134707423102,1.76316052401131
2020-06-11,1.57142857142857,1.19992868995214,1.88560222706765
2020-06-12,2.07142857142857,1.02851030567326,2.13048563318033
2020-06-13,2.28571428571429,1.02851030567326,2.35088069868174
2020-06-14,2.35714285714286,1.02851030567326,2.42434572051555
2020-06-15,2.21428571428571,1.37134707423102,3.03655423579725
2020-06-16,2.11904761904762,1.54276545850989,3.2691934716043
2020-06-17,1.94047619047619,1.54276545850989,2.99369963972753
2020-06-18,1.69047619047619,1.54276545850989,2.60800827510006
2020-06-19,1.30952380952381,1.54276545850989,2.02028810042962
2020-06-20,1.52380952380952,2.05702061134653,3.13450759824232
2020-06-21,1.55952380952381,2.05702061134653,3.20797262007613
2020-06-22,1.75,2.2284389956254,3.89976824234445
2020-06-23,1.70238095238095,2.57127576418316,4.37729088426418
2020-06-24,1.70238095238095,3.08553091701979,5.25274906111702
2020-06-25,1.56462585034014,3.25694930129867,5.09590707005914
2020-06-26,1.41496598639456,3.42836768557754,4.85102366394646
2020-06-27,0.996598639455782,3.59978606985642,3.58754189955079
2020-06-28,0.832312925170068,3.42836768557754,2.85347473694158
2020-06-29,0.641836734693878,3.25694930129867,2.09042970460904
2020-06-30,0.570408163265306,3.25694930129867,1.85779046880199
2020-07-01,0.53469387755102,3.42836768557754,1.83312721147207
2020-07-02,0.493877551020408,3.25694930129867,1.60853414472301
2020-07-03,0.453061224489796,3.42836768557754,1.55326046162901
2020-07-04,0.514285714285714,2.91411253274091,1.49868644540961
2020-07-05,1,2.91411253274091,2.91411253274091
2020-07-06,1.42857142857143,2.57127576418316,3.67325109169022
2020-07-07,1.92857142857143,2.2284389956254,4.29770377727756
2020-07-08,2.42857142857143,2.2284389956254,5.41192327509026
2020-07-09,2.66666666666667,2.2284389956254,5.94250398833441
2020-07-10,2.78095238095238,2.05702061134653,5.72047636679224
2020-07-11,2.68571428571429,2.05702061134653,5.5245696419021
2020-07-12,2.15,2.57127576418316,5.52824289299379
2020-07-13,1.63571428571429,2.57127576418316,4.20587249998531
2020-07-14,1.09285714285714,2.39985737990428,2.62270127946682
2020-07-15,0.592857142857143,2.2284389956254,1.32114597597792
2020-07-16,0.569047619047619,2.2284389956254,1.2680879046535
2020-07-17,1.02619047619048,2.2284389956254,2.28680287408226
2020-07-18,1.40714285714286,2.2284389956254,3.13573201527289
2020-07-19,1.94285714285714,2.39985737990428,4.66258005238546
2020-07-20,2.02857142857143,2.74269414846203,5.56375098688013
2020-07-21,2,3.08553091701979,6.17106183403958
2020-07-22,1.92857142857143,2.91411253274091,5.62007417028604
2020-07-23,1.73809523809524,2.57127576418316,4.46912216155644
2020-07-24,1.3452380952381,2.39985737990428,3.22837957058552
2020-07-25,1.41666666666667,2.2284389956254,3.15695524380265
2020-07-26,1.41666666666667,1.71418384278877,2.42842711061743
2020-07-27,1.8452380952381,1.71418384278877,3.16307732895547
2020-07-28,2.41666666666667,2.39985737990428,5.79965533476868
2020-07-29,2.98809523809524,2.57127576418316,7.68321686678539
2020-07-30,3.53571428571429,3.42836768557754,12.1217286025777
2020-07-31,3.92857142857143,3.42836768557754,13.4685873361975
2020-08-01,4,4.97113314408744,19.8845325763497
2020-08-02,3.86666666666667,6.68531698687621,25.8498923492547
2020-08-03,3.62176870748299,10.1136846724538,36.6294266640434
2020-08-04,3.26462585034014,12.3421236680792,40.292415974906
2020-08-05,2.89855442176871,14.5705626637046,42.2335688365389
2020-08-06,2.54141156462585,17.3132568121666,44.0001110837775
2020-08-07,2.17805752735877,20.2273693449075,44.0563740603418
2020-08-08,1.82686705116829,25.3699208732738,46.3474725341307
2020-08-09,1.56110741398008,29.1411253274091,45.4924268003412
2020-08-10,1.39192669821552,33.426584934381,46.5273560003336
2020-08-11,1.31683512312394,35.9978606985642,47.4032473251923
2020-08-12,1.26712830009622,40.6261570740939,51.4785533527388
2020-08-13,1.21886575183368,44.5687799125081,54.3233594363688
2020-08-14,1.18560324774737,47.6543108295278,56.499105688651
2020-08-15,1.18341026529123,51.0826785151054,60.4517661333476
2020-08-16,1.25919496513608,53.4825358950097,67.344939921706
2020-08-17,1.35429125260879,55.1967197377984,74.7524347135991
2020-08-18,1.42107717985983,58.7965058076549,83.5543726587542
2020-08-19,1.45129475557572,64.4533124888578,93.5407543945624
2020-08-20,1.45152774718802,69.9387007857819,101.517964792843
2020-08-21,1.42498411538123,72.6813949342439,103.569833265047
2020-08-22,1.37194453969784,74.9098339298693,102.772137629756
2020-08-23,1.30469981498282,78.8524567682835,102.878785756521
2020-08-24,1.28365858970748,82.4522428381399,105.840529759825
2020-08-25,1.27767852326229,86.9091208293907,111.04191715932
2020-08-26,1.2951474368932,91.7088355891993,118.776463353812
2020-08-27,1.32352215174096,96.337131964729,127.504328190511
2020-08-28,1.40182336220777,107.479326942856,150.667031462863
2020-08-29,1.44673036155236,111.079113012712,160.701525329797
2020-08-30,1.50168244991459,117.250174846752,176.072529816784
2020-08-31,1.50324452420394,127.535277903485,191.71670815124
2020-09-01,1.53054923919338,137.820380960217,210.940879224002
2020-09-02,1.49990319306936,146.734136942719,220.087000532661
2020-09-03,1.47789136820519,158.390587073682,234.084081441148
2020-09-04,1.41661479976302,170.218455588925,241.133983380075
2020-09-05,1.39403379970801,180.846395414215,252.105987762775
2020-09-06,1.34529149576889,189.24589624388,254.590894826053
2020-09-07,1.33633965027219,206.730571440326,276.262259539135
2020-09-08,1.29827959866534,219.244113492684,284.64015967502
2020-09-09,1.28664938171523,235.186023230619,302.60195137774
2020-09-10,1.2500358154254,252.327861658507,315.418864302841
2020-09-11,1.2164550345042,266.555587553654,324.252886454867
2020-09-12,1.15957144000468,281.811823754474,326.78094228132
2020-09-13,1.10077861130795,288.668559125629,317.760175642578
2020-09-14,1.02874657582077,299.810754103756,308.429286678481
2020-09-15,0.997832247090926,305.981815937796,305.318522966173
2020-09-16,1.00050796472509,313.181388077509,313.340473175207
2020-09-17,1.01365727292189,317.295429300202,321.628819575022
2020-09-18,1.0575833848406,325.694930129867,344.449546632167
2020-09-19,1.10199522520206,333.237339038137,367.225956479068
2020-09-20,1.15032607006219,342.322513404918,393.782511538891
2020-09-21,1.16005592542963,343.179605326312,398.107534645391
2020-09-22,1.16331289236418,358.607259911411,417.172448750337
2020-09-23,1.14552105748001,361.692790828431,414.326708232679
2020-09-24,1.14057111970601,363.921229824056,415.078044585212
2020-09-25,1.10516384085244,364.435484976893,402.760920319984
2020-09-26,1.08106633979942,369.920873273817,399.90900448553
2020-09-27,1.05600063929168,383.291507247569,404.756076688504
2020-09-28,1.05115576380922,388.091222007378,407.944324896818
2020-09-29,1.04150437677465,394.605120609975,410.982960212979
2020-09-30,1.04858295487815,400.947600828294,420.426820027838
2020-10-01,1.06756697418017,409.689938426516,437.371447918057
2020-10-02,1.11331471772203,418.26085764046,465.655968658164
2020-10-03,1.15144410527653,423.060572400269,487.130602265205
2020-10-04,1.19596978341649,431.117236461376,515.603187917826
2020-10-05,1.2361545986013,445.687799125081,550.939022428961
2020-10-06,1.28515545219845,456.315738950371,586.436659836032
2020-10-07,1.30973862284903,469.686372924123,615.166383244599
2020-10-08,1.32043811508733,486.313956199174,642.1474836643
2020-10-09,1.30292461658792,504.827141701293,657.751710044331
2020-10-10,1.28332499925768,529.511389037452,679.535202943421
2020-10-11,1.24258630034675,546.996064233897,679.689815760632
2020-10-12,1.20293773381031,570.651801264382,686.458584607748
2020-10-13,1.15496225899169,595.850303753377,688.184612843885
2020-10-14,1.13417320562935,615.734836329727,698.349953137747
2020-10-15,1.12606024340653,638.019226285981,718.448085249637
2020-10-16,1.14026218505741,663.046310390697,756.046634680349
2020-10-17,1.15536414045999,686.873465805461,793.588971425102
2020-10-18,1.1656698916194,713.271896984408,831.43957485298
2020-10-19,1.1525356820793,744.470042923163,858.028288708051
2020-10-20,1.12702665997911,770.868474102111,868.789321650494
2020-10-21,1.08636328977671,796.9240685125,865.749052771477
2020-10-22,1.03724114695337,806.180661263559,836.203753740638
2020-10-23,0.976647237048055,810.63753925481,791.706912960645
2020-10-24,0.927274917645438,815.780090783176,756.452416497757
2020-10-25,0.891789800397571,822.636826154331,733.619130995862
2020-10-26,0.872850999082435,827.093704145582,721.929565998263
2020-10-27,0.861514139533276,825.036683534236,710.780768498385
2020-10-28,0.87151423164569,827.779377682698,721.421508313284
2020-10-29,0.894461269476492,818.351366547359,731.983602199773
2020-10-30,0.927716698437442,805.837824495002,747.589206016514
2020-10-31,0.953178475847437,800.523854582356,763.042107590326
2020-11-01,0.968987212565265,792.638608905528,768.056676214977
2020-11-02,0.976889624221403,781.496413927401,763.435738131913
2020-11-03,0.981664986664622,760.411952661099,746.469789368677
2020-11-04,0.989579366341254,743.44153261749,735.694400759386
2020-11-05,1.00045725316923,730.413735412296,730.747719407665
2020-11-06,1.01933621637967,723.042744888304,737.023655855213
2020-11-07,1.03978141192909,714.300407290081,742.716286033606
2020-11-08,1.06369639418994,718.414448512774,764.174858416991
2020-11-09,1.08284356525349,721.671397814073,781.457229350457
2020-11-10,1.09090725275412,723.385581656862,789.146577567225
2020-11-11,1.09010750941391,727.328204495276,792.865937528836
2020-11-12,1.08754335937873,733.156429560757,797.339406354624
2020-11-13,1.08991244579209,742.070185543259,808.79153087484
2020-11-14,1.08026354731613,741.727348774701,801.261016928749
2020-11-15,1.07837705361843,749.955431220087,808.734728264255
2020-11-16,1.06885324409462,760.926207813936,813.31844573854
2020-11-17,1.06715424305765,778.410883010381,830.684476646779
2020-11-18,1.03874509560574,783.382016154469,813.73422726619
2020-11-19,1.00104578285511,799.666762660962,800.50304045115
2020-11-20,0.94407337176862,805.152150957886,760.122705941568
2020-11-21,0.91728936437004,807.380589953511,740.601628163165
2020-11-22,0.88742270118834,792.981445674086,703.709736512332
2020-11-23,0.887588621214887,784.7533632287,696.538155661907
2020-11-24,0.885654910947844,784.581944844421,694.868852492471
2020-11-25,0.899869797776998,784.924781612978,706.330104500225
2020-11-26,0.895398818453135,777.553791088987,696.220745824834
2020-11-27,0.879275244857947,767.782943185091,675.092535366826
2020-11-28,0.839353570563896,762.640391656724,640.12493579332
2020-11-29,0.81253259175565,741.041675237586,602.120512979744
2020-11-30,0.785748517765104,710.357784451667,558.162576215801
2020-12-01,0.780800822357799,674.188505368824,526.406939416153
2020-12-02,0.790450236063232,651.90411541257,515.297761918458
2020-12-03,0.82462046402502,631.162490914826,520.469506133371
2020-12-04,0.878353062888025,613.849234102659,539.176354925538
2020-12-05,0.933816638594933,594.821793447704,555.454487720344
2020-12-06,0.981651707015834,585.050945543808,574.316259384307
2020-12-07,1.01768105789103,567.566270347362,577.60144243037
2020-12-08,1.04848592114579,555.909820216399,582.863619923583
2020-12-09,1.05705912047447,535.339614102933,565.885621638788
2020-12-10,1.06189305087706,527.625786810384,560.282156477487
2020-12-11,1.04965627392203,516.312173447978,541.950312161991
2020-12-12,1.04990840745285,513.912316068074,539.560861333435
2020-12-13,1.03601840532264,509.798274845381,528.160395741546
2020-12-14,1.01637133836249,511.341040303891,519.712377493335
2020-12-15,0.986071541072404,518.540612443603,511.318140820892
2020-12-16,0.972626001074705,522.997490434854,508.680957693759
2020-12-17,0.960848239122467,521.283306592065,500.874147222923
2020-12-18,0.963025152367853,516.655010216536,497.551769935394
2020-12-19,0.966206120348489,519.226285980719,501.679615360385
2020-12-20,0.972869729660531,521.454724976344,507.307517317943
2020-12-21,0.981178353262846,523.68316397197,513.826584457494
2020-12-22,0.991233548447025,522.14039851346,517.56308000604
2020-12-23,1.01128214926781,521.797561744902,527.684559724088
2020-12-24,1.02808159731384,514.42657122091,528.872491041477
2020-12-25,1.0486699345163,514.255152836632,539.283917449858
2020-12-26,1.05491834680498,513.226642530958,541.412201275027
2020-12-27,1.06335430669664,522.654653666296,555.767076891097
2020-12-28,1.06776602519297,518.712030827882,553.863083376861
2020-12-29,1.08388465618262,520.769051439229,564.453584269756
2020-12-30,1.089317570505,520.426214670671,566.909419792168
2020-12-31,1.1037823120758,520.940469823508,575.004876235644
2021-01-01,1.10102141325438,538.93940017279,593.383820036713
2021-01-02,1.08596239819536,546.653227465339,593.644849879496
2021-01-03,1.05623177214131,549.738758382359,580.651542980965
2021-01-04,1.03103282665442,562.937973971833,580.40753053529
2021-01-05,0.993581166924912,563.452229124669,559.835523320132
2021-01-06,0.951892947281027,563.109392356111,536.019859131487
2021-01-07,0.898184936246246,572.023148338613,513.782575021894
2021-01-08,0.866084392048238,572.880240260007,496.162634602037
2021-01-09,0.839772451673798,564.652157814621,474.179326910885
2021-01-10,0.827530891988714,554.881309910725,459.181425338288
2021-01-11,0.809083137823015,551.11010545659,445.893893408791
2021-01-12,0.803709255747388,547.167482618176,439.763570224226
2021-01-13,0.798072880770923,534.31110379726,426.419201835371
2021-01-14,0.802080726472132,521.968980129181,418.661258777931
2021-01-15,0.791247478102176,498.827498251533,394.695999999543
2021-01-16,0.79725300531306,481.685659823645,384.025339910605
2021-01-17,0.800077804222688,468.143607465613,374.551309521976
2021-01-18,0.809920121311052,440.888084365272,357.084130773718
2021-01-19,0.814772356596241,421.860643710317,343.720390831062
2021-01-20,0.820729908121438,405.575897203823,332.868268848364
2021-01-21,0.822651442833286,387.919803623099,319.122786154147
2021-01-22,0.821483319617919,371.977893885163,305.573635093266
2021-01-23,0.802561424212192,360.835698907036,289.592812421433
2021-01-24,0.784839562740331,343.008186942033,269.206395455939
2021-01-25,0.772605466286231,326.380603666982,252.16343848291
2021-01-26,0.768228576418712,306.324652706353,235.327351870558
2021-01-27,0.760448338223727,292.782600348322,222.646041895703
2021-01-28,0.754934891261317,283.011752444426,213.655446557308
2021-01-29,0.750582381026454,273.412322924809,205.218472342877
2021-01-30,0.763596650223802,259.698852182499,198.305173593522
2021-01-31,0.768459901379426,243.414105676006,187.053979642144
2021-02-01,0.776299622633782,231.929073929321,180.046452569134
2021-02-02,0.781838228784997,220.958297335473,172.753643824115
2021-02-03,0.794290062665403,210.844612663019,167.471780604772
2021-02-04,0.801117848268487,200.216672837728,160.397150131237
2021-02-05,0.805900096363255,188.903059475323,152.236993834476
2021-02-06,0.818547455501842,179.475048339984,146.908844144764
2021-02-07,0.847133927699788,172.104057815993,145.795186470733
2021-02-08,0.892430094947175,162.676046680654,145.176999784847
2021-02-09,0.910675635848142,152.73378039248,139.090932574412
2021-02-10,0.921158573962659,151.19101493397,139.270899712543
2021-02-11,0.900709967690883,146.734136942719,132.164899744826
2021-02-12,0.883457546341627,143.648606025699,126.907445014859
2021-02-13,0.847670194363799,136.791870654544,115.954391585125
2021-02-14,0.83854976014215,132.163574279014,110.825733511197
2021-02-15,0.822424803363684,124.792583755023,102.63251615597
2021-02-16,0.853833056366855,121.364216069445,103.624779540142
2021-02-17,0.873569898472119,119.13577707382,104.073428682774
2021-02-18,0.921320452181975,117.421593231031,108.182915371541
2021-02-19,0.959070737481279,115.021735851127,110.313981029117
2021-02-20,1.01262175788944,111.079113012712,112.481126683733
2021-02-21,1.05107855562148,109.536347554202,115.131305975323
2021-02-22,1.08425601343343,108.507837248529,117.650275041374
2021-02-23,1.08466620622404,108.165000479971,117.322920716832
2021-02-24,1.09313181468965,105.936561484346,115.802625697365
2021-02-25,1.10530546447414,105.079469562952,116.144911911975
2021-02-26,1.12044039168446,102.165357030211,114.470192647512
2021-02-27,1.14117508556201,105.079469562952,119.914072669312
2021-02-28,1.14593858346703,107.136490174298,122.771837787965
2021-03-01,1.15227123386748,109.707765938481,126.413102822778
2021-03-02,1.16283423769496,111.593368165549,129.764589202599
2021-03-03,1.18733566219639,115.193154235405,136.772940064586
2021-03-04,1.19323938077996,116.564501309636,139.089353363635
2021-03-05,1.18970682178965,120.335705763772,143.164210052032
2021-03-06,1.16514745258743,125.649675676417,146.400399532814
2021-03-07,1.14320987193456,129.249461746273,147.759260610568
2021-03-08,1.11098688658657,132.334992663293,147.022441485449
2021-03-09,1.07728982567266,134.906268427476,145.333150396384
2021-03-10,1.04432279270562,138.163217728775,144.286997387709
2021-03-11,1.02477852806973,140.734493492958,144.221687090353
2021-03-12,1.00973892107987,143.991442794257,145.393764091806
2021-03-13,0.981279362503727,146.048463405603,143.314343065299
2021-03-14,0.960230392503768,148.619739169786,142.709190476812
2021-03-15,0.958730486986005,150.676759781133,144.458403282439
2021-03-16,0.98301753389432,151.019596549691,148.454911369992
2021-03-17,1.00386695474374,147.762647248392,148.334038718117
2021-03-18,1.04238384032593,150.162504628296,156.526968247404
2021-03-19,1.08981121850415,153.076617161037,166.824614672764
2021-03-20,1.15244803599159,153.590872313874,177.005499144359
2021-03-21,1.19029335964671,153.590872313874,182.81819541755
2021-03-22,1.22272037657508,155.990729693778,190.733043753397
2021-03-23,1.24540358976861,159.761934147913,198.968086296188
2021-03-24,1.27153829590332,163.533138602049,207.93864838177
2021-03-25,1.27817134438798,166.44725113479,212.748106752638
2021-03-26,1.27491416483022,171.075547510319,218.106638776992
2021-03-27,1.27158419569478,178.61795641859,227.127770449179
2021-03-28,1.29531445464488,185.303273405466,240.026008535112
2021-03-29,1.31476608586845,194.559866156526,255.800713693706
2021-03-30,1.32081125232465,202.102275064796,266.938959025995
2021-03-31,1.322629254888,213.75872519576,282.723543431476
2021-04-01,1.34158936833883,228.843543012301,307.014064318293
2021-04-02,1.37429288763753,239.471482837591,329.103955655714
2021-04-03,1.41255106136368,251.642188121392,355.457439914751
2021-04-04,1.42807547909645,266.555587553654,380.661498401521
2021-04-05,1.42721723910778,286.097283361446,408.322974875359
2021-04-06,1.39329874769906,309.410183623373,431.100821367781
2021-04-07,1.33712498622479,333.065920653858,445.350764566239
2021-04-08,1.26778168494302,350.722014234583,444.638946152929
2021-04-09,1.20425322305468,365.121158514008,439.698331945953
2021-04-10,1.15159278712783,376.777608644972,433.894376466821
2021-04-11,1.12927531382896,390.83391615584,441.359093321887
2021-04-12,1.11787433901335,414.489653186325,463.347347083536
2021-04-13,1.1222914612686,436.088369605463,489.418253566756
2021-04-14,1.13565111714748,453.230208033351,514.711392078062
2021-04-15,1.1539941819839,468.143607465613,540.234999348271
2021-04-16,1.16637773441204,482.714170129318,563.027060124022
2021-04-17,1.15714212721001,497.113314408744,575.230758099353
2021-04-18,1.12642652039436,513.398060915237,578.305191333961
2021-04-19,1.10213601555297,530.539899343125,584.727130753905
2021-04-20,1.08356473451364,535.85386925577,580.632355578238
2021-04-21,1.06905604341144,536.196706024328,573.224329032615
2021-04-22,1.04759161014754,549.395921613801,575.542558131892
2021-04-23,1.02267754355711,567.223433578804,580.086667700399
2021-04-24,1.00124399984968,575.451516024191,576.16737762362
2021-04-25,0.981149929560657,585.050945543808,574.022694009702
2021-04-26,0.968119176284894,586.422292618039,567.726666884475
2021-04-27,0.974937114278481,584.365272006692,569.719391974764
2021-04-28,1.00270381317462,594.478956679146,596.086316714251
2021-04-29,1.03090761994986,590.022078687895,608.258256858005
2021-04-30,1.05478663926213,596.535977290492,629.218178685191
2021-05-01,1.06961438127414,605.792570041552,647.964444985468
2021-05-02,1.08082132019006,610.763703185639,660.126432001273
2021-05-03,1.08697265559476,612.992142181265,666.305696645491
2021-05-04,1.08684329725517,609.04951934285,661.94138779426
2021-05-05,1.08901698581362,618.648948862468,673.719213566967
2021-05-06,1.10028260317167,616.934765019679,678.802589242956
2021-05-07,1.12563330632812,625.162847465065,703.704122985603
2021-05-08,1.15367068950569,641.961849124395,740.612569115688
2021-05-09,1.17723640178862,648.990002879829,764.014655787034
2021-05-10,1.21018314314079,671.274392836083,812.364954632299
2021-05-11,1.25147497536015,690.816088643875,864.539047513986
2021-05-12,1.29217323657663,709.157855761715,916.354801723361
2021-05-13,1.32444779951834,730.413735412296,967.394864604787
2021-05-14,1.35656617065351,766.754432879417,1040.15312484283
2021-05-15,1.36932127269433,806.523498032117,1104.38978278322
2021-05-16,1.3647427875153,837.550225586594,1143.04062955112
2021-05-17,1.32380518716549,893.432618861508,1182.73073523171
2021-05-18,1.26810686497783,946.57231798796,1200.35485463851
2021-05-19,1.1930578489741,978.62755584811,1167.55928672693
2021-05-20,1.11767675116708,1021.31073353355,1141.49526258784
2021-05-21,1.03877004753899,1045.65214410115,1086.1921274372
2021-05-22,0.992445715165315,1082.84993348967,1074.66977665887
2021-05-23,0.96967442551937,1115.41942650265,1081.59369160711
2021-05-24,0.958848699195159,1133.41835685194,1086.77671711139
2021-05-25,0.946779888251845,1166.84494178632,1104.74532359168
2021-05-26,0.929515031669148,1184.8438721356,1101.33018933112
2021-05-27,0.910618987725165,1205.58549663334,1097.8290445604
2021-05-28,0.883725211744375,1195.98606711373,1056.9230404034
2021-05-29,0.861269388884147,1178.84422868584,1015.30244842986
2021-05-30,0.846778936833442,1160.502461568,982.689040599142
2021-05-31,0.847481416250253,1125.53311117511,953.868395095234
2021-06-01,0.852563965748628,1103.24872121885,940.590104969448
2021-06-02,0.876118146875671,1088.16390340231,953.36014254583
2021-06-03,0.902501671160944,1060.90838030197,957.471586171179
2021-06-04,0.939973949099547,1043.93796025836,981.274487118978
2021-06-05,0.963286191642295,1011.88272239821,974.732654047611
2021-06-06,0.983467258329564,1001.08336418864,984.53271153794
2021-06-07,0.985275756077643,988.226985367727,973.676090184516
2021-06-08,0.983122043467364,962.171390957337,945.931904043813
2021-06-09,0.964037612326939,939.887001001083,906.086420302212
2021-06-10,0.943180439996589,921.030978730407,868.698403769434
2021-06-11,0.90687430033787,910.403038905117,825.621118932548
2021-06-12,0.865886687422553,896.346731394249,776.134702028998
2021-06-13,0.820430814480194,888.290067333141,728.780543436796
2021-06-14,0.792750115186953,869.776881831023,689.515723258492
2021-06-15,0.781510673167891,843.892705804912,659.51115659507
2021-06-16,0.793065125046534,819.551295237312,649.957550439427
2021-06-17,0.816102976550772,800.181017813798,653.030110417267
2021-06-18,0.86749563888222,782.867761001632,679.134368490404
2021-06-19,0.926741433920749,767.95436156937,711.695126226491
2021-06-20,0.985642206793143,742.241603927538,731.58465246882
2021-06-21,1.01886072045803,718.071611744216,731.614959682168
2021-06-22,1.03230017099209,706.929416766089,729.763357806974
2021-06-23,1.01551106598061,693.901619560895,704.664773365956
2021-06-24,0.984686107131092,677.959709822959,667.577507457294
2021-06-25,0.930062020961999,657.732340478052,611.731869837082
2021-06-26,0.886513111722139,639.219154975933,566.676162150111
2021-06-27,0.867809529371768,622.591571700882,540.290898828571
2021-06-28,0.888284314888906,609.563774495687,541.465939808997
2021-06-29,0.919769926894964,603.392712661648,554.982471213758
2021-06-30,0.95372473308269,599.278671438954,571.546890960266
2021-07-01,0.977511876806158,606.13540681011,592.504559109615
2021-07-02,0.994936507991497,604.935478120157,601.872392161036
2021-07-03,0.996037928343149,597.221650827608,594.855415852006
2021-07-04,0.975616743890673,587.622221307991,573.294078190306
2021-07-05,0.937269304282016,576.137189561306,539.995702831121
2021-07-06,0.899051851416675,561.73804528188,505.031629621859
2021-07-07,0.872915872373427,551.452942225148,481.372026135358
2021-07-08,0.861028670362713,538.596563404232,463.747082849873
2021-07-09,0.858780979037911,528.997133884615,454.292676545679
2021-07-10,0.862839278513695,520.59763305495,449.19208610107
2021-07-11,0.872480039685748,516.826428600815,450.920742936282
2021-07-12,0.876963744013558,510.483948382496,447.675914632338
2021-07-13,0.872641514339216,502.427284321389,438.438906235556
2021-07-14,0.861975652224922,491.62792611182,423.771302262221
2021-07-15,0.856209883103468,473.28615899398,405.232286866725
2021-07-16,0.860977630235734,456.144320566092,392.730056166483
2021-07-17,0.873905481788726,442.088013055224,386.343138042046
2021-07-18,0.883023876621407,429.917307771424,379.627247734961
2021-07-19,0.901151969098942,421.174970173201,379.542653706768
2021-07-20,0.922680887179584,409.689938426516,378.013075855927
2021-07-21,0.945766546698512,398.547743448389,376.933123015668
2021-07-22,0.953840299922222,390.148242618724,372.139116753572
2021-07-23,0.953859292005797,384.320017553243,366.587219846992
2021-07-24,0.946046489465426,377.977537334924,357.584322292492
2021-07-25,0.940820762811128,369.749454889538,347.867964198174
2021-07-26,0.920062682387177,358.77867829569,330.098873136058
2021-07-27,0.896280656790269,352.779034845929,316.189025053547
2021-07-28,0.879119866039755,349.179248776073,306.970414407883
2021-07-29,0.882092882145458,342.151095020639,301.80904553598
2021-07-30,0.899992425972326,333.408757422416,300.065356433019
2021-07-31,0.915562877026648,327.237695588376,299.606686044464
2021-08-01,0.920721946642518,325.866348514145,300.032298749233
2021-08-02,0.91971237356229,322.09514406001,296.23488945632
2021-08-03,0.922094529988092,320.209541832943,295.263466974149
2021-08-04,0.918077351704917,309.753020391931,284.377232644023
2021-08-05,0.90435451280048,300.839264409429,272.065346396244
2021-08-06,0.877663744960164,295.011039343948,258.920493595199
2021-08-07,0.858552774629681,289.354232662745,248.425879303442
2021-08-08,0.831458884574007,283.868844365821,236.025272701718
2021-08-09,0.812275822127471,275.983598688992,224.174804518799
2021-08-10,0.79067253024532,266.212750785096,210.487109246819
2021-08-11,0.791450219961984,258.670341876826,204.724698976055
2021-08-12,0.806966282846468,249.070912357208,200.991828310075
2021-08-13,0.83086842129969,243.756942444563,202.529945949754
2021-08-14,0.83947409233177,236.385951920572,198.439882428503
2021-08-15,0.857267256108908,229.357798165138,196.620930300208
2021-08-16,0.870460341562268,221.815389256867,193.0814994963
2021-08-17,0.869189848097199,207.244826593162,180.135099345441
2021-08-18,0.846002970040192,202.616530217633,171.414186343356
2021-08-19,0.80889913747062,197.988233842103,160.152511584209
2021-08-20,0.769077244387858,188.731641091044,145.149210459098
2021-08-21,0.723837543807182,178.103701265753,128.918145667171
2021-08-22,0.684497757259652,168.847108514694,115.575467098085
2021-08-23,0.660114195615816,161.476117990702,106.592677738597
2021-08-24,0.671669170863738,153.933709082432,103.392526747377
2021-08-25,0.691035024107943,143.820024409978,99.384674035354
2021-08-26,0.722517660830754,138.334636113054,99.9492176962772
2021-08-27,0.741582533156496,130.792227204783,96.9932311677032
2021-08-28,0.766578213626461,127.535277903485,97.7657655096075
2021-08-29,0.764877730855255,118.792940305262,90.8620746223124
2021-08-30,0.758211064188588,107.307908558577,81.3620435440504
2021-08-31,0.727174533152057,101.136846724538,73.5441393013867
2021-09-01,0.693936188762634,93.5944378162669,64.9485674676016
2021-09-02,0.657234678890392,87.2519575979485,57.3450123344458
2021-09-03,0.645389144656798,81.2523141481878,52.4393615294843
2021-09-04,0.669748029104048,75.7669258512637,50.7447492601564
2021-09-05,0.719502895372675,69.4244456329452,49.951089642547
2021-09-06,0.779751342577644,64.4533124888578,50.2575569467633
2021-09-07,0.822718375544677,61.1963631875591,50.3473725109108
2021-09-08,0.851217654043956,59.8250161133281,50.924109869129
2021-09-09,0.860091782963816,56.3966484277506,48.5062938994075
2021-09-10,0.860337805597899,52.6254439736153,45.2756589868753
2021-09-11,0.851991204546131,48.1685659823645,41.0391945525745
2021-09-12,0.850313568722153,45.0830350653447,38.3347164352392
2021-09-13,0.832555964008027,42.1689225326038,35.1079879503117
2021-09-14,0.801791844406698,40.2833203055361,32.2988376866016
2021-09-15,0.770045812660666,38.7405548470262,29.8320020401034
2021-09-16,0.743904939644793,37.3692077727952,27.799138252795
2021-09-17,0.712769408509262,35.4836055457276,25.2916285366042
2021-09-18,0.678032109334273,33.9408400872177,23.0129793969134
2021-09-19,0.668517233965739,33.0837481658233,22.1170558130353
2021-09-20,0.696774690794624,30.683890785919,21.3797585147347
2021-09-21,0.766240109097252,28.6268701745725,21.9350561256773
2021-09-22,0.806612779904705,26.3984311789471,21.2933119583736
2021-09-23,0.833914367206293,25.7127576418316,21.4422380180167
2021-09-24,0.836621804696339,24.5128289518794,20.507967195934
2021-09-25,0.827748690233162,23.4843186462062,19.4391140004154
2021-09-26,0.796613159097631,22.1129715719752,17.6154841409872
2021-09-27,0.735388669301713,20.0559509606286,14.7489190885171
2021-09-28,0.663578126902935,18.6846038863976,12.398694448859
2021-09-29,0.623205456095482,16.9704200436088,10.5760583634091
2021-09-30,0.573681646571672,16.1133281222145,9.24392060890161
2021-10-01,0.54029655340397,14.7419810479834,7.9650415505721
2021-10-02,0.542366946778711,14.2277258951468,7.71664825335518
2021-10-03,0.589985994397759,13.7134707423102,8.09075567254644
2021-10-04,0.637605042016807,11.8278685152425,7.54150860163047
2021-10-05,0.610714285714286,11.3136133624059,6.90938530346931
2021-10-06,0.610714285714286,10.7993582095693,6.5953223351298
2021-10-07,0.670238095238095,9.59942951961712,6.43390335660052
2021-10-08,0.745238095238095,8.57091921394386,6.38737550943911
2021-10-09,0.874489795918367,7.02815375543396,6.14604874327235
2021-10-10,1.3030612244898,7.02815375543396,9.15811463845834
2021-10-11,1.68401360544218,6.68531698687621,11.2581647625932
2021-10-12,1.81734693877551,6.17106183403958,11.2149603330862
2021-10-13,1.85702947845805,6.34248021831845,11.7781727319544
2021-10-14,1.84079571222428,5.82822506548182,10.728571710417
2021-10-15,1.82910740053597,5.9996434497607,10.9739922345345
2021-10-16,1.73448773448773,5.9996434497607,10.4063079749096
2021-10-17,1.32377344877345,5.82822506548182,7.71524959516073
2021-10-18,0.902004741290456,6.34248021831845,5.72094722846417
2021-10-19,0.772753040610183,6.51389860259733,5.03363495138351
2021-10-20,0.677514945372088,6.17106183403958,4.1809866213771
2021-10-21,0.627762317047952,6.17106183403958,3.87396007558287
2021-10-22,0.596025733525641,6.17106183403958,3.67811165626553
2021-10-23,0.533412698412588,6.34248021831845,3.3831594878817
2021-10-24,0.385515873015734,5.82822506548182,2.24687327425141
