"fecha","rho7dpromedio","incidenciaAcum14d","riesgopor10"
2020-02-18,0,0,0
2020-02-19,0,0,0
2020-02-20,0,0,0
2020-02-21,0,0,0
2020-02-22,0,0,0
2020-02-23,0,0,0
2020-02-24,0,0,0
2020-02-25,0,0,0
2020-02-26,0,0,0
2020-02-27,0,0,0
2020-02-28,0,0,0
2020-02-29,0,0,0
2020-03-01,0,0,0
2020-03-02,0,0,0
2020-03-03,0,0,0
2020-03-04,0,0,0
2020-03-05,0,0,0
2020-03-06,0,0,0
2020-03-07,0,0,0
2020-03-08,0,0,0
2020-03-09,0,0,0
2020-03-10,0,0,0
2020-03-11,0,0,0
2020-03-12,0,0,0
2020-03-13,0,0,0
2020-03-14,0,0,0
2020-03-15,0,0,0
2020-03-16,0,0,0
2020-03-17,0,0,0
2020-03-18,0,0,0
2020-03-19,0,0,0
2020-03-20,0,0,0
2020-03-21,0,0,0
2020-03-22,0,0,0
2020-03-23,0,0,0
2020-03-24,0,0,0
2020-03-25,0.142857142857143,0,0
2020-03-26,0.285714285714286,0,0
2020-03-27,0.428571428571429,0,0
2020-03-28,0.428571428571429,0,0
2020-03-29,0.428571428571429,1.11970798015877,0.479874848639475
2020-03-30,0.428571428571429,1.11970798015877,0.479874848639475
2020-03-31,0.428571428571429,1.11970798015877,0.479874848639475
2020-04-01,0.285714285714286,1.11970798015877,0.31991656575965
2020-04-02,0.142857142857143,1.11970798015877,0.159958282879825
2020-04-03,0,1.11970798015877,0
2020-04-04,0,1.11970798015877,0
2020-04-05,0,1.11970798015877,0
2020-04-06,0.142857142857143,1.11970798015877,0.159958282879825
2020-04-07,0.285714285714286,1.11970798015877,0.31991656575965
2020-04-08,0.428571428571429,1.11970798015877,0.479874848639475
2020-04-09,0.428571428571429,1.11970798015877,0.479874848639475
2020-04-10,0.428571428571429,2.23941596031755,0.95974969727895
2020-04-11,0.428571428571429,2.23941596031755,0.95974969727895
2020-04-12,0.428571428571429,1.11970798015877,0.479874848639475
2020-04-13,0.285714285714286,1.11970798015877,0.31991656575965
2020-04-14,0.142857142857143,1.11970798015877,0.159958282879825
2020-04-15,0,1.11970798015877,0
2020-04-16,0,1.11970798015877,0
2020-04-17,0,1.11970798015877,0
2020-04-18,0,1.11970798015877,0
2020-04-19,0,1.11970798015877,0
2020-04-20,0,1.11970798015877,0
2020-04-21,0,1.11970798015877,0
2020-04-22,0,1.11970798015877,0
2020-04-23,0,1.11970798015877,0
2020-04-24,0,0,0
2020-04-25,0,0,0
2020-04-26,0,0,0
2020-04-27,0,0,0
2020-04-28,0,0,0
2020-04-29,0,0,0
2020-04-30,0,0,0
2020-05-01,0,0,0
2020-05-02,0,0,0
2020-05-03,0,0,0
2020-05-04,0,0,0
2020-05-05,0.142857142857143,0,0
2020-05-06,0.428571428571429,0,0
2020-05-07,0.714285714285714,0,0
2020-05-08,0.857142857142857,0,0
2020-05-09,0.857142857142857,1.11970798015877,0.95974969727895
2020-05-10,0.857142857142857,2.23941596031755,1.9194993945579
2020-05-11,0.857142857142857,2.23941596031755,1.9194993945579
2020-05-12,0.714285714285714,2.23941596031755,1.59958282879825
2020-05-13,0.428571428571429,2.23941596031755,0.95974969727895
2020-05-14,0.142857142857143,2.23941596031755,0.31991656575965
2020-05-15,0.142857142857143,2.23941596031755,0.31991656575965
2020-05-16,0.285714285714286,2.23941596031755,0.6398331315193
2020-05-17,0.571428571428571,2.23941596031755,1.2796662630386
2020-05-18,0.714285714285714,2.23941596031755,1.59958282879825
2020-05-19,0.857142857142857,3.35912394047632,2.87924909183685
2020-05-20,0.857142857142857,3.35912394047632,2.87924909183685
2020-05-21,0.857142857142857,4.4788319206351,3.8389987891158
2020-05-22,0.714285714285714,4.4788319206351,3.1991656575965
2020-05-23,0.571428571428571,3.35912394047632,1.9194993945579
2020-05-24,0.285714285714286,2.23941596031755,0.6398331315193
2020-05-25,0.142857142857143,2.23941596031755,0.31991656575965
2020-05-26,0.142857142857143,2.23941596031755,0.31991656575965
2020-05-27,0.285714285714286,2.23941596031755,0.6398331315193
2020-05-28,0.428571428571429,2.23941596031755,0.95974969727895
2020-05-29,0.428571428571429,2.23941596031755,0.95974969727895
2020-05-30,0.428571428571429,3.35912394047632,1.43962454591842
2020-05-31,0.428571428571429,3.35912394047632,1.43962454591842
2020-06-01,0.428571428571429,3.35912394047632,1.43962454591842
2020-06-02,0.285714285714286,2.23941596031755,0.6398331315193
2020-06-03,0.142857142857143,2.23941596031755,0.31991656575965
2020-06-04,0,1.11970798015877,0
2020-06-05,0,1.11970798015877,0
2020-06-06,0,1.11970798015877,0
2020-06-07,0,1.11970798015877,0
2020-06-08,0,1.11970798015877,0
2020-06-09,0,1.11970798015877,0
2020-06-10,0.142857142857143,1.11970798015877,0.159958282879825
2020-06-11,0.285714285714286,1.11970798015877,0.31991656575965
2020-06-12,0.428571428571429,1.11970798015877,0.479874848639475
2020-06-13,0.428571428571429,0,0
2020-06-14,0.571428571428571,1.11970798015877,0.6398331315193
2020-06-15,1,1.11970798015877,1.11970798015877
2020-06-16,1.57142857142857,1.11970798015877,1.75954111167807
2020-06-17,2,1.11970798015877,2.23941596031755
2020-06-18,2.42857142857143,2.23941596031755,5.43858161791405
2020-06-19,2.85714285714286,4.4788319206351,12.796662630386
2020-06-20,3.28571428571429,5.59853990079387,18.3952025311799
2020-06-21,3.71428571428571,11.1970798015877,41.5891535487545
2020-06-22,3.58928571428571,11.1970798015877,40.189518573556
2020-06-23,3.58928571428571,16.7956197023816,60.284277860334
2020-06-24,3.46071428571429,21.2744516230167,73.6247986525114
2020-06-25,3.42896825396825,30.2321154642869,103.664964177343
2020-06-26,3.09283380018674,35.8306553650808,110.818261995964
2020-06-27,2.89955648926237,53.7459830476212,155.839513917515
2020-06-28,2.52024614443479,63.8233548690502,160.850564033617
2020-06-29,2.44248116747626,72.7810187103203,177.766267549695
2020-06-30,2.0853383103334,83.9780985119081,175.122746055834
2020-07-01,1.87207300421095,95.1751783134958,178.174881991659
2020-07-02,1.51606393391617,115.329921956354,174.847535179395
2020-07-03,1.42362695912625,135.484665599212,192.879622495243
2020-07-04,1.30495091728094,147.801453380958,192.873642164938
2020-07-05,1.23328086995167,156.759117222228,193.328020460685
2020-07-06,1.15985537071972,169.075905003975,196.103596478157
2020-07-07,1.11223632310067,180.272984805563,200.506161774522
2020-07-08,1.0108496145711,191.47006460715,193.547441010042
2020-07-09,0.959319002326205,198.188312488103,190.125814208801
2020-07-10,0.96596352059863,214.983932190485,207.666636010858
2020-07-11,1.00708354003498,206.026268349215,207.485663669323
2020-07-12,1.05670338797415,202.667144408738,214.15905812776
2020-07-13,1.16962855804218,218.343056130961,255.380273900979
2020-07-14,1.25778814620177,225.061304011914,283.079440354897
2020-07-15,1.38355127196489,230.659843912708,319.12972043665
2020-07-16,1.46973725579239,230.659843912708,339.009366013763
2020-07-17,1.62880702323425,242.976631694454,395.762044185728
2020-07-18,1.76777222469945,247.455463615089,437.44489542888
2020-07-19,1.90073450051887,269.849623218265,512.912488802973
2020-07-20,1.8872140923556,293.363490801599,553.63971402341
2020-07-21,1.84050071230889,324.715314246045,597.63876716745
2020-07-22,1.74129436310254,376.221881333348,655.113041241592
2020-07-23,1.65100785017452,401.975164877,663.664152787123
2020-07-24,1.47815070731737,428.848156400811,633.90220571561
2020-07-25,1.31113332753404,461.319687825415,604.8516173555
2020-07-26,1.1654880123972,493.79121925002,575.507746662894
2020-07-27,1.05411743852662,522.903626734148,551.201831609281
2020-07-28,1.00184871959124,559.853990079387,560.889003119079
2020-07-29,0.988869843830406,577.769317761928,571.338655025238
2020-07-30,1.02265787293094,612.48026514685,626.357765167253
2020-07-31,1.04628424655731,615.839389087326,644.343051211546
2020-08-01,1.09051137311561,651.670044452407,710.653594994105
2020-08-02,1.06624326833903,670.705080115106,715.134776713522
2020-08-03,1.04487574697151,687.500699817488,718.352807265233
2020-08-04,0.981642428565777,693.099239718282,680.375620914148
2020-08-05,0.93148501532825,676.3036200159,629.966687857062
2020-08-06,0.868634250022127,668.465664154788,580.652170848638
2020-08-07,0.812661767220376,658.388292333359,535.046993164834
2020-08-08,0.745242230235622,649.430628492089,483.983129960766
2020-08-09,0.721547839519955,641.592672630978,462.939806788716
2020-08-10,0.716171495433933,631.515300809549,452.273257370185
2020-08-11,0.729598949600812,600.163477365103,437.87864267435
2020-08-12,0.732676383596494,590.086105543674,432.342153820278
2020-08-13,0.732999927648261,566.57223796034,415.297409432443
2020-08-14,0.754631751109353,554.255450178593,418.258760930175
2020-08-15,0.777481873959476,522.903626734148,406.548091613471
2020-08-16,0.797027635526514,484.833555408749,386.425742291349
2020-08-17,0.850426578482592,455.721147924621,387.557376571695
2020-08-18,0.902283023719395,431.087572361128,388.962998277852
2020-08-19,0.943634395728873,403.094872857159,380.374186769972
2020-08-20,0.942412283294529,390.778085075412,368.274067417383
2020-08-21,0.931697997580244,385.179545174618,358.871010948061
2020-08-22,0.920366790596863,368.383925472237,339.048331194357
2020-08-23,0.916115089916591,353.827721730173,324.14691510782
2020-08-24,0.863330586284629,328.074438186521,283.23669706457
2020-08-25,0.829659451926996,326.954730206362,271.261082267949
2020-08-26,0.800747887301146,325.835022226203,260.911705656354
2020-08-27,0.805423756077565,309.039402523822,248.907676356703
2020-08-28,0.795034145687954,297.842322722234,236.794816595187
2020-08-29,0.790116961422944,290.004366861123,229.137369143695
2020-08-30,0.79397183670639,286.645242920646,227.588250004855
2020-08-31,0.822543265277819,279.926995039694,230.252064539357
2020-09-01,0.830723843978016,264.251083317471,219.519675708844
2020-09-02,0.859295272549445,254.173711496042,218.410268694895
2020-09-03,0.906914320168492,247.455463615089,224.420903556458
2020-09-04,0.969684882939055,230.659843912708,223.667363743235
2020-09-05,1.00677279502697,226.181011992072,227.712889625287
2020-09-06,1.0323367048014,222.821888051596,230.027213668812
2020-09-07,1.02481790780892,223.941596031755,229.499357916654
2020-09-08,1.01384229805282,214.983932190485,217.959803856434
2020-09-09,0.959760665399763,204.906560369056,196.661256724582
2020-09-10,0.889524098372439,208.265684309532,185.257345057355
2020-09-11,0.806481125085563,201.547436428579,162.544203289032
2020-09-12,0.739631308235746,198.188312488103,146.586280842611
2020-09-13,0.661126221990722,191.47006460715,126.585880438045
2020-09-14,0.609121209459394,181.392692785721,110.490136416735
2020-09-15,0.611916240515294,180.272984805563,110.311967128691
2020-09-16,0.649331206501689,172.435028944451,111.967445387654
2020-09-17,0.705246255448096,161.237949142864,113.712459869135
2020-09-18,0.75654319698894,152.280285301593,115.206613880455
2020-09-19,0.867087414676015,152.280285301593,132.040318888285
2020-09-20,0.920028591146604,141.083205500006,129.800582790617
2020-09-21,0.93669525781327,129.886125698418,121.663717997446
2020-09-22,0.905328798185941,124.287585797624,112.521130679595
2020-09-23,0.903928237961851,116.449629936513,105.262108799821
2020-09-24,0.8656181770954,104.132842154766,90.1392810017716
2020-09-25,0.82593563741286,99.654010234131,82.3077984634746
2020-09-26,0.713690739453676,92.9357623531783,66.3273929555309
2020-09-27,0.673031398794335,92.9357623531783,62.5486861345775
2020-09-28,0.624051806957601,88.4569304325432,55.2017072743514
2020-09-29,0.608117741023535,79.499266591273,48.3449144125127
2020-09-30,0.573804015533339,78.3795586111142,44.974505466788
2020-10-01,0.654631083202512,77.2598506309555,50.5766997066066
2020-10-02,0.648678702250131,69.421894769844,45.0325046070476
2020-10-03,0.709903192046049,63.8233548690502,45.3084033486265
2020-10-04,0.703623757195186,62.7036468888914,44.119775613802
2020-10-05,0.734236002093145,58.2248149682563,42.7507553649056
2020-10-06,0.685884353741497,50.3868591071449,34.5595582957679
2020-10-07,0.602551020408163,47.0277351666685,28.336609812161
2020-10-08,0.452210884353746,42.5489032460334,19.2410771651708
2020-10-09,0.423412698412704,39.1897793055571,16.5934502059643
2020-10-10,0.308095238095245,34.710947384922,10.6942775990691
2020-10-11,0.242261904761913,26.8729915238106,6.51030211320911
