"fecha","rho7dpromedio","incidenciaAcum14d","riesgopor10"
2020-01-06,0.75,0,0
2020-01-07,0.6,0,0
2020-01-08,0.5,1.29433083096039,0.647165415480197
2020-01-09,0.428571428571429,1.29433083096039,0.55471321326874
2020-01-10,0.428571428571429,1.29433083096039,0.55471321326874
2020-01-11,0.285714285714286,1.29433083096039,0.369808808845827
2020-01-12,0.142857142857143,1.29433083096039,0.184904404422913
2020-01-13,0,1.29433083096039,0
2020-01-14,0,1.29433083096039,0
2020-01-15,0,1.29433083096039,0
2020-01-16,0.142857142857143,1.29433083096039,0.184904404422913
2020-01-17,0.285714285714286,1.29433083096039,0.369808808845827
2020-01-18,0.428571428571429,1.29433083096039,0.55471321326874
2020-01-19,0.428571428571429,1.29433083096039,0.55471321326874
2020-01-20,0.428571428571429,2.58866166192079,1.10942642653748
2020-01-21,0.428571428571429,2.58866166192079,1.10942642653748
2020-01-22,0.428571428571429,1.29433083096039,0.55471321326874
2020-01-23,0.285714285714286,1.29433083096039,0.369808808845827
2020-01-24,0.142857142857143,1.29433083096039,0.184904404422913
2020-01-25,0,1.29433083096039,0
2020-01-26,0,1.29433083096039,0
2020-01-27,0,1.29433083096039,0
2020-01-28,0.142857142857143,1.29433083096039,0.184904404422913
2020-01-29,0.285714285714286,1.29433083096039,0.369808808845827
2020-01-30,0.428571428571429,1.29433083096039,0.55471321326874
2020-01-31,0.428571428571429,1.29433083096039,0.55471321326874
2020-02-01,0.428571428571429,2.58866166192079,1.10942642653748
2020-02-02,0.428571428571429,2.58866166192079,1.10942642653748
2020-02-03,0.428571428571429,1.29433083096039,0.55471321326874
2020-02-04,0.285714285714286,1.29433083096039,0.369808808845827
2020-02-05,0.142857142857143,1.29433083096039,0.184904404422913
2020-02-06,0,1.29433083096039,0
2020-02-07,0,1.29433083096039,0
2020-02-08,0,1.29433083096039,0
2020-02-09,0,1.29433083096039,0
2020-02-10,0,1.29433083096039,0
2020-02-11,0,1.29433083096039,0
2020-02-12,0,1.29433083096039,0
2020-02-13,0.142857142857143,1.29433083096039,0.184904404422913
2020-02-14,0.428571428571429,1.29433083096039,0.55471321326874
2020-02-15,0.714285714285714,0,0
2020-02-16,0.857142857142857,0,0
2020-02-17,0.857142857142857,1.29433083096039,1.10942642653748
2020-02-18,0.857142857142857,2.58866166192079,2.21885285307496
2020-02-19,0.857142857142857,2.58866166192079,2.21885285307496
2020-02-20,0.714285714285714,2.58866166192079,1.84904404422913
2020-02-21,0.428571428571429,2.58866166192079,1.10942642653748
2020-02-22,0.142857142857143,2.58866166192079,0.369808808845827
2020-02-23,0,2.58866166192079,0
2020-02-24,0,2.58866166192079,0
2020-02-25,0,2.58866166192079,0
2020-02-26,0,2.58866166192079,0
2020-02-27,0,2.58866166192079,0
2020-02-28,0,2.58866166192079,0
2020-02-29,0.142857142857143,2.58866166192079,0.369808808845827
2020-03-01,0.285714285714286,2.58866166192079,0.739617617691653
2020-03-02,0.428571428571429,1.29433083096039,0.55471321326874
2020-03-03,0.428571428571429,0,0
2020-03-04,0.571428571428571,1.29433083096039,0.739617617691653
2020-03-05,0.857142857142857,1.29433083096039,1.10942642653748
2020-03-06,1.28571428571429,1.29433083096039,1.66413963980622
2020-03-07,1.42857142857143,1.29433083096039,1.84904404422913
2020-03-08,1.42857142857143,2.58866166192079,3.69808808845827
2020-03-09,1.57142857142857,3.88299249288118,6.10184534595614
2020-03-10,1.78571428571429,5.17732332384157,9.24522022114567
2020-03-11,2.11904761904762,5.17732332384157,10.9709946624262
2020-03-12,2.4047619047619,5.17732332384157,12.4502298978095
2020-03-13,2.54761904761905,7.76598498576236,19.7847712732517
2020-03-14,2.83333333333333,9.06031581672275,25.6708948140478
2020-03-15,3.26190476190476,18.1206316334455,59.107774613858
2020-03-16,3.14761904761905,28.4752782811287,89.6293283039335
2020-03-17,3.03154761904762,41.4185865907326,125.562417563453
2020-03-18,2.61821428571429,44.0072482526534,115.220406050072
2020-03-19,2.10801020408163,50.4789024074554,106.410041365757
2020-03-20,1.65562925170068,55.6562257312969,92.1460753599913
2020-03-21,1.22705782312925,58.2448873932177,71.4698447331301
2020-03-22,0.811473407544836,63.4222107170593,51.4654374445987
2020-03-23,0.717966914038343,64.7165415480197,46.4643356224659
2020-03-24,0.68324469181612,73.7768573647424,50.4076461733353
2020-03-25,0.668006596578025,76.3655190266632,51.0126704609157
2020-03-26,0.666305916305916,78.954180688584,52.6076377098898
2020-03-27,0.654401154401154,78.954180688584,51.6677069874067
2020-03-28,0.725829725829726,77.6598498576236,56.3678275301366
2020-03-29,0.998556998556999,72.482526533782,72.3779341434014
2020-03-30,1.23492063492063,64.7165415480197,79.9197925783481
2020-03-31,1.45714285714286,56.9505565622573,82.9850967050035
2020-04-01,1.52063492063492,56.9505565622573,86.6010050581627
2020-04-02,1.55634920634921,56.9505565622573,88.6349535068148
2020-04-03,1.56825396825397,55.6562257312969,87.283096861145
2020-04-04,1.47085137085137,55.6562257312969,81.8620359132914
2020-04-05,1.1994227994228,51.7732332384157,62.0979963459901
2020-04-06,0.987177901463616,51.7732332384157,51.1093917402856
2020-04-07,0.89193980622552,49.184571576495,43.8696772412242
2020-04-08,0.895114409400124,47.8902407455346,42.8672445609689
2020-04-09,1.00622552051123,50.4789024074554,50.7931598497776
2020-04-10,1.04302205730777,47.8902407455346,49.9505774273719
2020-04-11,1.21185322613894,53.0675640693761,64.3100987208084
2020-04-12,1.17971036899608,54.3618949003365,64.1312910922023
2020-04-13,1.16695526695527,58.2448873932177,67.9691781167318
2020-04-14,1.00944610944611,56.9505565622573,57.4885177525612
2020-04-15,0.930874680874681,55.6562257312969,51.8089713663102
2020-04-16,0.767382617382617,51.7732332384157,39.7298792328562
2020-04-17,0.693171114599686,49.184571576495,34.093324300787
2020-04-18,0.521742543171115,46.5959099145742,24.3110685402021
2020-04-19,0.777694924123496,46.5959099145742,36.23740262548
2020-04-20,1.21221873364731,45.3015790836138,54.9154228289615
2020-04-21,1.75068027210884,38.8299249288118,67.9787835403382
2020-04-22,2.14353741496599,40.1242557597722,86.0078434687362
2020-04-23,2.4578231292517,41.4185865907326,101.799560103617
2020-04-24,2.46547619047619,46.5959099145742,114.881106467956
2020-04-25,2.42911255411255,49.184571576495,119.474860285111
2020-04-26,2.10530303030303,46.5959099145742,98.09851034288
2020-04-27,1.64101731601732,42.712917421693,70.0926371066159
2020-04-28,1.09816017316017,40.1242557597722,44.0628596530745
2020-04-29,0.698160173160173,41.4185865907326,28.9168075862355
2020-04-30,0.36482683982684,41.4185865907326,15.1106120559913
2020-05-01,0.299350649350649,40.1242557597722,12.0112220163993
2020-05-02,0.25,40.1242557597722,10.031063939943
2020-05-03,0.264285714285714,38.8299249288118,10.2621944454717
2020-05-04,0.633333333333333,37.5355940978514,23.7725429286392
2020-05-05,0.89047619047619,36.241263266891,32.2719820519458
2020-05-06,1.29047619047619,34.9469324359306,45.0981842387486
2020-05-07,1.40952380952381,28.4752782811287,40.1365827200671
2020-05-08,1.52857142857143,25.8866166192079,39.5695425465035
2020-05-09,1.54761904761905,18.1206316334455,28.0438346708085
2020-05-10,1.54761904761905,16.8263008024851,26.0407036228936
2020-05-11,1.21428571428571,14.2376391405643,17.2885618135424
2020-05-12,1.07142857142857,12.9433083096039,13.8678303317185
2020-05-13,0.785714285714286,10.3546466476831,8.13579379460819
2020-05-14,0.928571428571429,7.76598498576236,7.21127177249362
2020-05-15,1.07142857142857,9.06031581672275,9.70748123220295
2020-05-16,1.16666666666667,9.06031581672275,10.5703684528432
2020-05-17,1.0952380952381,7.76598498576236,8.50560260345401
2020-05-18,1.14285714285714,10.3546466476831,11.8338818830665
2020-05-19,1.07142857142857,10.3546466476831,11.0942642653748
2020-05-20,1.07142857142857,9.06031581672275,9.70748123220295
2020-05-21,0.857142857142857,9.06031581672275,7.76598498576236
2020-05-22,0.714285714285714,7.76598498576236,5.5471321326874
2020-05-23,0.714285714285714,7.76598498576236,5.5471321326874
2020-05-24,0.857142857142857,7.76598498576236,6.65655855922488
2020-05-25,0.785714285714286,7.76598498576236,6.10184534595614
2020-05-26,0.714285714285714,7.76598498576236,5.5471321326874
2020-05-27,0.571428571428571,7.76598498576236,4.43770570614992
2020-05-28,0.5,7.76598498576236,3.88299249288118
2020-05-29,0.357142857142857,6.47165415480197,2.31130505528642
2020-05-30,0.214285714285714,6.47165415480197,1.38678303317185
2020-05-31,0.0714285714285714,6.47165415480197,0.462261011057283
2020-06-01,0,3.88299249288118,0
2020-06-02,0,3.88299249288118,0
2020-06-03,0,3.88299249288118,0
2020-06-04,0,3.88299249288118,0
2020-06-05,0,2.58866166192079,0
2020-06-06,0,2.58866166192079,0
2020-06-07,0,1.29433083096039,0
2020-06-08,0,1.29433083096039,0
2020-06-09,0,1.29433083096039,0
2020-06-10,0,0,0
2020-06-11,0.285714285714286,0,0
2020-06-12,0.571428571428571,0,0
2020-06-13,0.857142857142857,0,0
2020-06-14,0.857142857142857,0,0
2020-06-15,0.857142857142857,2.58866166192079,2.21885285307496
2020-06-16,0.857142857142857,2.58866166192079,2.21885285307496
2020-06-17,0.857142857142857,2.58866166192079,2.21885285307496
2020-06-18,0.571428571428571,2.58866166192079,1.47923523538331
2020-06-19,0.571428571428571,2.58866166192079,1.47923523538331
2020-06-20,0.714285714285714,2.58866166192079,1.84904404422913
2020-06-21,1.28571428571429,2.58866166192079,3.32827927961244
2020-06-22,1.85714285714286,2.58866166192079,4.80751451499575
2020-06-23,2.42857142857143,5.17732332384157,12.5734995007581
2020-06-24,3,6.47165415480197,19.4149624644059
2020-06-25,3.52380952380952,11.6489774786435,41.0487777818868
2020-06-26,3.38095238095238,15.5319699715247,52.5128508561074
2020-06-27,3.0952380952381,22.0036241263267,68.1064556291064
2020-06-28,2.66666666666667,27.1809474501683,72.482526533782
2020-06-29,2.29761904761905,27.1809474501683,62.451462593839
2020-06-30,1.93398268398268,28.4752782811287,55.070695117291
2020-07-01,1.58704390847248,34.9469324359306,55.462316242243
2020-07-02,1.29537724180581,42.712917421693,55.3293411591921
2020-07-03,1.30728200371058,50.4789024074554,65.9901606843288
2020-07-04,1.2904752810215,55.6562257312969,71.8229835411914
2020-07-05,1.21011813816436,56.9505565622573,68.9169014745427
2020-07-06,1.07267225071847,67.3052032099405,72.1964238122708
2020-07-07,0.897847075893294,69.8938648718612,62.7540021980817
2020-07-08,0.70632431294196,72.482526533782,51.196170754271
2020-07-09,0.493229074846722,67.3052032099405,33.1968831116096
2020-07-10,0.358875333350123,66.0108723789801,23.6896738297389
2020-07-11,0.261396341753485,60.8335490551385,15.9016671788943
2020-07-12,0.198896341753485,55.6562257312969,11.0698196937611
2020-07-13,0.229199372056515,54.3618949003365,12.4597121749594
2020-07-14,0.410518053375196,53.0675640693761,21.7851930991238
2020-07-15,0.948979591836735,46.5959099145742,44.2185675719938
2020-07-16,1.50136054421769,38.8299249288118,58.2977172230528
2020-07-17,2.05238095238095,33.6526016049702,69.0679585321056
2020-07-18,2.45238095238095,29.769609112089,73.0064223463136
2020-07-19,2.64285714285714,29.769609112089,78.6768240819496
2020-07-20,2.6547619047619,24.5922857882475,65.286663461657
2020-07-21,2.48809523809524,20.7092932953663,51.5266940325185
2020-07-22,1.91666666666667,18.1206316334455,34.7312106307706
2020-07-23,1.39285714285714,20.7092932953663,28.8450870899745
2020-07-24,0.964285714285714,18.1206316334455,17.4734662179653
2020-07-25,0.773809523809524,16.8263008024851,13.0203518114468
2020-07-26,0.94047619047619,16.8263008024851,15.8247352785277
2020-07-27,1.26190476190476,18.1206316334455,22.866511346967
2020-07-28,1.35714285714286,20.7092932953663,28.1054694722828
2020-07-29,1.35714285714286,22.0036241263267,29.8620613143005
2020-07-30,1.30952380952381,24.5922857882475,32.2041837703241
2020-07-31,1.22380952380952,22.0036241263267,26.9282447641236
2020-08-01,1.08095238095238,20.7092932953663,22.3857598954674
2020-08-02,0.866666666666667,19.4149624644059,16.8263008024851
2020-08-03,0.580952380952381,14.2376391405643,8.27139035785166
2020-08-04,0.723809523809524,15.5319699715247,11.2421877889131
2020-08-05,0.866666666666667,14.2376391405643,12.3392872551558
2020-08-06,1.00952380952381,11.6489774786435,11.7599201212973
2020-08-07,1.02380952380952,12.9433083096039,13.2514823169755
2020-08-08,1.07142857142857,14.2376391405643,15.2546133648904
2020-08-09,0.928571428571429,14.2376391405643,13.2206649162383
2020-08-10,0.857142857142857,12.9433083096039,11.0942642653748
2020-08-11,0.714285714285714,10.3546466476831,7.39617617691653
2020-08-12,0.857142857142857,9.06031581672275,7.76598498576236
2020-08-13,1.14285714285714,6.47165415480197,7.39617617691653
2020-08-14,1.64285714285714,7.76598498576236,12.758403905181
2020-08-15,2.07142857142857,9.06031581672275,18.7677970489257
2020-08-16,2.21428571428571,9.06031581672275,20.0621278798861
2020-08-17,2.21428571428571,11.6489774786435,25.7941644169964
2020-08-18,2.11904761904762,11.6489774786435,24.6847379904589
2020-08-19,1.9047619047619,11.6489774786435,22.1885285307496
2020-08-20,1.51190476190476,11.6489774786435,17.6121445212825
2020-08-21,1.01190476190476,11.6489774786435,11.7876557819607
2020-08-22,0.583333333333333,10.3546466476831,6.04021054448184
2020-08-23,0.726190476190476,11.6489774786435,8.45937650234829
2020-08-24,1.01190476190476,10.3546466476831,10.4779162506318
2020-08-25,1.53571428571429,10.3546466476831,15.9017787803705
2020-08-26,2.03571428571429,11.6489774786435,23.7139898672386
2020-08-27,2.42857142857143,12.9433083096039,31.4337487518953
2020-08-28,2.64285714285714,15.5319699715247,41.0487777818868
2020-08-29,2.58571428571429,14.2376391405643,36.8144669206021
2020-08-30,2.44285714285714,16.8263008024851,41.1042491032136
2020-08-31,2.2,15.5319699715247,34.1703339373544
2020-09-01,1.77142857142857,14.2376391405643,25.2209607632854
2020-09-02,1.30714285714286,15.5319699715247,20.3025036056359
2020-09-03,0.973809523809524,18.1206316334455,17.6460436620934
2020-09-04,0.759523809523809,18.1206316334455,13.7630511692122
2020-09-05,0.673809523809524,18.1206316334455,12.2098541720597
2020-09-06,0.578571428571429,19.4149624644059,11.232942568692
2020-09-07,0.607142857142857,19.4149624644059,11.7876557819607
2020-09-08,1.03571428571429,19.4149624644059,20.1083539809918
2020-09-09,1.5,18.1206316334455,27.1809474501683
2020-09-10,1.97619047619048,18.1206316334455,35.8098196565709
2020-09-11,2.47619047619048,16.8263008024851,41.6651257966298
2020-09-12,3.04761904761905,27.1809474501683,82.8371731814652
2020-09-13,3.57142857142857,28.4752782811287,101.697422432602
2020-09-14,3.94505494505495,34.9469324359306,137.867568620869
2020-09-15,3.84421460892049,56.9505565622573,218.930161522782
2020-09-16,3.60611937082525,72.482526533782,261.380642979827
2020-09-17,3.351293115999,93.1918198291483,312.313104260844
2020-09-18,3.09181789734011,112.606782293554,348.159664857092
2020-09-19,2.90336804931579,141.082060574683,409.613147004169
2020-09-20,2.74010274319334,170.851669686772,468.151128787886
2020-09-21,2.64538793419282,216.153248770386,571.809196233757
2020-09-22,2.54762199855027,276.986797825524,705.657659448301
2020-09-23,2.50534340486981,333.937354387782,836.627748455099
2020-09-24,2.45631478441261,421.951850893088,1036.44656965896
2020-09-25,2.36400428878579,513.849339891276,1214.74204329272
2020-09-26,2.17073370670258,596.686513072741,1295.24752626183
2020-09-27,1.91143559493451,687.289671239969,1313.70994163891
2020-09-28,1.62007317840827,797.307791871602,1291.6969685471
2020-09-29,1.36044700466469,880.144965053068,1197.39058137715
2020-09-30,1.17159900136489,959.099145741652,1123.67960136084
2020-10-01,1.0196991051041,1022.52135645871,1042.66411213077
2020-10-02,0.936507240914474,1076.88325135905,1008.50896251727
2020-10-03,0.918371246039948,1128.65648459746,1036.52566211084
2020-10-04,0.926114190286466,1168.78074035724,1082.42442897836
2020-10-05,0.969409198031015,1229.61428941237,1191.99940218673
2020-10-06,1.01621307212302,1265.85555267926,1286.37896005218
2020-10-07,1.09710492731924,1315.04012425576,1442.7369999435
2020-10-08,1.14700195827771,1287.85917680559,1477.17699778194
2020-10-09,1.19870427542901,1302.09681594616,1560.82902029716
2020-10-10,1.20203199547114,1327.98343256536,1596.27857539916
2020-10-11,1.20932695891106,1359.04737250841,1643.53262601167
2020-10-12,1.17429651316633,1355.16438001553,1591.36480621945
2020-10-13,1.14787052038655,1359.04737250841,1560.0104147112
2020-10-14,1.11609468016,1378.46233497282,1538.4944788641
2020-10-15,1.10973868028776,1399.17162826819,1552.71487625042
2020-10-16,1.09223573149507,1444.4732073518,1577.70525025693
2020-10-17,1.08283451729753,1471.65415480197,1593.55791634389
2020-10-18,1.09488291773878,1541.54801967383,1687.81459361493
2020-10-19,1.12154673011688,1563.55164380016,1753.59623347294
2020-10-20,1.14403925910019,1593.32125291224,1822.82206569031
2020-10-21,1.13696964877325,1629.56251617914,1852.76312167424
2020-10-22,1.12014662794695,1711.10535852964,1916.68889741893
2020-10-23,1.0789185684712,1744.75796013461,1882.45176067717
2020-10-24,1.04764520750508,1752.52394512037,1836.02331214326
2020-10-25,0.996637767335083,1758.99559927517,1753.08144681385
2020-10-26,0.964021996009634,1782.29355423246,1718.17018962628
2020-10-27,0.921867691365402,1777.11623090862,1638.26603707571
2020-10-28,0.915034224121444,1822.41780999223,1667.57466679134
2020-10-29,0.907690645488444,1810.76883251359,1643.61793041462
2020-10-30,0.936486469612411,1806.88584002071,1692.12414131365
2020-10-31,0.943134194160438,1803.00284752783,1700.47363767213
2020-11-01,0.972171437301694,1800.41418586591,1750.31124681162
2020-11-02,0.964324074638829,1809.47450168263,1744.91982441766
2020-11-03,0.976262183215593,1805.59150918975,1762.73070875712
2020-11-04,0.965056101696749,1770.64457675382,1708.77135273253
2020-11-05,0.982422357107024,1736.99197514885,1706.45975050172
2020-11-06,0.984986414742835,1691.69039606523,1666.29205807518
2020-11-07,1.01636501556588,1692.98472689619,1720.69044830465
2020-11-08,1.00579246576616,1689.10173440331,1698.88579837541
2020-11-09,1.00860277638737,1687.80740357235,1702.32723325023
2020-11-10,0.99873546312543,1702.04504271292,1699.89274399423
2020-11-11,1.00379600216655,1665.80377944603,1672.12717420185
2020-11-12,0.989362987697485,1663.21511778411,1645.52347811451
2020-11-13,0.9653939909148,1645.09448615066,1588.16433141692
2020-11-14,0.937755957356912,1668.39244110795,1564.54495085822
2020-11-15,0.923847823239719,1655.44913279834,1529.38307781983
2020-11-16,0.913287830011658,1630.8568470101,1489.44171086551
2020-11-17,0.888168003541379,1590.73259125032,1412.837789739
2020-11-18,0.866475054137586,1607.55889205281,1392.90967802082
2020-11-19,0.84069716757292,1579.08361377168,1327.53112145866
2020-11-20,0.84161620369375,1564.84597463112,1316.99972853449
2020-11-21,0.826406848614513,1505.30675640694,1243.99581276039
2020-11-22,0.855636426624579,1472.94848563293,1260.30837884904
2020-11-23,0.879127891273266,1423.76391405643,1251.6705674354
2020-11-24,0.910503277025541,1400.46595909915,1275.12884512249
2020-11-25,0.896603158278126,1355.16438001553,1215.04466310794
2020-11-26,0.882702259801928,1346.10406419881,1188.20909939685
2020-11-27,0.856398608296483,1327.98343256536,1137.28316348976
2020-11-28,0.85693358996399,1251.6179135387,1072.55343191196
2020-11-29,0.841921159288909,1180.42971783588,993.828756499463
2020-11-30,0.844164988757869,1141.59979290707,963.69857634538
2020-12-01,0.845256310104327,1131.24514625938,956.192098150636
2020-12-02,0.843897591303748,1082.06057468289,913.148312619639
2020-12-03,0.845845530458565,1069.11726637329,904.308061297922
2020-12-04,0.848189414119814,1028.99301061351,872.780978805659
2020-12-05,0.875988299631466,1004.40072482527,879.843283088296
2020-12-06,0.908461047766864,955.21615324877,867.776667424212
2020-12-07,0.958391699639264,933.212529122444,894.383141910315
2020-12-08,0.976728458803361,898.265596686513,877.361571847699
2020-12-09,1.02633737119423,899.559927517474,923.251971239955
2020-12-10,1.04827901776348,865.907325912503,907.712481081762
2020-12-11,1.0696416978088,834.843385969454,892.983296772811
2020-12-12,1.04242775467759,838.726378462335,874.311655489356
2020-12-13,1.01989874307295,852.964017602899,869.936929439647
2020-12-14,0.953976619985194,830.960393476573,792.716787510348
2020-12-15,0.937309953318527,818.017085166969,766.735555911609
2020-12-16,0.913786859870622,796.013461040642,727.386640979074
2020-12-17,0.935576588984671,780.481491069117,730.200211180115
2020-12-18,0.957807525278108,785.658814392959,752.509924726652
2020-12-19,0.994150119869901,794.719130209682,790.070118560859
2020-12-20,1.00615492179067,799.896453533523,804.819753645656
2020-12-21,1.04999142932563,796.013461040642,835.807311720508
2020-12-22,1.12030392932563,805.073776857365,901.927315610334
2020-12-23,1.20556952492558,774.009836914315,933.122671376514
2020-12-24,1.27124836543023,783.070152731038,995.476651676529
2020-12-25,1.32402722153789,807.662438519286,1069.3670544132
2020-12-26,1.34662349408946,846.492363448097,1139.90650418652
2020-12-27,1.34095722758286,872.378980067305,1169.82289851261
2020-12-28,1.31381592103101,895.676935024592,1176.75461733557
2020-12-29,1.2620608440002,928.035205798602,1171.23689509208
2020-12-30,1.20065168752763,950.038829924929,1140.66572436614
2020-12-31,1.1391955812133,983.691431529899,1120.61693207624
2021-01-01,1.07190779653421,1038.05332643024,1112.69745381884
2021-01-02,1.00639435711589,1061.35128138752,1068.13794050612
2021-01-03,0.956498886732612,1096.29821382345,1048.60802104908
2021-01-04,0.913983310274947,1123.47916127362,1026.84120284579
2021-01-05,0.880146064036246,1132.53947709034,996.800163126734
2021-01-06,0.848855222576509,1145.48278539995,972.349044758233
2021-01-07,0.828172681455284,1149.36577789283,951.873338250443
2021-01-08,0.812801976211161,1137.71680041419,924.738463745289
2021-01-09,0.813975549088588,1111.83018379498,905.002584347783
2021-01-10,0.812212342578287,1087.23789800673,883.068040079939
2021-01-11,0.829139396641454,1078.17758219001,893.959509969365
2021-01-12,0.835151588807894,1031.58167227543,861.527072585933
2021-01-13,0.845784717439286,1009.57804814911,853.885684186698
2021-01-14,0.856620227407319,970.748123220295,831.562478068198
2021-01-15,0.878312045167245,933.212529122444,819.651805029231
2021-01-16,0.8893496067436,909.914574165157,809.232168704052
2021-01-17,0.898195783637176,863.318664250582,775.429184165152
2021-01-18,0.902003292891539,841.315040124256,758.868936551256
2021-01-19,0.903576382763486,808.956769350246,730.954231461531
2021-01-20,0.8913496384776,792.130468547761,706.065206767139
2021-01-21,0.858378350052588,772.715506083355,663.282261171881
2021-01-22,0.830288530053792,755.88920528087,627.606137136182
2021-01-23,0.813633310273572,730.002588661662,593.954422721065
2021-01-24,0.808185555676684,691.17266373285,558.595763307467
2021-01-25,0.798206938427931,667.874708775563,533.102226545188
2021-01-26,0.81264751140509,662.697385451721,538.539381102001
2021-01-27,0.832888553927602,639.399430494434,532.548467046642
2021-01-28,0.865433171548534,623.86746052291,539.915594986272
2021-01-29,0.867310378127368,590.214858917939,511.899472464509
2021-01-30,0.870820756637747,581.154543101217,506.081438946866
2021-01-31,0.867514746174394,572.094227284494,496.300178370544
2021-02-01,0.87940688372931,539.735956510484,474.647515551543
2021-02-02,0.870109831575115,516.438001553197,449.357782550441
2021-02-03,0.875043265622891,494.43437742687,432.65147225983
2021-02-04,0.879969373997276,485.374061610148,427.114309149597
2021-02-05,0.895325727509145,473.725084131504,424.13825558937
2021-02-06,0.895046273004338,456.898783329019,408.945553158855
2021-02-07,0.913596665048706,450.427129174217,411.508723061027
2021-02-08,0.937156032510512,437.483820864613,409.99060184902
2021-02-09,0.959868343241256,420.657520062128,403.77583685401
2021-02-10,0.947435501252001,416.774527569247,394.866983436635
2021-02-11,0.921674377130222,418.068858400207,385.323354663554
2021-02-12,0.928441667379655,414.185865907326,384.547415948084
2021-02-13,0.976280941832341,390.887910950039,381.61641785318
2021-02-14,1.04430815271669,380.533264302356,397.393990290847
2021-02-15,1.09112548632648,370.178617654673,403.911324216119
2021-02-16,1.09453562457533,387.004918457158,423.590670137229
2021-02-17,1.06491933922134,403.831219259643,430.047675170926
2021-02-18,1.03175189191455,399.948226766762,412.647339634475
2021-02-19,0.978024732446109,388.299249288118,379.766269394037
2021-02-20,0.912607769641086,377.944602640435,344.915180863574
2021-02-21,0.838475552651726,371.472948485633,311.470985776657
2021-02-22,0.770651318965273,368.884286823712,284.281162186258
2021-02-23,0.758858005895364,370.178617654673,280.913007618527
2021-02-24,0.783833030870389,361.11830183795,283.056453032408
2021-02-25,0.845457020088717,342.997670204504,289.989788148473
2021-02-26,0.90344554319352,332.643023556821,300.524857106827
2021-02-27,0.98625673784682,337.820346880663,333.177593292803
2021-02-28,1.00823475982484,333.937354387782,336.687248297708
2021-03-01,1.02795164556802,337.820346880663,347.262981482335
2021-03-02,1.01022114911412,313.228061092415,316.429611811566
2021-03-03,1.01496423211807,295.10742945897,299.52348553316
2021-03-04,0.992268814328311,284.752782811287,282.551306176842
2021-03-05,0.960378482437979,280.869790318405,269.741302988664
2021-03-06,0.909186673127469,286.047113642247,260.070223610109
2021-03-07,0.918710482651278,280.869790318405,258.038020625585
2021-03-08,0.987033464017738,275.692466994564,272.11769070124
2021-03-09,1.07064365227909,262.74915868496,281.310718887723
2021-03-10,1.16649726987184,270.515143670722,315.555176550885
2021-03-11,1.21824330161787,280.869790318405,342.167740682213
2021-03-12,1.30018774606231,291.224436966089,378.646444297205
2021-03-13,1.35388582103698,291.224436966089,394.284635947866
2021-03-14,1.3865165782579,295.10742945897,409.171343311937
2021-03-15,1.35769452312006,292.518767797049,397.151128947882
2021-03-16,1.35243931321369,318.405384416257,430.623959423463
2021-03-17,1.30293778610022,333.937354387782,435.099597222181
2021-03-18,1.2854774686399,336.526016049702,432.596611243043
2021-03-19,1.25243798702447,353.352316852187,442.551864428787
2021-03-20,1.26852550311199,374.061610147554,474.506692207306
2021-03-21,1.29404010929959,388.299249288118,502.474802989744
2021-03-22,1.29786216443743,411.597204245405,534.196438378338
2021-03-23,1.27740761898289,445.249805850375,568.765494343921
2021-03-24,1.27298099434212,468.547760807662,596.45239444971
2021-03-25,1.28406243626468,494.43437742687,634.884611251757
2021-03-26,1.2669318498529,504.789024074553,639.533292056214
2021-03-27,1.21535466620024,530.675640693761,644.959116155967
2021-03-28,1.14506426128888,559.15091897489,640.263733984982
2021-03-29,1.10931659773748,596.686513072741,661.914252597695
2021-03-30,1.05821888592548,595.392182241781,630.05525178064
2021-03-31,1.03981096534365,604.452498058504,628.516335510594
2021-04-01,1.05543759795525,632.927776339632,668.015771939058
2021-04-02,1.13584242343684,648.459746311157,736.548089751305
2021-04-03,1.203216148973,649.754077142118,781.794598478442
2021-04-04,1.2817704568851,685.995340409009,879.288560897106
2021-04-05,1.31831505077889,726.119596168781,957.254392294793
2021-04-06,1.33435660253473,753.300543618949,1005.17155407094
2021-04-07,1.30040283020886,779.187160238157,1013.2571884361
2021-04-08,1.22349523452546,801.190784364484,980.253106615659
2021-04-09,1.10562042104867,824.488739321771,911.571587118819
2021-04-10,0.991512169052215,828.371731814652,821.340652593085
2021-04-11,0.893227295257137,840.020709293295,750.329426122032
2021-04-12,0.838702523413188,834.843385969454,700.185254467391
2021-04-13,0.825808499325134,849.081025110018,701.17832715155
2021-04-14,0.853804152910926,849.081025110018,724.948905396799
2021-04-15,0.89205988014916,856.84701009578,764.358841132208
2021-04-16,0.93352098071842,868.495987574424,810.759226070489
2021-04-17,0.947247006245688,862.024333419622,816.549969142672
2021-04-18,0.941263503045116,871.084649236345,819.920188389028
2021-04-19,0.915012989568325,837.432047631375,766.261201463508
2021-04-20,0.909287011165409,811.545431012167,737.927719389997
2021-04-21,0.882434164763691,783.070152731038,691.007856176589
2021-04-22,0.860787225083964,742.945896971266,639.518337041413
2021-04-23,0.856309577689789,733.885581154543,628.433252071072
2021-04-24,0.888504115824921,731.296919492622,649.760322859281
2021-04-25,0.919509643856787,704.115972042454,647.441426686632
2021-04-26,0.950389200437278,684.701009578048,650.732445031478
2021-04-27,0.981879215798261,689.87833290189,677.377196505919
2021-04-28,1.00839174889905,687.289671239969,693.057233581923
2021-04-29,1.01721184028795,665.286047113642,676.736844302361
2021-04-30,1.01263144007717,657.52006212788,665.825487392183
2021-05-01,1.02308473030415,665.286047113642,680.643996086373
2021-05-02,1.03415076707112,623.86746052291,645.173012850478
2021-05-03,1.0625352797547,627.750453015791,667.007003211272
2021-05-04,1.08033348814697,635.516438001553,686.569690240953
2021-05-05,1.10252713608319,636.810768832514,702.101153187844
2021-05-06,1.1177346141764,649.754077142118,726.25262272399
2021-05-07,1.14023352199641,657.52006212788,749.726416223373
2021-05-08,1.14509919708001,656.22573129692,751.443558011342
2021-05-09,1.1500982963414,674.346362930365,775.564603150232
2021-05-10,1.12665158432326,695.055656225731,783.085556279563
2021-05-11,1.08094861402623,697.644317887652,754.117658503932
2021-05-12,1.03009420527708,714.470618690137,735.972044153443
2021-05-13,0.987616553059172,732.591250323583,723.519245445886
2021-05-14,0.931715931941159,727.413926999741,677.743144901542
2021-05-15,0.866019049374573,723.53093450686,626.591572094728
2021-05-16,0.829265668358897,739.062904478385,612.879493441536
2021-05-17,0.816113740921256,730.002588661662,595.765143514869
2021-05-18,0.830726778369245,719.647942013979,597.83081642933
2021-05-19,0.832764583161599,702.821641211494,585.284971080441
2021-05-20,0.847478210548038,707.998964535335,600.01369553427
2021-05-21,0.839804948504538,692.46699456381,581.537208710753
2021-05-22,0.852357875603213,676.935024592286,576.990899482889
2021-05-23,0.845165809587617,656.22573129692,554.619551463787
2021-05-24,0.861033552033433,631.633445508672,543.857589169447
2021-05-25,0.856926009090938,595.392182241781,510.207046572394
2021-05-26,0.880881759615447,577.271550608335,508.507979275808
2021-05-27,0.882223415101651,561.739580636811,495.579811227177
2021-05-28,0.893076209827789,544.913279834326,486.649086639269
2021-05-29,0.874641962504396,530.675640693761,464.151183829669
2021-05-30,0.865566332252295,513.849339891276,444.770688459955
2021-05-31,0.837473699850497,498.317369919751,417.327691486463
2021-06-01,0.813117459076346,478.902407455346,389.403908695635
2021-06-02,0.766026383840281,472.430753300544,361.894421565755
2021-06-03,0.733862034390188,446.544136681336,327.701788589975
2021-06-04,0.725179614053632,427.12917421693,309.74536970968
2021-06-05,0.752579574629228,409.008542583484,307.811474997199
2021-06-06,0.786865288914943,390.887910950039,307.576128983061
2021-06-07,0.843197123974548,375.355940978514,316.499049899843
2021-06-08,0.925679449190573,372.767279316593,345.063009794053
2021-06-09,1.01766848361031,353.352316852187,359.595516471156
2021-06-10,1.09153265222858,335.231685218742,365.916330477869
2021-06-11,1.15608081508856,326.171369402019,377.080462596837
2021-06-12,1.20057885263526,323.582707740098,388.486555991216
2021-06-13,1.22530412736053,317.111053585296,388.55748278971
2021-06-14,1.20001804393491,313.228061092415,375.879325177645
2021-06-15,1.14237393365922,318.405384416257,363.738011493876
2021-06-16,1.09021973864788,319.699715247217,348.542940002624
2021-06-17,1.06341701755945,318.405384416257,338.597704270806
2021-06-18,1.03177899891246,318.405384416257,328.523988781343
2021-06-19,1.00231855535073,322.288376909138,323.035620349897
2021-06-20,1.00096990400207,337.820346880663,338.148000187084
2021-06-21,1.0127378295631,346.880662697385,351.299169457561
2021-06-22,1.01536940851047,344.292001035465,349.583565446267
2021-06-23,0.990387664400399,345.586331866425,342.26444006589
2021-06-24,0.966578140590875,361.11830183795,349.04905672386
2021-06-25,0.944476267054575,361.11830183795,341.067665684994
2021-06-26,0.916679502415705,354.646647683148,325.097312531586
2021-06-27,0.869089803978549,348.174993528346,302.595336875783
2021-06-28,0.865619136714778,344.292001035465,298.025744714122
2021-06-29,0.880987102082744,340.409008542583,299.895945958791
2021-06-30,0.917306714673543,333.937354387782,306.32297746023
2021-07-01,0.92594093759348,328.76003106394,304.412371406606
2021-07-02,0.941064844299019,330.0543618949,310.602556686837
2021-07-03,0.930551548071437,324.877038571059,302.314831175163
2021-07-04,0.910121765989113,320.994046078178,292.143668088662
2021-07-05,0.860920966788314,309.345068599534,266.321655529908
2021-07-06,0.847933953801301,306.756406937613,260.109172988491
2021-07-07,0.876505382372729,293.813098628009,257.52876235906
2021-07-08,0.963789526799731,269.220812839762,259.472199811473
2021-07-09,1.04904440797298,273.103805332643,286.49801978035
2021-07-10,1.12914644878931,274.398136163603,309.835681003537
2021-07-11,1.19002307216593,282.164121149366,335.781814305168
2021-07-12,1.24679962894249,282.164121149366,351.802121549912
2021-07-13,1.26080523118338,271.809474501683,342.698807336928
2021-07-14,1.26366237404053,280.869790318405,354.924586030021
2021-07-15,1.23757193786606,282.164121149366,349.198398207093
2021-07-16,1.23394970975403,289.930106135128,357.759170314397
2021-07-17,1.21733973242977,291.224436966089,354.519078173308
2021-07-18,1.20620800701233,293.813098628009,354.399712130208
2021-07-19,1.18942424432693,317.111053585296,377.179575278407
2021-07-20,1.15783622450361,327.46570023298,379.151650012185
2021-07-21,1.09901039280107,342.997670204504,376.958004261304
2021-07-22,1.02065576327803,349.469324359306,356.687879996204
2021-07-23,0.943295755235401,358.529640176029,338.199487704124
2021-07-24,0.904995018273949,359.823971006989,325.638901216875
2021-07-25,0.887361649136821,355.940978514108,315.848373689653
2021-07-26,0.860965427964273,361.11830183795,310.910373287642
2021-07-27,0.878547845546691,366.295625161791,321.80823231907
2021-07-28,0.911139911015468,363.706963499871,331.387930358978
2021-07-29,0.965316448248963,365.001294330831,352.341753049712
2021-07-30,0.989189127294056,350.763655190267,346.971593964133
2021-07-31,0.985206284156801,359.823971006989,354.500837426341
2021-08-01,0.951915510051727,359.823971006989,342.522018889956
2021-08-02,0.921160656816945,348.174993528346,320.725105725807
2021-08-03,0.855401019628737,340.409008542583,291.186212998133
2021-08-04,0.786166805566936,322.288376909138,253.37242374601
2021-08-05,0.709440899893662,319.699715247217,226.808053680733
2021-08-06,0.6969256373784,305.462076106653,212.884352085558
2021-08-07,0.739699503681678,292.518767797049,216.375987357053
2021-08-08,0.802328328796629,284.752782811287,228.465224353169
2021-08-09,0.83906078493698,269.220812839762,225.892626542702
2021-08-10,0.950534707839475,269.220812839762,255.903726676949
2021-08-11,1.02615712828948,266.632151177841,273.6064825623
2021-08-12,1.10113447652264,251.100181206316,276.495066587358
2021-08-13,1.07836923007319,240.745534558633,259.612576745551
2021-08-14,1.08475985715347,240.745534558633,261.151091678158
2021-08-15,1.03332109983236,229.09655707999,236.730306329702
2021-08-16,1.0074282426895,220.036241263267,221.670723863856
2021-08-17,0.910042224452419,208.387263784623,189.641209082112
2021-08-18,0.907117221527416,217.447579601346,197.250444235835
2021-08-19,0.897909817635627,205.798602122703,184.788585301663
2021-08-20,0.962421095831116,198.03261713694,190.590768395238
2021-08-21,0.947642770707963,212.270256277505,201.156373797704
2021-08-22,0.953703376768569,209.681594615584,199.9740448311
2021-08-23,0.935846233911426,212.270256277505,198.652319908716
2021-08-24,0.931962410878667,207.092932953663,193.00282907143
2021-08-25,0.871356350272606,195.443955475019,170.301331725555
2021-08-26,0.791381860476688,194.149624644059,153.646491161666
2021-08-27,0.66828662238145,196.73828630598,131.477564848538
2021-08-28,0.578678365285508,181.206316334455,104.860174915831
2021-08-29,0.548808235415378,169.557338855812,93.0544639391853
2021-08-30,0.558332044939188,155.319699715247,86.7199655613545
2021-08-31,0.613887600494743,152.731038053326,93.7596904716279
2021-09-01,0.678822665429808,137.199068081802,93.1338370897744
2021-09-02,0.811858379715523,139.787729743722,113.48783977385
2021-09-03,0.878250321107464,133.316075588921,117.084886194756
2021-09-04,0.912263926549641,117.784105617396,107.450190675663
2021-09-05,0.904038818324533,110.018120631633,99.4606517701078
2021-09-06,0.927848342134056,104.840797307792,97.2763599700473
2021-09-07,0.927848342134056,90.6031581672275,84.0659900975718
2021-09-08,0.879147043432758,81.5428423505048,71.6881487655497
2021-09-09,0.807718472004186,84.1315040124256,67.9545698683305
2021-09-10,0.765136054421769,76.3655190266632,58.4300119219316
2021-09-11,0.720238095238095,71.1881957028216,51.272450476437
2021-09-12,0.654251700680272,68.5995340409008,44.8813618121336
2021-09-13,0.565249433106658,68.5995340409008,38.7758477280001
2021-09-14,0.492791005291102,63.4222107170593,31.2538949770437
2021-09-15,0.441349206349322,60.8335490551385,26.8488385948979
2021-09-16,0.326686507936652,53.0675640693761,17.3364571905291
