"fecha","rho7dpromedio","incidenciaAcum14d","riesgopor10"
2020-01-29,0,0,0
2020-01-30,0,0,0
2020-01-31,0,0,0
2020-02-01,0,0,0
2020-02-02,0,0,0
2020-02-03,0,0,0
2020-02-04,0,0,0
2020-02-05,0,0,0
2020-02-06,0,0,0
2020-02-07,0,0,0
2020-02-08,0,0,0
2020-02-09,0,0,0
2020-02-10,0,0,0
2020-02-11,0,0,0
2020-02-12,0,0,0
2020-02-13,0,0,0
2020-02-14,0,0,0
2020-02-15,0,0,0
2020-02-16,0,0,0
2020-02-17,0,0,0
2020-02-18,0,0,0
2020-02-19,0,0,0
2020-02-20,0,0,0
2020-02-21,0,0,0
2020-02-22,0,0,0
2020-02-23,0,0,0
2020-02-24,0,0,0
2020-02-25,0,0,0
2020-02-26,0,0,0
2020-02-27,0,0,0
2020-02-28,0,0,0
2020-02-29,0,0,0
2020-03-01,0,0,0
2020-03-02,0,0,0
2020-03-03,0,0,0
2020-03-04,0,0,0
2020-03-05,0,0,0
2020-03-06,0,0,0
2020-03-07,0,0,0
2020-03-08,0,0,0
2020-03-09,0,0,0
2020-03-10,0.142857142857143,0,0
2020-03-11,0.571428571428571,0,0
2020-03-12,1,0,0
2020-03-13,1.57142857142857,0,0
2020-03-14,2.14285714285714,0.165079972992916,0.353742799270535
2020-03-15,2.71428571428571,0.495239918978749,1.34422263722803
2020-03-16,3.04761904761905,0.495239918978749,1.50930261022095
2020-03-17,3.19047619047619,0.825399864964582,2.63341861679176
2020-03-18,2.94047619047619,1.15555981095042,3.39789611077086
2020-03-19,2.69047619047619,1.65079972992916,4.44143736861894
2020-03-20,2.28231292517007,1.980959675915,4.52116987258151
2020-03-21,1.83333333333333,2.14603964890791,3.93440602299784
2020-03-22,1.38095238095238,2.47619959489375,3.41951372628184
2020-03-23,1.07619047619048,2.80635954087958,3.02017741066088
2020-03-24,0.904761904761905,3.46667943285124,3.13651948686541
2020-03-25,0.779761904761905,3.46667943285124,2.70318455775901
2020-03-26,0.696428571428571,3.63175940584416,2.52926101478433
2020-03-27,0.561734693877551,3.63175940584416,2.04008525807879
2020-03-28,0.725,3.96191935182999,2.87239153007675
2020-03-29,0.641666666666667,3.63175940584416,2.33037895208334
2020-03-30,0.708333333333333,3.79683937883708,2.68942789334293
2020-03-31,0.66547619047619,3.46667943285124,2.30699262257601
2020-04-01,0.897619047619048,3.30159945985833,2.96357856277759
2020-04-02,0.873809523809524,2.80635954087958,2.4522236940543
2020-04-03,0.845238095238095,2.64127956788666,2.23251011095182
2020-04-04,0.55952380952381,2.64127956788666,1.47785880584135
2020-04-05,0.523809523809524,2.31111962190083,1.21058646861472
2020-04-06,0.428571428571429,1.980959675915,0.848982718249284
2020-04-07,0.357142857142857,1.32063978394333,0.471657065694047
2020-04-08,0.214285714285714,1.32063978394333,0.282994239416428
2020-04-09,0.285714285714286,1.15555981095042,0.330159945985833
2020-04-10,0.571428571428571,1.15555981095042,0.660319891971666
2020-04-11,0.714285714285714,0.660319891971666,0.471657065694047
2020-04-12,1,0.825399864964582,0.825399864964582
2020-04-13,1.28571428571429,0.660319891971666,0.848982718249284
2020-04-14,1.71428571428571,0.825399864964582,1.41497119708214
2020-04-15,2,0.660319891971666,1.32063978394333
2020-04-16,2.42857142857143,0.825399864964582,2.0045425291997
2020-04-17,2.5,0.825399864964582,2.06349966241146
2020-04-18,2.5,0.825399864964582,2.06349966241146
2020-04-19,2.30952380952381,1.48571975693625,3.43130515292419
2020-04-20,2.0952380952381,1.65079972992916,3.45881848175634
2020-04-21,1.71428571428571,1.65079972992916,2.82994239416428
2020-04-22,1.31428571428571,1.81587970292208,2.38658475241188
2020-04-23,0.885714285714286,1.980959675915,1.75456428438185
2020-04-24,0.742857142857143,2.14603964890791,1.59420088204588
2020-04-25,0.79047619047619,2.14603964890791,1.69639324627959
2020-04-26,0.838095238095238,1.980959675915,1.66023287124304
2020-04-27,1.05238095238095,2.31111962190083,2.4321782687623
2020-04-28,1.07619047619048,2.31111962190083,2.48720492642661
2020-04-29,1.0952380952381,2.47619959489375,2.71202812774077
2020-04-30,1.02380952380952,2.31111962190083,2.36614627956514
2020-05-01,1.02380952380952,2.31111962190083,2.36614627956514
2020-05-02,1.19047619047619,2.14603964890791,2.55480910584275
2020-05-03,1.47619047619048,1.48571975693625,2.19320535547732
2020-05-04,1.47619047619048,1.65079972992916,2.43689483941924
2020-05-05,1.47619047619048,1.81587970292208,2.68058432336117
2020-05-06,1.52380952380952,1.980959675915,3.0186052204419
2020-05-07,1.53809523809524,1.81587970292208,2.79299592401825
2020-05-08,1.41904761904762,1.65079972992916,2.34256342628043
2020-05-09,1.13333333333333,1.81587970292208,2.05799699664502
2020-05-10,0.704761904761905,1.980959675915,1.39610491445438
2020-05-11,0.561904761904762,1.81587970292208,1.02035145211812
2020-05-12,0.633333333333333,1.65079972992916,1.0455064956218
2020-05-13,0.823809523809524,1.48571975693625,1.22395008547605
2020-05-14,1.30952380952381,1.48571975693625,1.94558539598794
2020-05-15,1.78571428571429,1.65079972992916,2.94785666058779
2020-05-16,2.07142857142857,1.81587970292208,3.76146509891002
2020-05-17,2.26190476190476,1.980959675915,4.48074212409345
2020-05-18,2.22619047619048,1.980959675915,4.40999356423934
2020-05-19,2.1547619047619,1.980959675915,4.26849644453112
2020-05-20,1.9047619047619,1.980959675915,3.77325652555237
2020-05-21,1.39047619047619,2.14603964890791,2.98401703562434
2020-05-22,0.89047619047619,2.14603964890791,1.91099721117038
2020-05-23,0.628571428571429,2.14603964890791,1.34893920788497
2020-05-24,0.580952380952381,1.980959675915,1.15084324029347
2020-05-25,0.902380952380952,1.980959675915,1.78758027898044
2020-05-26,1.0452380952381,2.14603964890791,2.24312239492994
2020-05-27,1.15238095238095,2.14603964890791,2.47305521445579
2020-05-28,1.0952380952381,2.31111962190083,2.53122625255805
2020-05-29,1.0952380952381,2.31111962190083,2.53122625255805
2020-05-30,1.0952380952381,2.14603964890791,2.35042437737533
2020-05-31,1.19047619047619,1.980959675915,2.35828532847023
2020-06-01,1.04761904761905,1.65079972992916,1.72940924087817
2020-06-02,1.4047619047619,1.65079972992916,2.31898057299573
2020-06-03,1.69047619047619,1.48571975693625,2.5115738748208
2020-06-04,1.97619047619048,1.81587970292208,3.58852417482221
2020-06-05,2.01904761904762,1.81587970292208,3.66634759066172
2020-06-06,2.03095238095238,1.980959675915,4.02323477037022
2020-06-07,1.96428571428571,2.14603964890791,4.21543502464054
2020-06-08,1.91666666666667,2.14603964890791,4.11324266040683
2020-06-09,1.55952380952381,2.31111962190083,3.60424607701201
2020-06-10,1.20238095238095,2.31111962190083,2.77884621204743
2020-06-11,1.01190476190476,2.80635954087958,2.83976858303291
2020-06-12,0.945238095238095,2.64127956788666,2.49663806774049
2020-06-13,0.895238095238095,2.80635954087958,2.51235996993029
2020-06-14,0.819047619047619,2.80635954087958,2.29854210014899
2020-06-15,0.938095238095238,2.9714395138725,2.78749325825182
2020-06-16,1.22380952380952,2.9714395138725,3.6364759765011
2020-06-17,1.43809523809524,2.80635954087958,4.03581229212206
2020-06-18,1.48571428571429,2.80635954087958,4.16944846073537
2020-06-19,1.50952380952381,3.13651948686541,4.73465084445874
2020-06-20,1.50952380952381,3.13651948686541,4.73465084445874
2020-06-21,1.47551020408163,2.9714395138725,4.38438932353023
2020-06-22,1.18979591836735,2.80635954087958,3.33899512720979
2020-06-23,1.0469387755102,2.80635954087958,2.93808662136984
2020-06-24,1.11836734693878,2.80635954087958,3.13854087428982
2020-06-25,1.26122448979592,2.31111962190083,2.91484066598921
2020-06-26,1.33265306122449,2.31111962190083,3.07992063898213
2020-06-27,1.48979591836735,2.64127956788666,3.93496751950462
2020-06-28,1.6,2.80635954087958,4.49017526540733
2020-06-29,1.72857142857143,2.64127956788666,4.56564039591837
2020-06-30,1.72857142857143,2.80635954087958,4.85099292066327
2020-07-01,1.8,2.9714395138725,5.34859112497049
2020-07-02,1.84761904761905,2.9714395138725,5.49008824467871
2020-07-03,1.82380952380952,3.13651948686541,5.7204141117593
2020-07-04,1.71156462585034,3.46667943285124,5.93344588643111
2020-07-05,1.64013605442177,3.79683937883708,6.22733315807904
2020-07-06,1.5671201814059,3.96191935182999,6.20880377335535
2020-07-07,1.4140589569161,3.96191935182999,5.60238754603443
2020-07-08,1.27120181405896,4.29207929781583,5.45609898946837
2020-07-09,1.13786848072562,4.62223924380166,5.25950034589495
2020-07-10,1.18208616780045,4.95239918978749,5.85416257967397
2020-07-11,1.16933106575964,5.11747916278041,5.98402736341675
2020-07-12,1.15504535147392,5.44763910876624,6.29227022908799
2020-07-13,1.08520408163265,5.44763910876624,5.9118001960948
2020-07-14,1.02397959183673,5.94287902774499,6.08538684116541
2020-07-15,0.916836734693877,5.77779905475207,5.29729841907626
2020-07-16,1.00255102040816,5.44763910876624,5.46153614730901
2020-07-17,1.07738095238095,5.44763910876624,5.8691826112303
2020-07-18,1.38095238095238,5.28255913577333,7.29496261606792
2020-07-19,1.54013605442177,5.61271908175916,8.64435102115832
2020-07-20,1.69727891156463,5.94287902774499,10.0867232477713
2020-07-21,1.7687074829932,6.10795900073791,10.8031927904208
2020-07-22,1.77585034013605,6.60319891971666,11.7262930475649
2020-07-23,1.69792826221398,6.76827889270957,11.4920520184779
2020-07-24,1.69792826221398,7.26351881168832,12.3329338734885
2020-07-25,1.53364254792826,7.42859878468124,11.3928151676753
2020-07-26,1.57445887445887,7.26351881168832,11.4361116528617
2020-07-27,1.75577755577756,8.74923856862457,15.3617167089344
2020-07-28,1.92542041292041,9.40955846059624,18.1173559366
2020-07-29,2.00399184149184,10.4000382985537,20.8415919015044
2020-07-30,1.99262820512821,12.7111579204546,25.3286117921365
2020-07-31,1.90215201465201,14.6921175963696,27.9466410854387
2020-08-01,1.79262820512821,16.3429173262987,29.2967745532015
2020-08-02,1.59329265695545,17.1683171912633,27.3541537131218
2020-08-03,1.30965737332016,18.4889569752066,24.2141988275787
2020-08-04,1.12486300102579,19.80959675915,22.2830824596082
2020-08-05,1.15089986738524,20.3048366781287,23.3688338401373
2020-08-06,1.33542367690905,20.8000765971075,27.7769147692991
2020-08-07,1.60538704687242,22.1207163810508,35.5123115456775
2020-08-08,1.86564977265239,25.4223158409091,47.4291377688892
2020-08-09,2.01219028976924,29.0540752467533,58.4623280897419
2020-08-10,2.09523251566861,32.6858346525974,68.48442356589
2020-08-11,2.0818126022487,34.6667943285124,72.1697693126609
2020-08-12,2.00953513438549,37.8033138153779,75.9670873082023
2020-08-13,1.88090186289508,40.1144334372787,75.451312581158
2020-08-14,1.75093849293171,42.9207929781583,75.1516685726102
2020-08-15,1.6556813042503,47.8731921679458,79.2627492472497
2020-08-16,1.71259721442708,53.1557513037191,91.0343916135279
2020-08-17,1.81438390611525,59.9240301964287,108.725195977964
2020-08-18,1.90808138510685,67.6827889270957,129.144269643907
2020-08-19,1.95493693457655,76.4320274957203,149.419793535954
2020-08-20,1.9966863297094,90.4638252001182,180.627883110297
2020-08-21,1.99613566394546,102.679743201594,204.962697369464
2020-08-22,1.99720402528595,112.749621554162,225.183998017439
2020-08-23,1.96139678741104,126.286179339581,247.697306451069
2020-08-24,1.91459875785439,147.581495855667,282.559348647553
2020-08-25,1.83486231782383,170.197452155697,312.288891550113
2020-08-26,1.74617459357757,192.978488428719,336.974133601232
2020-08-27,1.61486225173891,213.283325106848,344.423190640407
2020-08-28,1.51293431083819,236.889761244835,358.398647673579
2020-08-29,1.4187748924769,257.029517949971,364.667026692858
2020-08-30,1.36277251720073,280.470874114965,382.217999119139
2020-08-31,1.28977333664896,304.902710117917,393.255385782097
2020-09-01,1.26840875232817,333.296465472698,422.756153925616
2020-09-02,1.26348455820533,360.369581043537,455.321400895432
2020-09-03,1.27346558192681,382.65537739758,487.298452855033
2020-09-04,1.25694684185218,400.484014480815,503.387117213944
2020-09-05,1.23419461927003,429.373009754576,529.929858298874
2020-09-06,1.20346230066865,457.766765109357,550.905044308151
2020-09-07,1.18292406625442,473.119202597698,559.664090959919
2020-09-08,1.16298273426929,492.268479464877,572.49974224265
2020-09-09,1.14289186083928,504.31931749336,576.38244322718
2020-09-10,1.12873920909296,527.265433739375,595.145168661037
2020-09-11,1.11492400009833,544.268670957645,606.818203752302
2020-09-12,1.10075139063587,568.040187068625,625.271025852849
2020-09-13,1.08168464632635,581.576744854045,629.082635569077
2020-09-14,1.06757618604083,593.627582882527,633.742670862363
2020-09-15,1.04919665792104,610.135580181819,640.152211605479
2020-09-16,1.02736020945666,616.738779101536,633.612881277798
2020-09-17,1.00817659638432,631.430896697905,636.593852284795
2020-09-18,0.989641078311316,643.316654753395,636.652587905779
2020-09-19,0.991922168962356,640.840455158502,635.663854239644
2020-09-20,0.999117366936158,639.849975320544,639.285222576428
2020-09-21,1.03906058860715,652.396053268006,677.879027113636
2020-09-22,1.0699258272646,651.405573430048,696.955647036914
2020-09-23,1.11827277285823,667.253250837368,746.171143012574
2020-09-24,1.15509820826522,669.234210513283,773.03123747368
2020-09-25,1.21594794320169,684.091408082646,831.819540620044
2020-09-26,1.26316184583168,689.539047191412,870.999415623323
2020-09-27,1.32632710027775,707.037524328661,937.763029430395
2020-09-28,1.36076029436309,733.450320007528,998.050073354149
2020-09-29,1.39733474414214,751.939276982734,1050.7108772131
2020-09-30,1.42347870400819,799.647389177687,1138.28102921019
2020-10-01,1.440494374334,838.936422750001,1208.48319739527
2020-10-02,1.43268242134575,882.517535620131,1264.36735981234
2020-10-03,1.39779127596656,937.324086653779,1310.18343107798
2020-10-04,1.32953057103724,1002.69575595897,1333.11466099675
2020-10-05,1.24071261288819,1061.79438629044,1317.38168736442
2020-10-06,1.14546987444374,1132.94385465039,1297.75305493819
2020-10-07,1.04740416544076,1168.93128876284,1224.34350096423
2020-10-08,0.968315030610957,1201.78220338843,1163.70377106177
2020-10-09,0.91190992174624,1230.17595874321,1121.80966227163
2020-10-10,0.896804341580604,1252.29667512426,1123.06509519839
2020-10-11,0.898369691991063,1274.41739150531,1144.89795947468
2020-10-12,0.921861261039437,1296.37302791337,1195.07607428974
2020-10-13,0.947729652886605,1315.52230478055,1246.75949727426
2020-10-14,0.976995213692833,1320.96994388932,1290.58131261195
2020-10-15,0.985327083592234,1306.93814618492,1287.76155201583
2020-10-16,0.981384314728093,1310.90006553675,1286.49676249379
2020-10-17,0.954399648397503,1293.07142845351,1234.10691666889
2020-10-18,0.935522872998989,1267.64911261261,1185.91473978596
2020-10-19,0.903692005453835,1233.97279812205,1115.1313526104
2020-10-20,0.879474547509513,1194.51868457674,1050.54877960979
2020-10-21,0.854335104801237,1183.7884863322,1011.35206053312
2020-10-22,0.842194479994914,1174.70908781759,989.333509359838
2020-10-23,0.823763158613651,1144.49945275989,942.796484237081
2020-10-24,0.807264379232917,1126.17557575768,909.121427071293
2020-10-25,0.79107713730833,1108.67709862043,877.049105375952
2020-10-26,0.790275358483103,1071.20394475103,846.546081446638
2020-10-27,0.790930535667434,1035.05143066559,818.653782499675
2020-10-28,0.797346224645261,990.149678011513,789.492107596201
2020-10-29,0.806840959094932,962.581322521696,776.650037470273
2020-10-30,0.822133279312588,922.797049030403,758.662164059344
2020-10-31,0.846201361880789,889.285814512841,752.514867342033
2020-11-01,0.87917986880636,853.133300427392,750.057623144091
2020-11-02,0.917925874767865,818.136346152894,750.98852122178
2020-11-03,0.96361129049613,787.761631122197,759.096001968997
2020-11-04,1.00167716426291,761.844075362309,763.12181301942
2020-11-05,1.03008319011737,741.374158711188,763.677058475798
2020-11-06,1.04064596419722,734.605879818478,764.464644108648
2020-11-07,1.03150732598477,723.050281708974,745.831662638158
2020-11-08,0.991673718352951,706.542284409682,700.659414354138
2020-11-09,0.933057306258773,702.415285084859,655.393713776267
2020-11-10,0.856264726420041,691.354926894334,591.982837336324
2020-11-11,0.783710620837231,682.275528379724,534.706577928523
2020-11-12,0.70993380798443,663.291331485538,470.892940764591
2020-11-13,0.661369542492663,641.500775050473,424.26907410382
2020-11-14,0.629358530573245,623.837217940231,392.617274799765
2020-11-15,0.629898191308453,602.211741478159,379.332086741806
2020-11-16,0.632715886433841,576.78942563725,364.943832727738
2020-11-17,0.659793342127677,557.805228743065,368.03617612868
2020-11-18,0.692044938985455,525.449554036453,363.634704563092
2020-11-19,0.733256296387783,491.443079599912,360.353732432838
2020-11-20,0.756585736715765,457.766765109357,346.339805224255
2020-11-21,0.778375800848528,427.557130051653,332.800123512454
2020-11-22,0.786841467865625,399.493534642858,314.338079201213
2020-11-23,0.789533843406116,362.680700665437,286.348687525606
2020-11-24,0.77502586006361,334.121865337663,258.95308604938
2020-11-25,0.757664924852777,307.709069658796,233.14036913955
2020-11-26,0.74691159071845,290.870912413519,217.254855884508
2020-11-27,0.741898585860031,272.712115384298,202.324732750508
2020-11-28,0.732896582688087,257.029517949971,188.3760553555
2020-11-29,0.73307317450362,242.83264027258,178.014094477716
2020-11-30,0.747048248322886,235.073881541913,175.611531432348
2020-12-01,0.768463890771958,218.896044188607,168.213705791768
2020-12-02,0.780060726686493,206.680126187131,161.22304942519
2020-12-03,0.805276727511809,198.0959675915,159.522072515368
2020-12-04,0.841997049443399,188.851489103896,159.012396608473
2020-12-05,0.895855386334086,179.276850670307,160.606132318006
2020-12-06,0.944047936896912,166.235532803867,156.934311782449
2020-12-07,0.994411693510669,162.768853371016,161.859251131461
2020-12-08,1.01661387209944,157.321214262249,159.934928794531
2020-12-09,1.03655038974273,151.378335234504,156.911272385932
2020-12-10,1.03212256625732,149.727535504575,154.537168184366
2020-12-11,1.01679155580436,145.930696125738,148.381099553302
2020-12-12,0.974332610711732,142.62909666588,138.968180117923
2020-12-13,0.92883441143202,141.638616827922,131.558821297409
2020-12-14,0.885832914426032,139.822737125,123.859582730464
2020-12-15,0.859896207454843,138.006857422078,118.671573300006
2020-12-16,0.836237775282397,135.695737800177,113.473901893324
2020-12-17,0.82388754486765,133.054458232291,109.621910926697
2020-12-18,0.828381116896966,132.724298286305,109.946302453775
2020-12-19,0.847277564364842,129.917938745425,110.076554707525
2020-12-20,0.871347192215983,128.762378934475,112.196737347605
2020-12-21,0.901249009051395,124.305219663666,112.029956041795
2020-12-22,0.949052831245461,121.333780149794,115.152167576876
2020-12-23,1.02141933595843,118.8575805549,121.403431004011
2020-12-24,1.0988716071895,114.070261338105,125.34857140913
2020-12-25,1.17064810655221,114.235341311098,133.729386007182
2020-12-26,1.23420229535102,113.740101392119,140.378294211611
2020-12-27,1.29075052615413,113.905181365112,147.0231727787
2020-12-28,1.33819831303727,116.05122101402,155.299548186877
2020-12-29,1.37156332201203,117.206780824971,160.756521670633
2020-12-30,1.3892689117106,121.994100041765,169.482610600137
2020-12-31,1.37842457397551,124.635379609652,171.80047004071
2021-01-01,1.35954497641571,131.89889842134,179.322484743499
2021-01-02,1.30703079684093,140.978296935951,184.262975781472
2021-01-03,1.23509641157603,148.406895720632,183.296824357691
2021-01-04,1.14556459468875,154.019614802391,176.439417605218
2021-01-05,1.06471159554781,160.952973668094,171.368497402321
2021-01-06,0.988241007312517,165.410132938902,163.465076395238
2021-01-07,0.924083245442337,168.876812371753,156.056232856447
2021-01-08,0.855659588316909,173.333971642562,148.31487481701
2021-01-09,0.833322752670003,176.305411156435,146.919310535497
2021-01-10,0.831013536300529,176.305411156435,146.512183194028
2021-01-11,0.832545418445456,174.984771372491,145.682769703893
2021-01-12,0.825917370714483,173.994291534534,143.704907783531
2021-01-13,0.825003320884025,174.489531453513,143.954442908645
2021-01-14,0.835021810464978,172.838731723583,144.324110682297
2021-01-15,0.859056811664562,163.099013317001,140.111318365739
2021-01-16,0.871274006234698,156.825974343271,136.638394947721
2021-01-17,0.906178422846432,152.698975018448,138.372516352484
2021-01-18,0.91928537908135,148.737055666618,136.731800601931
2021-01-19,0.930448626106048,144.610056341795,134.552228244341
2021-01-20,0.914181438800769,139.492577179014,127.521524907539
2021-01-21,0.93471156190885,138.171937395071,129.150907414519
2021-01-22,0.953946925207759,131.238578529369,125.194638456728
2021-01-23,1.01493131896526,128.927458907468,130.852515919796
2021-01-24,1.02404301424717,124.470299636659,127.462940824173
2021-01-25,1.0654807431849,126.286179339581,134.555492216718
2021-01-26,1.07787444317987,128.762378934475,138.789677496512
2021-01-27,1.0955180875007,124.635379609652,136.54031270489
2021-01-28,1.06550281784215,123.97505971768,132.095775471337
2021-01-29,1.03767227734192,125.790939420602,130.529770577556
2021-01-30,0.986329635021836,125.460779474616,123.745684828753
2021-01-31,0.955080255837538,124.140139690673,118.563796375476
2021-02-01,0.91737552426338,123.809979744687,113.580245077321
2021-02-02,0.905843434735383,121.498860122786,110.058944770059
2021-02-03,0.896363917521562,122.984579879723,110.238939815732
2021-02-04,0.887159204708602,120.838540230815,107.203023249318
2021-02-05,0.854564179943729,122.324259987751,104.533930923656
2021-02-06,0.82518901790069,121.498860122786,100.259525060776
2021-02-07,0.810822665299043,119.517900446871,96.9078225912781
2021-02-08,0.844360730206535,114.070261338105,96.3164491582928
2021-02-09,0.881299881069737,107.632142391381,94.8561942888055
2021-02-10,0.944898823831555,107.136902472403,101.233533135129
2021-02-11,1.00582319357945,105.321022769481,105.934327473053
2021-02-12,1.09818263693227,105.486102742474,115.843006469439
2021-02-13,1.1649083696466,103.00990314758,119.997098333101
2021-02-14,1.24810642159465,100.368623579693,125.270723616431
2021-02-15,1.31660098477425,102.514663228601,134.970906560577
2021-02-16,1.36439446113916,103.00990314758,140.546141297039
2021-02-17,1.36812945832274,104.16546295853,142.511838413392
2021-02-18,1.33813086670733,108.622622229339,145.351283627768
2021-02-19,1.29233033154509,113.409941446134,146.563107229591
2021-02-20,1.24229179094899,115.390901122049,143.349169214128
2021-02-21,1.17818464809185,120.838540230815,142.370112997775
2021-02-22,1.08338915216802,122.654419933737,132.882468021671
2021-02-23,1.01638431555129,129.752858772432,131.878770554242
2021-02-24,0.973788774150015,133.384618178276,129.888443826292
2021-02-25,0.969786072940609,137.016377584121,132.876574745852
2021-02-26,0.973049080271201,138.006857422078,134.287445685672
2021-02-27,0.994071378079213,139.657657152007,138.82967970441
2021-02-28,1.03768583591054,145.765616152745,151.258915244476
2021-03-01,1.08501851468652,145.105296260774,157.441933022011
2021-03-02,1.1462243103754,148.902135639611,170.675247736937
2021-03-03,1.19606502130766,150.057695450561,179.478760706453
2021-03-04,1.2703614565797,150.387855396547,191.046935033455
2021-03-05,1.33418880570117,153.359294910419,204.610254519706
2021-03-06,1.38835647749802,158.972013992179,220.709825366947
2021-03-07,1.39700298704577,163.59425323598,228.541660434187
2021-03-08,1.39662643739915,174.159371507527,243.235582568232
2021-03-09,1.37512358767107,181.422890319215,249.478895821414
2021-03-10,1.36121493248794,188.191169211925,256.168629693636
2021-03-11,1.32934757976125,198.591207510478,263.99674106592
2021-03-12,1.29655537196905,209.156325782025,271.182757773993
2021-03-13,1.2591054984026,221.86748370248,279.354568646541
2021-03-14,1.23255881673781,233.258001838991,287.504206741292
2021-03-15,1.21602449947356,249.105679246311,302.918608921517
2021-03-16,1.21033719445122,260.000957463843,314.688829411419
2021-03-17,1.20199522879218,270.235915789404,324.822281427149
2021-03-18,1.19499738167805,286.083593196724,341.869144811135
2021-03-19,1.18372149540217,297.639191306228,352.3219086233
2021-03-20,1.18854156597899,312.331308902598,371.218742987363
2021-03-21,1.18803637372528,323.721827039109,384.593305491264
2021-03-22,1.19629929274517,332.305985634741,397.537415589826
2021-03-23,1.19416559840299,344.852063582202,411.810470868147
2021-03-24,1.1953680253197,361.360060881494,431.958262405319
2021-03-25,1.18246426241594,374.73153869392,443.106652505697
2021-03-26,1.16906962217401,389.093496344304,454.877386761599
2021-03-27,1.15349516984448,399.658614615851,461.004281546121
2021-03-28,1.1508204854964,409.068173076447,470.76403354096
2021-03-29,1.14544019109826,422.439650888873,483.879354441633
2021-03-30,1.1403000859685,435.811128701299,496.955467524119
2021-03-31,1.13379533022004,454.465165649499,515.27048256108
2021-04-01,1.13000224830196,466.185843731996,526.791051543702
2021-04-02,1.13023053863565,478.566841706465,540.89085927506
2021-04-03,1.11949432969224,489.131959978011,547.580455666635
2021-04-04,1.08933425000555,502.998677709416,547.933687336369
2021-04-05,1.03823386613155,518.846355116736,538.683857201112
2021-04-06,0.986917600095217,530.071793280255,523.137182102317
2021-04-07,0.946945954157511,533.868632659092,505.544741748129
2021-04-08,0.914793097955742,533.043232794127,487.624270272083
2021-04-09,0.891620179510325,528.586073523318,471.298009761519
2021-04-10,0.884299245596593,532.382912902155,470.785808247893
2021-04-11,0.897981288129367,538.160711956908,483.258249343681
2021-04-12,0.920140474264213,530.897193145219,488.499995086181
2021-04-13,0.949826647482342,529.411473388283,502.84912490708
2021-04-14,0.974445748108543,523.633674333531,510.252607520763
2021-04-15,1.00106173046987,517.855875278779,518.405698640562
2021-04-16,1.01950248806787,514.55427581892,524.589364443351
2021-04-17,1.02741388047293,510.262196521105,524.250463386391
2021-04-18,1.01760470958916,503.163757682409,512.021809512197
2021-04-19,1.0027724125704,495.074839005756,496.447390712705
2021-04-20,0.982518626040986,492.598639410863,483.98733838362
2021-04-21,0.955339952350685,487.976400167061,466.183350883859
2021-04-22,0.915379992627392,485.004960653188,443.963837306964
2021-04-23,0.874544352377602,485.500200572167,424.591458488582
2021-04-24,0.844443979668375,479.557321544422,404.959293084078
2021-04-25,0.831897358456529,468.66204332689,389.878715852479
2021-04-26,0.834727547135774,462.389004353159,385.968839426265
2021-04-27,0.842533307942619,453.804845757527,382.34569785648
2021-04-28,0.854761136121368,446.871486891825,381.968379835901
2021-04-29,0.883526121987349,439.442888107144,388.259270764225
2021-04-30,0.916198496931017,430.033329646547,393.995890252407
2021-05-01,0.950389819155555,416.661851834121,395.991182013649
2021-05-02,0.987066005383666,405.601493643596,400.355446108432
2021-05-03,1.03219517905988,401.30941434578,414.229642799057
2021-05-04,1.06607412089731,387.772856560361,413.394607165424
2021-05-05,1.09378352410182,382.820457370573,418.722708961055
2021-05-06,1.12136614083205,383.976017181524,430.577704558908
2021-05-07,1.1564728110994,381.169657640644,440.812345477473
2021-05-08,1.1967352775414,380.509337748672,455.368947917752
2021-05-09,1.24980006989191,383.645857235538,479.480619186715
2021-05-10,1.31095918340021,398.5030548049,522.42123930952
2021-05-11,1.36445429120042,408.572933157468,557.47909191505
2021-05-12,1.40745019889597,423.925370645809,596.653847232494
2021-05-13,1.41393254317875,451.163566189641,637.914848532113
2021-05-14,1.39998989407542,473.119202597698,662.3621023298
2021-05-15,1.36869046845318,500.852638060508,685.512231813048
2021-05-16,1.33721881849619,529.741633334269,708.380481035491
2021-05-17,1.28997533706031,540.141671632823,696.769434924871
2021-05-18,1.27157554849025,573.322746204399,729.023185466797
2021-05-19,1.25022611293063,608.814940397876,761.156336427728
2021-05-20,1.25086931893098,652.561133240999,816.268700297994
2021-05-21,1.22982336152138,685.081887920603,842.529710319932
2021-05-22,1.21157344513309,720.739162087073,873.228429652169
2021-05-23,1.15087337791836,753.755156685656,867.476743298205
2021-05-24,1.07898505995294,783.96479174336,845.8862978202
2021-05-25,0.968711299484628,811.863307179163,786.461159301415
2021-05-26,0.877670393097833,837.120543047079,734.715916086401
2021-05-27,0.785563659893602,827.215744667504,649.830627902616
2021-05-28,0.737337920232992,823.253825315674,607.016263382114
2021-05-29,0.700113713676219,808.231547773319,565.853990421857
2021-05-30,0.714263251954444,795.355309879871,568.093070094031
2021-05-31,0.737026958664121,792.218790393006,583.886605679926
2021-06-01,0.799017245646006,772.07903368787,616.904462918312
2021-06-02,0.861664962716785,747.647197684918,644.221394718484
2021-06-03,0.937376136770142,714.135963167356,669.414010282441
2021-06-04,0.989748205000419,689.043807272433,681.979871414546
2021-06-05,1.02324664009322,666.592930945397,682.088976899768
2021-06-06,1.00638869910659,646.453174240261,650.583169056982
2021-06-07,0.978084354112779,618.389578831465,604.837171801447
2021-06-08,0.934290297063936,591.976783152598,553.078164586594
2021-06-09,0.89582799498028,558.795708581022,500.584839221722
2021-06-10,0.862326031019345,544.103590984652,469.194690077168
2021-06-11,0.850482401212477,531.062273118212,451.659117234933
2021-06-12,0.869504055942188,531.392433064198,462.047875846308
2021-06-13,0.920844095213262,521.32255471163,480.056796207697
2021-06-14,0.996927968685131,517.030475413814,515.442141602601
2021-06-15,1.08437441327443,511.252676359062,554.389320961841
2021-06-16,1.19376365841329,510.262196521105,609.132466469035
2021-06-17,1.30710890212663,513.068556061984,670.636477029877
2021-06-18,1.42248216886206,520.497154846665,740.397921712817
2021-06-19,1.51774548690973,525.449554036453,797.498689237554
2021-06-20,1.59775018716183,540.636911551801,863.802726618484
2021-06-21,1.63775365606981,568.700506960597,931.391334483471
2021-06-22,1.63877887552347,606.668900748968,994.196178984451
2021-06-23,1.5919252597016,650.580173565084,1035.6750117593
2021-06-24,1.51872846403144,704.396244760774,1069.78662687504
2021-06-25,1.41469383327502,748.967837468862,1059.56018098853
2021-06-26,1.29031576519342,795.85054979885,1026.8985111433
2021-06-27,1.14448003720665,856.43489988725,980.17264608803
2021-06-28,1.01019226556622,905.463651866147,914.692377866524
2021-06-29,0.896980702408707,943.266965681524,846.092265435944
2021-06-30,0.811533964368255,968.194041603455,785.722348860175
2021-07-01,0.741337310204629,972.981360820249,721.307384909723
2021-07-02,0.701290669538793,981.565519415881,688.362740307357
2021-07-03,0.685545541599105,980.905199523909,672.455186264996
2021-07-04,0.698579163899448,971.165481117327,678.435969806947
2021-07-05,0.721037566504841,944.587605465468,681.083148395456
2021-07-06,0.759850275296598,912.562090704842,693.410555847313
2021-07-07,0.818399944202803,878.720696241294,719.144968773723
2021-07-08,0.900482749387546,831.672903938313,748.907103129496
2021-07-09,0.989213600579698,795.025149933885,786.449691117513
2021-07-10,1.06426906603159,755.571036388578,804.130881217793
2021-07-11,1.11552033577025,723.875681573938,807.498043365282
2021-07-12,1.1385975993969,701.920045165881,799.204478394433
2021-07-13,1.13898014904797,682.440608352716,777.286305817963
2021-07-14,1.11963608651722,665.437371134446,745.047694039278
2021-07-15,1.08430478415621,660.319891971666,715.988017938392
2021-07-16,1.04056396659507,655.202412808885,681.780021595074
2021-07-17,0.993217614697178,656.357972619836,651.906299952949
2021-07-18,0.954595169337852,663.621491431524,633.489869989314
2021-07-19,0.931291503200931,670.719930270219,624.635772088176
2021-07-20,0.917455854670365,670.554850297226,615.2044732828
2021-07-21,0.902947690709178,668.078650702333,603.240074863775
2021-07-22,0.892824640107086,675.012009568035,602.667354510542
2021-07-23,0.883031336104779,673.03104989212,594.307507226241
2021-07-24,0.884858922949855,666.592930945397,589.840702922331
2021-07-25,0.89490312850262,653.22145313297,584.569922013723
2021-07-26,0.915761053576197,634.567416184771,581.11212561049
2021-07-27,0.932952798940852,623.837217940231,582.010678560813
2021-07-28,0.951507718199996,617.399098993507,587.460007902046
2021-07-29,0.962759244547979,609.475260289847,586.777941167336
2021-07-30,0.971808372289828,600.395861775237,583.469725161342
2021-07-31,0.965175017522565,587.684703854782,567.218594340783
2021-08-01,0.954396374360222,575.798945799292,549.540426231283
2021-08-02,0.932794388831566,566.884627257675,528.786799420833
2021-08-03,0.916459037212073,560.446508310951,513.626267415523
2021-08-04,0.887779844812564,548.395670282468,486.854623059252
2021-08-05,0.853916271578214,538.160711956908,459.54418866412
2021-08-06,0.814211624631227,532.217832929163,433.337946406964
2021-08-07,0.795967827051316,523.963834279517,417.058354624943
2021-08-08,0.791031948032121,508.28123684519,402.066696929826
2021-08-09,0.810723488687087,490.287519788962,397.487608503047
2021-08-10,0.83586588094019,473.77952248967,396.016137937251
2021-08-11,0.862741274897245,463.049324245131,399.491764339552
2021-08-12,0.891896316078377,455.290565514463,406.071978127591
2021-08-13,0.92674793788652,443.734967404959,411.230466010688
2021-08-14,0.963900215762677,431.519049403484,415.941304825723
2021-08-15,1.00162179032384,409.068173076447,409.731595881333
2021-08-16,1.0313128589619,397.182415020957,409.619331964654
2021-08-17,1.04091425552867,391.734775912191,407.762312633329
2021-08-18,1.03443874462799,390.909376047226,404.371804221602
2021-08-19,1.00853758447735,384.801417046488,388.086691651528
2021-08-20,0.97377463873554,378.198218126772,368.279833226822
2021-08-21,0.934371422629942,373.906138828956,349.36721086768
2021-08-22,0.892423642998689,369.118819612161,329.410361697661
2021-08-23,0.84881622670925,366.972779963253,311.492450393412
2021-08-24,0.822473774834883,364.331500395367,299.653104421434
2021-08-25,0.817514568307928,356.407661691707,291.368455689533
2021-08-26,0.830859488629592,349.309222853011,290.226882273253
2021-08-27,0.847479250324332,342.375863987309,290.15644054111
2021-08-28,0.852003427762571,337.753624743507,287.767246020701
2021-08-29,0.846121504029661,335.277425148613,283.685439233937
2021-08-30,0.827456858865369,324.547226904074,268.548828927511
2021-08-31,0.802601953183996,311.34082906464,249.882757513205
2021-09-01,0.765517262848532,295.988391576299,226.584223354428
2021-09-02,0.726848177450475,283.60739360183,206.13951715097
2021-09-03,0.684050872770089,270.731155708383,185.193883348374
2021-09-04,0.654403931649711,257.689837841943,168.633243029944
2021-09-05,0.621607781462256,243.98820008353,151.664963756892
2021-09-06,0.618640575983277,231.607202109062,143.281612914625
2021-09-07,0.622218885919968,217.080164485685,135.071378101606
2021-09-08,0.653422064865965,203.21344675428,132.784149986712
2021-09-09,0.670645028817901,188.026089238932,126.098762036161
2021-09-10,0.707315906319229,178.28637083235,126.10478596965
2021-09-11,0.725822687913854,166.730772722846,121.01697761565
2021-09-12,0.769134432838502,154.019614802391,118.461789077042
2021-09-13,0.798421472329623,139.657657152007,111.505672245411
2021-09-14,0.851142560764997,126.78141925856,107.909061845151
2021-09-15,0.88063844405259,118.8575805549,104.670554803722
2021-09-16,0.918204581618727,110.603581905254,101.556715648846
2021-09-17,0.936840157776427,106.146422634445,99.442231328257
2021-09-18,0.966705582207069,101.359103417651,97.9844110813465
2021-09-19,0.974452284892593,96.736864173849,94.2654583275516
2021-09-20,0.99891888971634,92.6098648490261,92.5097433717695
2021-09-21,1.01304761813078,91.2892250650828,92.4803320131871
2021-09-22,1.02578333521433,89.9685852811395,92.2882754742018
2021-09-23,1.00706473666379,88.813025470189,89.4404661074508
2021-09-24,0.98153195718032,88.4828655242032,86.8487601748942
2021-09-25,0.954387132308222,88.9781054431819,84.919558892137
2021-09-26,0.924204281844834,86.5019058482882,79.9454317727267
2021-09-27,0.865509193640061,86.3368258752953,74.7253165447692
2021-09-28,0.787115365246232,84.851106118359,66.787609383899
2021-09-29,0.727312705443573,84.6860261453661,61.5932227890514
2021-09-30,0.689466639182016,82.3749065234653,56.7947499536664
2021-10-01,0.661348088390913,78.0828272256495,51.6399285218412
2021-10-02,0.640858796325097,75.111387711777,48.135793519277
2021-10-03,0.658726375852524,73.4605879818478,48.3904268892781
2021-10-04,0.715794088969331,69.9939085489966,50.1012260032317
2021-10-05,0.793138966314209,65.7018292511807,52.1106809372341
2021-10-06,0.870387643562886,62.4002297913224,54.3123889658517
2021-10-07,0.984441115863781,59.9240301964287,58.9916791536271
2021-10-08,1.09944442055644,55.9621108445987,61.5272305306553
2021-10-09,1.19896025792447,53.1557513037191,63.7316332932758
2021-10-10,1.22311407963112,51.0097116548112,62.3906965229234
2021-10-11,1.19094043431093,51.339871600797,61.1427289817204
2021-10-12,1.11038437065627,50.1843117898466,55.723875463587
2021-10-13,1.04424680451871,48.8636720059033,51.0257333492146
2021-10-14,0.951232675790292,47.377952248967,45.0674562912496
2021-10-15,0.883617937587318,46.0573124650237,40.6970674511589
2021-10-16,0.817053677474671,45.8922324920308,37.4964173251363
2021-10-17,0.813712663649786,46.3874724110095,37.7460737355435
2021-10-18,0.778341784528907,46.8827123299883,36.4907739784785
2021-10-19,0.752620791906506,47.0477923029812,35.4091467005225
2021-10-20,0.679891153603097,45.7271525190378,31.0894864771534
2021-10-21,0.629721085575825,45.2319126000591,28.48348910518
2021-10-22,0.578264343428206,41.9303131402008,24.2468049977573
2021-10-23,0.516139434336069,39.2890335723141,20.278619563625
2021-10-24,0.388924292920086,36.8128339774204,14.3174054250527
