"fecha","rho7dpromedio","incidenciaAcum14d","riesgopor10"
2020-01-27,0.5,0.0792836563085212,0.0396418281542606
2020-01-28,0.4,0.0792836563085212,0.0317134625234085
2020-01-29,0.333333333333333,0.0792836563085212,0.0264278854361737
2020-01-30,0.285714285714286,0.0792836563085212,0.0226524732310061
2020-01-31,0.142857142857143,0.0792836563085212,0.011326236615503
2020-02-01,0,0.0792836563085212,0
2020-02-02,0,0.0792836563085212,0
2020-02-03,0,0.0792836563085212,0
2020-02-04,0,0.0792836563085212,0
2020-02-05,0,0.0792836563085212,0
2020-02-06,0,0.0792836563085212,0
2020-02-07,0,0.0792836563085212,0
2020-02-08,0,0.0792836563085212,0
2020-02-09,0,0.0792836563085212,0
2020-02-10,0,0,0
2020-02-11,0,0,0
2020-02-12,0,0,0
2020-02-13,0,0,0
2020-02-14,0,0,0
2020-02-15,0,0,0
2020-02-16,0,0,0
2020-02-17,0,0,0
2020-02-18,0,0,0
2020-02-19,0,0,0
2020-02-20,0,0,0
2020-02-21,0,0,0
2020-02-22,0,0,0
2020-02-23,0,0,0
2020-02-24,0,0,0
2020-02-25,0,0,0
2020-02-26,0,0,0
2020-02-27,0,0,0
2020-02-28,0,0,0
2020-02-29,0,0,0
2020-03-01,0,0,0
2020-03-02,0,0,0
2020-03-03,0,0,0
2020-03-04,0,0,0
2020-03-05,0,0,0
2020-03-06,0,0,0
2020-03-07,0,0,0
2020-03-08,0,0,0
2020-03-09,0,0,0
2020-03-10,0,0,0
2020-03-11,0,0,0
2020-03-12,0,0,0
2020-03-13,0,0,0
2020-03-14,0,0,0
2020-03-15,0,0,0
2020-03-16,0,0,0
2020-03-17,0.142857142857143,0,0
2020-03-18,0.285714285714286,0,0
2020-03-19,0.428571428571429,0,0
2020-03-20,0.428571428571429,0,0
2020-03-21,0.428571428571429,0.0792836563085212,0.0339787098465091
2020-03-22,0.571428571428571,0.0792836563085212,0.0453049464620121
2020-03-23,0.714285714285714,0.0792836563085212,0.0566311830775152
2020-03-24,0.857142857142857,0.0792836563085212,0.0679574196930182
2020-03-25,0.857142857142857,0.0792836563085212,0.0679574196930182
2020-03-26,0.857142857142857,0.158567312617042,0.135914839386036
2020-03-27,0.857142857142857,0.158567312617042,0.135914839386036
2020-03-28,0.857142857142857,0.237850968925564,0.203872259079055
2020-03-29,0.714285714285714,0.237850968925564,0.169893549232546
2020-03-30,0.571428571428571,0.237850968925564,0.135914839386036
2020-03-31,0.285714285714286,0.237850968925564,0.0679574196930182
2020-04-01,0.142857142857143,0.237850968925564,0.0339787098465091
2020-04-02,0,0.237850968925564,0
2020-04-03,0,0.237850968925564,0
2020-04-04,0,0.158567312617042,0
2020-04-05,0,0.158567312617042,0
2020-04-06,0,0.158567312617042,0
2020-04-07,0,0.158567312617042,0
2020-04-08,0,0.158567312617042,0
2020-04-09,0.142857142857143,0.0792836563085212,0.011326236615503
2020-04-10,0.285714285714286,0.0792836563085212,0.0226524732310061
2020-04-11,0.571428571428571,0,0
2020-04-12,0.714285714285714,0,0
2020-04-13,0.857142857142857,0.0792836563085212,0.0679574196930182
2020-04-14,0.857142857142857,0.0792836563085212,0.0679574196930182
2020-04-15,0.857142857142857,0.158567312617042,0.135914839386036
2020-04-16,0.714285714285714,0.158567312617042,0.11326236615503
2020-04-17,0.571428571428571,0.158567312617042,0.0906098929240243
2020-04-18,0.428571428571429,0.158567312617042,0.0679574196930182
2020-04-19,0.428571428571429,0.158567312617042,0.0679574196930182
2020-04-20,0.428571428571429,0.158567312617042,0.0679574196930182
2020-04-21,0.571428571428571,0.158567312617042,0.0906098929240243
2020-04-22,0.857142857142857,0.237850968925564,0.203872259079055
2020-04-23,1.42857142857143,0.237850968925564,0.339787098465091
2020-04-24,2,0.237850968925564,0.475701937851128
2020-04-25,2.42857142857143,0.317134625234085,0.770184089854206
2020-04-26,2.85714285714286,0.396418281542606,1.1326236615503
2020-04-27,3.28571428571429,0.475701937851128,1.56302065293942
2020-04-28,3.32142857142857,0.713552906776691,2.37001501179401
2020-04-29,3.05952380952381,1.18925484462782,3.63855351273035
2020-04-30,2.48809523809524,1.5063894698619,3.74804046668021
2020-05-01,1.91666666666667,1.58567312617043,3.03920682515998
2020-05-02,1.3452380952381,1.58567312617043,2.13310789591974
2020-05-03,0.773809523809524,1.58567312617043,1.2270089666795
2020-05-04,0.202380952380952,1.58567312617043,0.320910037439253
2020-05-05,0.0238095238095238,1.58567312617043,0.0377541220516768
2020-05-06,0.142857142857143,1.5063894698619,0.215198495694558
2020-05-07,0.285714285714286,1.5063894698619,0.430396991389115
2020-05-08,0.428571428571429,1.5063894698619,0.645595487083673
2020-05-09,0.428571428571429,1.42710581355338,0.611616777237164
2020-05-10,0.428571428571429,1.42710581355338,0.611616777237164
2020-05-11,0.428571428571429,1.26853850093634,0.543659357544146
2020-05-12,0.428571428571429,1.03068753201078,0.441723228004618
2020-05-13,0.285714285714286,0.475701937851128,0.135914839386036
2020-05-14,0.142857142857143,0.158567312617042,0.0226524732310061
2020-05-15,0,0.0792836563085212,0
2020-05-16,0,0.0792836563085212,0
2020-05-17,0,0.0792836563085212,0
2020-05-18,0.142857142857143,0.0792836563085212,0.011326236615503
2020-05-19,0.285714285714286,0.0792836563085212,0.0226524732310061
2020-05-20,0.428571428571429,0.0792836563085212,0.0339787098465091
2020-05-21,0.571428571428571,0.0792836563085212,0.0453049464620121
2020-05-22,0.857142857142857,0.158567312617042,0.135914839386036
2020-05-23,1.28571428571429,0.158567312617042,0.203872259079055
2020-05-24,1.57142857142857,0.0792836563085212,0.124588602770533
2020-05-25,1.71428571428571,0.158567312617042,0.271829678772073
2020-05-26,2,0.237850968925564,0.475701937851128
2020-05-27,2.07142857142857,0.317134625234085,0.656921723699176
2020-05-28,2.16666666666667,0.317134625234085,0.687125021340517
2020-05-29,2.16666666666667,0.396418281542606,0.858906276675647
2020-05-30,2.16666666666667,0.554985594159649,1.20246878734591
2020-05-31,2.02380952380952,0.554985594159649,1.12318513103738
2020-06-01,2.02380952380952,0.792836563085213,1.60455018719626
2020-06-02,1.70952380952381,0.872120219393734,1.49091027982072
2020-06-03,1.67380952380952,1.03068753201078,1.72517460715137
2020-06-04,1.45952380952381,1.03068753201078,1.50431299314906
2020-06-05,1.22142857142857,1.26853850093634,1.54942916900082
2020-06-06,0.84047619047619,1.26853850093634,1.06617640673935
2020-06-07,0.804761904761905,1.34782215724486,1.08467592654467
2020-06-08,0.604761904761905,1.26853850093634,0.767163760090072
2020-06-09,0.633333333333333,1.18925484462782,0.753194734930952
2020-06-10,0.454761904761905,1.26853850093634,0.576882984949621
2020-06-11,0.502380952380952,1.34782215724486,0.677120178996823
2020-06-12,0.502380952380952,1.26853850093634,0.637289580232304
2020-06-13,0.502380952380952,1.1099711883193,0.557628382703266
2020-06-14,0.395238095238095,1.1099711883193,0.438702898240484
2020-06-15,0.30952380952381,0.951403875702255,0.294482152003079
2020-06-16,0.166666666666667,0.872120219393734,0.145353369898956
2020-06-17,0.166666666666667,0.713552906776691,0.118925484462782
2020-06-18,0.0952380952380952,0.713552906776691,0.0679574196930182
2020-06-19,0.0476190476190476,0.396418281542606,0.0188770610258384
2020-06-20,0,0.396418281542606,0
2020-06-21,0,0.317134625234085,0
2020-06-22,0,0.317134625234085,0
2020-06-23,0,0.317134625234085,0
2020-06-24,0.142857142857143,0.158567312617042,0.0226524732310061
2020-06-25,0.285714285714286,0.0792836563085212,0.0226524732310061
2020-06-26,0.428571428571429,0.0792836563085212,0.0339787098465091
2020-06-27,0.428571428571429,0.0792836563085212,0.0339787098465091
2020-06-28,0.428571428571429,0.158567312617042,0.0679574196930182
2020-06-29,0.428571428571429,0.0792836563085212,0.0339787098465091
2020-06-30,0.428571428571429,0.0792836563085212,0.0339787098465091
2020-07-01,0.285714285714286,0.0792836563085212,0.0226524732310061
2020-07-02,0.285714285714286,0.0792836563085212,0.0226524732310061
2020-07-03,0.428571428571429,0.0792836563085212,0.0339787098465091
2020-07-04,0.714285714285714,0.0792836563085212,0.0566311830775152
2020-07-05,0.857142857142857,0.0792836563085212,0.0679574196930182
2020-07-06,1.28571428571429,0.158567312617042,0.203872259079055
2020-07-07,1.85714285714286,0.237850968925564,0.441723228004618
2020-07-08,2.14285714285714,0.237850968925564,0.509680647697637
2020-07-09,2.07142857142857,0.237850968925564,0.492691292774382
2020-07-10,1.78571428571429,0.475701937851128,0.849467746162728
2020-07-11,1.5,0.554985594159649,0.832478391239473
2020-07-12,1.39285714285714,0.475701937851128,0.662584842006928
2020-07-13,1,0.475701937851128,0.475701937851128
2020-07-14,0.571428571428571,0.475701937851128,0.271829678772073
2020-07-15,0.285714285714286,0.475701937851128,0.135914839386036
2020-07-16,0.5,0.554985594159649,0.277492797079824
2020-07-17,0.785714285714286,0.554985594159649,0.436060109696867
2020-07-18,1.21428571428571,0.554985594159649,0.673911078622431
2020-07-19,1.75,0.554985594159649,0.971224789779385
2020-07-20,2.28571428571429,0.63426925046817,1.44975828678439
2020-07-21,2.42857142857143,0.554985594159649,1.34782215724486
2020-07-22,2.5,0.63426925046817,1.58567312617042
2020-07-23,2.30952380952381,0.872120219393734,2.01418241145696
2020-07-24,2.05952380952381,0.63426925046817,1.30629262298802
2020-07-25,1.66666666666667,0.63426925046817,1.05711541744695
2020-07-26,1.13095238095238,0.63426925046817,0.717328318981859
2020-07-27,0.702380952380952,0.713552906776691,0.501185970236009
2020-07-28,0.55952380952381,0.713552906776691,0.399249840696482
2020-07-29,0.773809523809524,0.713552906776691,0.552154035005773
2020-07-30,0.964285714285714,0.713552906776691,0.688068874391809
2020-07-31,1.07142857142857,0.713552906776691,0.764520971546455
2020-08-01,1.03571428571429,0.792836563085213,0.82115215462397
2020-08-02,1.07142857142857,0.872120219393734,0.934414520779
2020-08-03,1,0.713552906776691,0.713552906776691
2020-08-04,0.928571428571429,0.713552906776691,0.662584842006928
2020-08-05,0.785714285714286,0.63426925046817,0.498354411082134
2020-08-06,0.642857142857143,0.475701937851128,0.305808388618582
2020-08-07,0.642857142857143,0.475701937851128,0.305808388618582
2020-08-08,0.642857142857143,0.396418281542606,0.254840323848818
2020-08-09,0.857142857142857,0.475701937851128,0.407744518158109
2020-08-10,1.21428571428571,0.396418281542606,0.481365056158879
2020-08-11,1.57142857142857,0.396418281542606,0.622943013852667
2020-08-12,1.57142857142857,0.396418281542606,0.622943013852667
2020-08-13,1.42857142857143,0.475701937851128,0.679574196930182
2020-08-14,1.28571428571429,0.554985594159649,0.713552906776691
2020-08-15,1.33333333333333,0.475701937851128,0.63426925046817
2020-08-16,1.0952380952381,0.396418281542606,0.434172403594283
2020-08-17,0.80952380952381,0.396418281542606,0.320910037439253
2020-08-18,0.380952380952381,0.396418281542606,0.151016488206707
2020-08-19,0.238095238095238,0.475701937851128,0.11326236615503
2020-08-20,0.238095238095238,0.396418281542606,0.094385305129192
2020-08-21,0.380952380952381,0.396418281542606,0.151016488206707
2020-08-22,0.476190476190476,0.396418281542606,0.188770610258384
2020-08-23,0.714285714285714,0.317134625234085,0.226524732310061
2020-08-24,0.714285714285714,0.317134625234085,0.226524732310061
2020-08-25,0.857142857142857,0.396418281542606,0.339787098465091
2020-08-26,1.14285714285714,0.396418281542606,0.453049464620121
2020-08-27,1.42857142857143,0.317134625234085,0.453049464620121
2020-08-28,1.57142857142857,0.237850968925564,0.3737658083116
2020-08-29,2,0.237850968925564,0.475701937851128
2020-08-30,2.28571428571429,0.396418281542606,0.906098929240243
2020-08-31,2.42857142857143,0.396418281542606,0.962730112317758
2020-09-01,2.5,0.554985594159649,1.38746398539912
2020-09-02,2.32142857142857,0.63426925046817,1.47241076001539
2020-09-03,2.10714285714286,0.63426925046817,1.33649592062936
2020-09-04,1.89285714285714,0.792836563085213,1.50072635155415
2020-09-05,1.42857142857143,0.872120219393734,1.24588602770533
2020-09-06,0.952380952380952,0.872120219393734,0.830590685136889
2020-09-07,0.714285714285714,0.951403875702255,0.679574196930182
2020-09-08,0.642857142857143,0.951403875702255,0.611616777237164
2020-09-09,0.678571428571429,1.03068753201078,0.699395111007312
2020-09-10,0.797619047619048,0.951403875702255,0.758857853238703
2020-09-11,0.94047619047619,0.951403875702255,0.89477269262474
2020-09-12,1.26190476190476,1.1099711883193,1.40067792811721
2020-09-13,1.45238095238095,0.951403875702255,1.38180086709137
2020-09-14,1.83333333333333,1.1099711883193,2.03494717858538
2020-09-15,1.97619047619048,1.03068753201078,2.03683488468796
2020-09-16,2.16666666666667,0.872120219393734,1.88959380868642
2020-09-17,2.21428571428571,1.1099711883193,2.45779334556416
2020-09-18,2.25,1.18925484462782,2.67582340041259
2020-09-19,2.03571428571429,1.26853850093634,2.58238194833469
2020-09-20,1.91071428571429,1.42710581355338,2.72679146518236
2020-09-21,1.70663265306122,1.42710581355338,2.43554538078371
2020-09-22,1.82091836734694,1.66495678247895,3.03175038605477
2020-09-23,1.87534013605442,1.90280775140451,3.56841174740434
2020-09-24,1.90708616780045,1.98209140771303,3.78001910696565
2020-09-25,1.91105442176871,2.45779334556416,4.69697684083409
2020-09-26,1.95650896722325,2.85421162710677,5.58429064278726
2020-09-27,2.06110080395795,3.32991356495789,6.86328752584518
2020-09-28,2.04713732382905,3.48848087757493,7.14139940794758
2020-09-29,1.86562471878704,3.88489915911754,7.24776390124466
2020-09-30,1.71894104531765,4.67773572220275,8.04075193204291
2020-10-01,1.61338548976209,5.2327213163624,8.4423966437879
2020-10-02,1.49128536766197,5.62913959790501,8.39465351488233
2020-10-03,1.33868796506457,6.10484153575614,8.17247789254304
2020-10-04,1.23821700745075,6.81839444253283,8.44265196225185
2020-10-05,1.18642085039144,7.05624541145839,8.37167668163315
2020-10-06,1.14805767903594,7.452663693001,8.55608778202214
2020-10-07,1.05579577427404,7.76979831823508,8.20332023135411
2020-10-08,1.02076176066859,8.72120219393734,8.90226970663027
2020-10-09,1.00794124784808,8.9590531628629,9.03019922451332
2020-10-10,1.00079839070522,8.9590531628629,8.96620598763573
2020-10-11,0.944337610106511,9.19690413178846,8.68498246819182
2020-10-12,0.871321737090638,9.11762047547994,7.94438091082836
2020-10-13,0.826535859352815,9.67260606963959,7.99475576995082
2020-10-14,0.792012049829006,9.27618778809699,7.34685250464949
2020-10-15,0.832828376359618,8.80048585024586,7.32929434183605
2020-10-16,0.863131406662649,8.64191853762882,7.45911130364758
2020-10-17,0.972655216186458,8.64191853762882,8.40560714348311
2020-10-18,1.07063003829921,8.24550025608621,8.82788025496973
2020-10-19,1.24205860972778,8.80048585024586,10.9307192200854
2020-10-20,1.30100597814884,8.5626348813203,11.1400391693034
2020-10-21,1.33578858684449,8.32478391239473,11.1201513381235
2020-10-22,1.24364263755568,8.48335122501177,10.5502572927849
2020-10-23,1.18220407611712,9.03833681917142,10.6851586289439
2020-10-24,1.03617233008537,8.72120219393734,9.03666839843772
2020-10-25,0.89705001449247,8.40406756870325,7.53886893430095
2020-10-26,0.723240490682946,8.48335122501177,6.13550310261329
2020-10-27,0.70752620496866,8.00764928716065,5.66562171086477
2020-10-28,0.737029310558722,8.00764928716065,5.90187223331206
2020-10-29,0.855535804065216,8.00764928716065,6.85083067156324
2020-10-30,0.990838001867414,7.92836563085212,7.8557259597478
2020-10-31,1.16203981592637,7.76979831823508,9.02881500750692
2020-11-01,1.28528911564626,8.00764928716065,10.2921444707001
2020-11-02,1.35195578231293,7.69051466192656,10.3972357661539
2020-11-03,1.29676097711812,7.92836563085212,10.2811951624135
2020-11-04,1.24961811997526,8.08693294346917,10.105577941184
2020-11-05,1.17120197090694,7.21481272407543,8.45000288216162
2020-11-06,1.12655911376408,6.73911078622431,7.59200667488682
2020-11-07,1.08914414777769,6.89767809884135,7.51256573460739
2020-11-08,1.16934464903082,7.13552906776691,8.34389273339712
2020-11-09,1.26779185399977,7.29409638038395,9.24739597333995
2020-11-10,1.46772350129983,7.61123100561804,11.1711826207676
2020-11-11,1.54200921558555,8.16621659977769,12.5923812533249
2020-11-12,1.56685393608244,8.87976950655438,13.9133018028496
2020-11-13,1.47955234878085,9.67260606963959,14.3111270291672
2020-11-14,1.41441629435909,10.3861589764163,14.6903524920471
2020-11-15,1.25337415412478,10.1483080074907,12.7196269646864
2020-11-16,1.13984758407647,10.2275916637992,11.6578956489022
2020-11-17,0.910135372513079,10.2275916637992,9.30849294884358
2020-11-18,0.859700589904383,11.25827919581,9.67874926594612
2020-11-19,0.790202520406314,11.25827919581,8.89632059596704
2020-11-20,0.789841770045563,11.25827919581,8.89225916768573
2020-11-21,0.787951013743042,11.25827919581,8.87097250534071
2020-11-22,0.918917966007424,11.4168465084271,10.4911453717428
2020-11-23,0.943997331086789,11.25827919581,10.6277855134746
2020-11-24,0.933108038890782,10.9411445705759,10.2092699534706
2020-11-25,0.893474794288593,11.5754138210441,10.3423404825627
2020-11-26,0.930714799270534,10.9411445705759,10.1830851727935
2020-11-27,0.987127136932872,9.98974069487368,9.86114413083245
2020-11-28,1.09667095445988,9.03833681917142,9.91208146621062
2020-11-29,1.42749802212906,9.43475510071403,13.4680942455413
2020-11-30,1.69606945070048,9.59332241333107,16.2709410759711
2020-12-01,1.86336268378319,9.83117338225663,18.3190416182996
2020-12-02,1.96849564605901,10.2275916637992,20.1329696598582
2020-12-03,2.07674155252043,10.7032936016504,22.2279745713733
2020-12-04,2.19081830024079,11.1789955395015,24.4911480062501
2020-12-05,2.22273106534684,12.0511157588952,26.7863893693872
2020-12-06,1.97443174561894,12.7646686656719,25.20296703581
2020-12-07,1.82037012096908,15.3810293238531,27.9991662108915
2020-12-08,1.76878281938178,17.2045534189491,30.4311185025733
2020-12-09,1.70414977800455,17.9973899820343,30.6702481425452
2020-12-10,1.61343439555853,20.37589967129,32.875177370109
2020-12-11,1.49338960272538,22.7544093605456,33.9811983551959
2020-12-12,1.36599578805666,25.0536353934927,34.2231604230183
2020-12-13,1.21000939349884,26.4807412070461,32.0419456073375
2020-12-14,1.09507405766237,27.7492797079824,30.3875163270285
2020-12-15,1.06579108010353,29.8899384283125,31.8564297617393
2020-12-16,1.04946252988087,30.6034913350892,32.11721743971
2020-12-17,1.08006308625462,33.2991356495789,35.9651672192956
2020-12-18,1.08278784687412,34.1712558689727,37.0002205673496
2020-12-19,1.0922144746681,35.439794369909,38.7078563900755
2020-12-20,1.09844193652663,36.5497655582283,40.1477952593744
2020-12-21,1.11743889701295,37.1840348086965,41.5508868431208
2020-12-22,1.10155592940584,37.9768713717817,41.8336478398691
2020-12-23,1.0840143292822,37.8183040591646,40.9955835092857
2020-12-24,1.05423486587442,39.5625444979521,41.7082137924493
2020-12-25,1.01415672179628,39.3246935290265,39.8814022750407
2020-12-26,0.9510984550113,39.245409872718,37.3262486962273
2020-12-27,0.874580436252044,40.1175300921118,35.0860069693136
2020-12-28,0.831794014752751,40.5139483736544,33.6992597712077
2020-12-29,0.876026253102637,39.0075589037925,34.1716456691697
2020-12-30,1.07086168401555,38.0561550280902,40.7528782605375
2020-12-31,1.36656852293975,37.5804530902391,51.3562642709345
2021-01-01,1.60542566579689,38.2940059970158,61.4781800737892
2021-01-02,1.79152815026894,41.068933967814,73.5761513048751
2021-01-03,1.89224423908456,46.3016552841764,87.614040471562
2021-01-04,1.91487507359658,46.7773572220275,89.5727953531837
2021-01-05,1.84511168436992,46.9359245346446,86.6020227755777
2021-01-06,1.71029189106799,52.0893621946985,89.0880137724962
2021-01-07,1.5329461847784,52.327213163624,80.2148017792637
2021-01-08,1.56664581847804,55.5778430722734,87.0707954492056
2021-01-09,1.63105908378416,58.1149200741461,94.7888682903263
2021-01-10,1.7972609450946,63.7440596720511,114.564708930357
2021-01-11,1.85109000146962,73.0202474601481,135.167049978318
2021-01-12,1.88663970522209,91.6519066926506,172.914126225665
2021-01-13,1.83525409747705,100.373108886588,184.21015936062
2021-01-14,1.73400368474035,105.843681171876,183.533333158516
2021-01-15,1.52141451951961,112.899926583334,171.767587556582
2021-01-16,1.40470533584614,118.370498868622,166.275671367523
2021-01-17,1.23581086187546,127.170984718868,157.159284230976
2021-01-18,1.17006277920291,139.063533165146,162.713064100986
2021-01-19,1.11361387422958,148.101869984318,164.928297213882
2021-01-20,1.1104478001908,157.774476053957,175.200319860373
2021-01-21,1.1039967745809,163.403615651862,180.397064634512
2021-01-22,1.11959660775255,168.636336968225,188.80467081344
2021-01-23,1.05807634747452,174.820462160289,184.973396066367
2021-01-24,1.05635460530684,184.175933604695,194.555095650006
2021-01-25,1.04341653896358,187.426563513344,195.563976210931
2021-01-26,1.06693491931202,184.096649948386,196.419144358295
2021-01-27,1.0474131821086,185.444472105631,194.236984632609
2021-01-28,1.03458526592315,192.104299235547,198.74827750959
2021-01-29,0.966875222603794,192.817852142324,186.430803712095
2021-01-30,0.905774282502932,196.702751301441,178.168293426416
2021-01-31,0.790491396732487,192.659284829707,152.295507158517
2021-02-01,0.711923681859655,188.219400076429,133.997848299827
2021-02-02,0.623949402845285,186.078741356099,116.10371955134
2021-02-03,0.539815615739932,174.106909253513,93.9856284232614
2021-02-04,0.431629930142548,170.459861063321,73.5755779228695
2021-02-05,0.333133268933669,162.372928119852,54.0918243308978
2021-02-06,0.241357841096051,153.176023988063,36.9702344574358
2021-02-07,0.170383244360805,136.050754225422,23.180768902662
2021-02-08,0.115392210290273,121.541845120963,14.024982151266
2021-02-09,0.0730317078070713,105.209411921408,7.68362302999805
2021-02-10,0.0489472472330034,93.396147131438,4.57148430425245
2021-02-11,0.0303504594054463,78.2529687765105,2.37501355220714
2021-02-12,0.0169897194260013,67.6289588311686,1.14899703561415
2021-02-13,0.00689655172413793,52.9614824140922,0.365251602855808
2021-02-14,0.142857142857143,40.3553810610373,5.76505443729104
2021-02-15,0.285714285714286,28.8592508963017,8.24550025608621
2021-02-16,0.428571428571429,18.6316592325025,7.98499681392964
2021-02-17,0.428571428571429,13.5575052287571,5.81035938375306
2021-02-18,0.428571428571429,6.89767809884135,2.95614775664629
2021-02-19,0.428571428571429,4.1227501280431,1.76689291201847
2021-02-20,0.428571428571429,2.14065872033007,0.917425165855746
2021-02-21,0.285714285714286,1.1099711883193,0.317134625234085
2021-02-22,0.142857142857143,0.63426925046817,0.0906098929240243
2021-02-23,0,0.0792836563085212,0
2021-02-24,0,0.0792836563085212,0
2021-02-25,0,0.0792836563085212,0
2021-02-26,0,0.0792836563085212,0
2021-02-27,0,0.0792836563085212,0
2021-02-28,0,0.0792836563085212,0
2021-03-01,0,0.0792836563085212,0
2021-03-02,0,0.0792836563085212,0
2021-03-03,0,0.0792836563085212,0
2021-03-04,0,0,0
2021-03-05,0,0,0
2021-03-06,0,0,0
2021-03-07,0,0,0
2021-03-08,0,0,0
2021-03-09,0,0,0
2021-03-10,0,0,0
2021-03-11,0,0,0
2021-03-12,0,0,0
2021-03-13,0,0,0
2021-03-14,0,0,0
2021-03-15,0,0,0
2021-03-16,0,0,0
2021-03-17,0,0,0
2021-03-18,0,0,0
2021-03-19,0,0,0
2021-03-20,0,0,0
2021-03-21,0,0,0
2021-03-22,0.142857142857143,0,0
2021-03-23,0.285714285714286,0,0
2021-03-24,0.428571428571429,0,0
2021-03-25,0.428571428571429,0,0
2021-03-26,0.428571428571429,0.0792836563085212,0.0339787098465091
2021-03-27,0.428571428571429,0.0792836563085212,0.0339787098465091
2021-03-28,0.571428571428571,0.0792836563085212,0.0453049464620121
2021-03-29,0.571428571428571,0.0792836563085212,0.0453049464620121
2021-03-30,0.571428571428571,0.0792836563085212,0.0453049464620121
2021-03-31,0.428571428571429,0.0792836563085212,0.0339787098465091
2021-04-01,0.428571428571429,0.158567312617042,0.0679574196930182
2021-04-02,0.428571428571429,0.158567312617042,0.0679574196930182
2021-04-03,0.428571428571429,0.158567312617042,0.0679574196930182
2021-04-04,0.285714285714286,0.158567312617042,0.0453049464620121
2021-04-05,0.142857142857143,0.158567312617042,0.0226524732310061
2021-04-06,0,0.158567312617042,0
2021-04-07,0,0.158567312617042,0
2021-04-08,0.142857142857143,0.158567312617042,0.0226524732310061
2021-04-09,0.285714285714286,0.0792836563085212,0.0226524732310061
2021-04-10,0.428571428571429,0.0792836563085212,0.0339787098465091
2021-04-11,0.428571428571429,0.0792836563085212,0.0339787098465091
2021-04-12,0.428571428571429,0.158567312617042,0.0679574196930182
2021-04-13,0.571428571428571,0.158567312617042,0.0906098929240243
2021-04-14,0.746598639455832,0.158567312617042,0.118386139862051
2021-04-15,0.704365079365137,0.0792836563085212,0.0558446388681098
2021-04-16,0.645238095238165,0.0792836563085212,0.0511568353800275
2021-04-17,0.556547619047706,0.158567312617042,0.0882502602958082
