"fecha","rho7dpromedio","incidenciaAcum14d","riesgopor10"
2020-01-01,0,0,0
2020-01-02,0,0,0
2020-01-03,0,0,0
2020-01-04,0,0,0
2020-01-05,0,0,0
2020-01-06,0,0,0
2020-01-07,0,0,0
2020-01-08,0,0,0
2020-01-09,0,0,0
2020-01-10,0,0,0
2020-01-11,0,0,0
2020-01-12,0,0,0
2020-01-13,0,0,0
2020-01-14,0,0,0
2020-01-15,0,0,0
2020-01-16,0,0,0
2020-01-17,0,0,0
2020-01-18,0,0,0
2020-01-19,0,0,0
2020-01-20,0,0,0
2020-01-21,0,0,0
2020-01-22,0,0,0
2020-01-23,0,0,0
2020-01-24,0,0,0
2020-01-25,0,0,0
2020-01-26,0,0,0
2020-01-27,0,0,0
2020-01-28,0,0,0
2020-01-29,0,0,0
2020-01-30,0,0,0
2020-01-31,0,0,0
2020-02-01,0,0,0
2020-02-02,0,0,0
2020-02-03,0,0,0
2020-02-04,0,0,0
2020-02-05,0,0,0
2020-02-06,0,0,0
2020-02-07,0,0,0
2020-02-08,0,0,0
2020-02-09,0,0,0
2020-02-10,0,0,0
2020-02-11,0,0,0
2020-02-12,0,0,0
2020-02-13,0,0,0
2020-02-14,0,0,0
2020-02-15,0,0,0
2020-02-16,0,0,0
2020-02-17,0,0,0
2020-02-18,0,0,0
2020-02-19,0,0,0
2020-02-20,0,0,0
2020-02-21,0,0,0
2020-02-22,0,0,0
2020-02-23,0,0,0
2020-02-24,0,0,0
2020-02-25,0,0,0
2020-02-26,0,0,0
2020-02-27,0,0,0
2020-02-28,0,0,0
2020-02-29,0,0,0
2020-03-01,0,0,0
2020-03-02,0,0,0
2020-03-03,0,0,0
2020-03-04,0,0,0
2020-03-05,0,0,0
2020-03-06,0,0,0
2020-03-07,0,0,0
2020-03-08,0,0,0
2020-03-09,0,0,0
2020-03-10,0,0,0
2020-03-11,0,0,0
2020-03-12,0,0,0
2020-03-13,0,0,0
2020-03-14,0,0,0
2020-03-15,0,0,0
2020-03-16,0,0,0
2020-03-17,0,0,0
2020-03-18,0,0,0
2020-03-19,0,0,0
2020-03-20,0,0,0
2020-03-21,0,0,0
2020-03-22,0,0,0
2020-03-23,0,0,0
2020-03-24,0,0,0
2020-03-25,0,0,0
2020-03-26,0,0,0
2020-03-27,0,0,0
2020-03-28,0,0,0
2020-03-29,0,0,0
2020-03-30,0,0,0
2020-03-31,0,0,0
2020-04-01,0,0,0
2020-04-02,0,0,0
2020-04-03,0,0,0
2020-04-04,0,0,0
2020-04-05,0,0,0
2020-04-06,0,0,0
2020-04-07,0,0,0
2020-04-08,0,0,0
2020-04-09,0,0,0
2020-04-10,0,0,0
2020-04-11,0,0,0
2020-04-12,0,0,0
2020-04-13,0,0,0
2020-04-14,0,0,0
2020-04-15,0,0,0
2020-04-16,0,0,0
2020-04-17,0,0,0
2020-04-18,0,0,0
2020-04-19,0,0,0
2020-04-20,0,0,0
2020-04-21,0,0,0
2020-04-22,0,0,0
2020-04-23,0,0,0
2020-04-24,0,0,0
2020-04-25,0,0,0
2020-04-26,0,0,0
2020-04-27,0,0,0
2020-04-28,0,0,0
2020-04-29,0,0,0
2020-04-30,0,0,0
2020-05-01,0,0,0
2020-05-02,0,0,0
2020-05-03,0,0,0
2020-05-04,0,0,0
2020-05-05,0,0,0
2020-05-06,0,0,0
2020-05-07,0,0,0
2020-05-08,0,0,0
2020-05-09,0,0,0
2020-05-10,0,0,0
2020-05-11,0,0,0
2020-05-12,0,0,0
2020-05-13,0,0,0
2020-05-14,0,0,0
2020-05-15,0,0,0
2020-05-16,0,0,0
2020-05-17,0.142857142857143,0,0
2020-05-18,0.285714285714286,0,0
2020-05-19,0.428571428571429,0,0
2020-05-20,0.428571428571429,0,0
2020-05-21,0.428571428571429,0.612107486074555,0.262331779746238
2020-05-22,0.428571428571429,0.612107486074555,0.262331779746238
2020-05-23,0.428571428571429,0.612107486074555,0.262331779746238
2020-05-24,0.285714285714286,0.612107486074555,0.174887853164158
2020-05-25,0.142857142857143,0.612107486074555,0.0874439265820792
2020-05-26,0,0.612107486074555,0
2020-05-27,0,0.612107486074555,0
2020-05-28,0,0.612107486074555,0
2020-05-29,0.142857142857143,0.612107486074555,0.0874439265820792
2020-05-30,0.285714285714286,0.612107486074555,0.174887853164158
2020-05-31,0.428571428571429,0.612107486074555,0.262331779746238
2020-06-01,0.428571428571429,0.612107486074555,0.262331779746238
2020-06-02,0.428571428571429,1.22421497214911,0.524663559492475
2020-06-03,0.428571428571429,1.22421497214911,0.524663559492475
2020-06-04,0.428571428571429,0.612107486074555,0.262331779746238
2020-06-05,0.285714285714286,0.612107486074555,0.174887853164158
2020-06-06,0.142857142857143,0.612107486074555,0.0874439265820792
2020-06-07,0,0.612107486074555,0
2020-06-08,0,0.612107486074555,0
2020-06-09,0,0.612107486074555,0
2020-06-10,0,0.612107486074555,0
2020-06-11,0.142857142857143,0.612107486074555,0.0874439265820792
2020-06-12,0.285714285714286,0.612107486074555,0.174887853164158
2020-06-13,0.428571428571429,0.612107486074555,0.262331779746238
2020-06-14,0.428571428571429,0.612107486074555,0.262331779746238
2020-06-15,0.428571428571429,1.22421497214911,0.524663559492475
2020-06-16,0.428571428571429,0.612107486074555,0.262331779746238
2020-06-17,0.428571428571429,0.612107486074555,0.262331779746238
2020-06-18,0.285714285714286,0.612107486074555,0.174887853164158
2020-06-19,0.142857142857143,0.612107486074555,0.0874439265820792
2020-06-20,0,0.612107486074555,0
2020-06-21,0.142857142857143,0.612107486074555,0.0874439265820792
2020-06-22,0.285714285714286,0.612107486074555,0.174887853164158
2020-06-23,0.428571428571429,0.612107486074555,0.262331779746238
2020-06-24,0.571428571428571,0.612107486074555,0.349775706328317
2020-06-25,0.714285714285714,1.22421497214911,0.874439265820792
2020-06-26,0.857142857142857,1.22421497214911,1.04932711898495
2020-06-27,0.857142857142857,1.22421497214911,1.04932711898495
2020-06-28,0.714285714285714,1.83632245822366,1.31165889873119
2020-06-29,0.571428571428571,1.22421497214911,0.699551412656634
2020-06-30,0.571428571428571,1.22421497214911,0.699551412656634
2020-07-01,0.571428571428571,1.22421497214911,0.699551412656634
2020-07-02,0.714285714285714,1.22421497214911,0.874439265820792
2020-07-03,0.714285714285714,1.22421497214911,0.874439265820792
2020-07-04,0.857142857142857,1.83632245822366,1.57399067847743
2020-07-05,0.857142857142857,1.83632245822366,1.57399067847743
2020-07-06,0.857142857142857,2.44842994429822,2.0986542379699
2020-07-07,0.714285714285714,2.44842994429822,1.74887853164158
2020-07-08,0.571428571428571,2.44842994429822,1.39910282531327
2020-07-09,0.285714285714286,1.83632245822366,0.524663559492475
2020-07-10,0.285714285714286,1.83632245822366,0.524663559492475
2020-07-11,0.285714285714286,1.83632245822366,0.524663559492475
2020-07-12,0.428571428571429,1.22421497214911,0.524663559492475
2020-07-13,0.428571428571429,1.22421497214911,0.524663559492475
2020-07-14,0.428571428571429,1.83632245822366,0.786995339238713
2020-07-15,0.428571428571429,1.83632245822366,0.786995339238713
2020-07-16,0.428571428571429,1.83632245822366,0.786995339238713
2020-07-17,0.285714285714286,1.83632245822366,0.524663559492475
2020-07-18,0.142857142857143,1.22421497214911,0.174887853164158
2020-07-19,0,1.22421497214911,0
2020-07-20,0,0.612107486074555,0
2020-07-21,0,0.612107486074555,0
2020-07-22,0,0.612107486074555,0
2020-07-23,0.142857142857143,0.612107486074555,0.0874439265820792
2020-07-24,0.714285714285714,0.612107486074555,0.437219632910396
2020-07-25,1.28571428571429,0.612107486074555,0.786995339238713
2020-07-26,1.85714285714286,0.612107486074555,1.13677104556703
2020-07-27,2.42857142857143,1.22421497214911,2.97309350379069
2020-07-28,3,2.44842994429822,7.34528983289466
2020-07-29,3.39285714285714,5.50896737467099,18.6911393069194
2020-07-30,3.50396825396825,7.95739731896921,27.8824675898802
2020-07-31,3.18253968253968,8.56950480504377,27.2727891017663
2020-08-01,2.85396825396825,10.4058272632674,29.6979006656426
2020-08-02,2.58611111111111,14.6905796657893,37.9914713023607
2020-08-03,2.20948773448773,18.3632245822366,40.5733194800955
2020-08-04,1.85234487734488,23.2600844708331,43.0856983161568
2020-08-05,1.64996392496392,25.0964069290567,41.4081660791583
2020-08-06,1.63969314998727,28.7690518455041,47.1724172427016
2020-08-07,1.58297046091164,32.4416967619514,51.3542476760218
2020-08-08,1.5496371275783,39.7869865948461,61.6553916218337
2020-08-09,1.34725617519735,45.9080614555916,61.8499192873853
2020-08-10,1.24428771508603,49.5807063720389,61.6926638440159
2020-08-11,1.128524168288,51.4170288302626,58.0253596965125
2020-08-12,1.10574984116585,53.8654587745608,59.5617224842964
2020-08-13,1.06335106347296,52.6412438024117,55.9761225798337
2020-08-14,1.11377123154018,56.313888718859,62.7207891912205
2020-08-15,1.1344061521751,61.2107486074555,69.4378497995412
2020-08-16,1.28321567598463,62.4349635796046,80.1175239948779
2020-08-17,1.42947417938599,65.4955010099773,93.6241275597115
2020-08-18,1.57979993816558,66.1076084960519,104.436795814337
2020-08-19,1.66825571027953,69.7802534124992,116.411306220154
2020-08-20,1.6935579942025,76.5134357593193,129.579940794095
2020-08-21,1.6294523519456,84.4708330782885,137.641197630221
2020-08-22,1.5326269551202,88.1434779947359,135.091070292777
2020-08-23,1.39109256358581,91.2040154251087,126.873227627034
2020-08-24,1.2848654573587,94.876660341556,121.90374358242
2020-08-25,1.20371939444546,100.997735202302,121.572932658077
2020-08-26,1.13262669404241,103.4461651466,117.165888041359
2020-08-27,1.08289645712006,109.567240007345,118.649976020377
2020-08-28,1.07055200714495,119.360959784538,127.782115072085
2020-08-29,1.08602819762114,124.257819673135,134.947495939947
2020-08-30,1.10454671613966,127.930464589582,141.305174556643
2020-08-31,1.11553572712867,132.215216992104,147.490798224761
2020-09-01,1.10442727036804,135.887861908551,150.07826040381
2020-09-02,1.10388614482691,140.784721797148,155.410303795182
2020-09-03,1.09272968224188,140.172614311073,153.170776295152
2020-09-04,1.09512515262515,143.233151741446,156.858227161832
2020-09-05,1.07664144335197,142.621044255371,153.551726939468
2020-09-06,1.07747686524002,146.293689171819,157.628065613249
2020-09-07,1.05443539058565,150.57844157434,158.775237855217
2020-09-08,1.035773018475,150.57844157434,155.965086946716
2020-09-09,0.981575023487529,152.414764032564,149.60652558511
2020-09-10,0.955970627883133,156.699516435086,149.800135115432
2020-09-11,0.92358267270106,153.026871518639,141.332966992266
2020-09-12,0.933366748274609,153.638979004713,143.40151424186
2020-09-13,0.956057403484062,153.638979004713,146.887683341188
2020-09-14,1.02854942758899,152.414764032564,156.766118301805
2020-09-15,1.0979013062715,154.251086490788,169.352469352033
2020-09-16,1.20955799902379,154.251086490788,186.575635523042
2020-09-17,1.29073662432006,159.147946379384,205.418083077196
2020-09-18,1.35687155286775,162.208483809757,220.096077315268
2020-09-19,1.37798615255378,164.656913754055,226.894947075329
2020-09-20,1.3857771067733,172.00220358695,238.356716045356
2020-09-21,1.35353826128144,175.062741017323,236.954118091751
2020-09-22,1.31262062840551,181.183815878068,237.825614254778
2020-09-23,1.23390342723933,188.529105710963,232.626709671123
2020-09-24,1.16270532774637,194.038073085634,225.609101362305
2020-09-25,1.09868831953754,206.280222807125,226.63767134979
2020-09-26,1.04191851484147,210.564975209647,219.391546248067
2020-09-27,0.979890648465779,220.970802472914,216.527222927188
2020-09-28,0.913571801649944,225.867662361511,206.346327238067
2020-09-29,0.855640256300373,229.540307277958,196.403927350578
2020-09-30,0.803089235892209,231.376629736182,185.816080778145
2020-10-01,0.789553441827748,227.703984819734,179.784464932315
2020-10-02,0.841424859159433,225.255554875436,189.535623535944
2020-10-03,1.00454387020471,224.643447389362,225.664198056638
2020-10-04,1.20985787986655,214.849727612169,259.937635938763
2020-10-05,1.46172999968222,216.686050070392,316.736499900535
2020-10-06,1.63241714386334,224.031339903287,365.7126000208
2020-10-07,1.75578203198726,238.721919569076,419.143657020892
2020-10-08,1.76692716800777,247.903531860195,438.027485488858
2020-10-09,1.72391064051392,258.921466609537,446.35747134565
2020-10-10,1.58300361103546,260.145681581686,411.81155333909
2020-10-11,1.44339606197909,272.387831303177,393.163523034031
2020-10-12,1.23222772367603,282.793658566444,348.466186165346
2020-10-13,1.0830834253514,295.64791577401,320.211357314518
2020-10-14,0.958735100374478,312.174817898023,299.292955371845
2020-10-15,0.943151346801684,332.986472424558,314.056639933963
2020-10-16,0.943733158473721,335.434902368856,316.561039874885
2020-10-17,0.988941491807054,341.555977229602,337.778877657058
2020-10-18,1.06505697737136,359.919201811838,383.334457179628
2020-10-19,1.15027974572398,370.93713656118,426.681475123177
2020-10-20,1.17361326945735,382.567178796597,448.985917494547
2020-10-21,1.14864432535797,381.955071310522,438.730525202529
2020-10-22,1.09537804276838,402.766725837057,441.181827839623
2020-10-23,1.03151060390094,390.524576115566,402.830241347125
2020-10-24,0.97707644526816,385.015608740895,376.18968236131
2020-10-25,0.880756098947814,373.997673991553,329.400732360356
2020-10-26,0.826408602052087,367.876599130807,304.016386015366
2020-10-27,0.773938833656924,367.876599130807,284.713986060973
2020-10-28,0.777488617206707,374.609781477627,291.254840993147
2020-10-29,0.800984311278095,359.919201811838,288.289633979017
2020-10-30,0.85562783157047,352.573911978943,301.672051774861
2020-10-31,0.922653009620724,343.392299687825,316.831938787553
2020-11-01,1.10706859403631,336.659117341005,372.704735704211
2020-11-02,1.23165550745336,336.047009854931,413.894150451059
2020-11-03,1.32575564750938,329.925934994185,437.401171578354
2020-11-04,1.36579217348341,323.804860133439,442.250143706141
2020-11-05,1.42456383611547,306.665850523352,436.865080427159
2020-11-06,1.44139116101657,314.623247842321,453.495168490246
2020-11-07,1.43083818507735,323.192752647365,462.436531628109
2020-11-08,1.25840997715296,322.58064516129,405.938702307407
2020-11-09,1.1821586070397,354.410234437167,418.969109062854
2020-11-10,1.13388479751589,347.677052090347,394.225723810384
2020-11-11,1.15601277370636,343.392299687825,396.96588483153
2020-11-12,1.1283990966566,360.531309297913,406.823203728185
2020-11-13,1.13409356267099,389.912468629491,442.19722067786
2020-11-14,1.07562902417612,400.930403378833,431.252378548911
2020-11-15,1.02761814737571,415.620983044623,427.099664606786
2020-11-16,0.911602737359198,427.251025280039,389.483204184808
2020-11-17,0.84409894603375,420.517842933219,354.958668008316
2020-11-18,0.751658469843274,419.29362796107,315.165606808253
2020-11-19,0.67673677454645,413.172553100324,279.609060916236
2020-11-20,0.618639403459158,402.154618350982,248.788693194997
2020-11-21,0.628852274137145,392.36089857379,246.737043350621
2020-11-22,0.698798748024505,382.567178796597,267.337465578329
2020-11-23,0.781369341987504,345.228622146049,269.751061321511
2020-11-24,0.845063609503428,351.349697006794,296.912843150497
2020-11-25,0.835220666302051,337.883332313154,282.20714194695
2020-11-26,0.797691591817278,324.416967619514,258.784687312944
2020-11-27,0.713708269024314,296.260023260084,211.443228382058
2020-11-28,0.610694976986632,278.508906163922,170.083990040349
2020-11-29,0.475097362260161,244.842994429822,116.324260821488
2020-11-30,0.386714316734258,208.728652751423,80.7183583316288
2020-12-01,0.458142888162829,189.753320683112,86.9341343762484
2020-12-02,0.571854878983254,167.717451184428,95.9100427504509
2020-12-03,0.715637412239471,148.742119116117,106.445425215273
2020-12-04,0.811682138541207,134.663646936402,109.304076929097
2020-12-05,0.931891197774656,127.318357103507,118.646856299889
2020-12-06,1.0278453689168,119.360959784538,122.684609744002
2020-12-07,1.14609266783637,108.955132521271,124.872678505768
2020-12-08,1.14133076307446,84.4708330782885,96.4091603747785
2020-12-09,1.19920622094992,72.2286833567975,86.6170864124934
2020-12-10,1.13754565928936,55.7017812327845,63.3633194560393
2020-12-11,1.15718851643221,49.5807063720389,57.3742240503209
2020-12-12,1.14575994500364,50.804921344188,58.2102438852313
2020-12-13,1.22399123752065,50.804921344188,62.184778548212
2020-12-14,1.18533577533578,48.9685988859644,58.0442321276012
2020-12-15,1.19559218559219,53.2533512884863,63.6692906571097
2020-12-16,1.11115031167663,56.9259962049336,63.2533384256145
2020-12-17,1.18809993210451,59.3744261492318,70.5427516766465
2020-12-18,1.19524278924737,56.9259962049336,68.0403864846698
2020-12-19,1.21262374162832,56.313888718859,68.2875584439036
2020-12-20,1.12690945591403,59.9865336353064,67.5993919811319
2020-12-21,1.06659199559657,65.4955010099773,69.8569771248291
2020-12-22,0.99459502704788,68.5560384403501,68.1854949068755
2020-12-23,0.963152785079322,64.2712860378282,61.903068147964
2020-12-24,0.96588570433398,64.2712860378282,62.0787163830984
2020-12-25,1.0849333233816,61.82285609353,67.0736767224959
2020-12-26,1.49734828936799,69.1681459264247,103.568804981688
2020-12-27,1.64020543222514,66.7197159821265,109.434040590402
2020-12-28,1.86838003539974,73.4528983289466,137.237928780051
2020-12-29,1.95273964131107,77.7376507314684,151.801392205733
2020-12-30,2.0826097711812,86.3071555365122,179.744125443196
2020-12-31,2.05819418676562,88.1434779947359,181.416394010068
2021-01-01,1.9516778960388,97.9371977719287,191.141864091454
2021-01-02,1.56087947140579,105.894595090898,165.288699610211
2021-01-03,1.44054980107612,110.17934749342,158.718837114342
2021-01-04,1.26263974816606,117.524637326315,148.391278477006
2021-01-05,1.15227675050798,123.64571218706,142.474079453151
2021-01-06,1.0498469222717,136.499969394626,143.30407275913
2021-01-07,1.00695158231754,140.172614311073,141.147035778121
2021-01-08,0.989225448801934,152.414764032564,150.772563354154
2021-01-09,0.940579243123804,149.966334088266,141.055221010793
2021-01-10,0.899370451915013,160.372161351533,144.233983229316
2021-01-11,0.85328301109073,166.493236212279,142.065849921453
2021-01-12,0.827607047709848,162.208483809757,134.244884399284
2021-01-13,0.801391935980434,158.53583889331,127.049342852992
2021-01-14,0.754527036174357,156.087408949011,117.772170058432
2021-01-15,0.727578984226305,155.475301462937,113.120561910682
2021-01-16,0.689650056418547,149.354226602191,103.00215080255
2021-01-17,0.77281013957863,146.905796657893,113.530289220096
2021-01-18,0.822357083862416,133.439431964253,109.73486214238
2021-01-19,0.994824616329949,130.37889453388,129.70413373219
2021-01-20,1.03256046538655,121.809389728836,125.775560146859
2021-01-21,1.17022835305444,130.37889453388,152.573079023441
2021-01-22,1.15379978162587,120.585174756687,139.131148301583
2021-01-23,1.19375837375837,118.748852298464,141.757436805487
2021-01-24,1.13444678253189,114.464099895942,129.85342984236
2021-01-25,1.20924295410225,110.791454979494,133.973786308691
2021-01-26,1.09085467571398,106.506702576973,116.183334500968
2021-01-27,1.12115770601701,106.506702576973,119.410810336634
2021-01-28,1.04301362787293,113.239884923793,118.110743194278
2021-01-29,1.10457206943137,110.17934749342,121.701029869405
2021-01-30,1.06318012803943,108.955132521271,115.838931744517
2021-01-31,1.05487706628541,113.851992409867,120.099855744069
2021-02-01,0.915245729879876,116.300422354165,106.443464942876
2021-02-02,0.887511559288563,119.360959784538,105.934231536555
2021-02-03,0.788756148033152,115.688314868091,91.2498696078017
2021-02-04,0.779598638875642,107.730917549122,83.9868766861193
2021-02-05,0.730897340174344,108.955132521271,79.6350165581399
2021-02-06,0.765826696532271,105.282487604823,80.6281396851017
2021-02-07,0.74515306122449,104.058272632674,77.5393403979698
2021-02-08,0.753724489795918,100.385627716227,75.6631060332562
2021-02-09,0.728418367346939,101.609842688376,74.0144757174462
2021-02-10,0.728087679516251,94.2645528554814,68.6328595491845
2021-02-11,0.739474843077328,86.9192630225868,64.2746083840243
2021-02-12,0.814150167752652,81.4102956479158,66.2802058585436
2021-02-13,0.952442326721503,79.5739731896921,75.7896201712648
2021-02-14,1.11658798498481,71.0044683846483,79.282736278532
2021-02-15,1.26311859722971,72.840790842872,92.0065575505509
2021-02-16,1.36325465165147,67.331823468201,91.790421547201
2021-02-17,1.43203772043454,73.4528983289466,105.187321082295
2021-02-18,1.44025840001072,70.3923608985738,101.383189080757
2021-02-19,1.40129736104968,65.4955010099773,91.7786727259081
2021-02-20,1.32851540616246,72.840790842872,96.7701128318133
2021-02-21,1.27143050323578,72.2286833567975,91.8337512283906
2021-02-22,1.18979785017455,70.3923608985738,83.7526796658343
2021-02-23,1.15269209878309,75.9013282732448,87.4908613877106
2021-02-24,1.16608495592594,77.7376507314684,90.6487050269908
2021-02-25,1.20153663659821,83.2466181061394,100.023861527427
2021-02-26,1.18160308178094,85.0829405643631,100.534264777836
2021-02-27,1.11639299774732,89.9798004529595,100.452819164385
2021-02-28,1.0010954341739,96.1008753137051,96.2061474966652
2021-03-01,0.921503597439204,96.1008753137051,88.5573023186356
2021-03-02,0.838253514189121,95.4887678276305,80.0437951971004
2021-03-03,0.786250618436225,92.4282303972578,72.6717533108098
2021-03-04,0.744796536803572,91.8161229111832,68.3843303669804
2021-03-05,0.844730091620848,94.2645528554814,79.6281043702091
2021-03-06,0.932051976896697,87.5313705086613,81.5837869230751
2021-03-07,1.09403028173215,91.2040154251087,99.7799546906345
2021-03-08,1.19062892118793,89.9798004529595,107.132552742012
2021-03-09,1.33348606404507,91.8161229111832,122.435520356712
2021-03-10,1.39407412463313,91.8161229111832,127.998481174616
2021-03-11,1.46488426687184,86.9192630225868,127.326660889883
2021-03-12,1.43375644732297,93.0403378833323,133.397184301335
2021-03-13,1.3835494079855,93.6524453694069,129.572785347237
2021-03-14,1.28218886376781,93.0403378833323,119.295285115203
2021-03-15,1.23139521297416,97.9371977719287,120.599396508457
2021-03-16,1.20006484121826,102.221950174451,122.672968405123
2021-03-17,1.20889914417021,99.7735202301524,120.61612321708
2021-03-18,1.24719418246525,109.567240007345,136.651624325934
2021-03-19,1.24702330071542,115.076207382016,143.502711963334
2021-03-20,1.27732633101845,124.869927159209,159.499645912813
2021-03-21,1.26073646926729,130.991002019955,165.145133392423
2021-03-22,1.29156084202715,139.560506824998,180.250885708631
2021-03-23,1.24596813685998,137.1120768807,170.837278972048
2021-03-24,1.22968365696632,145.681581685744,179.142260119964
2021-03-25,1.15333894904267,153.638979004713,177.197818577285
2021-03-26,1.16552758008376,160.372161351533,186.918177132855
2021-03-27,1.12911129366747,161.596376323682,182.460293522809
2021-03-28,1.15955396927144,165.881128726204,192.348121241697
2021-03-29,1.1494866172686,172.00220358695,197.714231163909
2021-03-30,1.18411865190064,183.632245822366,217.442367368667
2021-03-31,1.13675008436842,189.141213197037,215.006290059278
2021-04-01,1.11790426853013,193.425965599559,216.231712588309
2021-04-02,1.08052247621993,201.383362918529,217.599249970224
2021-04-03,1.12952549097637,201.383362918529,227.467641875022
2021-04-04,1.11706640534655,196.486503029932,219.48847163876
2021-04-05,1.1208059493846,209.340760237498,234.630369522882
2021-04-06,1.07532400516848,221.582909958989,238.273422213986
2021-04-07,1.0895311872917,223.419232417212,243.422221559326
2021-04-08,1.08157733068155,227.703984819734,246.279468086881
2021-04-09,1.09417594364183,223.419232417212,244.459949457836
2021-04-10,1.11915878858553,227.703984819734,254.836915806953
2021-04-11,1.23655175312183,236.885597110853,292.921300396737
2021-04-12,1.33308693435851,243.006671971598,323.949019367281
2021-04-13,1.43285812674143,244.230886943747,349.948211158615
2021-04-14,1.4828199879161,263.206219012059,390.287442494904
2021-04-15,1.51682517414901,280.957336108221,426.163160270794
2021-04-16,1.49085013601592,288.91473342719,430.728569626929
2021-04-17,1.39835261396849,310.338495439799,433.962646313293
2021-04-18,1.24191991941225,325.029075105589,403.660082761772
2021-04-19,1.08398055661678,329.31382750811,356.969786043843
2021-04-20,0.954665185147992,346.452837118198,330.746461892491
2021-04-21,0.875087100864435,344.616514659974,301.569466723803
2021-04-22,0.817398235844743,355.022341923242,290.194635973527
2021-04-23,0.79115481574434,360.531309297913,285.236081577656
2021-04-24,0.818160686585828,363.591846728285,297.476554956223
2021-04-25,0.847015479591564,367.264491644733,311.078709527415
2021-04-26,0.899954842387042,366.040276672584,329.419719500184
2021-04-27,0.936343590603054,366.040276672584,342.739466964942
2021-04-28,0.966433547789206,361.143416783987,349.021113543265
2021-04-29,1.02942544311193,345.840729632123,356.017246347701
2021-04-30,1.10902921444502,343.392299687825,380.832092369259
2021-05-01,1.16682737958264,327.477505049887,382.109719089619
2021-05-02,1.26160759936286,323.804860133439,408.514672254974
2021-05-03,1.36802923597867,338.495439799229,463.071657890802
2021-05-04,1.42104396120842,330.538042480259,469.709089216224
2021-05-05,1.44103526933532,342.780192201751,493.958346592261
2021-05-06,1.43471597886969,365.428169186509,524.285633460979
2021-05-07,1.40350801545833,385.015608740895,540.372492944415
2021-05-08,1.36241430988232,391.748791087715,533.724158857002
2021-05-09,1.30328865293058,400.930403378833,522.528045338512
2021-05-10,1.29793392409053,440.105282487605,571.227576312109
2021-05-11,1.34174542401378,452.347432209096,606.935097230939
2021-05-12,1.44656303343969,474.38330170778,686.22534793154
2021-05-13,1.54949440747392,519.067148191222,804.291643225737
2021-05-14,1.66368408677839,559.466242272143,930.775084357865
2021-05-15,1.70915266544616,609.659056130257,1042.00040079842
2021-05-16,1.70097063009021,688.008814347799,1170.2827864488
2021-05-17,1.57272317199405,746.159025524882,1173.50158943548
2021-05-18,1.43012853163888,807.981881618412,1155.51794194976
2021-05-19,1.25443180133386,854.502050560078,1071.91454652756
2021-05-20,1.06312175517738,882.658994919508,938.373979901932
2021-05-21,0.887719404363639,901.022219501745,799.854908014493
2021-05-22,0.832626382891699,918.161229111832,764.485263106782
2021-05-23,0.856703000718317,937.748668666218,803.372098365956
2021-05-24,0.948791385140092,935.912346207994,887.985571328396
2021-05-25,1.02556176621802,980.596192691437,1005.6619633233
2021-05-26,1.09013110492529,1036.9100814103,1130.36793275598
2021-05-27,1.11660086714211,1037.52218889637,1158.49817580086
2021-05-28,1.13454042758167,1041.19483381282,1181.27763194982
2021-05-29,1.09303295838111,1022.83160923058,1117.98865976301
2021-05-30,1.06011418932824,994.674664871151,1054.46872599522
2021-05-31,0.9684795868496,954.887678276305,924.78922414481
2021-06-01,0.94433061211596,956.724000734529,903.463761239668
2021-06-02,0.912326557586878,929.179163861174,847.714827946919
2021-06-03,0.944621390413626,926.118626430801,874.831464587021
2021-06-04,0.937803845352455,918.773336597907,861.629168068822
2021-06-05,0.971258435532388,940.809206096591,913.768877647843
2021-06-06,0.957370873475186,943.869743526963,903.633400807209
2021-06-07,0.996511257118041,963.457183081349,960.095928691801
2021-06-08,0.977062470562667,934.688131235845,913.248694710897
2021-06-09,0.979333062482492,890.616392238477,872.210078908016
2021-06-10,0.957719059364677,918.161229111832,879.3405086901
2021-06-11,0.964670209422675,899.798004529595,868.00832946767
2021-06-12,0.93689635827657,882.658994919508,826.959997940144
2021-06-13,0.913312523516377,872.865275142315,797.198787130045
2021-06-14,0.909318361138314,872.865275142315,793.712421486954
2021-06-15,0.933145733803727,841.035685866438,784.808862242958
2021-06-16,0.972056724873634,850.829405643631,827.054445476129
2021-06-17,0.991126191187548,817.163493909531,809.912141296062
2021-06-18,1.02052031037493,835.526718491767,852.671986081768
2021-06-19,1.03868501320221,828.181428658873,860.219638160369
2021-06-20,1.05414793039523,839.811470894289,885.285523965392
2021-06-21,1.00830354575155,810.43031156271,817.159756733218
2021-06-22,0.973105280981305,820.224031339903,798.164336484635
2021-06-23,0.954409893864865,822.672461284201,785.166736459802
2021-06-24,0.955759944117713,776.76439982861,742.400299372821
2021-06-25,0.942956371694149,779.824937258983,735.340893394348
2021-06-26,0.941999920737698,786.558119605803,740.937686324259
2021-06-27,0.97528724532937,796.351839382996,776.671791744819
2021-06-28,1.01376621667888,789.618657036176,800.48871856262
2021-06-29,1.04330810336362,774.928077370386,808.488742644515
2021-06-30,1.0282315606555,779.212829772908,801.211224040186
2021-07-01,1.01466105650533,804.921344188039,816.72234149753
2021-07-02,0.980553591194126,789.006549550101,773.663205637038
2021-07-03,0.970492832839852,782.885474689356,759.784742120445
2021-07-04,0.924737139258072,751.667992899553,695.095309425789
2021-07-05,0.940404307971818,758.401175246373,713.203732372579
2021-07-06,0.969706119961281,742.486380608435,719.9935872639
2021-07-07,1.05964836688293,752.280100385628,797.152379812159
2021-07-08,1.11998888153321,747.383240497031,837.060919600934
2021-07-09,1.19021388464421,751.055885413479,893.917142962871
2021-07-10,1.21942520047021,787.170227091877,959.895211975691
2021-07-11,1.21733316535287,784.721797147579,955.267869243057
2021-07-12,1.15378268875308,807.369774132338,931.529268816374
2021-07-13,1.05872315112331,815.327171451307,863.20575215538
2021-07-14,0.938293810334055,815.939278937381,765.590775035377
2021-07-15,0.829843500057863,792.067086980474,657.291723740512
2021-07-16,0.754730188989161,789.006549550101,595.487062255633
2021-07-17,0.704832378770183,770.03121748179,542.74293474499
2021-07-18,0.723672969247364,771.255432453939,558.136708852102
2021-07-19,0.74876278528246,751.667992899553,562.821019971146
2021-07-20,0.798256774659032,752.280100385628,600.512686574004
2021-07-21,0.820858483422079,724.123156026198,594.402635666475
2021-07-22,0.859726080338042,723.511048540124,622.021317842667
2021-07-23,0.88618399174688,695.354104180694,616.211675720424
2021-07-24,0.937072705243329,644.549182836506,603.989446422982
2021-07-25,0.947964560797224,613.943808532778,581.996972809951
2021-07-26,0.951094233572549,573.544714451858,545.495070611176
2021-07-27,0.920177095633036,564.363102160739,519.314000228719
2021-07-28,0.922849448156134,549.060415008876,506.700100995319
2021-07-29,0.918473369366409,520.903470649446,478.435965802053
2021-07-30,0.92284102551978,498.867601150762,460.375488644562
2021-07-31,0.912939325010345,495.194956234315,452.082949093082
2021-08-01,0.925992221046162,495.807063720389,459.113484144819
2021-08-02,0.892271173460755,493.970741262166,440.755852961272
2021-08-03,0.876291085444018,478.055946624227,418.916164370311
2021-08-04,0.847818748532374,468.262226847034,397.001495150435
2021-08-05,0.848682170824368,449.286894778723,381.301777183746
2021-08-06,0.835475942745877,434.596315112934,363.094766082863
2021-08-07,0.823787631057565,430.311562710412,354.485342861889
2021-08-08,0.761867343613291,417.457305502846,318.047088415416
2021-08-09,0.767467684672124,409.499908183877,314.277946407327
2021-08-10,0.759344502465109,382.567178796597,290.500284042782
2021-08-11,0.758870703545371,356.858664381465,270.809585705424
2021-08-12,0.729343924018591,347.064944604273,253.129708586975
2021-08-13,0.756568228615158,340.331762257452,257.484198512596
2021-08-14,0.77843555048248,326.865397563812,254.443645686261
2021-08-15,0.843496640708044,295.64791577401,249.378023787712
2021-08-16,0.877369983859738,278.508906163922,244.355354505834
2021-08-17,0.918945741435496,269.939401358879,248.059663324389
2021-08-18,0.925034734409734,252.800391748791,233.84914324002
2021-08-19,0.906537832191902,243.006671971598,220.294741617301
2021-08-20,0.82985536310437,244.230886943747,202.676311366006
2021-08-21,0.735260768509775,227.09187733366,166.971748250674
2021-08-22,0.639784016488212,213.013405153945,136.282571915222
2021-08-23,0.601093540297735,192.20175062741,115.531230736052
2021-08-24,0.604232068436264,178.73538593377,107.997651945516
2021-08-25,0.631474593353207,165.881128726204,104.749718307351
2021-08-26,0.691079830797022,165.26902124013,114.214087234618
2021-08-27,0.760941193063447,154.863193976862,117.84178358637
2021-08-28,0.80379833592059,146.905796657893,118.082634890703
2021-08-29,0.822502901794967,144.457366713595,118.816603307592
2021-08-30,0.823378251935023,132.827324478178,109.367130238049
2021-08-31,0.81504491860169,116.91252984024,95.288963367156
2021-09-01,0.826512071104102,108.955132521271,90.0527322375773
2021-09-02,0.807604508078891,98.5493052580033,79.5888631944063
2021-09-03,0.784209062944316,90.5919079390341,71.0429952352076
2021-09-04,0.749923348658602,90.5919079390341,67.9369869630122
2021-09-05,0.731101590706409,85.6950480504377,62.6517859453371
2021-09-06,0.668387616227728,78.9618657036175,52.777133190535
2021-09-07,0.592877412146096,76.5134357593193,45.3630877873918
2021-09-08,0.511310591869598,73.4528983289466,37.5572449191111
2021-09-09,0.485800387787965,68.5560384403501,33.3045500595288
2021-09-10,0.460477884204592,59.9865336353064,27.6224720891535
2021-09-11,0.541192169918878,56.313888718859,30.4766356323295
2021-09-12,0.6890182568754,51.4170288302626,35.4272715783397
2021-09-13,0.860975928833072,46.5201689416662,40.0527456640224
2021-09-14,0.916248037676609,42.8475240252188,39.2589598074081
2021-09-15,0.93688295831153,39.7869865948461,37.2757497032806
2021-09-16,0.9504884004884,37.3385566505478,35.4898649873247
2021-09-17,1.01230158730159,33.053804248026,33.4604185066326
2021-09-18,1.01031746031746,28.7690518455041,29.065875396291
2021-09-19,0.924603174603175,23.2600844708331,21.5063479432703
2021-09-20,0.781746031746032,23.8721919569076,18.6619913313921
2021-09-21,0.716269841269841,22.035869498684,15.7836287480653
2021-09-22,0.668650793650794,20.8116545265349,13.9157293163537
2021-09-23,0.616269841269841,18.9753320683112,11.6939248817807
2021-09-24,0.537868480725673,18.3632245822366,9.87699970727195
2021-09-25,0.4423280423281,18.3632245822366,8.12256918029198
2021-09-26,0.33079365079372,15.9147946379384,5.26451301991597
2021-09-27,0.28849206349215,15.3026871518639,4.41470379341602
