"fecha","rho7dpromedio","incidenciaAcum14d","riesgopor10"
2020-01-01,0,0,0
2020-01-02,0,0,0
2020-01-03,0,0,0
2020-01-04,0,0,0
2020-01-05,0,0,0
2020-01-06,0,0,0
2020-01-07,0,0,0
2020-01-08,0,0,0
2020-01-09,0,0,0
2020-01-10,0,0,0
2020-01-11,0,0,0
2020-01-12,0,0,0
2020-01-13,0,0,0
2020-01-14,0,0,0
2020-01-15,0,0,0
2020-01-16,0,0,0
2020-01-17,0,0,0
2020-01-18,0,0,0
2020-01-19,0,0,0
2020-01-20,0,0,0
2020-01-21,0,0,0
2020-01-22,0,0,0
2020-01-23,0,0,0
2020-01-24,0,0,0
2020-01-25,0,0,0
2020-01-26,0,0,0
2020-01-27,0,0,0
2020-01-28,0,0,0
2020-01-29,0,0,0
2020-01-30,0,0,0
2020-01-31,0,0,0
2020-02-01,0,0,0
2020-02-02,0,0,0
2020-02-03,0,0,0
2020-02-04,0,0,0
2020-02-05,0,0,0
2020-02-06,0,0,0
2020-02-07,0,0,0
2020-02-08,0,0,0
2020-02-09,0,0,0
2020-02-10,0,0,0
2020-02-11,0,0,0
2020-02-12,0,0,0
2020-02-13,0,0,0
2020-02-14,0,0,0
2020-02-15,0,0,0
2020-02-16,0,0,0
2020-02-17,0,0,0
2020-02-18,0,0,0
2020-02-19,0,0,0
2020-02-20,0,0,0
2020-02-21,0,0,0
2020-02-22,0,0,0
2020-02-23,0,0,0
2020-02-24,0,0,0
2020-02-25,0,0,0
2020-02-26,0,0,0
2020-02-27,0,0,0
2020-02-28,0,0,0
2020-02-29,0,0,0
2020-03-01,0,0,0
2020-03-02,0,0,0
2020-03-03,0,0,0
2020-03-04,0,0,0
2020-03-05,0,0,0
2020-03-06,0,0,0
2020-03-07,0,0,0
2020-03-08,0,0,0
2020-03-09,0,0,0
2020-03-10,0,0,0
2020-03-11,0,0,0
2020-03-12,0,0,0
2020-03-13,0,0,0
2020-03-14,0,0,0
2020-03-15,0.142857142857143,0,0
2020-03-16,0.428571428571429,0,0
2020-03-17,1,0,0
2020-03-18,1.57142857142857,0,0
2020-03-19,2.14285714285714,0.469183995195556,1.00539427541905
2020-03-20,2.71428571428571,0.938367990391112,2.54699883106159
2020-03-21,3,2.34591997597778,7.03775992793334
2020-03-22,2.94285714285714,2.81510397117334,8.28444882945296
2020-03-23,2.77142857142857,3.75347196156445,10.4024794363358
2020-03-24,2.2952380952381,4.22265595676,9.69200081503963
2020-03-25,1.83095238095238,4.69183995195556,8.59053553108054
2020-03-26,1.2952380952381,5.16102394715111,6.68475482678621
2020-03-27,0.723809523809524,6.09939193754223,4.41479797384009
2020-03-28,0.438095238095238,6.56857593273778,2.87766183719941
2020-03-29,0.352380952380952,6.56857593273778,2.31464104296474
2020-03-30,0.285714285714286,6.56857593273778,1.87673598078222
2020-03-31,0.333333333333333,6.56857593273778,2.18952531091259
2020-04-01,0.369047619047619,6.56857593273778,2.42411730851037
2020-04-02,0.333333333333333,6.09939193754223,2.03313064584741
2020-04-03,0.333333333333333,6.09939193754223,2.03313064584741
2020-04-04,0.333333333333333,4.69183995195556,1.56394665065185
2020-04-05,0.333333333333333,4.22265595676,1.40755198558667
2020-04-06,0.285714285714286,3.28428796636889,0.938367990391112
2020-04-07,0.142857142857143,2.81510397117334,0.402157710167619
2020-04-08,0,2.34591997597778,0
2020-04-09,0.285714285714286,1.87673598078222,0.536210280223492
2020-04-10,0.571428571428571,0.938367990391112,0.536210280223492
2020-04-11,0.857142857142857,0.469183995195556,0.402157710167619
2020-04-12,1,0.469183995195556,0.469183995195556
2020-04-13,1.14285714285714,1.40755198558667,1.60863084067048
2020-04-14,1.21428571428571,1.40755198558667,1.70917026821238
2020-04-15,1.21428571428571,1.40755198558667,1.70917026821238
2020-04-16,1,1.87673598078222,1.87673598078222
2020-04-17,0.857142857142857,1.40755198558667,1.20647313050286
2020-04-18,0.857142857142857,1.40755198558667,1.20647313050286
2020-04-19,0.857142857142857,1.40755198558667,1.20647313050286
2020-04-20,0.857142857142857,1.87673598078222,1.60863084067048
2020-04-21,0.785714285714286,1.87673598078222,1.4745782706146
2020-04-22,0.785714285714286,2.34591997597778,1.84322283826826
2020-04-23,0.714285714285714,2.34591997597778,1.67565712569841
2020-04-24,0.571428571428571,2.34591997597778,1.34052570055873
2020-04-25,0.428571428571429,2.34591997597778,1.00539427541905
2020-04-26,0.428571428571429,2.34591997597778,1.00539427541905
2020-04-27,0.571428571428571,1.40755198558667,0.804315420335239
2020-04-28,1,1.40755198558667,1.40755198558667
2020-04-29,1.57142857142857,1.87673598078222,2.94915654122921
2020-04-30,2,1.40755198558667,2.81510397117334
2020-05-01,2.28571428571429,1.87673598078222,4.28968224178794
2020-05-02,2.21428571428571,2.81510397117334,6.2334445075981
2020-05-03,2.21428571428571,3.28428796636889,7.27235192553112
2020-05-04,2,2.81510397117334,5.63020794234667
2020-05-05,1.66666666666667,3.28428796636889,5.47381327728149
2020-05-06,1.23809523809524,2.81510397117334,3.4853668214527
2020-05-07,1.0952380952381,3.75347196156445,4.11094548171344
2020-05-08,0.904761904761905,3.75347196156445,3.39599844141545
2020-05-09,0.833333333333333,3.75347196156445,3.12789330130371
2020-05-10,0.69047619047619,4.69183995195556,3.23960377635027
2020-05-11,0.619047619047619,4.69183995195556,2.90447235121058
2020-05-12,0.523809523809524,4.69183995195556,2.45763045102434
2020-05-13,0.380952380952381,4.22265595676,1.60863084067048
2020-05-14,0.0952380952380952,4.22265595676,0.402157710167619
2020-05-15,0,3.75347196156445,0
2020-05-16,0,2.81510397117334,0
2020-05-17,0,2.34591997597778,0
2020-05-18,0,2.34591997597778,0
2020-05-19,0,1.87673598078222,0
2020-05-20,0.142857142857143,1.87673598078222,0.268105140111746
2020-05-21,0.285714285714286,0.938367990391112,0.268105140111746
2020-05-22,0.428571428571429,0.938367990391112,0.402157710167619
2020-05-23,0.428571428571429,0.938367990391112,0.402157710167619
2020-05-24,0.428571428571429,0.469183995195556,0.20107885508381
2020-05-25,0.428571428571429,0.469183995195556,0.20107885508381
2020-05-26,0.428571428571429,0.469183995195556,0.20107885508381
2020-05-27,0.285714285714286,0.469183995195556,0.134052570055873
2020-05-28,0.142857142857143,0.469183995195556,0.0670262850279365
2020-05-29,0,0.469183995195556,0
2020-05-30,0,0.469183995195556,0
2020-05-31,0,0.469183995195556,0
2020-06-01,0,0.469183995195556,0
2020-06-02,0,0.469183995195556,0
2020-06-03,0,0.469183995195556,0
2020-06-04,0,0.469183995195556,0
2020-06-05,0.142857142857143,0.469183995195556,0.0670262850279365
2020-06-06,0.285714285714286,0.469183995195556,0.134052570055873
2020-06-07,0.428571428571429,0,0
2020-06-08,0.571428571428571,0,0
2020-06-09,0.857142857142857,0.469183995195556,0.402157710167619
2020-06-10,1.14285714285714,0.469183995195556,0.536210280223492
2020-06-11,1.42857142857143,0.469183995195556,0.670262850279365
2020-06-12,1.42857142857143,0.938367990391112,1.34052570055873
2020-06-13,1.57142857142857,1.40755198558667,2.21186740592191
2020-06-14,1.5,1.40755198558667,2.11132797838
2020-06-15,1.5,1.87673598078222,2.81510397117334
2020-06-16,1.28571428571429,1.87673598078222,2.41294626100572
2020-06-17,1.14285714285714,2.34591997597778,2.68105140111746
2020-06-18,0.857142857142857,2.34591997597778,2.0107885508381
2020-06-19,0.714285714285714,2.81510397117334,2.0107885508381
2020-06-20,0.5,2.81510397117334,1.40755198558667
2020-06-21,0.571428571428571,2.81510397117334,1.60863084067048
2020-06-22,0.571428571428571,2.81510397117334,1.60863084067048
2020-06-23,0.5,2.34591997597778,1.17295998798889
2020-06-24,0.357142857142857,2.81510397117334,1.00539427541905
2020-06-25,0.357142857142857,2.81510397117334,1.00539427541905
2020-06-26,0.5,2.34591997597778,1.17295998798889
2020-06-27,0.571428571428571,1.87673598078222,1.07242056044698
2020-06-28,0.571428571428571,1.87673598078222,1.07242056044698
2020-06-29,1,1.40755198558667,1.40755198558667
2020-06-30,1.57142857142857,1.87673598078222,2.94915654122921
2020-07-01,2.14285714285714,1.40755198558667,3.01618282625715
2020-07-02,2.71428571428571,1.40755198558667,3.82049824659238
2020-07-03,3.14285714285714,3.28428796636889,10.3220478943022
2020-07-04,3.02857142857143,3.28428796636889,9.94670069814578
2020-07-05,2.91428571428571,5.63020794234667,16.4080345748389
2020-07-06,2.35714285714286,5.63020794234667,13.2712044355314
2020-07-07,1.78571428571429,5.63020794234667,10.0539427541905
2020-07-08,1.21428571428571,5.63020794234667,6.83668107284953
2020-07-09,0.642857142857143,5.63020794234667,3.61941939150857
2020-07-10,0.357142857142857,5.63020794234667,2.0107885508381
2020-07-11,0.9,5.63020794234667,5.067187148112
2020-07-12,1.44285714285714,5.63020794234667,8.12358574538591
2020-07-13,2,5.63020794234667,11.2604158846933
2020-07-14,2.42857142857143,6.09939193754223,14.812808991174
2020-07-15,2.71428571428571,7.03775992793334,19.1024912329619
2020-07-16,2.82142857142857,7.50694392312889,21.180306068828
2020-07-17,2.62142857142857,5.63020794234667,14.7591879631516
2020-07-18,2.08571428571429,6.09939193754223,12.7215888983024
2020-07-19,1.7047619047619,4.69183995195556,7.99847001333376
2020-07-20,1.27619047619048,4.69183995195556,5.98768146249567
2020-07-21,1.08571428571429,5.16102394715111,5.6033974283355
2020-07-22,1.03809523809524,4.69183995195556,4.87057671203006
2020-07-23,1.50238095238095,6.09939193754223,9.16361026806939
2020-07-24,1.63095238095238,6.56857593273778,10.7130345569652
2020-07-25,1.70238095238095,7.03775992793334,11.9809484487437
2020-07-26,1.68333333333333,8.44531191352001,14.2162750544253
2020-07-27,1.71190476190476,8.91449590871556,15.2607679961107
2020-07-28,1.70238095238095,8.91449590871556,15.1758680350753
2020-07-29,1.60714285714286,7.97612791832445,12.8187770115929
2020-07-30,1.32142857142857,9.38367990391112,12.3998627301683
2020-07-31,1.27380952380952,9.85286389910667,12.5506718714811
2020-08-01,1.4047619047619,10.3220478943022,14.5000196610436
2020-08-02,1.50119047619048,10.3220478943022,15.4953599937085
2020-08-03,1.68690476190476,11.2604158846933,18.9952491769172
2020-08-04,1.83928571428571,12.1987838750845,22.4370489131018
2020-08-05,2.02295918367347,14.5447038510622,29.4233422293172
2020-08-06,2.02295918367347,16.4214398318445,33.2199025169711
2020-08-07,2.04676870748299,17.3598078222356,35.5315114184703
2020-08-08,1.97057823129252,19.7057277982133,38.831678230935
2020-08-09,1.87236394557823,21.5824637789956,40.4102270365394
2020-08-10,1.71164965986395,24.3975677501689,41.7600885410842
2020-08-11,1.53784013605442,26.2743037309511,40.4056788243411
2020-08-12,1.39702380952381,28.1510397117334,39.3276727401418
2020-08-13,1.29618347338936,30.4969596877111,39.5296551358326
2020-08-14,1.26360201975527,33.78124765408,42.6860527655485
2020-08-15,1.25754141369466,38.00390361084,47.7914826726915
2020-08-16,1.23075569940895,39.8806395916223,49.0833244734633
2020-08-17,1.18267877633203,41.2881915772089,48.8306678914958
2020-08-18,1.13138007503333,44.5724795435778,50.4284152504344
2020-08-19,1.11573381652992,46.44921552436,51.8249605118152
2020-08-20,1.04990748599771,47.8567675099467,50.2451784643451
2020-08-21,1.00038713339206,50.2026874859245,50.2221226226214
2020-08-22,0.934490067494994,50.2026874859245,46.9139128171516
2020-08-23,0.946394829399755,52.0794234667067,49.2876970870115
2020-08-24,0.98090032390525,50.2026874859245,49.2438324158574
2020-08-25,1.10362759663252,51.1410554763156,56.4406801445767
2020-08-26,1.22576736162943,52.0794234667067,63.8372574979669
2020-08-27,1.47646764174148,53.4869754522934,78.9717885099318
2020-08-28,1.58237897179074,55.8328954282712,88.3487996598874
2020-08-29,1.67546759612936,56.7712634186623,95.1184122492928
2020-08-30,1.6672258378876,62.4014713610089,104.037345375277
2020-08-31,1.624051234713,66.1549433225734,107.439017385394
2020-09-01,1.46560967627144,65.2165753321823,95.5820438601317
2020-09-02,1.29794400860577,70.3775992793334,91.3461833246688
2020-09-03,1.03621004672834,71.3159672697245,73.8983217770379
2020-09-04,0.925495761014054,73.1927032505067,67.7395365955035
2020-09-05,0.885317189585482,76.4769912168756,67.7063949320779
2020-09-06,0.935708239976533,75.5386232264845,70.6821121895042
2020-09-07,0.997706372562901,78.3537271976578,78.1740129391583
2020-09-08,1.06190829966805,79.7612791832445,84.6991643568281
2020-09-09,1.14918883522445,88.2065910967645,101.36602968161
2020-09-10,1.2164995732669,90.0833270775467,109.586328948298
2020-09-11,1.29219985337894,87.2682231063734,112.767985102696
2020-09-12,1.38743794861704,88.6757750919601,123.032135485615
2020-09-13,1.50838389456298,89.1449590871556,134.464820568542
2020-09-14,1.63892913591534,91.960063058329,150.716026686907
2020-09-15,1.72443860852158,100.405374971849,173.142905104543
2020-09-16,1.78716951985163,107.443134899782,192.019095810198
2020-09-17,1.85827341595553,114.950078822911,213.608675638609
2020-09-18,1.91656189988843,126.6796787028,242.789445691894
2020-09-19,1.87846666179319,137.940094587493,259.115869007206
2020-09-20,1.72727618560271,156.707454395316,270.677054083452
2020-09-21,1.51816293167948,176.882366188725,268.536251615477
2020-09-22,1.35494692063738,193.772990015765,262.552116124558
2020-09-23,1.17981419862966,201.749117934089,238.026473899647
2020-09-24,1.044610116997,208.786877862022,218.100884910886
2020-09-25,0.924696983204161,220.985661737107,204.344774739678
2020-09-26,0.859467872692032,231.307709631409,198.801545134173
2020-09-27,0.816240873154353,236.937917573756,193.398412723776
2020-09-28,0.849854981833581,246.790781472862,209.736375105315
2020-09-29,0.893950561828642,247.259965468058,221.038185047901
2020-09-30,0.978203181795548,246.321597477667,240.952570397616
2020-10-01,1.05126440628534,246.790781472862,259.442364361765
2020-10-02,1.14549535709263,253.3593574056,290.221967584088
2020-10-03,1.16622383549351,252.420989415209,294.379374434872
2020-10-04,1.18191460314713,248.198333458449,293.349234791322
2020-10-05,1.16691119077895,249.13670144884,290.720404954406
2020-10-06,1.16347717369014,244.91404549208,284.951901446144
2020-10-07,1.11508508958377,240.222205540125,267.868199584721
2020-10-08,1.06088067611107,245.852413482471,260.820074638821
2020-10-09,1.01354348280678,253.828541400796,257.266263887127
2020-10-10,0.999758400632315,254.297725395991,254.236287226332
2020-10-11,1.03033795510857,256.174461376774,263.946270685984
2020-10-12,1.07147174195664,255.236093386382,273.478261590915
2020-10-13,1.15632777739407,268.842429247054,310.869968680468
2020-10-14,1.19823354604403,267.434877261467,320.449441316856
2020-10-15,1.2501798950006,287.609789054876,359.56397588177
2020-10-16,1.23392117632326,290.894077021245,358.940361703523
2020-10-17,1.22792117632326,298.870204939569,366.989053617369
2020-10-18,1.15632735660914,303.562044891525,351.017096936281
2020-10-19,1.073470213752,304.500412881916,326.872123303921
2020-10-20,0.946209815921977,313.884092785827,297.000209655714
2020-10-21,0.875294438994122,317.168380752196,277.615719897167
2020-10-22,0.806988593735815,310.599804819458,250.650499705873
2020-10-23,0.780992210372343,307.784700848285,240.377453834292
2020-10-24,0.762624863433567,309.192252833871,235.797699592148
2020-10-25,0.766725442657299,309.192252833871,237.065566920258
2020-10-26,0.76391513820765,312.007356805045,238.347143095529
2020-10-27,0.758206232613819,298.870204939569,226.605252127751
2020-10-28,0.761413761351323,294.178364987614,223.991455393401
2020-10-29,0.78589071460402,276.818557165378,217.549133706353
2020-10-30,0.832279699113487,262.743037309511,218.675696036124
2020-10-31,0.883607459133157,248.198333458449,219.309898788304
2020-11-01,0.942955336215024,240.222205540125,226.518810591403
2020-11-02,1.00256006575178,230.369341641018,230.959102302813
2020-11-03,1.04624365488992,217.232189775542,227.277800190503
2020-11-04,1.05629787684572,214.886269799565,226.983910552577
2020-11-05,1.0420058246211,216.293821785151,225.379422129687
2020-11-06,0.995135637104119,206.91014188124,205.903655864291
2020-11-07,0.953445065293065,202.218301929285,192.804042086419
2020-11-08,0.915475945060703,197.526461977329,180.830724453192
2020-11-09,0.885859220322026,190.0195180542,168.330542109461
2020-11-10,0.867371825364043,190.0195180542,164.817576229467
2020-11-11,0.864240414069367,191.896254034982,165.844498045554
2020-11-12,0.867119422815722,187.204414083027,162.32858348823
2020-11-13,0.858487453281497,185.327678102245,159.101486396569
2020-11-14,0.846963208880541,187.204414083027,158.555251268362
2020-11-15,0.80058778048264,179.697470159898,143.863598793658
2020-11-16,0.753496660220788,176.882366188725,133.280272175154
2020-11-17,0.685464940490643,169.844606260791,116.42252292321
2020-11-18,0.644004276079159,161.399294347271,103.941835715801
2020-11-19,0.589857786975042,151.077246452969,89.1140902550314
2020-11-20,0.580256673802501,144.977854515427,84.1243676361444
2020-11-21,0.526572852995392,132.779070640342,69.9178540451617
2020-11-22,0.479965020673274,127.618046693191,61.2521984193804
2020-11-23,0.436921382763497,119.172734779671,52.0691160676414
2020-11-24,0.444013913693563,108.381502890173,48.1228952702561
2020-11-25,0.42789866364539,97.5902710006756,41.7587465459806
2020-11-26,0.407754685488941,85.8606711207867,35.0100909487258
