"fecha","rho7dpromedio","incidenciaAcum14d","riesgopor10"
2020-01-02,1.75,0.00570088342599834,0.0099765459954971
2020-01-03,1.8,0.0114017668519967,0.020523180333594
2020-01-04,1.66666666666667,0.0114017668519967,0.0190029447533278
2020-01-05,1.64285714285714,0.017102650277995,0.0280972111709918
2020-01-06,1.5,0.017102650277995,0.0256539754169925
2020-01-07,1.5,0.0228035337039934,0.0342053005559901
2020-01-08,1.35714285714286,0.0285044171299917,0.0386845661049888
2020-01-09,1.35714285714286,0.0342053005559901,0.0464214793259865
2020-01-10,1.11904761904762,0.0342053005559901,0.0382773601459889
2020-01-11,0.976190476190476,0.0399061839819884,0.038956036744322
2020-01-12,0.833333333333333,0.0456070674079867,0.0380058895066556
2020-01-13,0.833333333333333,0.0456070674079867,0.0380058895066556
2020-01-14,0.761904761904762,0.0456070674079867,0.0347482418346566
2020-01-15,1.04761904761905,0.0456070674079867,0.0477788325226528
2020-01-16,1.19047619047619,0.0456070674079867,0.0542941278666509
2020-01-17,1.28571428571429,0.0456070674079867,0.058637658095983
2020-01-18,1.35714285714286,0.0513079508339851,0.0696322189889798
2020-01-19,1.33333333333333,0.0513079508339851,0.0684106011119801
2020-01-20,1.23809523809524,0.0513079508339851,0.0635241296039815
2020-01-21,1.02380952380952,0.0456070674079867,0.0466929499653198
2020-01-22,0.738095238095238,0.0456070674079867,0.0336623592773235
2020-01-23,0.595238095238095,0.0399061839819884,0.0237536809416598
2020-01-24,0.880952380952381,0.0399061839819884,0.0351554477936565
2020-01-25,1.0952380952381,0.0342053005559901,0.0374629482279891
2020-01-26,1.61904761904762,0.0342053005559901,0.0553800104239839
2020-01-27,2,0.0342053005559901,0.0684106011119801
2020-01-28,2.57142857142857,0.0456070674079867,0.117275316191966
2020-01-29,2.66666666666667,0.0456070674079867,0.121618846421298
2020-01-30,2.80952380952381,0.0513079508339851,0.144150909485958
2020-01-31,2.45238095238095,0.0513079508339851,0.125826641330963
2020-02-01,2.26190476190476,0.0570088342599834,0.128948553683296
2020-02-02,1.8047619047619,0.0627097176859818,0.113176109538034
2020-02-03,1.49047619047619,0.0627097176859818,0.0934673411224395
2020-02-04,1.06190476190476,0.0627097176859818,0.0665917478284473
2020-02-05,1.25238095238095,0.0684106011119801,0.0856761337735751
2020-02-06,1.53809523809524,0.0798123679639768,0.122759023106498
2020-02-07,1.78809523809524,0.0798123679639768,0.142712115097492
2020-02-08,1.90714285714286,0.0912141348159735,0.173958385684749
2020-02-09,1.97142857142857,0.108316785093969,0.213538804899538
2020-02-10,1.95238095238095,0.131120318797962,0.255996812891259
2020-02-11,1.85238095238095,0.125419435371964,0.232324573141399
2020-02-12,1.43968253968254,0.131120318797962,0.188771633571034
2020-02-13,0.915873015873016,0.13682120222396,0.12531084711623
2020-02-14,0.68015873015873,0.131120318797962,0.0891826295316296
2020-02-15,0.537301587301587,0.119718551945965,0.0643249679900146
2020-02-16,0.501587301587302,0.114017668519967,0.0571898146862056
2020-02-17,0.977777777777778,0.119718551945965,0.117058139680499
2020-02-18,1.43492063492063,0.125419435371964,0.179966935835325
2020-02-19,1.65714285714286,0.114017668519967,0.188943564975945
2020-02-20,1.75238095238095,0.114017668519967,0.199802390549275
2020-02-21,1.71428571428571,0.131120318797962,0.224777689367935
2020-02-22,1.67142857142857,0.131120318797962,0.219158247133736
2020-02-23,1.61020408163265,0.108316785093969,0.174412129467635
2020-02-24,1.1530612244898,0.0855132513899751,0.0986020143578285
2020-02-25,1.1530612244898,0.0855132513899751,0.0986020143578285
2020-02-26,1.48639455782313,0.0798123679639768,0.118632669388632
2020-02-27,1.91496598639456,0.0798123679639768,0.152837969944622
2020-02-28,2.22448979591837,0.0855132513899751,0.190223355132802
2020-02-29,2.48163265306122,0.10261590166797,0.254654972302555
2020-03-01,2.56326530612245,0.108316785093969,0.277644657302091
2020-03-02,2.68707482993197,0.125419435371964,0.337011407972283
2020-03-03,2.36167800453515,0.142522085649959,0.336591274839982
2020-03-04,1.99024943310658,0.142522085649959,0.283654500169997
2020-03-05,1.68667800453515,0.153923852501955,0.25961997638836
2020-03-06,1.75810657596372,0.17102650277995,0.300682819201508
2020-03-07,1.77239229024943,0.165325619353952,0.293021853123657
2020-03-08,2.0247113997114,0.20523180333594,0.415535171797607
2020-03-09,2.14375901875902,0.245137987317929,0.525516771153244
2020-03-10,2.45487012987013,0.296445938151914,0.727736278690461
2020-03-11,2.55844155844156,0.319249471855907,0.816781116306672
2020-03-12,2.72595856524428,0.404762723245882,1.10336641232371
2020-03-13,2.61881570810142,0.473173324357862,1.23915373448294
2020-03-14,2.64942795299938,0.570088342599834,1.51040799056309
2020-03-15,2.48034213685474,0.661302477415808,1.64025639994086
2020-03-16,2.39210684273709,0.786721912787771,1.88192287091084
2020-03-17,2.13630327130852,0.923543115011732,1.97296817779403
2020-03-18,2.02717628718154,1.07746696751369,2.18421548676515
2020-03-19,1.76464164369451,1.24279258686764,2.19308355326147
2020-03-20,1.59581047486335,1.41381908964759,2.25618731282138
2020-03-21,1.40954346806062,1.60194824270553,2.25801568167678
2020-03-22,1.29203238595788,1.7216667946515,2.22444925651803
2020-03-23,1.16743969173734,1.88699241400545,2.20294984211721
2020-03-24,1.07455521651868,2.00101008252542,2.15019582248416
2020-03-25,1.0032110760256,2.15493393502737,2.16185359172289
2020-03-26,0.951137401958799,2.23474630299135,2.12555079266422
2020-03-27,0.930644454046496,2.36586662178931,2.20178065058194
2020-03-28,0.933485363137405,2.4000719223453,2.24043200998639
2020-03-29,0.979269882274537,2.4057728057713,2.35590085228695
2020-03-30,1.05188623040109,2.46848252345728,2.59656277641045
2020-03-31,1.12043490422602,2.47988429030928,2.77854891730429
2020-04-01,1.15680303881286,2.52549135771727,2.92149607710294
2020-04-02,1.1732921086676,2.62240637595924,3.07684870663258
2020-04-03,1.17410690864089,2.63380814281123,3.0923723365093
2020-04-04,1.18023086598436,2.61100460910724,3.08158823089579
2020-04-05,1.17979296994603,2.61100460910724,3.08044488232141
2020-04-06,1.18756413396719,2.63380814281123,3.12781608615337
2020-04-07,1.21376764673119,2.68511609364522,3.25910704218379
2020-04-08,1.2745929331596,2.81053552901718,3.58228872367928
2020-04-09,1.33322547708626,2.92455319753715,3.89908883205062
2020-04-10,1.37490939703105,2.98156203179713,4.09937765534888
2020-04-11,1.40229938710881,3.18109295170707,4.460844696515
2020-04-12,1.41394907416624,3.40342740532101,4.81227302874566
2020-04-13,1.38751509148226,3.54594949097097,4.92005843235605
2020-04-14,1.34989609755477,3.69417246004693,4.98674898751167
2020-04-15,1.32521925570504,3.91080603023486,5.18267545659461
2020-04-16,1.3417476662125,4.07043076616282,5.46149098097853
2020-04-17,1.35555028871078,4.29846610320275,5.82678696720998
2020-04-18,1.3557609863679,4.64051910876265,6.29143476415515
2020-04-19,1.30856926108138,4.89705886293258,6.40814069773969
2020-04-20,1.25493631035299,5.35883042043844,6.72499087563239
2020-04-21,1.18502235146152,5.58686575747838,6.62056079722688
2020-04-22,1.12598317635092,5.79779844424031,6.52822350808812
2020-04-23,1.03524219680329,5.90041434590828,6.10835790950776
2020-04-24,0.984313984878174,6.11704791609622,6.02109580998341
2020-04-25,0.925183052098448,6.29947618572817,5.82816860413348
2020-04-26,0.906691701771411,6.44769915480413,5.84607531917944
2020-04-27,0.885208963591005,6.49330622221211,5.74793287124341
2020-04-28,0.895145098619801,6.60732389073208,5.91451359578233
2020-04-29,0.909499067632155,6.5446141730461,5.95232048839762
2020-04-30,0.96570880616948,6.49900710563811,6.27614839327275
2020-05-01,1.03839605615799,6.58452035702809,6.83733997042993
2020-05-02,1.11280667286368,6.46480180508212,7.19407458743657
2020-05-03,1.1747719308362,6.51040887249011,7.64824560166834
2020-05-04,1.21681616445132,6.44199827137813,7.83872762798034
2020-05-05,1.24810615062852,6.65293095814007,8.30356404856151
2020-05-06,1.2661754073167,6.61872565758408,8.38046765540903
2020-05-07,1.2769176990056,6.76694862666003,8.64083646964381
2020-05-08,1.29599996808787,6.863863644902,8.89556706475246
2020-05-09,1.34891981218209,6.92087247916199,9.33570200472736
2020-05-10,1.41570142137749,7.34273785268587,10.3951244148497
2020-05-11,1.47268285251484,7.78170587648774,11.4599848076175
2020-05-12,1.54495635651104,8.31758891853158,12.8503118705311
2020-05-13,1.59640655062377,8.9503869788174,14.2884564036018
2020-05-14,1.65821696133452,9.57748415567722,15.8815466738566
2020-05-15,1.66251260497051,10.244487516519,17.0315896276759
2020-05-16,1.66054767925571,11.4986818702387,19.0941094941246
2020-05-17,1.61200500445383,12.3709170344164,19.9419801691624
2020-05-18,1.58101743135521,13.665017572118,21.6046309812938
2020-05-19,1.49411218031416,14.6284668711117,21.8565705314503
2020-05-20,1.42938369242778,16.1620045127053,23.1017056874051
2020-05-21,1.33163044621876,17.4104979829989,23.1843491979918
2020-05-22,1.27961970253294,18.6190852693106,23.8253483537507
2020-05-23,1.21872740247301,19.6224407522863,23.9144062482145
2020-05-24,1.22108905139155,20.660001535818,25.22770167712
2020-05-25,1.2239509787656,22.2277444779675,27.2056696095599
2020-05-26,1.25082486855897,23.8182909538211,29.7925106516126
2020-05-27,1.24633497606004,25.1579985589307,31.3552935316634
2020-05-28,1.26264453790376,26.5889202988563,33.5723549841094
2020-05-29,1.26522965881741,27.8260120022979,35.2062956719164
2020-05-30,1.28468633636791,28.6697427493457,36.8316267772674
2020-05-31,1.27674528098632,29.7187052997294,37.9432167484525
2020-06-01,1.28984655304456,31.5543897629008,40.7003208691021
2020-06-02,1.30267195325613,33.2589539072743,43.3255064496445
2020-06-03,1.33276450702671,34.558755328402,46.0586825087143
2020-06-04,1.34510462488116,36.1949088716635,48.6859393204265
2020-06-05,1.35768893076709,38.2643295553009,51.951056680456
2020-06-06,1.36538114133936,40.8924368146861,55.8337620501837
2020-06-07,1.36513208663752,42.8934468972115,58.5552206658661
2020-06-08,1.35480498971067,45.5215541565968,61.6728287107419
2020-06-09,1.33959614039739,47.8589163612561,64.1116196411404
2020-06-10,1.33729732031523,51.433370269357,68.7817082359924
2020-06-11,1.3260340459182,53.8562457254063,71.4152154172256
2020-06-12,1.32231962790837,57.1912625296154,75.6251289877709
2020-06-13,1.30462651787047,60.2412351625245,78.5923128623005
2020-06-14,1.32046311326045,63.9297067391454,84.4168195905997
2020-06-15,1.32468573417581,67.4129465124304,89.3009685437735
2020-06-16,1.35646805559495,71.9565506029511,97.6067622837048
2020-06-17,1.35975266849267,76.2094096387459,103.625948120536
2020-06-18,1.37216001050346,81.1976826364944,111.416213059349
2020-06-19,1.34770004991447,85.821099094979,115.661099534018
2020-06-20,1.32118250801176,92.0293611458912,121.587582169449
2020-06-21,1.25477839797705,96.213809580574,120.727009848782
2020-06-22,1.20140718131393,101.58974265129,122.050646369094
2020-06-23,1.13343967906659,106.304373244591,120.489594693724
2020-06-24,1.0983261312715,109.3543458775,120.106735645361
2020-06-25,1.06311879082364,113.476084594497,120.638557841503
2020-06-26,1.0578654863943,117.694738329736,124.505201609236
2020-06-27,1.07064867985175,121.371808139505,129.94656615578
2020-06-28,1.10831589804227,125.094485016682,138.644206501398
2020-06-29,1.14646139885887,128.714545992191,147.566258451691
2020-06-30,1.17795954452633,131.696108023988,155.132687423827
2020-07-01,1.19763547950677,138.012686859994,165.288890405586
2020-07-02,1.20264984580785,140.749110904473,169.271896526857
2020-07-03,1.20040804556108,144.95636287286,174.006784247852
2020-07-04,1.17458974240072,146.364481079081,171.918218127293
2020-07-05,1.15671804374377,150.520425096634,174.109691661259
2020-07-06,1.14329658106731,153.935254268807,175.993649911254
2020-07-07,1.14644317505532,158.678389279238,181.915756417953
2020-07-08,1.1519161581504,162.783025345957,187.512397168614
2020-07-09,1.16911246132334,167.303825902773,195.596987690003
2020-07-10,1.18764676907298,175.148241496947,208.014243122663
2020-07-11,1.21001613033205,180.729406370999,218.685496934246
2020-07-12,1.21891302576158,187.114395808118,228.076174358022
2020-07-13,1.21771567200837,194.200593906634,236.48110671344
2020-07-14,1.21904694024644,200.676797478568,244.634435944702
2020-07-15,1.21898381587439,207.021880731704,252.356322143826
2020-07-16,1.22953054968386,214.13658324735,263.287470907537
2020-07-17,1.22863418961865,221.450816682906,272.08204469559
2020-07-18,1.22094965600108,231.313345009883,282.421949018276
2020-07-19,1.19824401771616,239.385795941096,286.84259791264
2020-07-20,1.17382067096159,253.449875353034,297.504702742031
2020-07-21,1.13454659146654,260.6785955372,295.752012035017
2020-07-22,1.10187788249793,268.106846641276,295.421004460287
2020-07-23,1.07113344490008,275.5236959785,295.122645625052
2020-07-24,1.060487436573,280.021693001613,296.959487396111
2020-07-25,1.05818025950752,288.45900047209,305.241619976836
2020-07-26,1.06439956913106,294.952306694302,313.947108159627
2020-07-27,1.07230225359988,304.204840494698,326.199536018457
2020-07-28,1.09959956833584,311.114311207008,342.101162306328
2020-07-29,1.12718461207593,314.665961581405,354.686629838636
2020-07-30,1.15366537191197,321.147866036765,370.497172310039
2020-07-31,1.15619713364923,326.506696457203,377.506106561096
2020-08-01,1.15054751925107,338.182105713648,389.094582783942
2020-08-02,1.1283098048184,345.832691271337,390.206416388184
2020-08-03,1.09941187469069,349.104998357861,383.810180708507
2020-08-04,1.05292421694271,355.239148924235,374.039902708445
2020-08-05,1.00572829177377,360.124806020315,362.187705984171
2020-08-06,0.960302621927209,364.451776540648,349.983996578014
2020-08-07,0.925432155216129,367.855203945969,340.425034195187
2020-08-08,0.901480628501611,369.183509784227,332.811782432715
2020-08-09,0.894438908178142,369.194911551079,330.222293592672
2020-08-10,0.904925858579728,371.617787007128,336.286544970924
2020-08-11,0.921865970773184,369.497058372657,340.626764414545
2020-08-12,0.943756331421568,368.254265785789,347.542294908339
2020-08-13,0.962799349129599,366.042323016502,352.425310354174
2020-08-14,1.00374944317585,365.227096686584,366.596494931892
2020-08-15,1.03963305262313,356.652968013882,370.788213863372
2020-08-16,1.09398714293909,353.226737074857,386.425508902219
2020-08-17,1.1316522251765,350.353491828154,396.478308625687
2020-08-18,1.16849197236505,352.856179652167,412.309613322957
2020-08-19,1.17936502092205,354.173083723573,417.699346295679
2020-08-20,1.1912522057163,363.271693671466,432.748206360432
2020-08-21,1.17328561877671,366.486991923729,429.993917092848
2020-08-22,1.16171390148677,371.264332234716,431.302935883272
2020-08-23,1.13067006140211,379.13725224602,428.679140276834
2020-08-24,1.11133083154842,385.795884087586,428.746860671013
2020-08-25,1.07719709980144,398.218109072836,428.959392181671
2020-08-26,1.05192644635902,407.710079977123,428.881015575087
2020-08-27,1.01505587255511,416.113182147045,422.378129185954
2020-08-28,0.998141891657209,424.750020537433,423.960788980671
2020-08-29,0.980134517272795,427.58906048358,419.094797388201
2020-08-30,0.978929516131109,432.668547616144,423.552011963022
2020-08-31,0.970167022575909,436.642063364065,423.615730545317
2020-09-01,0.981677558094132,441.26547982255,433.180418703436
2020-09-02,0.989513639849874,445.227593803619,440.55877690622
2020-09-03,1.00386527916823,441.168564804308,442.873804467523
2020-09-04,1.00374351539105,443.625645560913,445.286364992935
2020-09-05,1.00530496565858,445.233294687045,447.595242025416
2020-09-06,0.996736087657623,443.984801216751,442.535673744232
2020-09-07,0.986408871988294,442.394254740897,436.381617793071
2020-09-08,0.964974421697673,438.836903483074,423.466387158177
2020-09-09,0.948034906161972,436.049171487761,413.389835373406
2020-09-10,0.931676468072834,436.060573254613,406.267374755673
2020-09-11,0.919797538434263,429.635677633513,395.177838710842
2020-09-12,0.907688435685108,428.278867378125,388.743775167441
2020-09-13,0.896418012523554,424.299650746779,380.349849636866
2020-09-14,0.895095111940296,421.392200199519,377.186098608357
2020-09-15,0.898682853798235,414.334506518134,372.3553167448
2020-09-16,0.917866117974108,408.525306307041,374.971536994227
2020-09-17,0.939474356554785,401.615835594731,377.307778727573
2020-09-18,0.968196960650396,395.909251285307,383.318133787808
2020-09-19,0.990442033291562,389.837810436619,386.111753622775
2020-09-20,1.01269498361425,389.706690117821,394.654010163229
2020-09-21,1.02046693270771,383.601043968577,391.452180722089
2020-09-22,1.02760174929789,379.19426108028,389.660686009817
2020-09-23,1.02531140794865,376.018869011999,385.536436001952
2020-09-24,1.02627465464762,370.899475695452,380.644731328335
2020-09-25,1.01675716892187,371.498068455182,377.723324342434
2020-09-26,1.00375862483548,371.332742835828,372.728443305279
2020-09-27,0.991333469800671,372.051054147504,368.826662451042
2020-09-28,0.985929999724684,372.604039839826,367.361500896695
2020-09-29,0.980885177041719,370.34649000313,363.2673824135
2020-09-30,0.972313488319907,369.924624629607,359.682702189045
2020-10-01,0.962313769677804,373.818328009563,359.730524401537
2020-10-02,0.953607283083762,372.752262808902,355.459272600521
2020-10-03,0.95208023951096,372.136567398894,354.303872219925
2020-10-04,0.948549713275017,366.646616659657,347.782543105773
2020-10-05,0.952013042863907,365.557747925292,348.015743944834
2020-10-06,0.96184194786358,363.630849327304,349.755404420262
2020-10-07,0.973688652694781,361.527223343111,352.014955009439
2020-10-08,0.982032136742918,359.395092941788,352.937531056543
2020-10-09,0.989017510227452,355.518492212109,351.614014007438
2020-10-10,0.997376004742281,357.148944871944,356.211787734301
2020-10-11,0.99790612290163,353.078514105781,352.339211091169
2020-10-12,0.988542045158248,349.441350479994,345.437467266354
2020-10-13,0.968380044947676,349.851814086666,338.789515450272
2020-10-14,0.95320459799304,348.306874678221,332.007714455865
2020-10-15,0.934043769142338,343.603645851772,320.940844462438
2020-10-16,0.920742875415082,340.776007672477,313.767081176829
2020-10-17,0.903679124953732,337.16734846382,304.691094422755
2020-10-18,0.893104195124777,335.394373718335,299.542122189092
2020-10-19,0.879296184985348,330.582828106792,290.680219575969
2020-10-20,0.869723921851711,328.279671202689,285.512683102592
2020-10-21,0.858110507174654,322.248136537982,276.524511880695
2020-10-22,0.853704440059384,315.435580843914,269.28875591916
2020-10-23,0.851313270662436,309.791706252176,263.729790673636
2020-10-24,0.854016672264337,298.543863252681,254.961436619994
2020-10-25,0.857185120937783,294.262499799756,252.237436478309
2020-10-26,0.86176815641683,286.218553285673,246.654034997287
2020-10-27,0.861945556438871,276.652470896848,238.459367967372
2020-10-28,0.869267438994955,269.457956013238,234.231027340442
2020-10-29,0.87884267333773,260.975041475352,229.356003124623
2020-10-30,0.896753238042272,253.905946027114,227.690979258001
2020-10-31,0.908855972695002,245.901905697013,223.489415689813
2020-11-01,0.930724320384759,240.486066442314,223.826230751527
2020-11-02,0.945100189884116,234.169487606308,221.313627201788
2020-11-03,0.960185118397088,227.248615127146,218.200738421433
2020-11-04,0.962426894072448,223.810982421269,215.401708671005
2020-11-05,0.966360805924131,220.738206254656,213.312750894496
2020-11-06,0.963243476796352,216.314320716081,208.363358367399
2020-11-07,0.960147953743093,213.178834831782,204.683222045072
2020-11-08,0.945773022939515,209.376345586641,198.022499297506
2020-11-09,0.934992626787963,206.7140330267,193.276096733568
2020-11-10,0.922853334640917,205.340120121034,189.498814589263
2020-11-11,0.911673308951593,201.566135293023,183.762465535175
2020-11-12,0.892878924942039,199.26297838892,177.917713924648
2020-11-13,0.870143040202665,196.714683497499,171.169912751019
2020-11-14,0.851770715128106,194.907503451457,166.016503598682
2020-11-15,0.834844045694265,189.924931337135,158.557698055699
2020-11-16,0.829880515265206,185.227403394112,153.716612969942
2020-11-17,0.830893059616657,180.108010077566,149.650495554816
2020-11-18,0.839614655560231,175.564405987045,147.406448261449
2020-11-19,0.8505397066729,170.576132989296,145.081774118114
2020-11-20,0.869933542778074,167.423544454719,145.647357171956
2020-11-21,0.887038859116542,162.669007677437,144.293730983813
2020-11-22,0.908342474257915,157.429895808944,143.000261081262
2020-11-23,0.921435262377036,152.270596308416,140.307496861753
2020-11-24,0.930359167174169,146.980176489089,136.744354589501
2020-11-25,0.928548001512109,144.260855094888,133.953128694786
2020-11-26,0.91947792376577,140.823222389011,129.483844140253
2020-11-27,0.905742440529049,137.060639327852,124.141637965281
2020-11-28,0.895264897149221,133.982162277813,119.949526731477
2020-11-29,0.89006626935411,130.134065965264,115.827942609584
2020-11-30,0.883213606015516,126.890263295871,112.071207013805
2020-12-01,0.882388251768966,125.157194734368,110.437238257967
2020-12-02,0.88975239479282,122.51768570813,109.010404263283
2020-12-03,0.91392080650312,121.075362201353,110.653292670718
2020-12-04,0.946484581473475,117.215864121952,110.943008095517
2020-12-05,1.00605793885192,115.591112345542,116.291356235958
2020-12-06,1.07955749896059,114.690372764235,123.814851976215
2020-12-07,1.15688817211518,113.099826288381,130.84385130131
2020-12-08,1.21840106799938,112.837585650785,137.481434867388
2020-12-09,1.26401520171683,113.926454385151,144.00477022053
2020-12-10,1.2914551321828,116.212508638976,150.083240705644
2020-12-11,1.29498677228526,117.483805642974,152.139974265383
2020-12-12,1.26566618244521,120.471068558197,152.476157437148
2020-12-13,1.21047151007726,123.731973877868,149.774029264784
2020-12-14,1.14637430401961,127.169606583745,145.783969239888
2020-12-15,1.08259541832026,130.960694062034,141.7774473716
2020-12-16,1.01898714697944,134.563652387265,137.118632233233
2020-12-17,0.942467324575195,137.357085266004,129.454564662098
2020-12-18,0.84903781004034,140.515374684007,119.302865998707
2020-12-19,0.73302650867796,142.465076815699,104.430677866749
2020-12-20,0.602081154752854,142.066014975879,85.5352703478134
2020-12-21,0.469511878345812,139.095854710934,65.3071560154466
2020-12-22,0.372061591586137,132.950302377707,49.465701104508
2020-12-23,0.309896270300596,123.811786245832,38.368810776838
2020-12-24,0.243918360641747,113.293656324865,27.6344029218706
2020-12-25,0.179024718565005,103.607855384094,18.5483671512612
