"fecha","rho7dpromedio","incidenciaAcum14d","riesgopor10"
2020-03-06,0,0,0
2020-03-07,0,0,0
2020-03-08,0,0,0
2020-03-09,0,0,0
2020-03-10,0,0,0
2020-03-11,0,0,0
2020-03-12,0,0,0
2020-03-13,0,0,0
2020-03-14,0,0,0
2020-03-15,0,0,0
2020-03-16,0,0,0
2020-03-17,0,0,0
2020-03-18,0,0,0
2020-03-19,0,0,0
2020-03-20,0,0,0
2020-03-21,0,0,0
2020-03-22,0,0,0
2020-03-23,0,0,0
2020-03-24,0,0,0
2020-03-25,0.142857142857143,0,0
2020-03-26,0.285714285714286,0,0
2020-03-27,0.571428571428571,0,0
2020-03-28,0.714285714285714,0,0
2020-03-29,0.857142857142857,0.66612932234664,0.570967990582835
2020-03-30,0.857142857142857,0.66612932234664,0.570967990582835
2020-03-31,0.857142857142857,1.33225864469328,1.14193598116567
2020-04-01,0.714285714285714,1.33225864469328,0.951613317638058
2020-04-02,0.571428571428571,1.33225864469328,0.761290654110446
2020-04-03,0.285714285714286,1.33225864469328,0.380645327055223
2020-04-04,0.142857142857143,1.33225864469328,0.190322663527612
2020-04-05,0,1.33225864469328,0
2020-04-06,0,1.33225864469328,0
2020-04-07,0,1.33225864469328,0
2020-04-08,0,1.33225864469328,0
2020-04-09,0.142857142857143,1.33225864469328,0.190322663527612
2020-04-10,0.285714285714286,1.33225864469328,0.380645327055223
2020-04-11,0.428571428571429,1.33225864469328,0.570967990582835
2020-04-12,0.428571428571429,0.66612932234664,0.285483995291417
2020-04-13,0.428571428571429,1.33225864469328,0.570967990582835
2020-04-14,0.571428571428571,0.66612932234664,0.380645327055223
2020-04-15,0.714285714285714,0.66612932234664,0.475806658819029
2020-04-16,0.714285714285714,0.66612932234664,0.475806658819029
2020-04-17,0.571428571428571,0.66612932234664,0.380645327055223
2020-04-18,0.428571428571429,1.33225864469328,0.570967990582835
2020-04-19,0.428571428571429,1.33225864469328,0.570967990582835
2020-04-20,0.428571428571429,1.33225864469328,0.570967990582835
2020-04-21,0.285714285714286,1.33225864469328,0.380645327055223
2020-04-22,0.142857142857143,1.33225864469328,0.190322663527612
2020-04-23,0,1.33225864469328,0
2020-04-24,0,1.33225864469328,0
2020-04-25,0,1.33225864469328,0
2020-04-26,0,1.33225864469328,0
2020-04-27,0,0.66612932234664,0
2020-04-28,0,0.66612932234664,0
2020-04-29,0.142857142857143,0.66612932234664,0.0951613317638058
2020-04-30,0.285714285714286,0.66612932234664,0.190322663527612
2020-05-01,0.428571428571429,0.66612932234664,0.285483995291417
2020-05-02,0.428571428571429,0,0
2020-05-03,0.428571428571429,0.66612932234664,0.285483995291417
2020-05-04,0.428571428571429,0.66612932234664,0.285483995291417
2020-05-05,0.428571428571429,0.66612932234664,0.285483995291417
2020-05-06,0.285714285714286,0.66612932234664,0.190322663527612
2020-05-07,0.142857142857143,0.66612932234664,0.0951613317638058
2020-05-08,0,0.66612932234664,0
2020-05-09,0,0.66612932234664,0
2020-05-10,0,0.66612932234664,0
2020-05-11,0,0.66612932234664,0
2020-05-12,0,0.66612932234664,0
2020-05-13,0,0.66612932234664,0
2020-05-14,0,0.66612932234664,0
2020-05-15,0,0.66612932234664,0
2020-05-16,0,0.66612932234664,0
2020-05-17,0,0,0
2020-05-18,0,0,0
2020-05-19,0,0,0
2020-05-20,0,0,0
2020-05-21,0,0,0
2020-05-22,0,0,0
2020-05-23,0,0,0
2020-05-24,0,0,0
2020-05-25,0,0,0
2020-05-26,0,0,0
2020-05-27,0,0,0
2020-05-28,0,0,0
2020-05-29,0,0,0
2020-05-30,0,0,0
2020-05-31,0,0,0
2020-06-01,0,0,0
2020-06-02,0,0,0
2020-06-03,0,0,0
2020-06-04,0,0,0
2020-06-05,0.142857142857143,0,0
2020-06-06,0.285714285714286,0,0
2020-06-07,0.428571428571429,0,0
2020-06-08,0.428571428571429,0,0
2020-06-09,0.428571428571429,0.66612932234664,0.285483995291417
2020-06-10,0.428571428571429,0.66612932234664,0.285483995291417
2020-06-11,0.428571428571429,0.66612932234664,0.285483995291417
2020-06-12,0.285714285714286,0.66612932234664,0.190322663527612
2020-06-13,0.142857142857143,0.66612932234664,0.0951613317638058
2020-06-14,0,0.66612932234664,0
2020-06-15,0,0.66612932234664,0
2020-06-16,0,0.66612932234664,0
2020-06-17,0,0.66612932234664,0
2020-06-18,0,0.66612932234664,0
2020-06-19,0,0.66612932234664,0
2020-06-20,0,0.66612932234664,0
2020-06-21,0,0.66612932234664,0
2020-06-22,0,0.66612932234664,0
2020-06-23,0,0,0
2020-06-24,0,0,0
2020-06-25,0,0,0
2020-06-26,0.142857142857143,0,0
2020-06-27,0.285714285714286,0,0
2020-06-28,0.428571428571429,0,0
2020-06-29,0.428571428571429,0,0
2020-06-30,0.428571428571429,0.66612932234664,0.285483995291417
2020-07-01,0.428571428571429,0.66612932234664,0.285483995291417
2020-07-02,0.428571428571429,0.66612932234664,0.285483995291417
2020-07-03,0.285714285714286,0.66612932234664,0.190322663527612
2020-07-04,0.285714285714286,0.66612932234664,0.190322663527612
2020-07-05,0.285714285714286,0.66612932234664,0.190322663527612
2020-07-06,0.428571428571429,0.66612932234664,0.285483995291417
2020-07-07,0.428571428571429,0.66612932234664,0.285483995291417
2020-07-08,0.428571428571429,1.33225864469328,0.570967990582835
2020-07-09,0.428571428571429,1.33225864469328,0.570967990582835
2020-07-10,0.428571428571429,1.33225864469328,0.570967990582835
2020-07-11,0.285714285714286,1.33225864469328,0.380645327055223
2020-07-12,0.142857142857143,1.33225864469328,0.190322663527612
2020-07-13,0,1.33225864469328,0
2020-07-14,0,0.66612932234664,0
2020-07-15,0.142857142857143,0.66612932234664,0.0951613317638058
2020-07-16,0.428571428571429,0.66612932234664,0.285483995291417
2020-07-17,0.714285714285714,0.66612932234664,0.475806658819029
2020-07-18,1,0.66612932234664,0.66612932234664
2020-07-19,1.57142857142857,1.33225864469328,2.09354929880373
2020-07-20,2.14285714285714,1.99838796703992,4.28225992937126
2020-07-21,2.71428571428571,1.99838796703992,5.42419591053693
2020-07-22,3.14285714285714,1.99838796703992,6.28064789641118
2020-07-23,3.42857142857143,4.66290525642648,15.9871037363194
2020-07-24,3.68571428571429,4.66290525642648,17.1861365165433
2020-07-25,3.94285714285714,9.99193983519961,39.3967913502156
2020-07-26,3.57380952380952,15.9871037363194,57.134863590989
2020-07-27,3.15364145658263,19.9838796703992,63.0219913919298
2020-07-28,2.69401412739009,22.6483969597858,61.0151013724016
2020-07-29,2.29551788678858,28.6435608609055,65.751806297526
2020-07-30,1.88198405220212,31.3080781502921,58.9213037839473
2020-07-31,1.49879077489119,34.6387247620253,51.9162011273186
2020-08-01,1.05117172727214,40.6338886631451,42.7131949318222
2020-08-02,0.951965378065795,45.9629232419182,43.7551116010018
2020-08-03,0.837971954609456,47.2951818866115,39.6320360091336
2020-08-04,0.78739520216935,51.958087143038,40.9115485303251
2020-08-05,0.667094450289651,52.6242164653846,35.1053227548993
2020-08-06,0.675866380114212,52.6242164653846,35.5669386888062
2020-08-07,0.670048668414147,52.6242164653846,35.2607861689688
2020-08-08,0.908143906509385,50.6258284983447,45.9755376627609
2020-08-09,0.995445493810973,45.9629232419182,45.7535848235471
2020-08-10,1.22348453551461,46.6290525642648,57.0499247180759
2020-08-11,1.30511718857584,47.2951818866115,61.7257548170371
2020-08-12,1.39534275248561,42.632276630185,59.4866382178902
2020-08-13,1.34092098377813,43.2984059525316,58.0597411058934
2020-08-14,1.3656462585034,43.9645352748783,60.0400031049783
2020-08-15,1.28506017791732,39.9677593407984,51.3609759294431
2020-08-16,1.42111459968603,37.3032420514119,53.0121818948832
2020-08-17,1.54356357927787,37.3032420514119,57.5799258195459
2020-08-18,1.90719994291423,37.3032420514119,71.1447411109684
2020-08-19,2.19291422862851,44.6306645972249,97.8712194284014
2020-08-20,2.4409177778743,49.959699175998,121.947517895946
2020-08-21,2.53913206358859,58.6193803665044,148.842348236286
2020-08-22,2.55706150257066,64.6145442676241,165.223363652889
2020-08-23,2.51624517604004,75.2726134251704,189.404350419012
2020-08-24,2.39515674066589,87.9290705497565,210.603906027736
2020-08-25,2.08324451496056,96.5887517402629,201.21798726979
2020-08-26,1.82517999883153,113.908114121276,207.902811598772
2020-08-27,1.6216775833726,131.893605824635,213.888903955991
2020-08-28,1.50240102659604,143.883933626874,216.171369591692
2020-08-29,1.40009168180549,157.206520073807,220.103541080925
2020-08-30,1.31510072339681,171.861365165433,226.015005653025
2020-08-31,1.26465027294636,189.180727546446,239.247458727804
2020-09-01,1.25632577335167,204.501701960419,256.920758867156
2020-09-02,1.24362616987938,222.487193663778,276.690896503295
2020-09-03,1.22829427954749,241.80494401183,297.007629496032
2020-09-04,1.20334625459946,253.79527181407,305.403589772513
2020-09-05,1.16635645868109,265.119470293963,309.223806499474
2020-09-06,1.11265116188866,275.111410129162,306.103030129041
2020-09-07,1.04981840431906,280.440444707936,294.411540169814
2020-09-08,0.997672410297586,292.430772510175,291.750113655411
2020-09-09,0.950822105488374,295.761419121908,281.216495251722
2020-09-10,0.896786604850932,299.092065733642,268.221758167124
2020-09-11,0.828915499243977,304.421100312415,252.339368345866
2020-09-12,0.743756435618527,304.421100312415,226.415152495432
2020-09-13,0.635558280881748,303.088841667721,192.630623164777
2020-09-14,0.54237890386774,293.763031154868,159.330870834642
2020-09-15,0.476312802811683,279.108186063242,132.942802391468
2020-09-16,0.416235557548777,259.124306392843,107.856750145865
2020-09-17,0.367381825576748,236.475909433057,86.8769513124384
