"fecha","rho7dpromedio","incidenciaAcum14d","riesgopor10"
2020-01-02,0,0,0
2020-01-03,0,0,0
2020-01-04,0,0,0
2020-01-05,0,0,0
2020-01-06,0,0,0
2020-01-07,0,0,0
2020-01-08,0,0,0
2020-01-09,0,0,0
2020-01-10,0,0,0
2020-01-11,0,0,0
2020-01-12,0,0,0
2020-01-13,0,0,0
2020-01-14,0,0,0
2020-01-15,0,0,0
2020-01-16,0,0,0
2020-01-17,0,0,0
2020-01-18,0,0,0
2020-01-19,0,0,0
2020-01-20,0,0,0
2020-01-21,0,0,0
2020-01-22,0,0,0
2020-01-23,0,0,0
2020-01-24,0,0,0
2020-01-25,0,0,0
2020-01-26,0,0,0
2020-01-27,0,0,0
2020-01-28,0,0,0
2020-01-29,0,0,0
2020-01-30,0,0,0
2020-01-31,0,0,0
2020-02-01,0,0,0
2020-02-02,0.142857142857143,0,0
2020-02-03,0.285714285714286,0,0
2020-02-04,0.428571428571429,0,0
2020-02-05,0.428571428571429,0,0
2020-02-06,0.428571428571429,0.280589912231475,0.120252819527775
2020-02-07,0.428571428571429,0.280589912231475,0.120252819527775
2020-02-08,0.428571428571429,0.280589912231475,0.120252819527775
2020-02-09,0.285714285714286,0.280589912231475,0.0801685463518501
2020-02-10,0.142857142857143,0.280589912231475,0.0400842731759251
2020-02-11,0,0.280589912231475,0
2020-02-12,0,0.280589912231475,0
2020-02-13,0,0.280589912231475,0
2020-02-14,0,0.280589912231475,0
2020-02-15,0,0.280589912231475,0
2020-02-16,0,0.280589912231475,0
2020-02-17,0,0.280589912231475,0
2020-02-18,0,0.280589912231475,0
2020-02-19,0,0.280589912231475,0
2020-02-20,0,0,0
2020-02-21,0,0,0
2020-02-22,0,0,0
2020-02-23,0,0,0
2020-02-24,0,0,0
2020-02-25,0,0,0
2020-02-26,0,0,0
2020-02-27,0,0,0
2020-02-28,0,0,0
2020-02-29,0,0,0
2020-03-01,0,0,0
2020-03-02,0.142857142857143,0,0
2020-03-03,0.285714285714286,0,0
2020-03-04,0.428571428571429,0,0
2020-03-05,0.571428571428571,0,0
2020-03-06,0.857142857142857,0.280589912231475,0.24050563905555
2020-03-07,1.14285714285714,0.280589912231475,0.320674185407401
2020-03-08,1.28571428571429,0.280589912231475,0.360758458583326
2020-03-09,1.28571428571429,0.561179824462951,0.721516917166651
2020-03-10,1.28571428571429,0.841769736694426,1.08227537574998
2020-03-11,1.21428571428571,0.841769736694426,1.02214896598609
2020-03-12,1.14285714285714,0.841769736694426,0.962022556222201
2020-03-13,1,1.1223596489259,1.1223596489259
2020-03-14,1,1.1223596489259,1.1223596489259
2020-03-15,1.14285714285714,1.1223596489259,1.2826967416296
2020-03-16,1.57142857142857,1.40294956115738,2.20463502467588
2020-03-17,2,1.40294956115738,2.80589912231475
2020-03-18,2.35714285714286,1.68353947338885,3.96834304441658
2020-03-19,2.42857142857143,1.96412938562033,4.77002850793508
2020-03-20,2.5,2.2447192978518,5.61179824462951
2020-03-21,2.35714285714286,2.52530921008328,5.95251456662487
2020-03-22,2.17857142857143,2.52530921008328,5.50156649339571
2020-03-23,1.6547619047619,2.52530921008328,4.17878547859019
2020-03-24,1.08333333333333,2.80589912231475,3.03972404917432
2020-03-25,0.654761904761905,3.08648903454623,2.02091543928622
2020-03-26,0.511904761904762,3.08648903454623,1.57998843435105
2020-03-27,0.44047619047619,2.80589912231475,1.23593175625769
2020-03-28,0.726190476190476,2.80589912231475,2.03761721977619
2020-03-29,1.19047619047619,2.80589912231475,3.34035609799376
2020-03-30,1.71428571428571,2.52530921008328,4.32910150299991
2020-03-31,2.28571428571429,3.36707894677771,7.69618044977761
2020-04-01,2.47619047619048,3.08648903454623,7.64273475220971
2020-04-02,2.61904761904762,3.92825877124066,10.2882967818208
2020-04-03,2.51700680272109,3.92825877124066,9.88745405006152
2020-04-04,2.13605442176871,4.20884868347213,8.99032984088605
2020-04-05,1.67176870748299,4.20884868347213,7.0362215235597
2020-04-06,1.31462585034014,4.20884868347213,5.53306127946251
2020-04-07,1.02891156462585,3.92825877124066,4.04183087857244
2020-04-08,1.12414965986395,3.64766885900918,4.10052570715148
2020-04-09,1.26700680272109,5.05061842016656,6.39916789629946
2020-04-10,1.3452380952381,5.33120833239803,7.17174454239259
2020-04-11,1.39285714285714,5.33120833239803,7.42561160584012
2020-04-12,1.4047619047619,6.17297806909246,8.67156443039179
2020-04-13,1.36904761904762,6.45356798132394,8.83524187919348
2020-04-14,1.26190476190476,5.89238815686098,7.4356326741341
2020-04-15,1.31904761904762,6.45356798132394,8.51256348012729
2020-04-16,1.6047619047619,5.89238815686098,9.45588004220072
2020-04-17,2.05714285714286,5.61179824462951,11.5442706746664
2020-04-18,2.27619047619048,5.61179824462951,12.7735217187281
2020-04-19,2.3,8.13710745471279,18.7153471458394
2020-04-20,2.16904761904762,9.82064692810164,21.3014508369062
2020-04-21,2.02222222222222,10.6624166647961,21.5617759221432
2020-04-22,1.72222222222222,10.6624166647961,18.3630509227043
2020-04-23,1.22871572871573,9.54005701587016,11.7220181082445
2020-04-24,0.914430014430014,10.1012368403331,9.2368741496668
2020-04-25,0.814430014430014,10.1012368403331,8.22675046563349
2020-04-26,0.8501443001443,10.1012368403331,8.58750892421682
2020-04-27,0.897763347763348,10.6624166647961,9.57232688023503
2020-04-28,1.00887445887446,11.223596489259,11.3231998347265
2020-04-29,1.10887445887446,10.6624166647961,11.8232815094698
2020-04-30,1.34047619047619,10.6624166647961,14.2927156720957
2020-05-01,1.54047619047619,10.9430065770275,16.8574410841353
2020-05-02,1.89761904761905,10.9430065770275,20.765657718788
2020-05-03,2.12380952380952,9.82064692810164,20.857183475873
2020-05-04,2.26666666666667,9.54005701587016,21.6241292359724
2020-05-05,2.2996336996337,9.82064692810164,22.5838906280667
2020-05-06,2.32641941391941,12.0653662259534,28.0691022241057
2020-05-07,2.18230913823019,12.9071359626479,28.167360759666
2020-05-08,1.87642678528901,12.9071359626479,24.2192956416796
2020-05-09,1.52404583290806,15.4324451727311,23.519753757083
2020-05-10,1.34249821386044,16.5548048216571,22.2247959038828
2020-05-11,1.32996688553964,17.3965745583515,23.1368680844289
2020-05-12,1.36842842400118,17.9577543828144,24.573901528675
2020-05-13,1.54005540812816,21.3248333295921,32.8414248966701
2020-05-14,1.68520088050476,23.008372802981,38.7737301065653
2020-05-15,1.86536894773165,25.2530921008328,47.1063338391009
2020-05-16,1.97965466201736,28.900760959842,57.2135261700005
2020-05-17,2.17202479188749,32.5484298188512,70.6959965035548
2020-05-18,2.25543098178083,35.6349188533974,80.3721000151983
2020-05-19,2.30400241035226,40.6855372735639,93.739575944768
2020-05-20,2.15977690405779,46.8585153426564,101.203939195507
2020-05-21,2.04717708152008,57.8015219196839,118.329950950957
2020-05-22,1.8749747005677,62.571550427619,117.320074027081
2020-05-23,1.70293168981501,68.1833486722485,116.111585171678
2020-05-24,1.44262677733618,74.9175065658039,108.078001063088
2020-05-25,1.30151382052555,83.6157938449797,108.827111303456
2020-05-26,1.18740483672584,93.1558508608499,110.613707881485
2020-05-27,1.12654207718439,97.9258793687849,110.317623554219
2020-05-28,1.08912711119799,104.66003726234,113.988084041407
2020-05-29,1.11704377786466,111.113605243664,124.118761373545
2020-05-30,1.15940087169739,117.005993400525,135.656850742388
2020-05-31,1.17809590890297,121.214842083997,142.802709557477
2020-06-01,1.1769054327125,130.193719275405,153.225695520269
2020-06-02,1.18554226154852,137.489056993423,162.999087566156
2020-06-03,1.20748500454427,139.172596466812,168.048823277166
2020-06-04,1.21325208749685,137.769646905654,167.14931170199
2020-06-05,1.22587694231683,144.784394711441,177.487851084055
2020-06-06,1.24551884162975,149.835013131608,186.622331991258
2020-06-07,1.26275309252737,156.0079912007,196.999573347666
2020-06-08,1.25864800221538,161.339199533098,203.069261171363
2020-06-09,1.25236191542082,168.073357426654,210.488671838052
2020-06-10,1.2495532116091,178.73577409145,223.339860545409
2020-06-11,1.25682102003242,182.102853038228,228.870693506318
2020-06-12,1.25327662498255,187.995241195089,235.610041397762
2020-06-13,1.24470592397488,196.693528474264,244.825600099438
2020-06-14,1.2690815483505,205.952995577903,261.37114651543
2020-06-15,1.29139392157566,218.298951716088,281.909939332493
2020-06-16,1.31033294715185,226.997238995264,297.441961167997
2020-06-17,1.30863359075268,237.940245572291,311.376597947841
2020-06-18,1.28712821440859,253.653280657254,326.484294211253
2020-06-19,1.22745108223458,261.509798199735,320.99048481521
2020-06-20,1.15145737896815,276.942243372466,318.887189679218
2020-06-21,1.05589420608155,285.079350827179,301.013634811909
2020-06-22,1.01443326372796,291.813508720734,296.025330051481
2020-06-23,0.972642090299615,295.461177579744,287.377977363548
2020-06-24,0.964884175418182,298.828256526521,288.334655890245
2020-06-25,0.938646308960686,306.404184156771,287.605156508864
2020-06-26,0.947485712085194,321.556039417271,304.669752982568
2020-06-27,0.944973425217727,319.030730207188,301.475561873599
2020-06-28,0.978056462206463,322.117219241734,315.048827867354
2020-06-29,0.993373613710385,316.224831084873,314.129403199736
2020-06-30,1.04387082181629,316.505420997104,330.390773925558
2020-07-01,1.07192552195721,321.556039417271,344.684125390853
2020-07-02,1.09533471957503,317.62778064603,347.908736043157
2020-07-03,1.11024159515363,324.361938539586,360.120116051314
2020-07-04,1.11053690707685,318.750140294956,353.983794933473
2020-07-05,1.1074602059893,324.081348627354,358.90719710814
2020-07-06,1.09056678195302,322.397809153965,351.596341237744
2020-07-07,1.0919228761868,331.937866169835,362.450549543475
2020-07-08,1.09896221366092,330.534916608678,363.2453836485
2020-07-09,1.14683785853032,335.304945116613,384.540405212165
2020-07-10,1.17824707576052,337.549664414465,397.716905020289
2020-07-11,1.23290049588157,354.946238972816,437.613394040884
2020-07-12,1.25703517477815,368.414554759927,463.110054233461
2020-07-13,1.26834446303639,379.357561336955,481.156062432715
2020-07-14,1.25517859685606,392.825877124066,493.066633257334
2020-07-15,1.23939255641248,403.768883701093,500.428148970112
2020-07-16,1.23044389067462,418.920738961593,515.458463932188
2020-07-17,1.21017078143092,425.654896855148,515.115119147093
2020-07-18,1.19176689988499,447.821499921435,533.698840663217
2020-07-19,1.16629969733446,458.764506498462,535.056905076949
2020-07-20,1.16752063443651,491.032346405082,573.290396603707
2020-07-21,1.14577594940358,500.852993333184,573.865313947955
2020-07-22,1.13160418393999,517.688388067072,585.818345913846
2020-07-23,1.10033079782789,536.20732227435,590.005430719291
2020-07-24,1.09386428512581,550.797997710386,602.4982580142
2020-07-25,1.09153287520566,566.511032795349,618.365416462836
2020-07-26,1.09286650643387,575.489909986756,628.933647415169
2020-07-27,1.09532874512507,595.131203842959,651.864314690083
2020-07-28,1.10911645031276,604.390670946598,670.33963556244
2020-07-29,1.12183616098184,623.75137489057,699.746847814382
2020-07-30,1.1167232183689,631.046712608588,704.704515845376
2020-07-31,1.10636372724688,650.126826640329,719.276739104983
2020-08-01,1.08450909065541,667.52340119868,723.935196825184
2020-08-02,1.07309179309353,673.415789355541,722.636956897033
2020-08-03,1.0454074460061,674.818738916698,705.460534367966
2020-08-04,1.01742381034539,693.337673123976,705.418257245799
2020-08-05,0.984451574101065,702.597140227615,691.672860655982
2020-08-06,0.966781743931235,709.050708208939,685.497280217915
2020-08-07,0.941394105541684,710.734247682327,669.081031374746
2020-08-08,0.924096808244387,711.576017419022,657.56512652017
2020-08-09,0.894380298339198,713.820736716874,638.427203465543
2020-08-10,0.882444492461731,717.187815663651,632.878437993048
2020-08-11,0.873025805499599,712.137197243485,621.71415024972
2020-08-12,0.883148867014267,694.740622685133,613.559393793162
2020-08-13,0.903594807628275,683.797616108106,617.875975383876
2020-08-14,0.95860901561278,677.06345821455,649.039135186434
2020-08-15,1.00010799358235,662.472782778514,662.544325587532
2020-08-16,1.04938754438537,661.911602954051,694.601791624134
2020-08-17,1.07878744521384,659.386293743967,711.337655237077
2020-08-18,1.10506276632021,649.846236728097,718.120880041527
2020-08-19,1.1092483819602,645.637388044625,716.172228021509
2020-08-20,1.1067154621775,645.637388044625,714.53688030888
2020-08-21,1.0820007236229,647.040337605782,700.098113502661
2020-08-22,1.07655044902487,646.479157781319,695.967427594699
2020-08-23,1.06820180348777,648.723877079171,692.968015461551
2020-08-24,1.06580025628471,649.846236728097,692.606285650463
2020-08-25,1.04644312737326,664.156322251902,695.001818922006
2020-08-26,1.01668949303688,682.114076634717,693.498214767072
2020-08-27,0.972943901415021,693.337673123976,674.578660687254
2020-08-28,0.929964130932723,694.740622685133,646.083859399039
2020-08-29,0.896402666003479,691.934723562818,620.252130902091
2020-08-30,0.886530424423921,682.394666546948,604.963633358486
2020-08-31,0.884553601459136,676.782868302319,598.65072356266
2020-09-01,0.899867934426298,673.696379267773,606.237769242167
2020-09-02,0.929307684243319,678.466407775708,630.504046246926
2020-09-03,0.964738656632274,670.048710408763,646.421892757938
2020-09-04,0.989579250757825,658.544524007273,651.681996657785
2020-09-05,1.0027656469319,656.299804709421,658.11489825072
2020-09-06,0.992453388365635,651.249186289255,646.334461603133
2020-09-07,0.972671791516369,646.198567869088,628.539118684538
2020-09-08,0.933664152208095,631.607892433051,589.709647416446
2020-09-09,0.901535875541585,615.333677523626,554.745385716486
2020-09-10,0.874676897260766,604.951850771061,529.137407824589
2020-09-11,0.860902229757701,592.886484545108,510.417296538088
2020-09-12,0.82975532966807,580.821118319154,481.939418509087
2020-09-13,0.806966542938163,582.504657792543,470.061769944226
2020-09-14,0.784061636294655,573.525780601136,449.679561995296
2020-09-15,0.77574653066813,556.129206042784,431.415302190911
2020-09-16,0.775327406223165,532.279063503109,412.690545692761
2020-09-17,0.787088031143949,515.724258681452,405.920391378757
2020-09-18,0.811143791058721,502.255942894341,407.401789601088
2020-09-19,0.838745324385445,477.28344070574,400.319254298537
2020-09-20,0.870320291297905,467.182203865407,406.598151757338
2020-09-21,0.885951700307065,442.209701676805,391.776437092846
2020-09-22,0.902170938233218,425.654896855148,384.013477659373
2020-09-23,0.897246246142404,409.941861770186,367.818796609927
2020-09-24,0.891932866748501,396.754135895306,353.878053823425
2020-09-25,0.860276552048708,379.918741161418,326.83518470503
2020-09-26,0.843177034588807,370.378684145548,312.294800572747
2020-09-27,0.826930021707767,352.982109587196,291.891503543394
2020-09-28,0.842923370919109,336.427304765539,283.582437802199
2020-09-29,0.861748729515515,326.045478012975,280.96927644196
2020-09-30,0.904824116666963,320.714269680576,290.190005766218
2020-10-01,0.934087444427836,313.69952187479,293.022784706256
2020-10-02,0.979655209995601,309.210083279086,302.91926906753
2020-10-03,1.00186717981306,306.965363981234,307.538523512169
2020-10-04,1.02254387154238,294.619407843049,301.261269927356
2020-10-05,1.02259675983057,289.849379335114,296.399036146989
2020-10-06,1.02872983380505,288.165839861725,296.444796549245
2020-10-07,1.01050094933091,279.748142494781,282.685763564534
2020-10-08,1.01575819786139,278.345192933624,282.731411557638
2020-10-09,1.00876869613504,279.748142494781,282.201168950661
2020-10-10,1.02070423170127,275.258703899077,280.957723882394
2020-10-11,1.0092487060948,275.258703899077,277.804490751475
2020-10-12,1.00379595451202,281.151092055938,282.218328812386
2020-10-13,0.972660710445737,281.43168196817,273.737539725099
2020-10-14,0.941534680540336,281.43168196817,264.97768877583
2020-10-15,0.887095009935251,281.151092055938,249.407730800669
2020-10-16,0.843535061112145,276.381063548003,233.137117330205
2020-10-17,0.798767903874437,271.330445127837,216.73005091208
2020-10-18,0.768109474072153,265.157467058744,203.669962568796
2020-10-19,0.740772561947051,260.948618375272,193.303576570394
2020-10-20,0.727751961857485,251.969741183865,183.37147347528
2020-10-21,0.742326339818641,248.041482412624,184.127725762553
2020-10-22,0.770294750778928,236.537296011134,182.203437480818
2020-10-23,0.820381822177475,226.716649083032,185.994217692709
2020-10-24,0.869047517774682,218.860131540551,190.199854055156
2020-10-25,0.927034489056451,213.528923208153,197.948676225044
2020-10-26,0.961335841631282,200.060607421042,192.325432412373
2020-10-27,0.984617669292672,193.326449527487,190.352638146381
2020-10-28,0.973414705928169,186.031111809468,181.085419995504
2020-10-29,0.945359539617969,179.016364003681,169.234827458603
2020-10-30,0.892158915105869,174.807515320209,155.95608322043
2020-10-31,0.850086018750687,168.915127163348,143.592387957057
2020-11-01,0.816355860020528,161.900379357561,132.168323428092
2020-11-02,0.834801369865778,154.885631551774,129.298737391947
2020-11-03,0.883666544138624,151.237962692765,133.643927835282
2020-11-04,0.946483160146729,148.432063570451,140.48844859526
2020-11-05,0.973313755294156,148.151473658219,144.197867178644
2020-11-06,0.982400247033709,150.115603043839,147.473605513882
2020-11-07,0.972837193076315,148.712653482682,144.673200389023
2020-11-08,0.969724480101217,143.381445150284,139.04049735452
2020-11-09,0.941922185308631,137.489056993423,129.503993019268
2020-11-10,0.911361857569765,132.438438573256,120.699341391762
2020-11-11,0.890488088939011,131.035489012099,116.685542193573
2020-11-12,0.893251155943386,129.913129363173,116.045052975877
2020-11-13,0.901292160363587,125.984870591932,113.54917618893
2020-11-14,0.905872418347998,124.020741206312,112.346968761873
2020-11-15,0.921916165805854,124.862510943007,115.112767341468
2020-11-16,0.927951307135113,122.056611820692,113.262592483494
2020-11-17,0.919643853718964,121.214842083997,111.474484502063
2020-11-18,0.878786546940831,118.408942961683,104.056186112211
2020-11-19,0.861280796876942,118.128353049451,101.741682048192
2020-11-20,0.846194117043718,112.23596489259,94.9734132128351
2020-11-21,0.838362850565835,107.746526296887,90.3306849248246
2020-11-22,0.811095799986497,104.66003726234,84.8893166499145
2020-11-23,0.806107998414255,104.098857437877,83.9149216064583
2020-11-24,0.815376705897249,103.257087701183,84.1934240303339
2020-11-25,0.842130691073409,97.0841096320905,81.7575083367189
2020-11-26,0.855075373509616,93.4364407730813,79.8951994934517
2020-11-27,0.855415509564038,91.7529012996925,78.4868548192553
2020-11-28,0.830609627615299,89.5081820018407,74.3463577210713
2020-11-29,0.793755167521402,86.9828727917574,69.0431047643142
2020-11-30,0.768409545401587,84.1769736694426,64.6823900706178
2020-12-01,0.75634434196172,78.2845855125817,59.2101033152596
2020-12-02,0.783239089005721,74.0757368291095,58.0190126314593
2020-12-03,0.887052648327755,69.3057083211744,61.4778121105287
2020-12-04,1.06769780961808,68.7445284967115,73.3983824991663
2020-12-05,1.20563308708824,67.0609890233226,80.850947219379
2020-12-06,1.33058132725387,65.6580394621652,87.3633612924548
2020-12-07,1.44433097457824,65.6580394621652,94.8319401252855
2020-12-08,1.5703417562494,66.2192192866282,103.986805112028
2020-12-09,1.63223299001563,67.9027587600171,110.833122961173
2020-12-10,1.62183853372565,68.1833486722485,110.582382235104
2020-12-11,1.57021122957819,71.5504276190263,112.349284928516
2020-12-12,1.56288405531887,76.6010460391928,119.718553475401
2020-12-13,1.52896145617888,78.5651754248131,120.123125022471
2020-12-14,1.45610460781183,85.8605131428315,125.021888816365
2020-12-15,1.33659911330633,94.8393903342387,126.762245027256
2020-12-16,1.22439809757894,100.451188578868,122.992244195509
2020-12-17,1.08966268373905,106.624166647961,116.184375581056
2020-12-18,0.908944146324081,109.991245594738,99.9758988302318
2020-12-19,0.729026055658921,114.20009427821,83.2548442875207
2020-12-20,0.57471720661323,116.164223663831,66.7615781324713
2020-12-21,0.43474606664209,114.20009427821,49.6480417976079
2020-12-22,0.325243540028686,109.149475858044,35.5001619203458
2020-12-23,0.252539481715424,104.098857437877,26.2890715045294
2020-12-24,0.181229196240327,98.2064692810164,17.797879493399
2020-12-25,0.1170126857766,88.6664122651462,10.37509503732
