"fecha","rho7dpromedio","incidenciaAcum14d","riesgopor10"
2020-03-14,3.25,0.41649312786339,1.35360266555602
2020-03-21,3.4,0.832986255726781,2.83215326947105
2020-03-25,3.25,1.24947938359017,4.06080799666806
2020-03-31,3.02380952380952,2.08246563931695,6.29697943317269
2020-04-01,2.88095238095238,2.91545189504373,8.39927807857837
2020-04-02,2.5952380952381,3.74843815077051,9.72808948652347
2020-04-03,2.11904761904762,4.1649312786339,8.82568770948613
2020-04-05,1.69047619047619,4.99791753436068,8.4488605938002
2020-04-06,1.23333333333333,5.41441066222407,6.67777315007636
2020-04-07,1.01904761904762,6.24739691795085,6.36639495448325
2020-04-09,0.895238095238095,6.66389004581424,5.96576823149085
2020-04-10,0.895238095238095,7.49687630154102,6.7114892604272
2020-04-11,0.923809523809524,7.91336942940441,7.31044604430694
2020-04-14,1.04285714285714,8.32986255726781,8.686856666865
2020-04-15,1.15,8.7463556851312,10.0583090379009
2020-04-17,1.28571428571429,8.7463556851312,11.2453144523115
2020-04-20,1.42857142857143,9.57934194085798,13.6847742012257
2020-04-21,1.52857142857143,9.57934194085798,14.6427083953115
2020-04-22,1.55238095238095,9.57934194085798,14.8707879653319
2020-04-23,1.50340136054422,9.99583506872137,15.0277520420913
2020-04-24,1.39115646258503,10.8288213244481,15.0645847676847
2020-04-25,1.24829931972789,11.2453144523115,14.0375183809467
2020-04-27,1.09353741496599,11.2453144523115,12.2971720966604
2020-04-30,0.950680272108844,11.2453144523115,10.690698603473
2020-05-01,0.92687074829932,11.6618075801749,10.8089883183594
2020-05-03,1.13163265306122,11.6618075801749,13.1968822514429
2020-05-04,1.29489795918367,12.0783007080383,15.6401669372455
2020-05-05,1.52619047619048,12.9112869637651,19.7050831994605
2020-05-06,1.66394557823129,13.3277800916285,22.1767007511043
2020-05-07,1.97942176870748,15.8267388588088,31.3277914247748
2020-05-08,2.08931187859759,15.4102457309454,32.1968094577721
2020-05-09,2.31550235478807,16.6597251145356,38.5756327328291
2020-05-10,2.23999215070644,17.9092044981258,40.1164775011982
2020-05-11,2.35903976975406,22.0741357767597,52.0737641803269
2020-05-12,2.22446420039588,22.9071220324865,50.9560728953658
2020-05-13,2.23422462630537,28.7380258225739,64.2072050041944
2020-05-14,2.00310217732578,31.2369845897543,62.5708718448286
2020-05-15,2.00158645167212,34.5689296126614,69.1927011615103
2020-05-16,1.90424751609789,39.9833402748855,76.1381764037475
2020-05-17,2.01904343446524,45.8142440649729,92.5009486843717
2020-05-18,1.92438605932006,50.3956684714702,96.9807218566128
2020-05-19,2.02757634729296,58.3090379008746,118.226026081222
2020-05-20,2.03902440477682,74.1357767596835,151.164658080081
2020-05-21,2.060560387591,83.298625572678,171.641848195835
2020-05-22,1.97547792882038,90.3790087463557,178.54173700709
2020-05-23,1.82789979644384,107.038733860891,195.656079835929
2020-05-24,1.59383681641312,117.867555185339,187.861648914999
2020-05-25,1.44914582063098,125.36443148688,181.671341944991
2020-05-26,1.3140869542637,142.024156601416,186.632091380226
2020-05-27,1.20418878939027,147.855060391504,178.04540617807
2020-05-28,1.17262038239147,161.182840483132,189.006284042273
2020-05-29,1.15429740102501,173.677634319034,200.475641910633
2020-05-30,1.15917117893249,186.588921282799,216.288499859124
2020-05-31,1.14480558753465,192.83631820075,220.760094555827
2020-06-01,1.16864724295525,208.246563931695,243.366772793679
2020-06-02,1.18623499775693,214.910453977509,254.934301891951
2020-06-03,1.20649730828862,217.825905872553,262.806369110765
2020-06-04,1.19029924027636,229.071220324865,272.663299521866
2020-06-05,1.18734236861159,242.399000416493,287.810603303601
2020-06-06,1.15726277079006,247.396917950854,286.303242752726
2020-06-07,1.13696311922211,250.728862973761,285.069470125661
2020-06-08,1.11291687068607,258.642232403165,287.84730391339
2020-06-09,1.11337143715293,262.807163681799,292.601989522491
2020-06-10,1.12340878542558,272.386505622657,306.001393447866
2020-06-11,1.14974196020492,278.633902540608,320.357089286586
2020-06-12,1.19593321818223,287.796751353603,344.185695028706
2020-06-13,1.25695246459047,299.042065805914,375.88166163097
2020-06-14,1.31300117133604,308.204914618909,404.673413906153
2020-06-15,1.34004147073848,318.20074968763,426.402200601499
2020-06-16,1.33653853531774,340.27488546439,454.790497023986
2020-06-17,1.3151682134887,354.435651811745,466.142502989955
2020-06-18,1.31071950099629,368.179925031237,482.580607613795
2020-06-19,1.28323590886136,381.091211995002,489.029927783485
2020-06-20,1.24168078878962,391.92003331945,486.639576114549
2020-06-21,1.18256615430941,411.911703456893,487.112839072054
2020-06-22,1.14507881894973,446.480633069554,511.255515999213
2020-06-23,1.09142016737029,456.892961266139,498.662192255395
2020-06-24,1.04913969554853,468.138275718451,491.142448061869
2020-06-25,0.974962887751958,481.466055810079,469.41153612714
2020-06-26,0.912022212517189,499.791753436068,455.821180766608
2020-06-27,0.823460670539498,502.290712203249,413.616646676649
2020-06-28,0.759395569820999,510.620574760516,387.763002332588
2020-06-29,0.700979180009261,503.123698458975,352.679237588999
2020-06-30,0.660434534885407,483.965014577259,319.627209303142
2020-07-01,0.627173624032975,469.387755102041,294.38761944405
2020-07-02,0.611111750200115,453.144523115369,276.921942614629
