"fecha","rho7dpromedio","incidenciaAcum14d","riesgopor10"
2020-01-02,0,0,0
2020-01-03,0,0,0
2020-01-04,0,0,0
2020-01-05,0,0,0
2020-01-06,0,0,0
2020-01-07,0,0,0
2020-01-08,0,0,0
2020-01-09,0,0,0
2020-01-10,0,0,0
2020-01-11,0,0,0
2020-01-12,0,0,0
2020-01-13,0,0,0
2020-01-14,0,0,0
2020-01-15,0,0,0
2020-01-16,0,0,0
2020-01-17,0,0,0
2020-01-18,0,0,0
2020-01-19,0,0,0
2020-01-20,0,0,0
2020-01-21,0,0,0
2020-01-22,0,0,0
2020-01-23,0,0,0
2020-01-24,0,0,0
2020-01-25,0.142857142857143,0,0
2020-01-26,0.285714285714286,0,0
2020-01-27,0.428571428571429,0,0
2020-01-28,0.428571428571429,0,0
2020-01-29,0.428571428571429,0.436770865636179,0.187187513844077
2020-01-30,0.428571428571429,0.436770865636179,0.187187513844077
2020-01-31,0.428571428571429,0.436770865636179,0.187187513844077
2020-02-01,0.285714285714286,0.436770865636179,0.124791675896051
2020-02-02,0.142857142857143,0.436770865636179,0.0623958379480255
2020-02-03,0,0.436770865636179,0
2020-02-04,0,0.436770865636179,0
2020-02-05,0,0.436770865636179,0
2020-02-06,0,0.436770865636179,0
2020-02-07,0,0.436770865636179,0
2020-02-08,0,0.436770865636179,0
2020-02-09,0,0.436770865636179,0
2020-02-10,0,0.436770865636179,0
2020-02-11,0,0.436770865636179,0
2020-02-12,0,0,0
2020-02-13,0,0,0
2020-02-14,0,0,0
2020-02-15,0,0,0
2020-02-16,0,0,0
2020-02-17,0,0,0
2020-02-18,0,0,0
2020-02-19,0,0,0
2020-02-20,0,0,0
2020-02-21,0,0,0
2020-02-22,0,0,0
2020-02-23,0,0,0
2020-02-24,0,0,0
2020-02-25,0,0,0
2020-02-26,0,0,0
2020-02-27,0,0,0
2020-02-28,0,0,0
2020-02-29,0,0,0
2020-03-01,0,0,0
2020-03-02,0,0,0
2020-03-03,0,0,0
2020-03-04,0,0,0
2020-03-05,0,0,0
2020-03-06,0,0,0
2020-03-07,0,0,0
2020-03-08,0,0,0
2020-03-09,0,0,0
2020-03-10,0,0,0
2020-03-11,0,0,0
2020-03-12,0,0,0
2020-03-13,0.142857142857143,0,0
2020-03-14,0.285714285714286,0,0
2020-03-15,0.428571428571429,0,0
2020-03-16,0.428571428571429,0,0
2020-03-17,0.428571428571429,0.436770865636179,0.187187513844077
2020-03-18,0.428571428571429,0.436770865636179,0.187187513844077
2020-03-19,0.428571428571429,0.436770865636179,0.187187513844077
2020-03-20,0.428571428571429,0.436770865636179,0.187187513844077
2020-03-21,0.428571428571429,0.436770865636179,0.187187513844077
2020-03-22,0.428571428571429,0.436770865636179,0.187187513844077
2020-03-23,0.428571428571429,0.436770865636179,0.187187513844077
2020-03-24,0.714285714285714,0.873541731272357,0.623958379480255
2020-03-25,1,0.873541731272357,0.873541731272357
2020-03-26,1.28571428571429,0.873541731272357,1.12312508306446
2020-03-27,1.14285714285714,0.873541731272357,0.998333407168408
2020-03-28,1.14285714285714,1.74708346254471,1.99666681433682
2020-03-29,1.07142857142857,1.74708346254471,1.87187513844077
2020-03-30,1.21428571428571,1.74708346254471,2.12145849023287
2020-03-31,1,1.31031259690854,1.31031259690854
2020-04-01,1,1.74708346254471,1.74708346254471
2020-04-02,1,1.74708346254471,1.74708346254471
2020-04-03,1.28571428571429,2.18385432818089,2.80781270766115
2020-04-04,1.21428571428571,2.18385432818089,2.65182311279108
2020-04-05,1.14285714285714,2.62062519381707,2.99500022150522
2020-04-06,1.14285714285714,3.05739605945325,3.49416692508943
2020-04-07,1.21428571428571,2.62062519381707,3.1821877353493
2020-04-08,1.14285714285714,2.62062519381707,2.99500022150522
2020-04-09,1,2.62062519381707,2.62062519381707
2020-04-10,1,3.49416692508943,3.49416692508943
2020-04-11,1.07142857142857,2.62062519381707,2.80781270766115
2020-04-12,1.21428571428571,3.05739605945325,3.71255235790752
2020-04-13,1.11904761904762,3.05739605945325,3.42137178081673
2020-04-14,1.11904761904762,3.49416692508943,3.91013917807627
2020-04-15,1.11904761904762,3.49416692508943,3.91013917807627
2020-04-16,1.47619047619048,3.49416692508943,5.15805593703678
2020-04-17,1.69047619047619,3.05739605945325,5.16845524336145
2020-04-18,2.11904761904762,3.49416692508943,7.40430610316569
2020-04-19,2.4047619047619,3.93093779072561,9.45296944912586
2020-04-20,2.45238095238095,5.24125038763414,12.8535426172933
2020-04-21,2.32993197278912,5.67802125327032,13.2294032601706
2020-04-22,2.1156462585034,6.1147921189065,12.9367370678906
2020-04-23,1.6156462585034,6.55156298454268,10.5850082233258
2020-04-24,1.1156462585034,5.67802125327032,6.33466316691383
2020-04-25,0.54421768707483,5.67802125327032,3.0900795936165
2020-04-26,0.115646258503401,5.24125038763414,0.606130997209391
2020-04-27,0.163265306122449,5.24125038763414,0.855714349001493
2020-04-28,0.285714285714286,4.80447952199796,1.37270843485656
2020-04-29,0.857142857142857,4.36770865636179,3.74375027688153
2020-04-30,1.42857142857143,4.36770865636179,6.23958379480255
2020-05-01,2,4.80447952199796,9.60895904399593
2020-05-02,2.57142857142857,4.36770865636179,11.2312508306446
2020-05-03,3.14285714285714,5.24125038763414,16.4725012182787
2020-05-04,3.25714285714286,3.93093779072561,12.8036259469348
2020-05-05,3.34285714285714,3.93093779072561,13.1405634718542
2020-05-06,2.98571428571429,4.36770865636179,13.0407301311373
2020-05-07,2.66428571428571,4.80447952199796,12.8005061550374
2020-05-08,2.37857142857143,6.98833385017886,16.622251229354
2020-05-09,1.99761904761905,7.42510471581504,14.8325306108781
2020-05-10,1.78333333333333,8.73541731272357,15.578160874357
2020-05-11,1.90714285714286,10.0457299096321,19.1586420419412
2020-05-12,2.25,11.7928133721768,26.5338300873978
2020-05-13,2.43571428571429,13.9766677003577,34.0431691844427
2020-05-14,2.53095238095238,18.7811472223557,47.5341892794383
2020-05-15,2.43095238095238,21.8385432818089,53.088458787445
2020-05-16,2.44880952380952,25.7694810725345,63.1045506740518
2020-05-17,2.28554421768707,28.8268771319878,65.8851023429905
2020-05-18,2.15969387755102,32.3210440570772,69.8035609661265
2020-05-19,1.80501407459536,34.5048983852581,62.2818272278734
2020-05-20,1.70171737129865,42.3667739667093,72.0962752250328
2020-05-21,1.59729560259117,46.7344826230711,74.6487835832049
2020-05-22,1.67473921161373,52.4125038763414,87.7772754205654
2020-05-23,1.66640587828039,58.0905251296118,96.8023925483799
2020-05-24,1.69655430128596,66.3891715766991,112.63283459726
2020-05-25,1.64251046152783,75.1245888894227,123.392923168854
2020-05-26,1.60735975600892,84.2967770677825,135.495247020009
2020-05-27,1.46984013277501,91.7218817835975,134.816502899177
2020-05-28,1.41677890828522,96.5263613055955,136.756512791286
2020-05-29,1.38136428476991,107.008862080864,147.818220232374
2020-05-30,1.43512368326615,112.250112468498,161.09279485283
2020-05-31,1.48157389971636,118.364904587404,175.366353279116
2020-06-01,1.53875745689992,134.525426615943,207.002003347925
2020-06-02,1.57455069829375,148.938865181937,234.511794175298
2020-06-03,1.59588650534384,162.041991151022,258.600626976963
2020-06-04,1.59649119166282,179.949596642106,287.287945982398
2020-06-05,1.55184651199058,188.685013954829,292.810180770696
2020-06-06,1.50983989971521,203.971994252095,307.965055346295
2020-06-07,1.46385350515739,217.075120221181,317.766175618237
2020-06-08,1.46974329881697,240.660746965534,353.70952014088
2020-06-09,1.44577093507909,252.890331203347,365.621490616325
2020-06-10,1.44186055974014,277.78627054461,400.529067535578
2020-06-11,1.4086614002252,306.613147676597,431.91410593357
2020-06-12,1.40608228919538,331.945857883496,466.74319174175
2020-06-13,1.36497986428635,350.290234240215,478.139116394042
2020-06-14,1.33195420589021,370.818464925116,493.913213978759
2020-06-15,1.26147344763967,390.90992474438,493.122490483856
2020-06-16,1.26566306587176,423.667739667093,536.22061029801
2020-06-17,1.24167472122565,445.943053814538,553.716217027682
2020-06-18,1.23355922965396,469.965451424528,579.730220223217
2020-06-19,1.19058950587928,495.298161631427,589.696793519678
2020-06-20,1.16373305557447,521.941184435233,607.400209392972
2020-06-21,1.10420704362094,538.975248195044,595.140265394313
2020-06-22,1.04619838561228,555.572541089219,581.239095578055
2020-06-23,0.980144980477296,578.2846261023,566.802773561359
2020-06-24,0.95522288783446,581.77879302739,555.72841875647
2020-06-25,0.935213581180202,586.146501683752,548.172168935909
2020-06-26,0.926727863844266,589.203897743205,546.031669524276
2020-06-27,0.923764753242509,603.617336309199,557.600419728568
2020-06-28,0.94155662276463,609.295357562469,573.686079132686
2020-06-29,0.96572949226124,609.295357562469,588.414496295934
2020-06-30,0.985927347450054,596.62900245902,588.232849806193
2020-07-01,0.984182878031742,596.62900245902,587.192048757326
2020-07-02,0.966088465706786,601.433481981018,581.037949831732
2020-07-03,0.93070124128621,599.249627652837,557.722372296794
2020-07-04,0.88633346338898,586.146501683752,519.521258890694
2020-07-05,0.837096079135598,572.60660484903,479.32674380627
2020-07-06,0.799111624398831,553.825457626675,442.568361077478
2020-07-07,0.779434087201078,537.664935598136,419.07437829796
2020-07-08,0.79776560301351,530.239830882321,423.007098425616
2020-07-09,0.845967041862431,516.263163181963,436.741620979587
2020-07-10,0.921057733876942,500.539412019061,461.025696550373
2020-07-11,1.00443517547333,488.746598646884,490.914275573874
2020-07-12,1.07959854131227,483.068577393614,521.52013150794
2020-07-13,1.13457138553547,482.195035662341,547.084689709748
2020-07-14,1.16328750320038,479.574410468524,557.882918552721
2020-07-15,1.1618589317718,469.965451424528,546.033557361756
2020-07-16,1.15102943868425,454.241700261626,522.845569279117
2020-07-17,1.12571184276621,452.931387664717,509.870227054706
2020-07-18,1.08758566437607,456.862325455443,496.876915758856
2020-07-19,1.02676485253485,458.609408917987,470.884022118774
2020-07-20,0.961401884702801,471.275764021437,453.085407744962
2020-07-21,0.8979106327976,475.206701812162,426.693150333819
2020-07-22,0.853046406115192,475.206701812162,405.373369142719
2020-07-23,0.812723825470031,473.459618349618,384.791912230682
2020-07-24,0.805979314248559,471.275764021437,379.838517107963
2020-07-25,0.842836457105702,465.16097190253,392.054625542174
2020-07-26,0.914623918199522,457.735867186715,418.656172346769
2020-07-27,1.01746920569211,450.747533336536,458.621734711604
2020-07-28,1.10339868189889,447.253366411447,493.498774973232
2020-07-29,1.17969148000987,452.057845933445,533.2887893193
2020-07-30,1.22628428322587,444.195970351994,544.710537114915
2020-07-31,1.24823880750923,446.816595545811,557.733814399436
2020-08-01,1.21022962793378,441.575345158177,534.407565675512
2020-08-02,1.14951499231957,445.506282948902,512.116151422327
2020-08-03,1.04939789630083,445.506282948902,467.513356115382
2020-08-04,0.966338828225309,445.506282948902,430.510019431855
2020-08-05,0.877425908475736,444.195970351994,389.749052827359
2020-08-06,0.801227161499742,445.069512083266,356.60178183655
2020-08-07,0.727732072517927,448.563679008355,326.434175781017
2020-08-08,0.688268724620844,445.506282948902,306.628041175814
2020-08-09,0.692230864176204,438.081178233087,303.25331258762
2020-08-10,0.741871769718749,425.414823129638,315.603247699773
2020-08-11,0.834721743867954,412.311697160553,344.165538871012
2020-08-12,0.92907245163596,395.714404266378,367.647351719427
2020-08-13,1.01624868859037,396.58794599765,403.03198003086
2020-08-14,1.06411956771125,378.680340506567,402.961160240596
2020-08-15,1.09175820814059,369.944923193843,403.890406456817
2020-08-16,1.09021737609128,358.152109821666,390.463653411333
2020-08-17,1.07567525154916,338.060650002402,363.643474730205
2020-08-18,1.01556592421594,325.394294898953,330.45935783365
2020-08-19,0.963359200435284,318.84273191441,307.160079281668
2020-08-20,0.912240520144093,316.658877586229,288.869059197507
2020-08-21,0.887919990045261,311.417627198595,276.513936442096
2020-08-22,0.854712685151553,306.176376810961,261.69283315407
2020-08-23,0.826480569060565,309.233772870414,255.575704574686
2020-08-24,0.783550441543971,307.48668940787,240.93133125443
2020-08-25,0.766564107686917,304.866064214053,233.699382478268
2020-08-26,0.750027258325175,296.567417766965,222.433647256334
2020-08-27,0.754229685078652,282.590750066608,213.138332428878
2020-08-28,0.756471505052657,272.981791022612,206.502946306845
2020-08-29,0.760508367985226,262.499290247343,199.632906823287
2020-08-30,0.771522297366502,255.510956397164,197.132400081852
2020-08-31,0.777647031694724,242.844601293715,188.847383359146
2020-09-01,0.798158570257469,232.362100518447,185.461801931826
2020-09-02,0.808607212524293,217.948661952453,176.234860014773
2020-09-03,0.82653795881563,207.029390311549,171.117649682952
2020-09-04,0.832464071537859,193.489493476827,161.073051539517
2020-09-05,0.856449095522883,190.86886828301,163.46946960446
2020-09-06,0.847858992815133,178.639284045197,151.460923447777
2020-09-07,0.840439003542828,168.593554135565,141.692598641438
2020-09-08,0.82048592291559,165.536158076112,135.82008743498
2020-09-09,0.816971183686566,158.984595091569,129.885832839888
2020-09-10,0.805163471471245,150.249177778845,120.975149566115
2020-09-11,0.817085975197027,144.134385659939,117.770185066376
2020-09-12,0.876390994502046,138.893135272305,121.724692950802
2020-09-13,0.951767560222674,131.904801422126,125.542711031193
2020-09-14,1.02529697198738,129.284176228309,132.554674412768
2020-09-15,1.06206020875062,127.9738636314,135.915948322988
2020-09-16,1.07921131161601,129.720947093945,139.996313457327
2020-09-17,1.08590774018743,124.479696706311,135.173466149567
2020-09-18,1.08913675161317,124.042925840675,135.099709310705
2020-09-19,1.05133455381097,118.364904587404,124.441114151277
2020-09-20,1.01629412254412,117.491362856132,119.405781520386
2020-09-21,0.994316100566101,120.985529781221,120.297860196988
2020-09-22,0.964222056678953,117.491362856132,113.287763535153
2020-09-23,0.932201618101138,118.364904587404,110.339955582765
2020-09-24,0.904468934118454,120.111988049949,108.637561806386
2020-09-25,0.886235754868325,120.548758915585,106.834620355993
2020-09-26,0.86398782735724,117.054591990496,101.133742616057
2020-09-27,0.852559255928668,116.61782112486,99.4236028062329
2020-09-28,0.89401779738721,117.054591990496,104.648888505402
2020-09-29,0.974512504440978,113.560425065406,110.666054235871
2020-09-30,1.08423396540067,110.066258140317,119.337575520289
2020-10-01,1.18658399632213,108.319174677772,128.529799167466
2020-10-02,1.29017384788545,111.813341602862,144.258649180694
2020-10-03,1.35003661956876,113.560425065406,153.310732372092
2020-10-04,1.37425836796961,116.181050259224,159.662780518236
2020-10-05,1.32926764440746,117.054591990496,155.596881762282
2020-10-06,1.27664063615735,117.491362856132,149.994248219646
2020-10-07,1.2210175358534,121.422300646858,148.258758333476
2020-10-08,1.13964652591096,123.169384109402,140.369560698873
2020-10-09,1.05337068144571,125.353238437583,132.043426194424
2020-10-10,0.998319939837596,131.904801422126,131.683193420027
2020-10-11,0.977804755143307,137.582822675396,134.529138238041
2020-10-12,0.932350209688762,134.088655750307,125.017586305683
2020-10-13,0.877278628817607,140.64021873485,123.380658248317
2020-10-14,0.826745579777095,145.444698256847,120.245761385862
2020-10-15,0.806380372844724,144.571156525575,116.579343101686
2020-10-16,0.777305729288672,139.329906137941,108.301934302274
2020-10-17,0.758061065906077,135.835739212852,102.971785255834
2020-10-18,0.762608470453482,135.835739212852,103.589485314031
2020-10-19,0.76357321998966,129.720947093945,99.0514412726319
2020-10-20,0.783695821268978,127.100321900128,99.6079911550722
2020-10-21,0.788514584595204,120.985529781221,95.3988547574705
2020-10-22,0.829026311674095,117.054591990496,97.0413366623968
2020-10-23,0.863349131711201,110.939799871589,95.7797798913511
2020-10-24,0.890313093339409,105.698549483955,94.1048025525488
2020-10-25,0.875172678198994,100.457299096321,87.9174834947647
2020-10-26,0.909458392484708,100.894069961957,91.7589586788413
2020-10-27,0.92325709378341,94.7792778430508,87.5056406122654
2020-10-28,0.951284304667763,86.9174022615995,82.683160573954
2020-10-29,0.951284304667763,85.1703187990548,81.0211874970906
2020-10-30,0.991391256539421,86.4806313959634,85.7361418259666
2020-10-31,1.00623606085791,84.7335479334186,85.261951495038
2020-11-01,1.0209796506015,81.2393810083292,82.9437548369661
2020-11-02,1.02794829171648,81.2393810083292,83.5098829276164
2020-11-03,1.10839562216381,81.2393810083292,90.0453742569301
2020-11-04,1.15261330923864,79.9290684114207,92.1273080460494
2020-11-05,1.18397219425606,79.0555266801483,93.599545391564
2020-11-06,1.16501076352993,83.4232353365101,97.1889670955245
2020-11-07,1.16432927447635,86.0438605303272,100.18338570442
2020-11-08,1.13286027178093,85.607089664691,96.9808708639161
2020-11-09,1.06504506981938,86.0438605303272,91.6405894460517
2020-11-10,0.946156180930495,86.4806313959634,81.8241839260626
2020-11-11,0.875439522173969,89.5380274554166,78.3851279719697
2020-11-12,0.815509208585119,88.6644857241443,72.3067045825035
2020-11-13,0.758000051075962,82.9864644708739,62.9037443075359
2020-11-14,0.719097468287407,86.0438605303272,61.873922269033
2020-11-15,0.718423613839968,85.607089664691,61.5021547272295
2020-11-16,0.745656729308377,82.9864644708739,61.8794156742177
2020-11-17,0.761371015022663,79.9290684114207,60.8556759462193
2020-11-18,0.806577469697556,78.181984948876,63.0598275959968
2020-11-19,0.86491080303089,76.4349014863313,66.1093720241297
2020-11-20,0.931577469697556,72.5039636956056,67.5430590425958
2020-11-21,0.974824545202696,66.8259424423353,65.1435689490911
2020-11-22,0.999956820334972,66.3891715766991,66.3863049145089
2020-11-23,1.00131220119699,63.3317755172459,63.4148795488874
2020-11-24,0.982839294793053,60.2743794577926,59.2400286003858
2020-11-25,0.952227049895094,58.9640668608841,56.1471794367567
2020-11-26,0.912261063500536,56.7802125327032,51.7983770708703
2020-11-27,0.917022968262441,57.2169833983394,52.469287950968
2020-11-28,0.90603395727343,52.8492747419776,47.8832375335047
2020-11-29,0.95629850753798,52.8492747419776,50.5396825602178
2020-11-30,0.965699429196966,52.8492747419776,51.0365144518014
2020-12-01,1.00340310483168,53.72281647325,53.9056408495613
2020-12-02,0.980613989185418,52.8492747419776,51.8247381302868
2020-12-03,0.990818070818071,52.4125038763414,51.9312559775013
2020-12-04,0.956035462122419,51.5389621450691,49.273075491671
2020-12-05,0.956035462122419,51.1021912794329,48.8555070553009
2020-12-06,0.897719382067208,48.4815660856158,43.5228415480296
2020-12-07,0.927070031417857,49.3551078168882,45.7556413544343
2020-12-08,0.985220214568041,48.4815660856158,47.7650189414651
2020-12-09,1.07526350461133,45.4241700261626,48.8429522563925
2020-12-10,1.15009343658412,47.1712534887073,54.251349032808
2020-12-11,1.23487604527977,48.0447952199796,59.329366717525
2020-12-12,1.35909964776424,51.1021912794329,69.4529701678583
2020-12-13,1.43303272730742,49.3551078168882,70.7274847613871
2020-12-14,1.52653922081392,50.6654204137967,77.3427514006867
2020-12-15,1.52058683986153,51.5389621450691,78.3694675779138
2020-12-16,1.53776321187662,57.6537542639756,88.6578223337162
2020-12-17,1.46293327990383,59.4008377265203,86.8994623642933
2020-12-18,1.40761766528589,64.6420881141544,90.9913451504506
2020-12-19,1.29179742414595,65.0788589797906,84.0687023964512
2020-12-20,1.31506931354687,69.8833385017886,91.9014339919109
2020-12-21,1.28649788497545,72.9407345612418,93.838100741593
2020-12-22,1.35045137334754,77.3084432176036,104.401293314573
2020-12-23,1.37846980652726,84.2967770677825,116.200561975498
2020-12-24,1.47635340441086,91.2851109179613,134.769084275755
2020-12-25,1.54756763654032,97.3999030368678,150.732937742022
2020-12-26,1.5950648963138,102.641153424502,163.719300744582
2020-12-27,1.56933104112789,114.870737662315,180.270214330729
2020-12-28,1.52681403432516,123.169384109402,188.056744257422
2020-12-29,1.46325301063125,134.088655750307,196.205629218134
2020-12-30,1.38414066666454,138.019593541032,191.038532216653
2020-12-31,1.32494754497142,148.065323450665,196.178786801357
2021-01-01,1.26190607031704,155.927199032116,196.76547898616
2021-01-02,1.23570841949606,170.34063759811,210.49136006231
2021-01-03,1.17660518195014,178.639284045197,210.187907307441
2021-01-04,1.11690543998438,190.432097417374,212.694645553101
2021-01-05,1.03630220247248,201.788139923915,209.113493835978
2021-01-06,0.972604241989545,208.339702908457,202.632078823607
2021-01-07,0.882391517555509,210.960328102274,186.149604058174
2021-01-08,0.807712618472941,211.39709896791,170.748104344954
2021-01-09,0.749752191347026,213.144182430455,159.805317850104
2021-01-10,0.774725338500624,210.523557236638,163.09793414251
2021-01-11,0.836494582966171,205.71907771464,172.082894121093
2021-01-12,0.921284110378649,201.351369058278,185.501816916379
2021-01-13,0.978229753174162,200.477827327006,196.113375542989
2021-01-14,1.03953673722986,203.535223386459,211.58234203051
2021-01-15,1.06624571150039,201.351369058278,214.690033763122
2021-01-16,1.07328676097426,194.363035208099,208.607272511627
2021-01-17,1.0274364208382,188.685013954829,193.861855403556
2021-01-18,0.973807270088865,182.133450970286,177.362878681239
2021-01-19,0.906041702323297,177.765742313925,161.063175780873
2021-01-20,0.857348540848181,172.961262791927,148.288086277917
2021-01-21,0.834274768491197,169.903866732473,141.746509083993
2021-01-22,0.854343458735326,168.156783269929,143.663647828638
2021-01-23,0.925249307084136,163.789074613567,151.545727794155
2021-01-24,1.00227878554219,160.731678554114,161.097951579374
2021-01-25,1.05027249128569,168.156783269929,176.610443691497
2021-01-26,1.06126150227471,166.84647067302,177.067736115682
2021-01-27,1.06425306034372,169.467095866837,180.355875403844
2021-01-28,1.04835622899302,163.789074613567,171.709296612136
2021-01-29,1.00617342994748,154.616886435207,155.571402952312
2021-01-30,0.925172834354863,155.927199032116,144.259608681557
2021-01-31,0.835948738919587,155.49042816648,129.982027339835
2021-02-01,0.772054363965305,152.869802972663,118.02379850356
2021-02-02,0.730622822533763,146.31823998812,106.903445488293
2021-02-03,0.70974669128064,142.82407306303,101.36891329171
2021-02-04,0.713869902534581,139.329906137941,99.4634265148443
2021-02-05,0.755382507576598,136.272510078488,102.937870376845
2021-02-06,0.845699873355548,134.525426615943,113.768136252204
2021-02-07,0.946725659163943,128.847405362673,121.98314477354
2021-02-08,1.04542478793826,122.732613243766,128.307716173473
2021-02-09,1.10941887320894,120.548758915585,133.739068282865
2021-02-10,1.16471841237945,116.61782112486,135.826923475697
2021-02-11,1.17659425583424,113.12365419977,133.100641730428
2021-02-12,1.16013167080022,112.250112468498,130.224910525592
2021-02-13,1.09318895168359,107.882403812136,117.935851928495
2021-02-14,1.0460778994705,107.882403812136,112.853398369628
2021-02-15,0.999933125771546,105.698549483955,105.69148097501
2021-02-16,0.993854098415923,105.698549483955,105.048936601247
2021-02-17,0.981322770095121,105.261778618319,103.295780178868
2021-02-18,0.991708462833755,107.4456329465,106.554743487573
2021-02-19,1.00531390501063,110.066258140317,110.65113978095
2021-02-20,1.03110755580428,111.813341602862,115.291581366435
2021-02-21,1.04800729390775,113.560425065406,119.01215376781
2021-02-22,1.08619949386466,111.376570737226,120.977174763155
2021-02-23,1.1290566367218,113.12365419977,127.723012544472
2021-02-24,1.14687897033361,112.686883334134,129.238216728355
2021-02-25,1.12927192751648,115.307508527951,130.213532412482
2021-02-26,1.09752589577045,120.548758915585,132.305384612844
2021-02-27,1.06357217343644,119.675217184313,127.283230847198
2021-02-28,1.02330396706654,117.491362856132,120.229377706735
2021-03-01,0.99406534854221,118.364904587404,117.662450133844
2021-03-02,0.972372226849088,119.238446318677,115.944153572917
2021-03-03,0.990040405231552,122.732613243766,121.510246150986
2021-03-04,1.02632158436987,121.422300646858,124.618327977718
2021-03-05,1.08382874023769,123.169384109402,133.494518415145
2021-03-06,1.12190334169257,124.042925840675,139.164173013976
2021-03-07,1.14221528781097,127.100321900128,145.175930760021
2021-03-08,1.09727808215948,131.904801422126,144.736247532097
2021-03-09,1.03121610181178,131.904801422126,136.022355132782
2021-03-10,0.952701362582756,132.341572287762,126.081996244895
2021-03-11,0.906352156233549,129.720947093945,117.572860107255
2021-03-12,0.88698762059791,124.916467571947,110.799360345137
2021-03-13,0.935139468749758,124.916467571947,116.814319123327
2021-03-14,1.00992825523209,124.479696706311,125.715562906425
2021-03-15,1.165023160327,127.100321900128,148.074818698666
2021-03-16,1.270453807162,131.031259690854,166.469162731478
2021-03-17,1.37498895455429,132.778343153398,182.568755239942
2021-03-18,1.42985538893292,134.088655750307,191.727387019348
2021-03-19,1.49210444052099,139.766677003577,208.546479393901
2021-03-20,1.47239473845835,142.387302197394,209.650314578722
2021-03-21,1.4388063030842,146.755010853756,211.152034625575
2021-03-22,1.33000552938981,151.122719510118,200.994052564882
2021-03-23,1.28732998459562,160.731678554114,206.914709277096
2021-03-24,1.23835039275889,164.225845479203,203.369140250331
2021-03-25,1.23383592525396,172.087721060654,212.328012539718
2021-03-26,1.18382382555242,184.754076164104,218.716277230993
2021-03-27,1.18405300813455,190.432097417374,225.481697792413
2021-03-28,1.19350123186848,202.661681655187,241.876966708004
2021-03-29,1.25690442069161,216.201578489908,271.744719764469
2021-03-30,1.30993059299259,216.638349355545,283.781201436244
2021-03-31,1.36927125233325,231.925329652811,317.568686581505
2021-04-01,1.39445779616584,250.26970600953,348.990542689122
2021-04-02,1.41269061524017,259.878665053526,367.12815122226
2021-04-03,1.38688598508771,280.843666604063,389.498145213821
2021-04-04,1.34439597320995,289.579083916786,389.308954343553
2021-04-05,1.2861797805544,303.555751617144,390.427270000963
2021-04-06,1.22768713595021,316.222106720593,388.221812523946
2021-04-07,1.18080068906376,333.69294134604,394.024855077117
2021-04-08,1.13970662280191,350.727005105851,399.725890514618
2021-04-09,1.10540272331647,365.140443671845,403.627240827841
2021-04-10,1.08828001054158,379.553882237839,413.060902962893
2021-04-11,1.08402659891536,393.530549938197,426.597583618795
2021-04-12,1.0922593423819,404.886592444738,442.241163202938
2021-04-13,1.110756702716,421.920656204549,468.651196893534
2021-04-14,1.10900104281056,430.656073517272,477.598034623355
2021-04-15,1.08977027357979,440.265032561268,479.787744981907
2021-04-16,1.04725623976835,458.609408917987,480.281565105835
2021-04-17,0.976101396225443,462.977117574349,451.912610884753
2021-04-18,0.876019422904033,466.471284499439,408.637905448501
2021-04-19,0.741093878297078,464.287430171258,344.080572270201
2021-04-20,0.59537331152388,452.057845933445,269.143176733747
2021-04-21,0.484994887026323,437.207636501815,212.043468272243
2021-04-22,0.416966969336978,414.93232235437,173.013072932055
2021-04-23,0.356292566594204,389.162841281835,138.655827543398
2021-04-24,0.306373170929322,362.083047612392,110.932531436761
