"fecha","rho7dpromedio","incidenciaAcum14d","riesgopor10"
2020-01-02,0,0,0
2020-01-03,0,0,0
2020-01-04,0,0,0
2020-01-05,0,0,0
2020-01-06,0,0,0
2020-01-07,0,0,0
2020-01-08,0,0,0
2020-01-09,0,0,0
2020-01-10,0,0,0
2020-01-11,0,0,0
2020-01-12,0,0,0
2020-01-13,0,0,0
2020-01-14,0,0,0
2020-01-15,0,0,0
2020-01-16,0,0,0
2020-01-17,0,0,0
2020-01-18,0,0,0
2020-01-19,0,0,0
2020-01-20,0,0,0
2020-01-21,0,0,0
2020-01-22,0,0,0
2020-01-23,0,0,0
2020-01-24,0,0,0
2020-01-25,0,0,0
2020-01-26,0,0,0
2020-01-27,0,0,0
2020-01-28,0,0,0
2020-01-29,0,0,0
2020-01-30,0,0,0
2020-01-31,0,0,0
2020-02-01,0,0,0
2020-02-02,0,0,0
2020-02-03,0,0,0
2020-02-04,0,0,0
2020-02-05,0,0,0
2020-02-06,0,0,0
2020-02-07,0,0,0
2020-02-08,0,0,0
2020-02-09,0,0,0
2020-02-10,0,0,0
2020-02-11,0,0,0
2020-02-12,0,0,0
2020-02-13,0,0,0
2020-02-14,0,0,0
2020-02-15,0,0,0
2020-02-16,0,0,0
2020-02-17,0,0,0
2020-02-18,0,0,0
2020-02-19,0,0,0
2020-02-20,0,0,0
2020-02-21,0,0,0
2020-02-22,0,0,0
2020-02-23,0,0,0
2020-02-24,0,0,0
2020-02-25,0,0,0
2020-02-26,0,0,0
2020-02-27,0,0,0
2020-02-28,0.142857142857143,0,0
2020-02-29,0.285714285714286,0,0
2020-03-01,0.428571428571429,0,0
2020-03-02,0.428571428571429,0,0
2020-03-03,0.428571428571429,0.517394813634388,0.221740634414738
2020-03-04,0.428571428571429,0.517394813634388,0.221740634414738
2020-03-05,0.571428571428571,0.517394813634388,0.29565417921965
2020-03-06,0.571428571428571,0.517394813634388,0.29565417921965
2020-03-07,0.714285714285714,0.517394813634388,0.369567724024563
2020-03-08,1,0.517394813634388,0.517394813634388
2020-03-09,1.42857142857143,1.03478962726878,1.47827089609825
2020-03-10,1.71428571428571,1.03478962726878,1.7739250753179
2020-03-11,1.85714285714286,1.55218444090316,2.88262824739159
2020-03-12,1.85714285714286,2.58697406817194,4.80438041231932
2020-03-13,2.14285714285714,2.58697406817194,5.54351586036844
2020-03-14,2.23809523809524,2.58697406817194,5.78989434305149
2020-03-15,2.38095238095238,3.10436888180633,7.39135448049126
2020-03-16,2.52380952380952,3.62176369544072,9.14064170754086
2020-03-17,2.73809523809524,6.72613257724705,18.4167915805574
2020-03-18,2.65873015873016,6.72613257724705,17.8829715347441
2020-03-19,2.56944444444444,8.27831701815021,21.270675671636
2020-03-20,2.18373015873016,9.31310664541899,20.3373118530717
2020-03-21,1.94563492063492,10.3478962726878,20.1332283432492
2020-03-22,1.47624716553288,10.3478962726878,15.2760525417836
2020-03-23,1.04767573696145,10.3478962726878,10.8412398534888
2020-03-24,0.642913832199546,11.3826858999565,7.3180862126648
2020-03-25,0.627040816326531,11.9000807135909,7.46183632500166
2020-03-26,0.602040816326531,11.3826858999565,6.85284151119832
2020-03-27,0.616326530612245,11.9000807135909,7.33433546021318
2020-03-28,0.544897959183673,11.9000807135909,6.48432969495669
2020-03-29,0.728571428571429,11.3826858999565,8.29309972711119
2020-03-30,1.01428571428571,11.3826858999565,11.5452956985273
2020-03-31,1.49047619047619,8.27831701815021,12.3386344127667
2020-04-01,1.51428571428571,8.27831701815021,12.5357371989132
2020-04-02,1.55714285714286,8.27831701815021,12.8905222139768
2020-04-03,1.53571428571429,7.24352739088143,11.1239884931393
2020-04-04,1.51190476190476,6.72613257724705,10.1692718727426
2020-04-05,1.29761904761905,6.72613257724705,8.72795774904676
2020-04-06,1.01190476190476,6.20873776361266,6.28265130841757
2020-04-07,0.726190476190476,5.69134294997827,4.13299904700803
2020-04-08,0.797619047619048,4.65655332270949,3.71415562644686
2020-04-09,0.869047619047619,4.65655332270949,4.04676657806896
2020-04-10,0.833333333333333,4.13915850907511,3.44929875756259
2020-04-11,0.928571428571429,4.65655332270949,4.32394237108739
2020-04-12,1,4.65655332270949,4.65655332270949
2020-04-13,1.14285714285714,4.13915850907511,4.73046686751441
2020-04-14,1.14285714285714,3.62176369544072,4.1391585090751
2020-04-15,1.14285714285714,4.13915850907511,4.73046686751441
2020-04-16,1.28571428571429,3.10436888180633,3.99133141946528
2020-04-17,1.5,3.10436888180633,4.65655332270949
2020-04-18,1.64285714285714,3.10436888180633,5.10003459153897
2020-04-19,1.78571428571429,3.10436888180633,5.54351586036844
2020-04-20,1.78571428571429,3.62176369544072,6.46743517042985
2020-04-21,1.57142857142857,4.13915850907511,6.50439194283231
2020-04-22,1.42857142857143,4.65655332270949,6.65221903244213
2020-04-23,1.21428571428571,4.65655332270949,5.65438617757581
2020-04-24,1.14285714285714,4.65655332270949,5.32177522595371
2020-04-25,1.14285714285714,4.13915850907511,4.73046686751441
2020-04-26,1.28571428571429,4.13915850907511,5.32177522595371
2020-04-27,1.14285714285714,5.17394813634388,5.91308358439301
2020-04-28,1.14285714285714,6.20873776361266,7.09570030127161
2020-04-29,1.17857142857143,5.69134294997827,6.70765419104582
2020-04-30,1.17857142857143,5.69134294997827,6.70765419104582
2020-05-01,1.17857142857143,5.69134294997827,6.70765419104582
2020-05-02,1.17857142857143,5.17394813634388,6.09786744640529
2020-05-03,1.03571428571429,5.69134294997827,5.89460519819178
2020-05-04,1.03571428571429,5.69134294997827,5.89460519819178
2020-05-05,1.17857142857143,5.17394813634388,6.09786744640529
2020-05-06,1.38095238095238,4.65655332270949,6.43047839802739
2020-05-07,1.88095238095238,4.65655332270949,8.75875505938214
2020-05-08,2.30952380952381,4.65655332270949,10.7544207691148
2020-05-09,2.5952380952381,5.69134294997827,14.7703900368484
2020-05-10,2.83333333333333,7.24352739088143,20.5233276074974
2020-05-11,3.09047619047619,9.31310664541899,28.781934347033
2020-05-12,3.14891774891775,10.8652910863222,34.2139079488776
2020-05-13,3.18633271490414,12.4174755272253,39.5662085089196
2020-05-14,2.94143475572047,13.4522651544941,39.5689602685963
2020-05-15,2.78559059987631,17.5914236635692,49.0025043956801
2020-05-16,2.56110080395795,22.7653717999131,58.3044120191589
2020-05-17,2.23457019171305,26.9045303089882,60.1200614505053
2020-05-18,1.99330035044321,33.1132680726008,66.0046888534351
2020-05-19,1.85896593485879,37.7698213953103,70.2128113395827
2020-05-20,1.73524144506287,43.4611643452886,75.4156136226336
2020-05-21,1.56417301769193,47.0829280407293,73.6458456352393
2020-05-22,1.33085461195973,52.7742709907076,70.2348819407956
2020-05-23,1.17439202692571,57.9482191270515,68.0539265173533
2020-05-24,1.17987809231961,62.0873776361266,73.2555366824404
2020-05-25,1.20182020249702,66.2265361452017,79.5923890807023
2020-05-26,1.23331151523833,69.8482998406424,86.1447125132838
2020-05-27,1.23210495153177,75.5396427906207,93.0727679192646
2020-05-28,1.25164276665782,83.3005649951365,104.262549634672
2020-05-29,1.25444169187053,84.8527494360397,106.442826562412
2020-05-30,1.27326782697574,87.4397235042116,111.334186737567
2020-05-31,1.27504830456267,89.5093027587491,114.12868472513
2020-06-01,1.33247127375034,93.6484612678242,124.783884470297
2020-06-02,1.36666873651923,100.374593845071,137.178819348875
2020-06-03,1.39152818243131,104.513752354146,145.433831852442
2020-06-04,1.34804745680773,111.239884931393,149.956643977349
2020-06-05,1.28769907503078,118.483412322275,152.570980453883
2020-06-06,1.20806707911971,124.692150085888,150.636481543415
2020-06-07,1.13617468579875,129.866098222231,147.550573343553
2020-06-08,1.04297740688718,129.348703408597,134.907775265318
2020-06-09,0.989142079652839,134.005256731307,132.550238327617
2020-06-10,0.992924262382391,139.696599681285,138.708143195868
2020-06-11,1.02847520592365,140.213994494919,144.206616861539
2020-06-12,1.11694546582248,148.492311513069,165.857814054022
2020-06-13,1.19854274178595,148.492311513069,177.974382175008
2020-06-14,1.31647516065514,155.735838903951,205.022363540842
2020-06-15,1.37654614557085,158.840207785757,218.650875789156
2020-06-16,1.43747996437573,169.188104058445,243.204509794731
2020-06-17,1.39817081991195,177.466421076595,248.128371463502
2020-06-18,1.36035230267454,181.60557958567,247.047568367911
2020-06-19,1.27266615704447,186.779527722014,237.707983760557
2020-06-20,1.20136969138181,194.023055112896,233.093417841935
2020-06-21,1.08103631212847,194.54044992653,210.305290548389
2020-06-22,0.99937563870578,205.923135826486,205.794565390892
2020-06-23,0.925037619745336,214.201452844637,198.144402085395
2020-06-24,0.912785559456425,214.201452844637,195.519992971171
2020-06-25,0.913136215182633,220.410190608249,201.2645272397
2020-06-26,0.928956592172742,219.892795794615,204.270862224702
2020-06-27,0.978880922584877,229.723297253668,224.871753154911
2020-06-28,1.02602285628143,228.171112812765,234.108776889066
2020-06-29,1.10169417744148,229.723297253668,253.084819007024
2020-06-30,1.13855337087962,227.136323185496,258.606826412049
2020-07-01,1.16927888957923,230.240692067303,269.21558075641
2020-07-02,1.16811690014523,232.827666135475,271.969931634219
2020-07-03,1.16586033094604,236.449429830915,275.667010514674
2020-07-04,1.13347401807192,232.827666135475,263.904110252885
2020-07-05,1.12296916911581,236.449429830915,265.525419755129
2020-07-06,1.10746296663481,238.001614271819,263.577973805343
2020-07-07,1.12326604111136,241.105983153625,270.826163185234
2020-07-08,1.15838744145015,253.006063867216,293.079046994517
2020-07-09,1.2038119692728,254.558248308119,306.440266190431
2020-07-10,1.23617606535371,266.45832902171,329.389408750781
2020-07-11,1.24333430151958,273.184461598957,339.659611748141
2020-07-12,1.22040115989485,288.188911194354,351.706081490423
2020-07-13,1.16348577629174,302.158571162483,351.557199732185
2020-07-14,1.09591042950153,303.193360789751,332.272766245107
2020-07-15,1.03478488837598,309.919493366998,320.700008349311
2020-07-16,1.00661535781927,311.471677807902,313.532174407168
2020-07-17,0.992220592279464,310.954282994267,308.535242844408
2020-07-18,0.982315103366341,323.889153335127,318.161207137632
2020-07-19,0.969489123376182,330.615285912374,320.527923713953
2020-07-20,0.961122278980174,339.928392557793,326.712751345213
2020-07-21,0.933812918640787,341.480576998696,318.878974266292
2020-07-22,0.895677998005866,337.858813303255,302.612705508098
2020-07-23,0.856875740660562,338.893602930524,290.389707016219
2020-07-24,0.832246115956464,333.202259980546,277.306286696725
2020-07-25,0.837732658399528,323.371758521493,270.89908291754
2020-07-26,0.885874303117116,310.954282994267,275.466408748829
2020-07-27,1.0022696079259,307.332519298827,308.030043620514
2020-07-28,1.13461923426752,304.745545230655,345.770157176042
2020-07-29,1.267190245128,299.571597094311,379.614205555326
2020-07-30,1.34523623015073,305.780334857923,411.346784918501
2020-07-31,1.38359097753749,317.16302075788,438.823893929138
2020-08-01,1.3542949112849,318.197810385149,430.933675386605
2020-08-02,1.29098958915605,327.510917030568,422.813184221414
2020-08-03,1.1669003605597,323.889153335127,377.946369808135
2020-08-04,1.06140241119807,322.854363707858,342.678400105341
2020-08-05,0.952232427415087,327.510917030568,311.866515528959
2020-08-06,0.895165463371379,331.650075539643,296.881693547597
2020-08-07,0.846559743909681,335.789234048718,284.265647983911
2020-08-08,0.860505322140974,348.206709575943,299.633726795295
2020-08-09,0.879347788705064,347.689314762309,305.739830092615
2020-08-10,0.921911775625799,346.65452513504,319.584888795963
2020-08-11,0.94887793259757,350.276288830481,332.369440783416
2020-08-12,0.998301091691716,354.415447339556,353.813327991487
2020-08-13,1.02535854128438,349.758894016846,358.628269370351
2020-08-14,1.07271492705738,339.410997744159,364.091243687596
2020-08-15,1.09183813189487,335.271839235084,366.062578627389
2020-08-16,1.1202945848986,327.510917030568,366.90870684452
2020-08-17,1.1225128635144,332.684865166912,373.443040646411
2020-08-18,1.11136664366282,338.37620811689,376.06003071022
2020-08-19,1.06918411667057,333.71965479418,356.807754326724
2020-08-20,1.0432867972703,339.928392557793,354.642803972861
2020-08-21,1.00911554825223,343.550156253234,346.681804279621
2020-08-22,0.969856288992971,336.824023675987,326.670897646073
2020-08-23,0.911803338082878,346.65452513504,316.080753179664
2020-08-24,0.861354256354471,349.758894016846,301.266312059243
2020-08-25,0.83018542518564,350.276288830481,290.794269775181
2020-08-26,0.805496146958626,340.963182185062,274.644529504819
2020-08-27,0.797510780933369,336.824023675987,268.620790158956
2020-08-28,0.80240834594682,333.202259980546,267.364274296732
2020-08-29,0.819103023817968,325.958732589665,266.993783504067
2020-08-30,0.833396163111107,317.680415571514,264.753639432842
2020-08-31,0.847377622922042,310.954282994267,263.49570116111
2020-09-01,0.855798288485565,299.054202280676,255.930074476219
2020-09-02,0.87576008940531,289.741095635257,253.743687817925
2020-09-03,0.897570340223194,277.323620108032,248.917456052294
2020-09-04,0.92646415019894,264.906144580807,245.426046121535
2020-09-05,0.95677627504888,259.214801630828,248.010572341878
2020-09-06,0.991363878456708,251.971274239947,249.795219690193
2020-09-07,1.02652025123684,244.727746849066,251.217988180129
2020-09-08,1.03078901788185,238.001614271819,245.329450229542
2020-09-09,1.00632922035246,236.449429830915,237.945970374528
2020-09-10,0.952580988386402,238.001614271819,226.715812960608
2020-09-11,0.896546505627781,235.414640203647,211.060173048201
2020-09-12,0.835234351900311,226.101533558228,188.847767845173
2020-09-13,0.800188873034608,221.444980235518,177.19780917383
2020-09-14,0.776655401675049,210.579689149196,163.547853060776
2020-09-15,0.800700663344073,210.062294335562,168.197018418062
2020-09-16,0.829060397631247,207.992715081024,172.438523069477
2020-09-17,0.873284820073492,201.783977317411,176.214884325349
2020-09-18,0.890801826876213,199.197003249239,177.445054402689
2020-09-19,0.923202415977833,194.54044992653,179.600213377587
2020-09-20,0.931138923914341,189.366501790186,176.326520702337
2020-09-21,0.960877301478805,183.157764026573,175.992138042746
2020-09-22,0.975163015764519,174.362052194789,170.031424653161
2020-09-23,1.02297786538858,169.705498872079,173.604968980864
2020-09-24,1.04610711708926,162.461971481198,169.952624622833
2020-09-25,1.06345405586477,162.461971481198,172.770842495467
2020-09-26,1.02677451918523,166.083735176639,170.530547330481
2020-09-27,1.00183120852764,166.601129990273,166.906211400225
2020-09-28,0.971528178224607,165.566340363004,160.852365028185
2020-09-29,0.963453644063116,156.77062853122,151.041233340469
2020-09-30,0.968918545540949,156.253233717585,151.396655949713
2020-10-01,0.991676739727714,157.805418158488,156.491962590778
2020-10-02,1.03852275085944,160.39239222666,166.571148392157
2020-10-03,1.08744718549816,160.909787040295,174.980895036077
2020-10-04,1.14612065488592,160.909787040295,184.422030500176
2020-10-05,1.18093306469832,159.874997413026,188.801670663601
2020-10-06,1.20370739182048,166.601129990273,200.539011654936
2020-10-07,1.17112939510455,167.635919617542,196.323353139487
2020-10-08,1.13100636024467,172.809867753886,195.449059542686
2020-10-09,1.06318529242361,171.257683312982,182.078650112902
2020-10-10,1.0578250760479,170.740288499348,180.613358666263
2020-10-11,1.03996793319076,172.292472940251,179.178646987997
2020-10-12,1.0500974235834,173.844657381154,182.55382681969
2020-10-13,1.02497292019803,177.98381589023,182.428591520997
2020-10-14,1.02902053924565,188.849106976552,194.329609897071
2020-10-15,1.00322328749559,188.331712162917,188.938759415754
2020-10-16,0.993278747430563,189.88389660382,188.607638975877
2020-10-17,0.957208197951541,190.918686231089,182.748931602537
2020-10-18,0.936531506222218,189.88389660382,177.83225169372
2020-10-19,0.887433761861316,189.88389660382,168.509380680013
2020-10-20,0.852516857379194,187.296922535648,159.673783796885
2020-10-21,0.819253552057065,188.849106976552,154.715301693345
2020-10-22,0.804408657901826,181.60557958567,146.085100541992
2020-10-23,0.812643796257446,178.501210703864,145.057901502938
2020-10-24,0.815855638178966,173.844657381154,141.832143891705
2020-10-25,0.831241324617284,170.740288499348,141.926383577735
2020-10-26,0.835397168773128,166.601129990273,139.178112308278
2020-10-27,0.855248587601529,166.083735176639,142.042879933406
2020-10-28,0.860003120993833,153.666259649413,132.153462889944
2020-10-29,0.872658633649346,150.561890767607,131.389133876922
2020-10-30,0.862768523759236,143.83575819036,124.096964757687
2020-10-31,0.87731397830469,138.661810054016,121.649944217418
2020-11-01,0.882604983595696,136.592230799478,120.556983624073
2020-11-02,0.90154437753509,129.866098222231,117.080050684672
2020-11-03,0.933157022593113,125.209544899522,116.840166118677
2020-11-04,0.993128379556951,122.105176017716,121.26611559399
2020-11-05,1.06835267217255,120.552991576812,128.793110689482
2020-11-06,1.12014130906757,116.931227881372,130.979498669918
2020-11-07,1.15728416621042,119.000807135909,137.717749864648
2020-11-08,1.166212737639,119.518201949544,139.383649493268
2020-11-09,1.14678326773783,121.587781204081,139.434833046208
2020-11-10,1.08351796161538,117.96601750864,127.818298830846
2020-11-11,1.02532377484976,122.105176017716,125.197340003179
2020-11-12,0.957632438919666,121.070386390447,115.94092940003
2020-11-13,0.916509606808098,116.931227881372,107.168593689144
2020-11-14,0.852104844903336,119.518201949544,101.842038935342
2020-11-15,0.836373552386329,120.552991576812,100.827333815898
2020-11-16,0.831613559268247,120.552991576812,100.253502405628
2020-11-17,0.848231635069996,121.070386390447,102.695731806525
2020-11-18,0.834090220928582,114.861648626834,95.8049778793773
2020-11-19,0.84197676537687,116.931227881372,98.453377023103
2020-11-20,0.851640630923089,116.413833067737,99.142750241983
2020-11-21,0.890331107113565,110.722490117759,98.5796772089152
2020-11-22,0.904276685344857,107.100726422318,96.8486898872004
2020-11-23,0.926715448083996,101.40938347234,93.9776422444913
2020-11-24,0.948346220208513,101.926778285974,96.6618749255351
2020-11-25,0.938154073174261,97.7876197768994,91.7398537997141
2020-11-26,0.905700115981628,96.7528301496306,87.6290494880712
2020-11-27,0.868625286049655,95.2006457087274,82.6936881108552
2020-11-28,0.844135490131288,91.5788820132867,77.3049844539612
2020-11-29,0.851278347274145,85.8875390633084,73.1142023052568
2020-11-30,0.863560183085393,83.8179598087709,72.3818527183063
2020-12-01,0.857586467434258,83.3005649951365,71.4374372694569
2020-12-02,0.848512057270918,82.7831701815021,70.2425180381149
2020-12-03,0.882514219952644,80.1961961133302,70.7742834561248
2020-12-04,0.922402902698469,77.0918272315238,71.1097252126865
2020-12-05,0.996153782360679,75.0222479769863,74.7336960834757
2020-12-06,1.02758235378925,71.91787909518,73.9015434801557
2020-12-07,1.18570201190891,74.5048531633519,88.3405542927641
2020-12-08,1.32815215435905,71.91787909518,95.517886057197
2020-12-09,1.46716077504871,70.8830894679112,103.996888481587
2020-12-10,1.55153616976893,69.8482998406424,108.372163599622
2020-12-11,1.63378725202001,74.5048531633519,121.725079311907
2020-12-12,1.68452616827617,81.2309857405989,136.835721154907
2020-12-13,1.6930975968476,82.7831701815021,140.159986493727
2020-12-14,1.59132355389708,90.5440923860179,144.084946880104
2020-12-15,1.48654901808806,92.6136716405555,137.674762638798
2020-12-16,1.44094327579115,102.961567913243,148.361778949501
2020-12-17,1.37974956753861,109.170305676856,150.6276820457
2020-12-18,1.32667221011343,117.448622695006,155.815823845562
2020-12-19,1.24151451067002,125.726939713156,156.091820036018
2020-12-20,1.20172155000749,133.487861917672,160.415240330891
2020-12-21,1.17065066011307,141.248784122188,165.352982372808
2020-12-22,1.17530309579999,151.079285581241,177.563952054884
2020-12-23,1.1572514306895,157.288023344854,182.021790046156
2020-12-24,1.15220941388278,163.496761108467,188.382507288519
2020-12-25,1.16495867834829,173.844657381154,202.521842300661
2020-12-26,1.19943610568286,176.949026262961,212.23905096522
2020-12-27,1.24013815725448,185.227343281111,229.707496169779
2020-12-28,1.24907115973587,188.849106976552,235.885973066284
2020-12-29,1.29450082585519,200.231792876508,259.200221241105
2020-12-30,1.35071775707212,208.510109894658,281.638307963774
2020-12-31,1.39666109015757,216.271032099174,302.057335461135
2021-01-01,1.38599918950429,225.584138744593,312.65943346503
2021-01-02,1.3423483958535,242.140772780894,325.037277913159
2021-01-03,1.27969090409153,259.214801630828,331.714823852862
2021-01-04,1.19907687992912,266.975723835344,320.124417953303
2021-01-05,1.08994629484572,275.254040853494,300.012121969579
2021-01-06,0.977097362169202,283.01496305801,276.533173858396
2021-01-07,0.904891921187162,293.362859330698,265.461681384714
2021-01-08,0.858837227204238,292.328069703429,251.06222881806
2021-01-09,0.854389294184876,298.536807467042,255.066652219972
2021-01-10,0.866694595764147,301.641176348848,261.430777401487
2021-01-11,0.917587231519168,304.22815041702,279.155866291351
2021-01-12,0.965126534321629,305.780334857923,295.116714845135
2021-01-13,1.02526983929252,304.22815041702,311.915946886319
2021-01-14,1.05664517892248,304.22815041702,321.461208430649
2021-01-15,1.07928066915834,305.262940044289,329.464390200241
2021-01-16,1.07348823936591,298.019412653408,319.920334586168
2021-01-17,1.05576506229291,294.397648957967,310.814752190994
2021-01-18,1.00932455308304,291.29328007616,294.009459728963
2021-01-19,0.952597280355766,287.67151638072,274.035104140093
2021-01-20,0.898207669966156,289.223700821623,259.782946413979
2021-01-21,0.874384805619409,283.01496305801,247.463983460862
2021-01-22,0.87344592763135,281.980173430742,246.294434155863
2021-01-23,0.886103609572051,274.219251226226,242.986668325704
2021-01-24,0.911825263125718,277.841014921666,253.342456538065
2021-01-25,0.938738917946349,280.945383803473,263.734365593694
2021-01-26,0.941521986729418,275.771435667129,259.644869992539
2021-01-27,0.928252707336245,274.73664603986,255.02503549098
2021-01-28,0.902784668881194,268.010513462613,241.955782653024
2021-01-29,0.894319650106897,262.836565326269,235.059905137888
2021-01-30,0.873376253880481,252.488669053581,220.517607925286
2021-01-31,0.860535162387705,242.140772780894,208.370649225691
2021-02-01,0.85366720615266,239.553798712722,204.499222070346
2021-02-02,0.879526994512448,235.932035017281,207.508593667955
2021-02-03,0.893324691724362,226.618928371862,202.444284326699
2021-02-04,0.893324691724362,222.997164676421,199.208873389971
2021-02-05,0.875707570492468,220.410190608249,193.014872529332
2021-02-06,0.867888021620288,218.340611353712,189.495201227137
2021-02-07,0.867888021620288,210.062294335562,182.310549047909
2021-02-08,0.882965486064841,198.162213621971,174.970395270408
2021-02-09,0.910850101449456,194.023055112896,176.725919433114
2021-02-10,0.935706965015997,185.744738094745,173.802645150325
2021-02-11,0.963336478359796,185.744738094745,178.934681870055
2021-02-12,0.982930721467131,183.157764026573,180.031393136946
2021-02-13,1.01084068625251,182.122974399305,184.097312424142
2021-02-14,1.02076132117315,177.98381589023,181.678995055549
2021-02-15,1.02673381152064,172.292472940251,176.89850743826
2021-02-16,1.02587704117234,170.740288499348,175.158541974623
2021-02-17,1.04026640767438,173.844657381154,180.844757227278
2021-02-18,1.04312619848598,171.257683312982,178.643376155788
2021-02-19,1.03961894253254,168.153314431176,174.815370932281
2021-02-20,1.01628908999962,169.705498872079,172.469847016638
2021-02-21,0.993181641892175,172.292472940251,171.117721160462
2021-02-22,0.94748145392225,174.362052194789,165.204810722386
2021-02-23,0.929243033746784,173.32726256752,161.063151299268
2021-02-24,0.936795196035585,171.257683312982,160.433375011786
2021-02-25,1.03102244516817,167.118524803907,172.302950076222
2021-02-26,1.13529589568859,163.496761108467,185.617201844821
2021-02-27,1.23472580849879,172.809867753886,213.372803678985
2021-02-28,1.27076976454274,176.431631449326,224.203982754753
2021-03-01,1.29736063195518,184.709948467477,239.635415472174
2021-03-02,1.29107120709432,187.296922535648,241.813663863152
2021-03-03,1.25902866820247,182.640369212939,229.949460810174
2021-03-04,1.1736246820466,189.88389660382,222.852427777429
2021-03-05,1.06363609280612,191.953475858358,204.168645062537
2021-03-06,0.973159902329926,197.127423994702,191.836504681234
2021-03-07,0.916508596646362,196.610029181067,180.19478193134
2021-03-08,0.900731279964688,200.749187690143,180.821072780014
2021-03-09,0.894013954736725,200.231792876508,179.010017013552
2021-03-10,0.944610334447028,203.336161758315,192.073439763697
2021-03-11,1.01378326677786,206.957925453755,209.810481752076
2021-03-12,1.13557146724503,209.027504708293,237.365670216163
2021-03-13,1.22434697744911,207.47532026739,254.021781264664
2021-03-14,1.31666093373508,215.75363728554,284.074385525119
2021-03-15,1.36189659694827,215.236242471905,293.129506162421
2021-03-16,1.3951955548293,220.927585421884,308.237185119782
2021-03-17,1.36817204669186,229.205902440034,313.593108655237
2021-03-18,1.34300582535339,230.758086880937,309.909454928503
2021-03-19,1.27586795539862,240.071193526356,306.299142834579
2021-03-20,1.22231833042043,245.762536476334,300.400053265642
2021-03-21,1.16265567981802,253.52345868085,294.760489202399
2021-03-22,1.15064513397289,272.667066785323,313.743033591191
2021-03-23,1.16136104454093,283.01496305801,328.682553117765
2021-03-24,1.20898261502343,286.636726753451,346.538819472144
2021-03-25,1.2419898675112,300.088991907945,372.707487301319
2021-03-26,1.32029149419993,318.715205198783,420.796974496138
2021-03-27,1.37929261484488,340.445787371427,469.574360276461
2021-03-28,1.43085564005497,358.037211034997,512.299562758976
2021-03-29,1.45345275572838,371.489476189491,539.942402891706
2021-03-30,1.47688952492382,393.737453175769,581.506720165477
2021-03-31,1.47087697699771,417.020219789317,613.385440230633
2021-04-01,1.44643060270332,441.855170843767,639.112841071127
2021-04-02,1.35654152964454,470.311885593659,637.997604693229
2021-04-03,1.29802880948798,502.390364038991,652.117166131765
2021-04-04,1.26534263156854,532.91665804342,674.322166495371
2021-04-05,1.24126469873434,554.12984540243,687.821815613151
2021-04-06,1.19679997879427,582.586560152321,697.239582836124
2021-04-07,1.15024977976729,625.012934870341,718.920990686317
2021-04-08,1.09963518627835,658.643597756576,724.267675310094
2021-04-09,1.06664110647179,680.891574742855,726.266942671035
2021-04-10,1.03381797722009,700.552577660962,724.243848773772
2021-04-11,1.0156549866433,712.452658374552,723.606095225391
2021-04-12,0.999544205761369,735.218030174466,734.882922032175
2021-04-13,0.983870224570147,747.635505701691,735.576312891338
2021-04-14,0.96354673467262,759.535586415282,731.848034158099
2021-04-15,0.958715377427789,776.092220451582,744.05154604901
2021-04-16,0.963504032486235,769.366087874335,741.287328125081
2021-04-17,0.984042378117647,763.674744924357,751.488312103752
2021-04-18,0.987827083244634,762.639955297088,753.356402606941
2021-04-19,0.991959996716266,767.813903433432,761.64067712853
2021-04-20,0.983733282356858,779.196589333388,766.521618426203
2021-04-21,0.97477005756851,775.057430824313,755.502776463518
2021-04-22,0.952000967153311,756.94861234711,720.615811039805
2021-04-23,0.934354738209432,752.2920590244,702.907649866778
2021-04-24,0.926619401105375,746.083321260788,691.33528032138
2021-04-25,0.928936723741065,737.287609429003,684.89353635786
2021-04-26,0.937199334062585,730.561476851756,684.681729597245
2021-04-27,0.95586189665194,721.248370206337,689.41383510255
2021-04-28,0.987272708209036,724.352739088143,715.133690418184
2021-04-29,0.996863406993649,707.796105051843,705.576036738815
2021-04-30,0.99889957665277,714.52223762909,713.735960676688
2021-05-01,0.967510562294511,714.52223762909,691.307811900453
2021-05-02,0.946988584628013,707.796105051843,670.274831728265
2021-05-03,0.919038947552328,687.617707320102,631.947454053811
2021-05-04,0.923959868989495,675.200231792876,623.857917709023
2021-05-05,0.933018706830621,658.643597756576,614.526797841108
2021-05-06,0.982967883375356,659.16099257021,647.934085670339
2021-05-07,1.03114248654996,655.021834061135,675.420842718314
2021-05-08,1.09654579072877,657.608808129307,721.098170500358
2021-05-09,1.13061552028237,664.852335520189,751.69236923511
2021-05-10,1.16120648163747,668.474099215629,776.236456815958
2021-05-11,1.15525410068509,677.787205861048,783.016448962865
2021-05-12,1.14447778023135,673.648047351973,770.975221890569
2021-05-13,1.12017536963301,680.891574742855,762.71797141758
2021-05-14,1.10832555278319,686.582917692833,760.957391783407
2021-05-15,1.08643060279585,686.065522879199,745.362579579097
2021-05-16,1.09125508524409,700.035182847327,763.916953131924
2021-05-17,1.08386421222822,723.835344274509,784.539225205034
2021-05-18,1.07195945032346,738.322399056272,791.451673053858
2021-05-19,1.03411015816267,756.431217533475,782.23320600272
2021-05-20,1.00234814235359,777.644404892485,779.470424655643
2021-05-21,0.953681413602112,781.78356340156,745.572453875696
2021-05-22,0.921721143689946,773.50524638341,712.956140346691
2021-05-23,0.874020965508863,771.953061942507,674.703160526513
2021-05-24,0.857625594183438,778.679194519754,667.815206878285
2021-05-25,0.828164314722158,762.639955297088,631.59119595835
2021-05-26,0.819882820602594,764.192139737991,626.548007010716
2021-05-27,0.793110681109351,750.222479769863,595.009461913822
2021-05-28,0.790436565232043,732.631056106294,579.098375570983
2021-05-29,0.781963341614112,716.591816883628,560.348531703649
2021-05-30,0.810357594619063,690.722076201908,559.731880221263
2021-05-31,0.823431972913129,660.195782197479,543.626315443797
2021-06-01,0.846576439935147,635.878225956663,538.319524762669
2021-06-02,0.860921230936196,619.321591920363,533.187107261443
2021-06-03,0.877948425136612,589.830087543202,517.840396456745
2021-06-04,0.887849440481529,572.238663879633,508.06177754743
2021-06-05,0.889581773155187,548.438502452451,487.880895478227
2021-06-06,0.884007014774242,532.399263229785,470.644683355769
2021-06-07,0.876425469079267,504.977338107163,442.57500042497
2021-06-08,0.884381859505412,496.699021089013,439.271603885219
2021-06-09,0.880569386006527,468.759701152756,412.775442228685
2021-06-10,0.884625014374082,459.963989320971,406.895650664624
2021-06-11,0.875897853785076,447.546513793746,392.005030900935
2021-06-12,0.860474479076953,439.78559158923,378.424277828292
2021-06-13,0.829051836448877,430.472484943811,356.884004183378
2021-06-14,0.817596749692586,420.124588671123,343.492498163445
2021-06-15,0.822866928615459,404.602744262092,332.934217480333
2021-06-16,0.858028113933057,380.285188021275,326.295382634573
2021-06-17,0.913367219272163,369.419896934953,337.416024007287
2021-06-18,0.975622121232947,364.763343612244,355.871187042999
2021-06-19,1.03122440335863,363.21115917134,374.552210909663
2021-06-20,1.07176404137373,356.485026594093,382.067832791706
2021-06-21,1.07794575500225,352.345868085018,379.809732794828
2021-06-22,1.05596773302423,342.515366625965,361.685175221982
2021-06-23,1.00769317409469,340.445787371427,343.06489608348
2021-06-24,0.95966737439104,339.928392557793,326.218187966904
2021-06-25,0.898724778174472,327.510917030568,294.342176258015
2021-06-26,0.866609606524416,320.267389639686,277.54679651825
2021-06-27,0.848475816276683,316.645625944246,268.666155943485
2021-06-28,0.880051346716084,318.715205198783,280.485745554082
2021-06-29,0.886616210423805,310.954282994267,275.697108003429
2021-06-30,0.917514475770212,316.128231130611,290.052228261967
2021-07-01,0.932423392356981,312.50646743517,291.388340499398
2021-07-02,0.976037946245508,304.745545230655,297.443216094396
2021-07-03,0.981120718770141,300.606386721579,294.931154207171
2021-07-04,0.994941189487163,295.432438585236,293.937901859088
2021-07-05,0.97816921640451,289.741095635257,283.415820477724
2021-07-06,0.986046051349015,286.119331939817,282.126837473874
2021-07-07,0.968554757310738,276.806225294398,268.101986362117
2021-07-08,0.950413164390384,271.632277158054,258.162892084352
2021-07-09,0.903616367593587,276.288830480763,249.659109405708
2021-07-10,0.873435437412657,270.597487530785,236.349434884217
2021-07-11,0.835126524103744,267.493118648979,223.390598398992
2021-07-12,0.81293214927779,259.214801630828,210.724045814365
2021-07-13,0.796277609703047,254.558248308119,202.699033492984
2021-07-14,0.802623536503519,248.349510544506,199.33116244215
2021-07-15,0.814138623399777,244.210352035431,198.821079826101
2021-07-16,0.841931334736792,236.449429830915,199.074184055296
2021-07-17,0.856090346456779,230.758086880937,197.549770545605
2021-07-18,0.874986990353423,226.101533558228,197.835900362407
2021-07-19,0.867138602259902,216.271032099174,187.536960483784
2021-07-20,0.854419708250685,208.510109894658,178.155147263512
2021-07-21,0.840308819139796,203.853556571949,171.299941400422
2021-07-22,0.841833284347566,192.988265485627,162.463945374305
2021-07-23,0.845806104776082,182.122974399305,154.04072356691
2021-07-24,0.85944810560287,177.466421076595,152.523179402401
2021-07-25,0.89106462778543,173.32726256752,154.445792704795
2021-07-26,0.941018279036846,167.118524803907,157.261586606149
2021-07-27,1.00970875522732,166.601129990273,168.218619581944
2021-07-28,1.05243468601295,159.357602599392,167.713468455468
2021-07-29,1.09274080846193,156.77062853122,171.309663364291
2021-07-30,1.08331238377927,158.322812972123,171.51306392747
2021-07-31,1.08624730196843,160.39239222666,174.225803312472
2021-08-01,1.04187930650808,154.701049276682,161.179821936462
2021-08-02,1.02139330890538,154.183654463048,157.482153011135
2021-08-03,0.964756848351006,149.009706326704,143.75813464946
2021-08-04,0.973247558067728,151.596680394876,147.541099005487
2021-08-05,0.913936333577932,151.596680394876,138.549714262678
2021-08-06,0.904806813473141,154.701049276682,139.974563436986
2021-08-07,0.841788879026635,151.596680394876,127.612399653762
2021-08-08,0.845725607640623,153.666259649413,129.959490815862
2021-08-09,0.801500647521151,147.457521885801,118.187299273334
2021-08-10,0.831351393789808,144.870547817629,120.438331847279
2021-08-11,0.794786767939468,143.83575819036,114.318757366239
2021-08-12,0.864646806549506,139.696599681285,120.788218800248
2021-08-13,0.861559729691938,132.970467104038,114.561999695165
2021-08-14,0.90565085451396,130.383493035866,118.081921882447
2021-08-15,0.881338186050348,127.279124154059,112.175952404016
2021-08-16,0.88539751469984,122.62257083135,108.569719460182
2021-08-17,0.830686268499232,121.070386390447,100.571507496441
2021-08-18,0.809383010353869,112.792069372297,91.2919846525919
2021-08-19,0.715217416188275,108.135516049587,77.3404043871714
2021-08-20,0.674091875062734,101.926778285974,68.7080130938961
2021-08-21,0.61509660676514,100.374593845071,61.7400720795324
2021-08-22,0.594702518095189,90.0266975723835,53.5391037420905
2021-08-23,0.594336217728889,87.4397235042116,51.9685945467529
2021-08-24,0.668527983410016,82.2657753678677,54.996972910342
2021-08-25,0.788828735289715,78.1266168587926,61.6285203691855
2021-08-26,1.02805776023303,72.4352739088143,74.4676454565614
2021-08-27,1.27914001131528,69.8482998406424,89.3457550485122
2021-08-28,1.4666542514611,65.1917465179329,95.6137521907004
2021-08-29,1.58133405441676,64.1569568906641,101.453580758955
2021-08-30,1.59023894263199,62.0873776361266,98.7337657628673
2021-08-31,1.5305798517229,63.6395620770297,97.4054314875707
2021-09-01,1.37375922873687,62.604772449761,86.0038839158307
2021-09-02,1.11649268575604,62.0873776361266,69.3201030085083
2021-09-03,0.826449395712748,58.4656139406859,48.3188713112546
2021-09-04,0.652863256451552,59.5004035679546,38.8456272335564
2021-09-05,0.538825989370806,56.3960346861483,30.3876491863542
2021-09-06,0.511239782474255,55.3612450588795,28.3028708814055
2021-09-07,0.45320406818854,54.8438502452451,24.8554560462682
2021-09-08,0.406265292678336,55.3612450588795,22.4913524268828
2021-09-09,0.379376506860925,53.8090606179764,20.4138934547157
2021-09-10,0.392100874166029,49.6699021089013,19.4756120366413
2021-09-11,0.366173222912278,45.0133487861918,16.4826829991143
2021-09-12,0.327281746031652,39.3220058362135,12.8693747275428
