"fecha","rho7dpromedio","incidenciaAcum14d","riesgopor10"
2020-01-01,0.75,0,0
2020-01-02,0.6,0,0
2020-01-03,0.5,0.150425025910711,0.0752125129553554
2020-01-04,0.428571428571429,0.150425025910711,0.0644678682474474
2020-01-05,0.571428571428571,0.150425025910711,0.0859571576632633
2020-01-06,0.714285714285714,0.150425025910711,0.107446447079079
2020-01-07,0.857142857142857,0.150425025910711,0.128935736494895
2020-01-08,0.857142857142857,0.150425025910711,0.128935736494895
2020-01-09,0.857142857142857,0.300850051821421,0.25787147298979
2020-01-10,0.857142857142857,0.451275077732132,0.386807209484685
2020-01-11,0.857142857142857,0.451275077732132,0.386807209484685
2020-01-12,0.714285714285714,0.451275077732132,0.322339341237237
2020-01-13,0.428571428571429,0.451275077732132,0.193403604742342
2020-01-14,0.142857142857143,0.451275077732132,0.0644678682474474
2020-01-15,0,0.451275077732132,0
2020-01-16,0,0.451275077732132,0
2020-01-17,0,0.300850051821421,0
2020-01-18,0,0.300850051821421,0
2020-01-19,0,0.300850051821421,0
2020-01-20,0,0.300850051821421,0
2020-01-21,0,0.300850051821421,0
2020-01-22,0,0.300850051821421,0
2020-01-23,0.142857142857143,0.150425025910711,0.0214892894158158
2020-01-24,0.285714285714286,0,0
2020-01-25,0.428571428571429,0,0
2020-01-26,0.428571428571429,0,0
2020-01-27,0.428571428571429,0.150425025910711,0.0644678682474474
2020-01-28,0.428571428571429,0.150425025910711,0.0644678682474474
2020-01-29,0.571428571428571,0.150425025910711,0.0859571576632633
2020-01-30,0.571428571428571,0.150425025910711,0.0859571576632633
2020-01-31,0.571428571428571,0.150425025910711,0.0859571576632633
2020-02-01,0.571428571428571,0.150425025910711,0.0859571576632633
2020-02-02,0.857142857142857,0.300850051821421,0.25787147298979
2020-02-03,1.14285714285714,0.300850051821421,0.343828630653053
2020-02-04,1.28571428571429,0.300850051821421,0.386807209484685
2020-02-05,1.14285714285714,0.451275077732132,0.51574294597958
2020-02-06,1.14285714285714,0.601700103642843,0.687657261306106
2020-02-07,1.07142857142857,0.601700103642843,0.644678682474474
2020-02-08,1,0.601700103642843,0.601700103642843
2020-02-09,0.714285714285714,0.601700103642843,0.429785788316316
2020-02-10,0.428571428571429,0.601700103642843,0.25787147298979
2020-02-11,0.428571428571429,0.601700103642843,0.25787147298979
2020-02-12,0.571428571428571,0.601700103642843,0.343828630653053
2020-02-13,0.714285714285714,0.601700103642843,0.429785788316316
2020-02-14,0.785714285714286,0.601700103642843,0.472764367147948
2020-02-15,0.857142857142857,0.752125129553554,0.644678682474474
2020-02-16,0.857142857142857,0.601700103642843,0.51574294597958
2020-02-17,1.14285714285714,0.752125129553554,0.859571576632633
2020-02-18,1.21428571428571,0.752125129553554,0.913294800172172
2020-02-19,1.5,0.601700103642843,0.902550155464264
2020-02-20,1.35714285714286,0.451275077732132,0.612444748350751
2020-02-21,1.21428571428571,0.752125129553554,0.913294800172172
2020-02-22,1.07142857142857,0.902550155464264,0.967018023711712
2020-02-23,1.07142857142857,0.902550155464264,0.967018023711712
2020-02-24,0.785714285714286,0.752125129553554,0.590955458934935
2020-02-25,0.571428571428571,0.752125129553554,0.429785788316316
2020-02-26,0.142857142857143,0.752125129553554,0.107446447079079
2020-02-27,0,0.752125129553554,0
2020-02-28,0,0.752125129553554,0
2020-02-29,0,0.601700103642843,0
2020-03-01,0,0.601700103642843,0
2020-03-02,0.142857142857143,0.451275077732132,0.0644678682474474
2020-03-03,0.285714285714286,0.451275077732132,0.128935736494895
2020-03-04,0.571428571428571,0.451275077732132,0.25787147298979
2020-03-05,1,0.451275077732132,0.451275077732132
2020-03-06,1.42857142857143,0.300850051821421,0.429785788316316
2020-03-07,1.71428571428571,0.150425025910711,0.25787147298979
2020-03-08,1.71428571428571,0.300850051821421,0.51574294597958
2020-03-09,1.57142857142857,0.601700103642843,0.945528734295896
2020-03-10,1.47619047619048,0.601700103642843,0.888223962520387
2020-03-11,1.23809523809524,0.601700103642843,0.744962033081615
2020-03-12,1.02380952380952,0.601700103642843,0.61602629658672
2020-03-13,1.16666666666667,0.601700103642843,0.701983454249983
2020-03-14,1.45238095238095,0.752125129553554,1.09237221197064
2020-03-15,2.02380952380952,0.752125129553554,1.52215800028695
2020-03-16,2.30952380952381,1.05297518137498,2.43187125222316
2020-03-17,2.30952380952381,1.50425025910711,3.47410178889022
2020-03-18,2.31904761904762,1.65467528501782,3.83727078001751
2020-03-19,2.17619047619048,1.65467528501782,3.60088859644354
2020-03-20,1.78333333333333,1.65467528501782,2.95083759161511
2020-03-21,1.71190476190476,1.65467528501782,2.83264649982812
2020-03-22,1.71190476190476,1.65467528501782,2.83264649982812
2020-03-23,1.8547619047619,1.65467528501782,3.0690286834021
2020-03-24,2.0452380952381,1.95552533683924,3.99951491510692
2020-03-25,2.13095238095238,2.40680041457137,5.12877707390804
2020-03-26,2.14115646258503,2.55722544048208,5.47541977817507
2020-03-27,2.03401360544218,2.8580754923035,5.81336443672617
2020-03-28,1.60544217687075,3.00850051821421,4.8299736210786
2020-03-29,1.20544217687075,3.15892554412492,3.80790208448256
2020-03-30,0.919727891156463,3.00850051821421,2.76700183716028
2020-03-31,0.860204081632653,2.70765046639279,2.32913198282564
2020-04-01,0.764965986394558,2.70765046639279,2.07126050983585
2020-04-02,0.826190476190476,3.30935057003564,2.73415392333897
2020-04-03,0.826190476190476,3.15892554412492,2.60987419955083
2020-04-04,0.954761904761905,3.30935057003564,3.15964185377212
2020-04-05,0.954761904761905,3.15892554412492,3.01602176950975
2020-04-06,1.38333333333333,3.15892554412492,4.36984700270615
2020-04-07,1.63333333333333,3.00850051821421,4.91388417974988
2020-04-08,2.06190476190476,3.15892554412492,6.51340362193377
2020-04-09,2.12312925170068,3.15892554412492,6.70680722667612
2020-04-10,2.21836734693878,3.30935057003564,7.34135524414028
2020-04-11,2.16122448979592,3.76062564776777,8.12755624691034
2020-04-12,2.14852607709751,3.91105067367848,8.40299436124798
2020-04-13,1.84852607709751,4.2119007254999,7.78580832523247
2020-04-14,1.70566893424036,4.36232575141061,7.44068351521783
2020-04-15,1.5968253968254,4.66317580323203,7.44627755246258
2020-04-16,1.57131519274376,4.81360082914274,7.56368411463597
2020-04-17,1.53321995464853,6.46827611416056,9.9172900104074
2020-04-18,1.48058837570116,6.91955119189269,10.2450070597854
2020-04-19,1.421858216971,7.37082626962482,10.4802698973318
2020-04-20,1.28535028046306,7.52125129553554,9.66744246214977
2020-04-21,1.29963599474878,7.82210134735696,10.165884465598
2020-04-22,1.40847953216374,8.12295139917838,11.4410107865036
2020-04-23,1.57514619883041,8.72465150282122,13.7426016507889
2020-04-24,1.68126864781,9.17592658055335,15.4271976744908
2020-04-25,1.70028678137922,9.92805171010691,16.8805350875441
2020-04-26,1.70232759770575,11.7331520210354,19.9736684934856
2020-04-27,1.64359743897559,12.0340020728569,19.7790549875745
2020-04-28,1.40763684784259,12.3348521246783,17.3629923633865
2020-04-29,0.999769353018569,12.485277150589,12.4823974591019
2020-04-30,0.775410378659594,12.7861272024104,9.9144957356108
2020-05-01,0.731192691584764,11.8835770469461,8.68918468661148
2020-05-02,0.809448994105773,11.432301969214,9.25386532929373
2020-05-03,1.02608949646056,11.7331520210354,12.0392640491595
2020-05-04,1.28756135793242,12.0340020728569,15.4945160502892
2020-05-05,1.6001453256888,13.0869772542318,20.9410654807548
2020-05-06,1.69610805860806,13.0869772542318,22.196927583723
2020-05-07,1.779310570382,14.2903774615175,25.4270196720268
2020-05-08,1.73661763113734,14.4408024874282,25.0781522074398
2020-05-09,1.74142532344503,14.2903774615175,24.8856251930747
2020-05-10,1.59023168949277,13.2374022801425,21.0505365924466
2020-05-11,1.55070599779317,14.5912275133389,22.6267040200994
2020-05-12,1.54551119259836,15.3433526428925,23.713323241574
2020-05-13,1.78598738307455,16.5467528501782,29.5522918212711
2020-05-14,2.05129350552353,17.4493030056424,35.7936419313866
2020-05-15,2.35309008622478,20.1569534720352,47.4311273835403
2020-05-16,2.53578239391709,26.3243795343744,66.7528981540578
2020-05-17,2.57891741981073,28.580754923035,73.7074067423564
2020-05-18,2.50599085788161,35.8011561667491,89.7173700554653
2020-05-19,2.30723309390646,39.4113567886062,90.9311866584272
2020-05-20,2.10140309835684,44.3753826436597,93.2505665781566
2020-05-21,1.79528064937725,48.7377083950703,87.4978647766606
2020-05-22,1.5519119975687,55.657259586963,86.3751689048031
2020-05-23,1.35601647518064,60.9221354938378,82.6114194328311
2020-05-24,1.31394463814477,67.6912616598198,88.9425703071749
2020-05-25,1.23063292419745,72.805712540784,89.5971069223437
2020-05-26,1.19784306912498,81.3799390176945,97.4803959181591
2020-05-27,1.10820548005039,87.6977901059443,97.1871715837167
2020-05-28,1.05633473175107,92.3609659091764,97.5640961479399
2020-05-29,0.972074771139045,96.4224416087656,93.7298228595087
2020-05-30,0.95802820858502,97.1745667383191,93.0959760923373
2020-05-31,0.957663758503747,98.6788169974262,94.5011267704587
2020-06-01,1.0193649384737,98.8292420233369,100.743064214521
2020-06-02,1.0583280427994,102.138592593373,108.096136793629
2020-06-03,1.12148270225354,105.447943163408,118.258044245977
2020-06-04,1.13456600575038,106.500918344783,120.832321535188
2020-06-05,1.15289017350152,109.208568811176,125.90548584457
2020-06-06,1.12200747549176,109.208568811176,122.532830593895
2020-06-07,1.11845519832765,109.509418862997,122.481378793159
2020-06-08,1.09490636678366,109.96069394073,120.396663891654
2020-06-09,1.11836336472706,108.757293733444,121.630172958343
2020-06-10,1.13609843421497,109.810268914819,124.755274574851
2020-06-11,1.20825922835719,113.721319588497,137.404833853759
2020-06-12,1.27962405273406,118.53492041764,151.68013525533
2020-06-13,1.33994917103133,120.340020728569,161.249511017138
2020-06-14,1.37233601318004,127.259571920461,174.642893568325
2020-06-15,1.39834191086265,134.028698086443,187.417945792631
2020-06-16,1.41826307843483,141.399524356068,200.541724702457
2020-06-17,1.41481372323262,145.160150003836,205.374572291933
2020-06-18,1.39945585594778,152.831826325282,213.88139432611
2020-06-19,1.35620052403265,161.255627776282,218.694966893408
2020-06-20,1.31870612205101,175.245155185978,231.096859003528
2020-06-21,1.24727383057809,182.465556429692,227.584513516625
2020-06-22,1.17548731586644,194.198708450728,228.278118541476
2020-06-23,1.09340484519702,202.321659849906,221.21948316819
2020-06-24,1.07493337497628,208.639510938156,224.273573646151
2020-06-25,1.06225723796173,213.904386845031,227.221483157899
2020-06-26,1.0760152153795,222.027338244209,238.904794180979
2020-06-27,1.10214881689946,231.203264824762,254.820404789904
2020-06-28,1.14513946297677,242.033866690334,277.162532123959
2020-06-29,1.17246766418096,247.900442700851,290.655253002894
2020-06-30,1.17870370432416,250.457668141333,295.21538121458
2020-07-01,1.16660294565334,264.748045602851,308.855849856251
2020-07-02,1.15348906222622,268.207821198797,309.374788156338
2020-07-03,1.13868356256156,272.118871872476,309.857286463984
2020-07-04,1.11090507800607,272.570146950208,302.799560359846
2020-07-05,1.10716089974666,280.241823271654,310.272789200088
2020-07-06,1.13294248174855,288.966474774475,327.382395073122
2020-07-07,1.16930478529065,296.036450992279,346.156838765733
2020-07-08,1.20295050810884,303.256852235993,364.802984484774
2020-07-09,1.23199552651862,313.034478920189,385.657077675759
2020-07-10,1.27150340713565,332.28888223676,422.506445917338
2020-07-11,1.30026934093441,341.314383791403,443.800628863881
2020-07-12,1.30900327800711,351.994560631063,460.762033706733
2020-07-13,1.2946464486938,367.789188351688,476.156966567488
2020-07-14,1.29214867388294,384.486366227777,496.813548247293
2020-07-15,1.28034665257414,399.077593741115,510.957661263779
2020-07-16,1.27750847916079,415.925196643115,531.347965408198
2020-07-17,1.25450085117662,436.533425192883,547.631553471517
2020-07-18,1.23546904584345,458.345053949936,566.271126470589
2020-07-19,1.20793168996733,479.103707525614,578.724551101026
2020-07-20,1.17677600509611,508.587012604113,598.492992936035
2020-07-21,1.12985908702252,527.690990894773,596.216461202378
2020-07-22,1.08488863481286,543.93689369313,590.110954023087
2020-07-23,1.03973658858323,560.93492162104,583.22456182346
2020-07-24,1.0127312766088,569.057873020219,576.302706208057
2020-07-25,0.999795566253534,586.20632597404,586.086485618618
2020-07-26,0.999972918386193,595.683102606414,595.666970546678
2020-07-27,1.01374632768326,605.912004368343,614.241069327613
2020-07-28,1.05339763945428,618.397281518932,651.418236596986
2020-07-29,1.09465078262574,620.05195680395,678.740359784064
2020-07-30,1.13527302647886,631.484258773164,716.907045631168
2020-07-31,1.14827853245949,644.119960949663,739.629123487145
2020-08-01,1.14586972403855,659.764163644377,756.003780125711
2020-08-02,1.12389579480206,668.037540069466,750.804582053983
2020-08-03,1.08315904694661,670.745190535859,726.523721324847
2020-08-04,1.02286038915999,679.168991986859,694.695059449073
2020-08-05,0.961388008155651,682.027067479162,655.692643912032
2020-08-06,0.907068945526386,686.690243282394,622.875394877419
2020-08-07,0.869228694177537,683.982592816002,594.537295993619
2020-08-08,0.855608719617976,682.177492505073,583.677010914467
2020-08-09,0.853344213955376,681.57579240143,581.618758817811
2020-08-10,0.86634715875315,682.628767582805,591.393493278527
2020-08-11,0.87846771810012,675.25794131318,593.192302834374
2020-08-12,0.895431079422482,671.647740691323,601.414261438903
2020-08-13,0.910061323292802,659.914588670288,600.562743825508
2020-08-14,0.941462463334829,644.571236027395,606.839623665127
2020-08-15,0.967669440214452,625.467257736735,605.245551166575
2020-08-16,1.02264047931458,611.026455249307,624.860387070038
2020-08-17,1.06656294863453,596.736077787789,636.456590681949
2020-08-18,1.12321935425585,593.276302191843,666.379425043223
2020-08-19,1.15539870015412,589.064401466343,680.604243761278
2020-08-20,1.19228705549626,599.142878202361,714.350298073446
2020-08-21,1.18753497922715,600.947978513289,713.646745180379
2020-08-22,1.17744697603205,610.575180171575,718.919899533242
2020-08-23,1.12782549915816,618.998981622575,698.122835426872
2020-08-24,1.08819651392351,629.528733436324,685.050973140092
2020-08-25,1.02712872536197,639.456785146431,656.804432651519
2020-08-26,0.982434267484035,642.314860638735,631.032129605725
2020-08-27,0.927043466387477,653.747162607949,606.05203576505
2020-08-28,0.904157417572134,661.719688981216,598.298765145892
2020-08-29,0.885894686534155,662.321389084859,586.746999368198
2020-08-30,0.889050651518801,666.082014732627,592.180649162998
2020-08-31,0.891459230610127,664.57776447352,592.443982598162
2020-09-01,0.917174014933102,663.073514214413,608.153797227835
2020-09-02,0.939682016410298,663.976064369877,623.92636701526
2020-09-03,0.963562613425224,645.323361156949,621.809464380739
2020-09-04,0.971006772845546,643.969535923753,625.298780888167
2020-09-05,0.977250937177946,636.448284628217,621.969682618221
2020-09-06,0.97277608181524,625.617682762646,608.585918152176
2020-09-07,0.959952341380069,612.831555560235,588.289086631638
2020-09-08,0.932485143293561,601.700103642843,561.076407365147
2020-09-09,0.905229753052734,594.930977476861,538.549221824801
2020-09-10,0.880082615546046,587.108876129504,516.704315314353
2020-09-11,0.854191038825447,574.021898875272,490.324362108824
2020-09-12,0.835407980643045,567.102347683379,473.761827096102
2020-09-13,0.820495556618472,554.46664550688,454.937418931544
2020-09-14,0.83078157564482,547.396669289076,454.767067414705
2020-09-15,0.84223533675015,527.991840946595,444.693385960987
2020-09-16,0.866814773911798,518.815914366041,449.717299513043
2020-09-17,0.881659713616288,507.383612396827,447.339690399384
2020-09-18,0.905919019511213,495.500035349881,448.882906191935
2020-09-19,0.921137651923306,480.45753275881,442.567523574315
2020-09-20,0.934840754145543,467.370555504578,436.917042573321
2020-09-21,0.939624177530305,453.080178043061,425.725089648995
2020-09-22,0.953628394384263,439.391500685186,419.016211304506
2020-09-23,0.977278314512726,433.224074622847,423.380493453751
2020-09-24,0.993055873190982,418.482422083597,415.576427077304
2020-09-25,0.993796342040392,414.721796435829,412.149004262347
2020-09-26,0.984447971113074,413.518396228544,407.087346185122
2020-09-27,0.980497445081769,414.120096332187,406.043696410725
2020-09-28,0.964149615627407,405.094594777544,390.571797847509
2020-09-29,0.943740506126945,398.927168715205,376.483728111077
2020-09-30,0.927763000551178,396.670793326544,368.016485447651
2020-10-01,0.942253893893343,395.76824317108,372.914168207277
2020-10-02,0.972294930550921,387.34444172008,376.61303706151
2020-10-03,0.998213455352408,383.884666124134,383.198839028577
2020-10-04,1.00832434902495,385.990616486884,389.203737098874
2020-10-05,1.00183360908929,387.34444172008,388.054680009103
2020-10-06,0.985233096087899,390.653792290116,384.88504527647
2020-10-07,0.944251059786525,384.035091150044,362.625541813644
2020-10-08,0.898310779594276,379.522340372723,340.929009453665
2020-10-09,0.85945123033081,368.541313481241,316.743285299186
2020-10-10,0.856839198712636,361.471337263438,309.722810978389
2020-10-11,0.859198206832012,351.39286052742,301.916115658731
2020-10-12,0.873852440131938,347.933084931474,304.042175270001
2020-10-13,0.885663266938193,349.28691016467,309.350585955189
2020-10-14,0.901462410550207,342.066508920956,308.360099700379
2020-10-15,0.90053060692782,334.545257625421,301.268243894244
2020-10-16,0.904955065615845,329.280381718546,297.983949444117
2020-10-17,0.892425514788422,321.909555448921,287.280300736815
2020-10-18,0.882524746509484,310.477253479707,274.003859424139
2020-10-19,0.855398742247221,296.638151095922,253.743901349992
2020-10-20,0.84068985071025,291.072425137225,244.701633634484
2020-10-21,0.82559752615501,282.799048712136,233.47819501573
2020-10-22,0.827872813879501,275.12737239069,227.770471956354
2020-10-23,0.816360869034223,267.004420991511,217.97196115661
2020-10-24,0.822752322954194,257.226794307315,211.633942542404
2020-10-25,0.8248828277025,253.014893581815,208.707640868615
2020-10-26,0.840721043540716,244.891942182637,205.885809186499
2020-10-27,0.834523281818092,234.663040420709,195.831770613301
2020-10-28,0.838639877831125,225.938388917887,189.480942879458
2020-10-29,0.836954630229362,218.868412700084,183.182931420286
2020-10-30,0.868183171802731,211.347161404549,183.488048939705
2020-10-31,0.870201039058039,200.666984564888,174.620618473009
2020-11-01,0.916889553036273,196.605508865299,180.265537147973
2020-11-02,0.965530101676821,189.535532647496,183.002262108507
2020-11-03,1.04529327245382,180.359606066942,188.528682844195
2020-11-04,1.07730770493914,176.147705341442,189.765280171685
2020-11-05,1.09354643454323,178.704930781924,195.422139891869
2020-11-06,1.06215681373902,179.607480937389,190.771309676148
2020-11-07,1.04245181150062,177.050255496907,184.566359569397
2020-11-08,1.00302640478549,173.59047990096,174.115834960048
2020-11-09,0.976459021075248,166.370078657246,162.453564141867
2020-11-10,0.954322747210864,167.423053838621,159.775628685705
2020-11-11,0.953422057987806,168.024753942264,160.198506696528
2020-11-12,0.9460318689491,169.22815414955,160.095226948905
2020-11-13,0.923940831107113,169.077729123639,156.217817568198
2020-11-14,0.893540809498923,172.537504719585,154.169301636062
2020-11-15,0.854413391682981,169.37857917546,144.719326311749
2020-11-16,0.810409242938281,166.670928709067,135.071661154936
2020-11-17,0.755720949710542,161.556477828103,122.091614856144
2020-11-18,0.725286256419939,158.096702232157,114.665365314299
2020-11-19,0.731565897755086,151.929276169818,111.146277316453
2020-11-20,0.77562537413528,145.160150003836,112.589895656258
2020-11-21,0.832629482047883,138.842298915586,115.604191432422
2020-11-22,0.870743411526394,135.081673267818,117.621477015914
2020-11-23,0.917128512652046,134.479973164175,123.335417769547
2020-11-24,0.932917912989295,129.515947309122,120.827747262458
2020-11-25,0.941528467619996,124.702346479979,117.410809189913
2020-11-26,0.918787503764574,116.42897005489,106.973482762613
2020-11-27,0.925425998857268,113.420469536676,104.962251311839
2020-11-28,0.924129241440574,106.801768396605,98.6986372128661
2020-11-29,0.952338496973773,103.492417826569,98.5598136411364
2020-11-30,0.934589353520771,101.53689248973,94.8952987104846
2020-12-01,0.929117219311897,100.634342334265,93.5011003168942
2020-12-02,0.912826705142543,100.784767360176,91.9990271179473
2020-12-03,0.92165875147459,98.5283919715155,90.809554729266
2020-12-04,0.924969235973733,96.1215915569441,88.9095151030058
2020-12-05,0.969741101554497,93.7147911423728,90.8790847943542
2020-12-06,1.07891403388532,92.6618159609978,99.9741336456197
2020-12-07,1.19810791364869,91.4584157537121,109.577051684295
2020-12-08,1.29412664901169,92.060115857355,119.137449242107
2020-12-09,1.35104233668612,93.2635160646406,126.002958671536
2020-12-10,1.39617370498822,98.6788169974262,137.772769531151
2020-12-11,1.40560820504523,97.0241417124084,136.377929678432
2020-12-12,1.38563975254795,101.085617411998,140.068249896917
2020-12-13,1.29160806315498,103.943692904301,134.2545118693
2020-12-14,1.21693124331352,106.801768396605,129.970408802963
2020-12-15,1.16780727181733,111.314519173926,129.99390495016
2020-12-16,1.15349961327004,113.721319588497,131.17749816589
2020-12-17,1.15425618522207,118.384495391729,136.646036040298
2020-12-18,1.15979864369041,123.950221350426,143.75729860735
2020-12-19,1.16445062477154,130.568922490497,152.041063369806
2020-12-20,1.15010993393858,135.081673267818,155.358774318364
2020-12-21,1.15266431242539,142.302074511532,164.026522873542
2020-12-22,1.17485619961246,146.814825288854,172.486307685629
2020-12-23,1.22618441150558,149.221625703425,182.97323129706
2020-12-24,1.26463995094376,150.425025910711,190.233497388435
2020-12-25,1.2944427068793,159.149677413532,206.01013923014
2020-12-26,1.28217176537753,168.927304097728,216.593819715451
2020-12-27,1.2767515472244,178.704930781924,228.16179687245
2020-12-28,1.26114807313036,185.925332025638,234.479374230255
2020-12-29,1.26516462697848,187.128732232924,236.748652712424
2020-12-30,1.28929934950384,191.942333062067,247.471125159172
2020-12-31,1.3401615548511,203.675485083102,272.958054774022
2021-01-01,1.3696279567472,215.559062130048,295.23571782352
2021-01-02,1.39712962107997,231.654539902495,323.651419555427
2021-01-03,1.39552544727379,248.351717778583,346.581142034173
2021-01-04,1.3716005400483,259.031894618244,355.288286548117
2021-01-05,1.30089857245358,274.074397209315,356.542992075673
2021-01-06,1.19471729565228,290.771575085404,347.389829838586
2021-01-07,1.06106316216426,300.248351717779,318.582465508272
2021-01-08,0.963903146519739,306.415777780118,295.355132345549
2021-01-09,0.916973073851012,308.220878091046,282.630246008205
2021-01-10,0.913803382708121,311.22937860926,284.402458971289
2021-01-11,0.918761319003598,319.352330008439,293.408567945426
2021-01-12,0.928337109067193,330.634206951742,306.940003840304
2021-01-13,0.932397288184712,339.960558558206,316.978302889431
2021-01-14,0.939972459174517,336.199932910438,316.018677712132
2021-01-15,0.946301872318592,333.943557521778,316.01141373159
2021-01-16,0.951373379614999,327.625706433528,311.694375578417
2021-01-17,0.938849907307126,319.051479956617,299.541452383472
2021-01-18,0.928843601162602,319.50275503435,296.768089567478
2021-01-19,0.916118981360905,312.282353790635,286.087791851663
2021-01-20,0.912393704568472,305.362802598743,278.611098700478
2021-01-21,0.901637449217182,299.797076640046,270.3082714645
2021-01-22,0.897216724765757,294.381775707261,264.124252630796
2021-01-23,0.891261879059358,292.426250370422,260.628369391424
2021-01-24,0.902798493522609,287.76307456719,259.792070210693
2021-01-25,0.909360690962276,281.44522347894,255.935222890841
2021-01-26,0.929199746612121,274.525672287047,255.089185127646
2021-01-27,0.949516666987195,268.659096276529,255.096289652282
2021-01-28,0.992289691625552,267.455696069244,265.393530176047
2021-01-29,1.01695568856887,261.739545084637,266.177519297248
2021-01-30,1.03428091653239,260.23529482553,269.156399246226
2021-01-31,1.01893843965145,259.031894618244,263.937554522273
2021-02-01,1.02190858657106,257.076369281405,262.70854917318
2021-02-02,1.00417266839652,253.91744373728,254.976957030086
2021-02-03,0.994709780306096,249.103842908137,247.786028852557
2021-02-04,0.967099963891244,247.59959264903,239.453557110364
2021-02-05,0.971866510137186,249.855968037691,242.826647693739
2021-02-06,0.964340991531087,246.396192441744,237.609948528756
2021-02-07,0.963546000111096,247.148317571298,238.138772830011
2021-02-08,0.941308928291218,247.900442700851,233.350900041657
2021-02-09,0.928955671941656,246.997892545387,229.450093237673
2021-02-10,0.907985592248521,246.245767415833,223.587608965757
2021-02-11,0.891295357968084,239.627066275762,213.578491815097
2021-02-12,0.871384167616555,239.476641249851,208.67615369911
2021-02-13,0.886696008255471,233.309215187512,206.874349795984
2021-02-14,0.941762159209779,228.49561435837,215.188523148103
2021-02-15,1.0219546890519,221.726488192388,226.594424295222
2021-02-16,1.10077864287586,219.169262751906,241.256843612145
2021-02-17,1.16364955448177,222.027338244209,258.362013230646
2021-02-18,1.19232280651238,223.682013529227,266.701166137509
2021-02-19,1.18105093621144,224.734988710602,265.423468816123
2021-02-20,1.12719788961646,228.194764306548,257.220656747866
2021-02-21,1.05182727684972,224.885413736513,236.540612333699
2021-02-22,0.977070843233797,223.080313425584,217.965269947595
2021-02-23,0.934995423134183,219.770962855548,205.48484440773
2021-02-24,0.925595401147589,216.461612285513,200.355872856463
2021-02-25,0.968550999228406,221.124788088745,214.170634457523
2021-02-26,1.03943716827408,222.779463373763,231.565254558844
2021-02-27,1.11939018627058,228.49561435837,255.775748318626
2021-02-28,1.17003950391525,232.406665032048,271.924979060695
2021-03-01,1.19820484826528,238.874941146209,286.22111261047
2021-03-02,1.19575168689011,244.440667104905,292.290340035233
2021-03-03,1.17346401585658,244.290242078994,286.665808504592
2021-03-04,1.14031668475797,246.245767415833,280.798157135306
2021-03-05,1.10049916894046,243.086841871708,267.516867460176
2021-03-06,1.09526125065906,245.944917364012,269.373937785347
2021-03-07,1.10117311525693,251.059368244976,276.459826644757
2021-03-08,1.11743038739655,259.332744670065,289.786289341282
2021-03-09,1.12161247578264,265.199320680583,297.450866644423
2021-03-10,1.13316414683309,277.534172805261,314.491774143902
2021-03-11,1.12919875980036,282.799048712136,319.336335078465
2021-03-12,1.12238643487039,287.462224515368,322.643701333714
2021-03-13,1.09394011112205,293.930500629529,321.542364520826
2021-03-14,1.09523663446651,299.044951510493,327.524986246554
2021-03-15,1.11995700338331,303.256852235993,339.634635485678
2021-03-16,1.17495032186884,306.114927728296,359.669832863217
2021-03-17,1.23613170341635,314.388304153385,388.625349947302
2021-03-18,1.30198272175556,325.369331044867,423.625247209581
2021-03-19,1.36645678724382,342.216933946867,467.624652101467
2021-03-20,1.42088295930703,360.418362082063,512.112308903755
2021-03-21,1.44685557941784,374.70873954358,542.149430465254
2021-03-22,1.45179329614798,392.609317626955,569.987575336047
2021-03-23,1.432459476906,417.880721979954,598.597200416507
2021-03-24,1.39297431712009,440.14362581474,613.108766604046
2021-03-25,1.33367675592204,466.768855400935,622.518772836563
2021-03-26,1.26904990204569,496.853860583078,630.532343103979
2021-03-27,1.20581821092342,518.51506431422,625.234907188216
2021-03-28,1.17779064902342,544.388168770862,641.175294617302
2021-03-29,1.16682072169119,571.46467343479,666.7968226782
2021-03-30,1.18162556789817,601.248828565111,710.450988501359
2021-03-31,1.20244724758685,627.422783073574,754.442798580098
2021-04-01,1.24009006875038,663.223939240324,822.457420409431
2021-04-02,1.26659615464121,697.520845147966,883.477220246499
2021-04-03,1.27879151828977,723.84522468234,925.647133878331
2021-04-04,1.25884172437328,762.955731419125,960.440508560132
2021-04-05,1.21906755576184,798.00476245632,972.821715253937
2021-04-06,1.17077165669924,822.373616653855,962.811721595581
2021-04-07,1.1202964985298,845.689495670016,947.422980842547
2021-04-08,1.06690977174002,864.342198882944,922.175138115465
2021-04-09,1.01502882131564,883.596602199515,896.876017649074
2021-04-10,0.96571637984014,917.141382977603,885.698456170711
2021-04-11,0.9072683306699,934.289835931424,847.651579807358
2021-04-12,0.830798223186577,949.482763548406,788.828592902296
2021-04-13,0.739121800205475,954.44678940346,705.452429184221
2021-04-14,0.638883375906241,947.978513289299,605.647712856846
2021-04-15,0.527549607989745,915.787557744407,483.123367089948
2021-04-16,0.408359902602416,868.854949660265,354.805522618893
2021-04-17,0.321154689877892,823.877866912963,264.592240845692
2021-04-18,0.26900076947579,760.097655926821,204.466854321059
2021-04-19,0.23014871903225,685.486843075109,157.763918847197
2021-04-20,0.201563165178039,616.441756182092,124.251951523971
