"fecha","rho7dpromedio","incidenciaAcum14d","riesgopor10"
2020-02-18,0,0,0
2020-02-19,0,0,0
2020-02-20,0,0,0
2020-02-21,0,0,0
2020-02-22,0,0,0
2020-02-23,0,0,0
2020-02-24,0,0,0
2020-02-25,0,0,0
2020-02-26,0,0,0
2020-02-27,0,0,0
2020-02-28,0,0,0
2020-02-29,0,0,0
2020-03-01,0,0,0
2020-03-02,0,0,0
2020-03-03,0,0,0
2020-03-04,0,0,0
2020-03-05,0,0,0
2020-03-06,0,0,0
2020-03-07,0,0,0
2020-03-08,0,0,0
2020-03-09,0,0,0
2020-03-10,0,0,0
2020-03-11,0,0,0
2020-03-12,0,0,0
2020-03-13,0,0,0
2020-03-14,0,0,0
2020-03-15,0,0,0
2020-03-16,0,0,0
2020-03-17,0,0,0
2020-03-18,0,0,0
2020-03-19,0,0,0
2020-03-20,0,0,0
2020-03-21,0,0,0
2020-03-22,0,0,0
2020-03-23,0,0,0
2020-03-24,0,0,0
2020-03-25,0,0,0
2020-03-26,0,0,0
2020-03-27,0,0,0
2020-03-28,0,0,0
2020-03-29,0,0,0
2020-03-30,0,0,0
2020-03-31,0,0,0
2020-04-01,0,0,0
2020-04-02,0,0,0
2020-04-03,0.142857142857143,0,0
2020-04-04,0.285714285714286,0,0
2020-04-05,0.428571428571429,0,0
2020-04-06,0.428571428571429,0,0
2020-04-07,0.428571428571429,1.81123326873268,0.776242829456863
2020-04-08,0.428571428571429,1.81123326873268,0.776242829456863
2020-04-09,0.428571428571429,1.81123326873268,0.776242829456863
2020-04-10,0.285714285714286,1.81123326873268,0.517495219637909
2020-04-11,0.142857142857143,1.81123326873268,0.258747609818954
2020-04-12,0,1.81123326873268,0
2020-04-13,0,1.81123326873268,0
2020-04-14,0,1.81123326873268,0
2020-04-15,0,1.81123326873268,0
2020-04-16,0,1.81123326873268,0
2020-04-17,0,1.81123326873268,0
2020-04-18,0,1.81123326873268,0
2020-04-19,0,1.81123326873268,0
2020-04-20,0,1.81123326873268,0
2020-04-21,0,0,0
2020-04-22,0,0,0
2020-04-23,0,0,0
2020-04-24,0,0,0
2020-04-25,0,0,0
2020-04-26,0,0,0
2020-04-27,0,0,0
2020-04-28,0,0,0
2020-04-29,0,0,0
2020-04-30,0,0,0
2020-05-01,0,0,0
2020-05-02,0,0,0
2020-05-03,0,0,0
2020-05-04,0,0,0
2020-05-05,0.142857142857143,0,0
2020-05-06,0.285714285714286,0,0
2020-05-07,0.428571428571429,0,0
2020-05-08,0.428571428571429,0,0
2020-05-09,0.428571428571429,1.81123326873268,0.776242829456863
2020-05-10,0.428571428571429,1.81123326873268,0.776242829456863
2020-05-11,0.428571428571429,1.81123326873268,0.776242829456863
2020-05-12,0.285714285714286,1.81123326873268,0.517495219637909
2020-05-13,0.142857142857143,1.81123326873268,0.258747609818954
2020-05-14,0,1.81123326873268,0
2020-05-15,0,1.81123326873268,0
2020-05-16,0,1.81123326873268,0
2020-05-17,0,1.81123326873268,0
2020-05-18,0,1.81123326873268,0
2020-05-19,0,1.81123326873268,0
2020-05-20,0,1.81123326873268,0
2020-05-21,0,1.81123326873268,0
2020-05-22,0,1.81123326873268,0
2020-05-23,0,0,0
2020-05-24,0,0,0
2020-05-25,0,0,0
2020-05-26,0,0,0
2020-05-27,0,0,0
2020-05-28,0,0,0
2020-05-29,0,0,0
2020-05-30,0,0,0
2020-05-31,0,0,0
2020-06-01,0,0,0
2020-06-02,0.142857142857143,0,0
2020-06-03,0.285714285714286,0,0
2020-06-04,0.428571428571429,0,0
2020-06-05,0.428571428571429,0,0
2020-06-06,0.428571428571429,1.81123326873268,0.776242829456863
2020-06-07,0.428571428571429,1.81123326873268,0.776242829456863
2020-06-08,0.428571428571429,1.81123326873268,0.776242829456863
2020-06-09,0.285714285714286,1.81123326873268,0.517495219637909
2020-06-10,0.142857142857143,1.81123326873268,0.258747609818954
2020-06-11,0,1.81123326873268,0
2020-06-12,0,1.81123326873268,0
2020-06-13,0,1.81123326873268,0
2020-06-14,0,1.81123326873268,0
2020-06-15,0,1.81123326873268,0
2020-06-16,0,1.81123326873268,0
2020-06-17,0,1.81123326873268,0
2020-06-18,0,1.81123326873268,0
2020-06-19,0,1.81123326873268,0
2020-06-20,0,0,0
2020-06-21,0,0,0
2020-06-22,0,0,0
2020-06-23,0,0,0
2020-06-24,0,0,0
2020-06-25,0,0,0
2020-06-26,0.142857142857143,0,0
2020-06-27,0.285714285714286,0,0
2020-06-28,0.428571428571429,0,0
2020-06-29,0.571428571428571,0,0
2020-06-30,0.714285714285714,1.81123326873268,1.29373804909477
2020-07-01,1,1.81123326873268,1.81123326873268
2020-07-02,1.42857142857143,1.81123326873268,2.58747609818954
2020-07-03,1.71428571428571,3.62246653746536,6.2099426356549
2020-07-04,1.85714285714286,3.62246653746536,6.72743785529281
2020-07-05,1.85714285714286,5.43369980619804,10.0911567829392
2020-07-06,1.92857142857143,9.0561663436634,17.4654636627794
2020-07-07,1.92857142857143,9.0561663436634,17.4654636627794
2020-07-08,1.73809523809524,9.0561663436634,15.7404795973197
2020-07-09,1.38095238095238,10.8673996123961,15.0073613694993
2020-07-10,1.0952380952381,14.4898661498614,15.8698534022292
2020-07-11,0.952380952380952,14.4898661498614,13.7998725236776
2020-07-12,0.904761904761905,14.4898661498614,13.1098788974937
2020-07-13,0.833333333333333,16.3010994185941,13.5842495154951
2020-07-14,0.833333333333333,14.4898661498614,12.0748884582179
2020-07-15,0.880952380952381,18.1123326873268,15.9561026055022
2020-07-16,0.857142857142857,18.1123326873268,15.5248565891373
2020-07-17,0.857142857142857,16.3010994185941,13.9723709302235
2020-07-18,0.857142857142857,18.1123326873268,15.5248565891373
2020-07-19,1.33333333333333,16.3010994185941,21.7347992247922
2020-07-20,1.61904761904762,12.6786328811288,20.5273103789704
2020-07-21,1.9047619047619,16.3010994185941,31.0497131782745
2020-07-22,1.76190476190476,16.3010994185941,28.7209846899039
2020-07-23,1.71428571428571,19.9235659560595,34.154684496102
2020-07-24,1.6,16.3010994185941,26.0817590697506
2020-07-25,1.6,16.3010994185941,26.0817590697506
2020-07-26,1.21904761904762,16.3010994185941,19.8718164340957
2020-07-27,1.21904761904762,14.4898661498614,17.6638368303073
2020-07-28,1.36190476190476,16.3010994185941,22.2005449224663
2020-07-29,1.93333333333333,16.3010994185941,31.5154588759486
2020-07-30,2.31428571428571,18.1123326873268,41.9171127906706
2020-07-31,2.64285714285714,18.1123326873268,47.8683078165065
2020-08-01,3.07142857142857,23.5460324935248,72.3199569443977
2020-08-02,3.22380952380952,25.3572657622575,81.746994862135
2020-08-03,3.05238095238095,30.7909655684556,93.9857568065715
2020-08-04,2.73095238095238,38.0358986433863,103.874227961819
2020-08-05,2.38809523809524,43.4695984495843,103.809541059364
2020-08-06,2.20952380952381,43.4695984495843,96.0471127647958
2020-08-07,2.04285714285714,48.9032982557824,99.9024521510983
2020-08-08,1.77301587301587,63.3931644056438,112.397086731911
2020-08-09,1.64444444444444,72.4493307493072,119.138899454416
2020-08-10,1.62837301587302,79.6942638242379,129.771988731254
2020-08-11,1.58845704948646,90.561663436634,143.853312699142
2020-08-12,1.59202847805789,101.42906304903,161.477956876785
2020-08-13,1.56257985650401,110.485229392693,172.641993890247
2020-08-14,1.56938257759244,134.031261886218,210.346327256961
2020-08-15,1.50059950880937,137.653728423684,206.563117258358
2020-08-16,1.55488522309509,148.52112803608,230.933307300714
2020-08-17,1.62700060771047,161.199760917209,262.272108975081
2020-08-18,1.77095384117777,172.067160529605,304.722998880455
2020-08-19,1.81467305300043,206.480592635526,374.694767423247
2020-08-20,1.79109137152401,224.592925322852,402.266450651098
2020-08-21,1.7549066848834,259.006357428773,454.531988079053
2020-08-22,1.67247839192879,284.363623191031,475.59201523758
2020-08-23,1.55177663754283,297.04225607216,460.943233335791
2020-08-24,1.35593676313152,311.532122222021,422.417857417221
2020-08-25,1.12301750847314,351.37925413414,394.605054506871
2020-08-26,0.954972151097916,371.302820090199,354.58385281026
2020-08-27,0.89847864460441,380.358986433863,341.744426594204
2020-08-28,0.836658027428582,385.792686240061,322.776547865983
2020-08-29,0.816716870187653,396.660085852457,323.958983845784
2020-08-30,0.815367342522336,405.71625219612,330.807782371272
2020-08-31,0.86230611803254,414.772418539784,357.660794098009
2020-09-01,0.917012281434356,418.394885077249,383.673248105153
2020-09-02,1.00431752106357,402.093785658655,403.829834047767
2020-09-03,1.0781270448731,402.093785658655,433.508184894001
2020-09-04,1.15028200855348,398.47131912119,458.354389309678
2020-09-05,1.1285428781187,385.792686240061,435.383588486503
2020-09-06,1.0921417792176,402.093785658655,439.143422481584
2020-09-07,1.04010096289107,403.905018927388,420.101999102912
2020-09-08,1.03628844887447,376.736519896397,390.407703837805
2020-09-09,1.0167617357502,356.812953940338,362.793758386534
2020-09-10,1.08274813030802,364.057887015269,394.182996489672
2020-09-11,1.13911878667868,373.114053358932,425.021227754991
2020-09-12,1.23496858905022,393.037619314992,485.389114169093
2020-09-13,1.28223452932464,398.47131912119,510.933684322726
2020-09-14,1.30316154419838,405.71625219612,528.713817718277
2020-09-15,1.27150075958378,425.63981815218,541.201352089601
2020-09-16,1.22181351180332,436.507217764576,533.330416664432
2020-09-17,1.10707428277837,450.997083914437,499.287273209714
2020-09-18,0.971582747286838,441.940917570774,429.382170831879
2020-09-19,0.878725604429695,450.997083914437,396.302685158744
2020-09-20,0.841238575719906,443.752150839507,373.301427344872
2020-09-21,0.864660069480383,447.374617376972,386.826967744932
2020-09-22,0.886397104375313,440.129684302041,390.12967771495
2020-09-23,0.947563943992515,458.242016989368,434.213612921531
2020-09-24,0.965862736377687,465.486950064299,449.596499337207
2020-09-25,0.989056563826833,463.675716795566,458.601511183766
2020-09-26,0.982631410033258,458.242016989368,450.282999290747
2020-09-27,0.998326671188568,458.242016989368,457.475227419731
2020-09-28,0.966408589270486,434.695984495843,420.093933138173
2020-09-29,0.936724858367243,420.206118345982,393.617516692689
2020-09-30,0.858672584826248,420.206118345982,360.819473799948
2020-10-01,0.841507579289149,418.394885077249,352.082466928318
2020-10-02,0.812740753409861,407.527485464853,331.214195571931
2020-10-03,0.823549024086553,387.603919508794,319.21082964359
2020-10-04,0.827053548108472,376.736519896397,311.581275482353
2020-10-05,0.904348666782901,376.736519896397,340.701169496737
2020-10-06,0.93112815906762,373.114053358932,347.41700162636
2020-10-07,0.973366106878323,369.491586821467,359.650587388705
2020-10-08,1.00083863435085,358.624187209071,358.92494177151
2020-10-09,1.07626610263546,344.134321059209,370.380104509496
2020-10-10,1.10653613747867,333.266921446813,368.771892007163
2020-10-11,1.11029553597491,324.21075510315,359.969754106081
2020-10-12,1.01943620373627,342.323087790477,348.9765490684
2020-10-13,0.938823958838306,340.511854521744,319.680687293477
2020-10-14,0.852189304976761,324.21075510315,276.288938057344
2020-10-15,0.780499090429404,311.532122222021,243.150538033829
2020-10-16,0.728227038157352,304.28718914709,221.590158501811
2020-10-17,0.714538635967207,295.231022803427,210.953972329164
2020-10-18,0.759993181421753,293.419789534694,222.997039340573
2020-10-19,0.806776807152747,280.741156653565,226.495454001333
2020-10-20,0.864569014944955,287.986089728496,248.983849914415
2020-10-21,0.876133640795295,269.873757041169,236.445477311585
2020-10-22,0.878226785745583,266.251290503704,233.829015059681
2020-10-23,0.827449976348084,251.761424353843,208.319984626947
2020-10-24,0.735613241654206,237.271558203981,174.540100082775
2020-10-25,0.608526043138436,230.02662512905,139.977192006269
2020-10-26,0.513131306296331,204.669359366793,105.022255730716
2020-10-27,0.468604404626572,182.934560142001,85.7239406409661
2020-10-28,0.535271071293239,164.822227454674,88.2245702626012
2020-10-29,0.863109899132067,150.332361304812,129.753349202082
2020-10-30,1.08971088435374,144.898661498614,157.897648563329
2020-10-31,1.31420068027211,141.276194961149,185.665271524197
2020-11-01,1.39583333333333,137.653728423684,192.141662591392
2020-11-02,1.4047619047619,135.842495154951,190.826362241479
2020-11-03,1.34653861544618,119.541395736357,160.967105503338
2020-11-04,1.21955448846205,114.107695930159,139.160552739688
2020-11-05,0.84775961666718,99.6178297802974,84.4519731877613
2020-11-06,0.641410410317973,92.3728967053667,59.248937578049
2020-11-07,0.495151906916613,83.3167303617033,41.2544379166546
2020-11-08,0.566580478345184,74.2605640180399,42.0745858835242
2020-11-09,0.923723335488041,72.4493307493072,66.9231374536264
2020-11-10,1.17582417582418,70.6380974805745,83.0579827518843
2020-11-11,1.38852258852259,72.4493307493072,100.597532268757
2020-11-12,1.4984126984127,67.0156309431092,100.417072397294
2020-11-13,1.53809523809524,68.8268642118419,105.862272097262
2020-11-14,1.44285714285714,67.0156309431092,96.6939817893432
2020-11-15,1.25238095238095,59.7706978681784,74.8556835206235
2020-11-16,0.823809523809524,47.0920649870497,38.7948916321885
2020-11-17,0.566666666666667,43.4695984495843,24.6327724547644
2020-11-18,0.395238095238095,38.0358986433863,15.0332361304812
2020-11-19,0.680952380952381,32.6021988371882,22.2005449224663
2020-11-20,0.847619047619048,32.6021988371882,27.6342447286643
2020-11-21,1.10952380952381,32.6021988371882,36.1729158526898
2020-11-22,1.37142857142857,32.6021988371882,44.7115869767153
2020-11-23,1.58571428571429,32.6021988371882,51.6977724418271
2020-11-24,1.65238095238095,27.1684990309902,44.8927103035886
2020-11-25,1.66666666666667,27.1684990309902,45.280831718317
2020-11-26,1.30952380952381,25.3572657622575,33.2059432600991
2020-11-27,1.0952380952381,21.7347992247922,23.8047801033438
2020-11-28,0.904761904761905,19.9235659560595,18.0260834840538
2020-11-29,0.761904761904762,12.6786328811288,9.65991076657429
2020-11-30,0.833333333333333,14.4898661498614,12.0748884582179
2020-12-01,0.880952380952381,12.6786328811288,11.1692718238515
2020-12-02,0.80952380952381,14.4898661498614,11.7298916451259
2020-12-03,0.738095238095238,16.3010994185941,12.0317638565814
2020-12-04,0.666666666666667,16.3010994185941,10.8673996123961
2020-12-05,0.642857142857143,14.4898661498614,9.31491395348236
2020-12-06,0.642857142857143,12.6786328811288,8.15054970929706
2020-12-07,0.642857142857143,10.8673996123961,6.98618546511177
2020-12-08,0.642857142857143,10.8673996123961,6.98618546511177
2020-12-09,0.785714285714286,10.8673996123961,8.53867112402549
2020-12-10,0.785714285714286,9.0561663436634,7.11555927002124
2020-12-11,1.07142857142857,9.0561663436634,9.70303536821079
2020-12-12,1.14285714285714,9.0561663436634,10.3499043927582
2020-12-13,1.42857142857143,9.0561663436634,12.9373804909477
2020-12-14,1.28571428571429,7.24493307493072,9.31491395348236
2020-12-15,1.42857142857143,10.8673996123961,15.5248565891373
2020-12-16,1.35714285714286,9.0561663436634,12.2905114664003
2020-12-17,1.42857142857143,9.0561663436634,12.9373804909477
2020-12-18,1.14285714285714,9.0561663436634,10.3499043927582
2020-12-19,1,10.8673996123961,10.8673996123961
2020-12-20,0.571428571428571,10.8673996123961,6.2099426356549
2020-12-21,0.428571428571429,10.8673996123961,4.65745697674118
2020-12-22,0.142857142857143,10.8673996123961,1.55248565891373
2020-12-23,0.0714285714285714,9.0561663436634,0.646869024547386
2020-12-24,0.285714285714286,9.0561663436634,2.58747609818954
2020-12-25,0.571428571428571,7.24493307493072,4.13996175710327
2020-12-26,0.857142857142857,7.24493307493072,6.2099426356549
2020-12-27,0.857142857142857,7.24493307493072,6.2099426356549
2020-12-28,0.857142857142857,10.8673996123961,9.31491395348236
2020-12-29,0.928571428571429,7.24493307493072,6.72743785529281
2020-12-30,1,7.24493307493072,7.24493307493072
2020-12-31,0.785714285714286,5.43369980619804,4.26933556201275
2021-01-01,0.785714285714286,5.43369980619804,4.26933556201275
2021-01-02,0.785714285714286,5.43369980619804,4.26933556201275
2021-01-03,1.07142857142857,5.43369980619804,5.82182122092647
2021-01-04,1.07142857142857,5.43369980619804,5.82182122092647
2021-01-05,1.14285714285714,9.0561663436634,10.3499043927582
2021-01-06,1.14285714285714,9.0561663436634,10.3499043927582
2021-01-07,1.14285714285714,9.0561663436634,10.3499043927582
2021-01-08,0.857142857142857,9.0561663436634,7.76242829456863
2021-01-09,0.571428571428571,10.8673996123961,6.2099426356549
2021-01-10,0.428571428571429,10.8673996123961,4.65745697674118
2021-01-11,0.714285714285714,7.24493307493072,5.17495219637909
2021-01-12,0.857142857142857,7.24493307493072,6.2099426356549
2021-01-13,0.928571428571429,7.24493307493072,6.72743785529281
2021-01-14,0.857142857142857,9.0561663436634,7.76242829456863
2021-01-15,0.857142857142857,10.8673996123961,9.31491395348236
2021-01-16,0.928571428571429,9.0561663436634,8.40929731911602
2021-01-17,0.857142857142857,9.0561663436634,7.76242829456863
2021-01-18,0.714285714285714,9.0561663436634,6.46869024547386
2021-01-19,0.428571428571429,5.43369980619804,2.32872848837059
2021-01-20,0.285714285714286,7.24493307493072,2.06998087855163
2021-01-21,0.311224489795872,7.24493307493072,2.25480059985055
2021-01-22,0.363095238095184,7.24493307493072,2.63060069982564
2021-01-23,0.335714285714221,5.43369980619804,1.82417064922327
2021-01-24,0.294642857142776,5.43369980619804,1.60100083575434
