"fecha","rho7dpromedio","incidenciaAcum14d","riesgopor10"
2020-01-27,0,0,0
2020-01-28,0,0,0
2020-01-29,0,0,0
2020-01-30,0,0,0
2020-01-31,0,0,0
2020-02-01,0,0,0
2020-02-02,0,0,0
2020-02-03,0,0,0
2020-02-04,0,0,0
2020-02-05,0,0,0
2020-02-06,0,0,0
2020-02-07,0,0,0
2020-02-08,0,0,0
2020-02-09,0,0,0
2020-02-10,0,0,0
2020-02-11,0,0,0
2020-02-12,0,0,0
2020-02-13,0,0,0
2020-02-14,0,0,0
2020-02-15,0,0,0
2020-02-16,0,0,0
2020-02-17,0,0,0
2020-02-18,0,0,0
2020-02-19,0,0,0
2020-02-20,0,0,0
2020-02-21,0,0,0
2020-02-22,0,0,0
2020-02-23,0,0,0
2020-02-24,0,0,0
2020-02-25,0,0,0
2020-02-26,0,0,0
2020-02-27,0,0,0
2020-02-28,0,0,0
2020-02-29,0,0,0
2020-03-01,0,0,0
2020-03-02,0,0,0
2020-03-03,0,0,0
2020-03-04,0,0,0
2020-03-05,0,0,0
2020-03-06,0,0,0
2020-03-07,0,0,0
2020-03-08,0,0,0
2020-03-09,0,0,0
2020-03-10,0,0,0
2020-03-11,0,0,0
2020-03-12,0,0,0
2020-03-13,0,0,0
2020-03-14,0,0,0
2020-03-15,0,0,0
2020-03-16,0,0,0
2020-03-17,0,0,0
2020-03-18,0,0,0
2020-03-19,0,0,0
2020-03-20,0,0,0
2020-03-21,0,0,0
2020-03-22,0.142857142857143,0,0
2020-03-23,0.285714285714286,0,0
2020-03-24,0.571428571428571,0,0
2020-03-25,0.714285714285714,0,0
2020-03-26,0.857142857142857,1.00151228354816,0.858439100184135
2020-03-27,0.857142857142857,1.00151228354816,0.858439100184135
2020-03-28,0.857142857142857,2.00302456709632,1.71687820036827
2020-03-29,0.714285714285714,2.00302456709632,1.43073183364023
2020-03-30,0.571428571428571,2.00302456709632,1.14458546691218
2020-03-31,0.285714285714286,2.00302456709632,0.57229273345609
2020-04-01,0.142857142857143,2.00302456709632,0.286146366728045
2020-04-02,0,2.00302456709632,0
2020-04-03,0,2.00302456709632,0
2020-04-04,0,2.00302456709632,0
2020-04-05,0,2.00302456709632,0
2020-04-06,0,2.00302456709632,0
2020-04-07,0,2.00302456709632,0
2020-04-08,0,2.00302456709632,0
2020-04-09,0,1.00151228354816,0
2020-04-10,0,1.00151228354816,0
2020-04-11,0.142857142857143,0,0
2020-04-12,0.285714285714286,0,0
2020-04-13,0.428571428571429,0,0
2020-04-14,0.428571428571429,0,0
2020-04-15,0.428571428571429,1.00151228354816,0.429219550092068
2020-04-16,0.428571428571429,1.00151228354816,0.429219550092068
2020-04-17,0.428571428571429,1.00151228354816,0.429219550092068
2020-04-18,0.285714285714286,1.00151228354816,0.286146366728045
2020-04-19,0.142857142857143,1.00151228354816,0.143073183364023
2020-04-20,0,1.00151228354816,0
2020-04-21,0,1.00151228354816,0
2020-04-22,0,1.00151228354816,0
2020-04-23,0,1.00151228354816,0
2020-04-24,0.142857142857143,1.00151228354816,0.143073183364023
2020-04-25,0.428571428571429,1.00151228354816,0.429219550092068
2020-04-26,0.714285714285714,1.00151228354816,0.715365916820113
2020-04-27,0.857142857142857,1.00151228354816,0.858439100184135
2020-04-28,0.857142857142857,2.00302456709632,1.71687820036827
2020-04-29,0.857142857142857,2.00302456709632,1.71687820036827
2020-04-30,0.857142857142857,2.00302456709632,1.71687820036827
2020-05-01,0.714285714285714,2.00302456709632,1.43073183364023
2020-05-02,0.428571428571429,2.00302456709632,0.858439100184135
2020-05-03,0.142857142857143,2.00302456709632,0.286146366728045
2020-05-04,0,2.00302456709632,0
2020-05-05,0,2.00302456709632,0
2020-05-06,0,2.00302456709632,0
2020-05-07,0,2.00302456709632,0
2020-05-08,0,2.00302456709632,0
2020-05-09,0,2.00302456709632,0
2020-05-10,0,2.00302456709632,0
2020-05-11,0,2.00302456709632,0
2020-05-12,0,1.00151228354816,0
2020-05-13,0,0,0
2020-05-14,0,0,0
2020-05-15,0,0,0
2020-05-16,0,0,0
2020-05-17,0,0,0
2020-05-18,0,0,0
2020-05-19,0,0,0
2020-05-20,0,0,0
2020-05-21,0,0,0
2020-05-22,0,0,0
2020-05-23,0,0,0
2020-05-24,0,0,0
2020-05-25,0,0,0
2020-05-26,0,0,0
2020-05-27,0,0,0
2020-05-28,0,0,0
2020-05-29,0,0,0
2020-05-30,0,0,0
2020-05-31,0,0,0
2020-06-01,0.142857142857143,0,0
2020-06-02,0.285714285714286,0,0
2020-06-03,0.428571428571429,0,0
2020-06-04,0.428571428571429,0,0
2020-06-05,0.428571428571429,1.00151228354816,0.429219550092068
2020-06-06,0.571428571428571,1.00151228354816,0.57229273345609
2020-06-07,0.714285714285714,1.00151228354816,0.715365916820113
2020-06-08,0.714285714285714,1.00151228354816,0.715365916820113
2020-06-09,0.571428571428571,1.00151228354816,0.57229273345609
2020-06-10,0.428571428571429,2.00302456709632,0.858439100184135
2020-06-11,0.428571428571429,2.00302456709632,0.858439100184135
2020-06-12,0.428571428571429,2.00302456709632,0.858439100184135
2020-06-13,0.285714285714286,2.00302456709632,0.57229273345609
2020-06-14,0.142857142857143,2.00302456709632,0.286146366728045
2020-06-15,0,2.00302456709632,0
2020-06-16,0,2.00302456709632,0
2020-06-17,0,2.00302456709632,0
2020-06-18,0,2.00302456709632,0
2020-06-19,0,1.00151228354816,0
2020-06-20,0,1.00151228354816,0
2020-06-21,0.142857142857143,1.00151228354816,0.143073183364023
2020-06-22,0.285714285714286,1.00151228354816,0.286146366728045
2020-06-23,0.428571428571429,1.00151228354816,0.429219550092068
2020-06-24,0.428571428571429,0,0
2020-06-25,0.428571428571429,1.00151228354816,0.429219550092068
2020-06-26,0.428571428571429,1.00151228354816,0.429219550092068
2020-06-27,0.428571428571429,1.00151228354816,0.429219550092068
2020-06-28,0.285714285714286,1.00151228354816,0.286146366728045
2020-06-29,0.142857142857143,1.00151228354816,0.143073183364023
2020-06-30,0,1.00151228354816,0
2020-07-01,0,1.00151228354816,0
2020-07-02,0,1.00151228354816,0
2020-07-03,0,1.00151228354816,0
2020-07-04,0,1.00151228354816,0
2020-07-05,0,1.00151228354816,0
2020-07-06,0,1.00151228354816,0
2020-07-07,0,1.00151228354816,0
2020-07-08,0,1.00151228354816,0
2020-07-09,0,0,0
2020-07-10,0,0,0
2020-07-11,0,0,0
2020-07-12,0,0,0
2020-07-13,0,0,0
2020-07-14,0,0,0
2020-07-15,0,0,0
2020-07-16,0,0,0
2020-07-17,0,0,0
2020-07-18,0,0,0
2020-07-19,0,0,0
2020-07-20,0,0,0
2020-07-21,0,0,0
2020-07-22,0,0,0
2020-07-23,0,0,0
2020-07-24,0,0,0
2020-07-25,0,0,0
2020-07-26,0,0,0
2020-07-27,0,0,0
2020-07-28,0,0,0
2020-07-29,0,0,0
2020-07-30,0,0,0
2020-07-31,0.142857142857143,0,0
2020-08-01,0.285714285714286,0,0
2020-08-02,0.428571428571429,0,0
2020-08-03,0.428571428571429,0,0
2020-08-04,0.428571428571429,1.00151228354816,0.429219550092068
2020-08-05,0.428571428571429,1.00151228354816,0.429219550092068
2020-08-06,0.428571428571429,1.00151228354816,0.429219550092068
2020-08-07,0.285714285714286,1.00151228354816,0.286146366728045
2020-08-08,0.142857142857143,1.00151228354816,0.143073183364023
2020-08-09,0,1.00151228354816,0
2020-08-10,0,1.00151228354816,0
2020-08-11,0,1.00151228354816,0
2020-08-12,0,1.00151228354816,0
2020-08-13,0,1.00151228354816,0
2020-08-14,0,1.00151228354816,0
2020-08-15,0,1.00151228354816,0
2020-08-16,0,1.00151228354816,0
2020-08-17,0,1.00151228354816,0
2020-08-18,0,0,0
2020-08-19,0,0,0
2020-08-20,0,0,0
2020-08-21,0.142857142857143,0,0
2020-08-22,0.285714285714286,0,0
2020-08-23,0.428571428571429,0,0
2020-08-24,0.428571428571429,0,0
2020-08-25,0.428571428571429,1.00151228354816,0.429219550092068
2020-08-26,0.571428571428571,1.00151228354816,0.57229273345609
2020-08-27,0.714285714285714,1.00151228354816,0.715365916820113
2020-08-28,0.857142857142857,1.00151228354816,0.858439100184135
2020-08-29,0.857142857142857,1.00151228354816,0.858439100184135
2020-08-30,0.857142857142857,2.00302456709632,1.71687820036827
2020-08-31,1,2.00302456709632,2.00302456709632
2020-09-01,1.14285714285714,3.00453685064447,3.43375640073654
2020-09-02,1.07142857142857,3.00453685064447,3.21914662569051
2020-09-03,0.928571428571429,3.00453685064447,2.78992707559844
2020-09-04,0.642857142857143,4.00604913419263,2.57531730055241
2020-09-05,0.5,4.00604913419263,2.00302456709632
2020-09-06,0.357142857142857,4.00604913419263,1.43073183364023
2020-09-07,0.214285714285714,4.00604913419263,0.858439100184135
2020-09-08,0.214285714285714,3.00453685064447,0.643829325138101
2020-09-09,0.285714285714286,3.00453685064447,0.858439100184135
2020-09-10,0.571428571428571,3.00453685064447,1.71687820036827
2020-09-11,0.857142857142857,3.00453685064447,2.57531730055241
2020-09-12,1.14285714285714,4.00604913419263,4.57834186764872
2020-09-13,1.42857142857143,3.00453685064447,4.29219550092068
2020-09-14,1.57142857142857,4.00604913419263,6.29522006801699
2020-09-15,1.57142857142857,4.00604913419263,6.29522006801699
2020-09-16,1.78571428571429,4.00604913419263,7.15365916820113
2020-09-17,2.07142857142857,5.00756141774079,10.3728057938916
2020-09-18,2.35714285714286,4.00604913419263,9.44283010202549
2020-09-19,2.64285714285714,5.00756141774079,13.2342694611721
2020-09-20,2.57142857142857,9.01361055193342,23.1778557049716
2020-09-21,2.51428571428571,12.0181474025779,30.2170563264816
2020-09-22,2.40714285714286,14.0211719696742,33.7509639555729
2020-09-23,2.08174603174603,15.0226842532224,31.2734133303193
2020-09-24,1.53412698412698,15.0226842532224,23.046705286888
2020-09-25,1.05793650793651,17.0257088203187,18.0121189345117
2020-09-26,0.676984126984127,16.0241965367705,10.8481267030677
2020-09-27,0.676984126984127,16.0241965367705,10.8481267030677
2020-09-28,0.734126984126984,16.0241965367705,11.7637950765974
2020-09-29,1.26984126984127,16.0241965367705,20.3481860784388
2020-09-30,1.66666666666667,18.0272211038668,30.0453685064447
2020-10-01,1.85714285714286,17.0257088203187,31.619173523449
2020-10-02,1.85714285714286,17.0257088203187,31.619173523449
2020-10-03,1.88095238095238,20.0302456709632,37.6759382858593
2020-10-04,1.80952380952381,18.0272211038668,32.6206858069971
2020-10-05,1.78571428571429,15.0226842532224,26.8262218807542
2020-10-06,1.30952380952381,13.0196596861261,17.0495543508794
2020-10-07,1.16666666666667,15.0226842532224,17.5264649620928
2020-10-08,1.0952380952381,16.0241965367705,17.5503104926534
2020-10-09,1.21428571428571,15.0226842532224,18.2418308789129
2020-10-10,1.2,17.0257088203187,20.4308505843824
2020-10-11,1.34285714285714,18.0272211038668,24.2079826251926
2020-10-12,1.43809523809524,17.0257088203187,24.4845907796964
2020-10-13,1.58095238095238,21.0317579545113,33.2502078137988
2020-10-14,1.48571428571429,21.0317579545113,31.2471832467025
2020-10-15,1.48571428571429,22.0332702380595,32.7351443536884
2020-10-16,1.45,25.0378070887039,36.3048202786207
2020-10-17,1.46428571428571,22.0332702380595,32.2630028485871
2020-10-18,1.72142857142857,24.0362948051558,41.3767646288753
2020-10-19,1.93571428571429,26.0393193722521,50.4046824991451
2020-10-20,2.14659863945578,30.0453685064447,64.4953471578819
2020-10-21,2.15612244897959,30.0453685064447,64.7814935246099
2020-10-22,2.12437641723356,41.0620036254745,87.2311521463169
2020-10-23,2.01347416159446,49.0741018938597,98.8094361667404
2020-10-24,1.8468074949278,48.0725896103116,88.7808187929115
2020-10-25,1.36239191051221,51.077126460956,69.5870639026157
2020-10-26,1.01545313500201,53.0801510280524,53.9004057678158
2020-10-27,0.668514359491803,51.077126460956,34.1457924807279
2020-10-28,0.516133407110851,52.0786387445042,26.8795252528961
2020-10-29,0.458593724571168,54.0816633116005,24.8015114090708
2020-10-30,0.53378169449598,53.0801510280524,28.3332129598563
2020-10-31,0.664734075448361,52.0786387445042,34.6184457764372
2020-11-01,0.949149659863946,49.0741018938597,46.5786671206856
2020-11-02,1.20085034013605,49.0741018938597,58.9306519511128
2020-11-03,1.38452380952381,51.077126460956,70.7174977072522
2020-11-04,1.41626984126984,50.0756141774079,70.9205821425273
2020-11-05,1.4484126984127,42.0635159090226,60.9253305825129
2020-11-06,1.41269841269841,34.0514176406374,48.1043836510591
2020-11-07,1.45861678004535,34.0514176406374,49.667969154966
2020-11-08,1.52052154195011,33.0499053570892,50.2530930548666
2020-11-09,1.61575963718821,33.0499053570892,53.4007030888751
2020-11-10,1.75861678004535,34.0514176406374,59.8833944471572
2020-11-11,1.88560090702948,36.0544422077337,67.9842889293445
2020-11-12,1.99469181612039,41.0620036254745,81.9060425852396
2020-11-13,1.97998593376745,41.0620036254745,81.3021895907473
2020-11-14,1.92692470927765,49.0741018938597,94.5620995248874
2020-11-15,1.64121042356336,51.077126460956,83.8283123533852
2020-11-16,1.34450712686007,53.0801510280524,71.3666413520252
2020-11-17,0.982602364955306,51.077126460956,50.1885052556567
2020-11-18,0.867162249515191,59.0892247293413,51.2399450384042
2020-11-19,0.735849118202059,56.0846878786968,41.2698681201768
2020-11-20,0.671983571983572,56.0846878786968,37.6879888943104
2020-11-21,0.61960261960262,60.0907370128895,37.2323780670384
2020-11-22,0.66382030667745,58.0877124457932,38.5598030899579
2020-11-23,0.695217480931767,58.0877124457932,40.3835931196531
2020-11-24,0.6285508142651,54.0816633116005,33.9930735113175
2020-11-25,0.537641723356009,57.086200162245,30.6919230350755
2020-11-26,0.48843537414966,49.0741018938597,23.9695273195859
2020-11-27,0.495578231292517,47.0710773267634,23.3274012466307
2020-11-28,0.465816326530612,39.0589790583781,18.1943101430098
2020-11-29,0.873979591836735,36.0544422077337,31.5108466846162
2020-11-30,1.28214285714286,33.0499053570892,42.3747000828394
2020-12-01,1.85357142857143,30.0453685064447,55.6912366244458
2020-12-02,2.425,23.0347825216076,55.8593476148985
2020-12-03,2.75357142857143,23.0347825216076,63.4279190148553
2020-12-04,3.00357142857143,23.0347825216076,69.1866146452572
2020-12-05,3.2,23.0347825216076,73.7113040691444
2020-12-06,2.83265306122449,24.0362948051558,68.0864840603188
2020-12-07,2.40408163265306,27.0408316558003,65.0083667153729
2020-12-08,1.92789115646258,30.0453685064447,57.9242002362343
2020-12-09,1.41360544217687,24.0362948051558,33.9778371463359
2020-12-10,1.12789115646259,29.0438562228966,32.7583085833759
2020-12-11,0.899319727891156,30.0453685064447,27.0203926296054
2020-12-12,0.774319727891156,32.048393073541,24.8157030040531
2020-12-13,0.802380952380952,33.0499053570892,26.5186145365216
2020-12-14,1.08809523809524,33.0499053570892,35.9614446385471
2020-12-15,1.35,34.0514176406374,45.9694138148604
2020-12-16,1.61428571428571,37.0559544912818,59.8188979644978
2020-12-17,1.71587301587302,41.0620036254745,70.4571839986316
2020-12-18,1.72466422466422,41.0620036254745,70.8181686458885
2020-12-19,1.59966422466422,40.0604913419263,64.0833348221504
2020-12-20,1.38180708180708,42.0635159090226,58.1236641687923
2020-12-21,0.969108669108669,39.0589790583781,37.8523952120082
2020-12-22,0.611965811965812,36.0544422077337,22.0640860006302
2020-12-23,0.338156288156288,35.0529299241855,11.8533686721651
2020-12-24,0.322283272283272,30.0453685064447,9.68311967921378
2020-12-25,0.827777777777778,29.0438562228966,24.0418587622866
2020-12-26,1.36349206349206,27.0408316558003,36.8699593529086
2020-12-27,1.92063492063492,28.0423439393484,53.8591050263676
2020-12-28,2.33333333333333,28.0423439393484,65.4321358584797
2020-12-29,2.9047619047619,27.0408316558003,78.5471776668484
2020-12-30,3.42857142857143,23.0347825216076,78.9763972169404
2020-12-31,3.85714285714286,20.0302456709632,77.2595190165722
2021-01-01,3.65714285714286,21.0317579545113,76.9161433764985
2021-01-02,3.37142857142857,32.048393073541,108.04886807651
2021-01-03,2.87518796992481,33.0499053570892,95.0246902898565
2021-01-04,2.50505809979494,37.0559544912818,92.8273189440183
2021-01-05,1.98308007781692,39.0589790583781,77.457083230538
2021-01-06,1.57648667122351,42.0635159090226,66.3125721753724
2021-01-07,1.2669628616997,46.0695650432153,58.3684279644126
2021-01-08,1.23839143312828,47.0710773267634,58.2924189095824
2021-01-09,1.27013746487431,51.077126460956,64.8749719161831
2021-01-10,1.52828282828283,59.0892247293413,90.3050474903974
2021-01-11,1.66984126984127,66.0998107141784,110.376191859231
2021-01-12,1.71779331779332,71.1073721319192,122.147768694054
2021-01-13,1.64819624819625,75.1134212661118,123.80165911999
2021-01-14,1.52200577200577,82.1240072509489,124.993213056188
2021-01-15,1.34241393527108,86.1300563851416,115.622187937098
2021-01-16,1.18821892393321,71.1073721319192,84.4911251983073
2021-01-17,1.01679035250464,76.11493354966,77.3929301148259
2021-01-18,0.95071892393321,79.1194704003045,75.2203777611429
2021-01-19,0.928504296455424,82.1240072509489,76.2524935746425
2021-01-20,0.916599534550662,88.1330809522379,80.7827409793371
2021-01-21,0.941599534550662,86.1300563851416,81.1000210030716
2021-01-22,1.03043506876435,88.1330809522379,90.8154173314331
2021-01-23,1.09574119121333,89.134593235786,97.6684453704956
2021-01-24,1.10526500073714,85.1285441015934,94.089600359199
2021-01-25,1.03256091910448,93.1406423699787,96.1733872915272
2021-01-26,1.00499199679872,95.143666937075,95.6186238178433
2021-01-27,0.988325330132053,89.134593235786,88.0939762859445
2021-01-28,0.928801520608243,84.1270318180452,78.1373150768585
2021-01-29,0.962414965986395,80.1209826838526,77.1096328244765
2021-01-30,1.18622448979592,83.1255195344971,98.6055269988295
2021-01-31,1.30051020408163,82.1240072509489,106.803109429933
2021-02-01,1.34132653061224,78.1179581167563,104.781689739261
2021-02-02,1.34412765106042,83.1255195344971,111.731309315081
2021-02-03,1.36079431772709,77.1164458332081,104.939621293139
2021-02-04,1.34982940544639,79.1194704003045,106.797787689676
2021-02-05,1.19903575465274,78.1179581167563,93.6662248624559
2021-02-06,0.832369087986072,73.1103966990155,60.8548342226594
2021-02-07,0.951416707033691,79.1194704003045,75.2755859905072
2021-02-08,0.971824870298997,63.0952738635339,61.3175563389085
2021-02-09,1.08807136889844,60.0907370128895,65.3830104797306
2021-02-10,1.05515820363233,61.0922492964376,64.4619880234876
2021-02-11,1.15540883019875,68.1028352812747,78.6866172455555
2021-02-12,1.12132853141256,66.0998107141784,74.1196036747782
2021-02-13,1.17847138855542,66.0998107141784,77.8967357155884
2021-02-14,0.967587034813926,60.0907370128895,58.1430180460851
2021-02-15,1.1546618647459,57.086200162245,65.9152583305954
2021-02-16,1.22013805522209,54.0816633116005,65.9870954961921
2021-02-17,1.33638455382153,53.0801510280524,70.9354939484031
2021-02-18,1.33638455382153,58.0877124457932,77.6275216793845
2021-02-19,1.49118331543144,57.086200162245,85.1259892233191
2021-02-20,1.62305144729957,60.0907370128895,97.530357678068
2021-02-21,1.73686620397147,58.0877124457932,100.890584613111
2021-02-22,1.5701995373048,61.0922492964376,95.9270215781759
2021-02-23,1.47198525159051,77.1164458332081,113.514270921561
2021-02-24,1.42716732441965,77.1164458332081,110.058071668532
2021-02-25,1.39669113394346,72.1088844154673,100.713839541637
2021-02-26,1.27370509742358,79.1194704003045,100.774872754322
2021-02-27,1.07040839412688,78.1179581167563,83.6181181002281
2021-02-28,0.857954181672669,95.143666937075,81.6289069083352
2021-03-01,0.784062556056906,99.1497160712676,77.7395798151545
2021-03-02,0.736868678505885,92.1391300864305,67.8944390254699
2021-03-03,0.675459499449647,90.1361055193342,60.8832887164301
2021-03-04,0.862398274959851,90.1361055193342,77.7332219114729
2021-03-05,0.972602356592504,93.1406423699787,90.5888082635809
2021-03-06,1.10525541781699,94.1421546535268,104.051126475776
2021-03-07,1.16127782678058,87.1315686686897,101.183958707559
2021-03-08,1.30010451733141,94.1421546535268,122.394640536362
2021-03-09,1.32261352093285,77.1164458332081,101.995253945287
2021-03-10,1.39662774200589,82.1240072509489,114.696666811368
2021-03-11,1.17826039506712,84.1270318180452,99.123549745754
2021-03-12,1.12587944268617,79.1194704003045,89.0789852399193
2021-03-13,1.05572638146168,80.1209826838526,84.5858351279773
2021-03-14,1.17919115198527,71.1073721319192,83.849184058883
2021-03-15,1.14104180133592,69.1043475648229,78.8509492255089
2021-03-16,1.19846477052359,78.1179581167563,93.6216207481701
2021-03-17,1.20686813186813,79.1194704003045,95.4867674364114
2021-03-18,1.29734432234432,84.1270318180452,109.141727084821
2021-03-19,1.25543956043956,83.1255195344971,104.359065705699
2021-03-20,1.21925534991324,83.1255195344971,101.351234406753
2021-03-21,1.10099266022198,97.1466915041713,106.957794310942
2021-03-22,1.03849266022198,89.134593235786,92.5656208472359
2021-03-23,0.983627235791342,92.1391300864305,90.6305578351345
2021-03-24,0.895715147879254,90.1361055193342,80.7362750845105
2021-03-25,0.786557638721745,94.1421546535268,74.0482308684554
2021-03-26,0.687675651144105,94.1421546535268,64.7392675014731
2021-03-27,0.653423353733913,95.143666937075,62.1690939365659
2021-03-28,0.584262356001486,88.1330809522379,51.4928415188242
2021-03-29,0.691405213144344,86.1300563851416,59.5507699931031
2021-03-30,0.779603970908319,79.1194704003045,61.6818533002405
2021-03-31,1.02823034453469,81.1224949674008,83.4126109498443
2021-04-01,1.23976880607315,72.1088844154673,89.398345539031
2021-04-02,1.54072871572872,75.1134212661118,115.729405081326
2021-04-03,1.73437950937951,74.1119089825637,128.538176340358
2021-04-04,1.88177179962894,65.0982984306303,122.500142190589
2021-04-05,1.82714995088945,70.105859848371,128.093918379014
2021-04-06,1.76207058581008,75.1134212661118,132.355150212577
2021-04-07,1.55902825776775,79.1194704003045,123.349490093694
2021-04-08,1.31696476570426,70.105859848371,92.3269472897058
2021-04-09,1.07811665729094,76.11493354966,82.0607777284811
2021-04-10,0.948793349020259,78.1179581167563,74.1177991002215
2021-04-11,0.856956614326381,79.1194704003045,67.8019534815413
2021-04-12,0.779999515697456,81.1224949674008,63.2755067867419
2021-04-13,0.797459833157774,88.1330809522379,70.2825920318522
2021-04-14,0.871533907231848,88.1330809522379,76.8109683986846
2021-04-15,0.968639416102063,87.1315686686897,84.3990717992964
2021-04-16,0.966081871345029,84.1270318180452,81.27360032948
2021-04-17,0.968132452342979,90.1361055193342,87.2636888810785
2021-04-18,0.91456102377155,92.1391300864305,84.2668571412659
2021-04-19,0.909776334776335,87.1315686686897,79.2702391867131
2021-04-20,0.80501443001443,76.11493354966,61.2736198470657
2021-04-21,0.762279387279387,75.1134212661118,57.2574127391902
2021-04-22,0.800094513329807,74.1119089825637,59.2965317493473
2021-04-23,1.14799367299367,69.1043475648229,79.3313537807724
2021-04-24,1.43479020979021,65.0982984306303,93.4024012622697
2021-04-25,1.91693306693307,67.1013229977266,128.628744889298
2021-04-26,2.18424908424908,69.1043475648229,150.941107886095
2021-04-27,2.43186813186813,79.1194704003045,192.408118676784
2021-04-28,2.47410714285714,85.1285441015934,210.617139022782
2021-04-29,2.42716836734694,94.1421546535268,228.498859808924
2021-04-30,2.11628401360544,97.1466915041713,205.589990204937
2021-05-01,1.8474005981703,100.151228354816,185.019439170177
2021-05-02,1.42804575946063,111.167863473846,158.752796022123
2021-05-03,1.17071975213462,117.176937175134,137.181354845567
2021-05-04,0.955621029718822,130.196596861261,124.418605958444
2021-05-05,0.837992292177294,131.198109144809,109.943004211585
2021-05-06,0.889692972449403,140.211719696742,124.745381669237
2021-05-07,1.04213576774934,142.214744263838,148.207071698671
2021-05-08,1.36459061175591,147.222305681579,200.898176174142
2021-05-09,1.55413178586931,145.219281114483,225.689900701109
2021-05-10,1.80235415173874,173.261625053831,312.278809252773
2021-05-11,1.84954397146302,184.278260172861,340.830745174409
2021-05-12,1.89037405476024,189.285821590602,357.82100606885
2021-05-13,1.76716730370539,186.281284739957,329.190195684687
2021-05-14,1.62431016084825,195.294895291891,317.219482784413
2021-05-15,1.36478635132444,199.300944426083,272.003208758789
2021-05-16,1.18345019013674,194.293383008343,229.936541063534
2021-05-17,0.984093851856748,207.313042694469,204.015490725342
2021-05-18,0.978058459849247,216.326653246402,211.580113298518
2021-05-19,1.00217854266498,223.337239231239,223.823788935584
2021-05-20,1.01771781995067,220.332702380595,224.236517530618
2021-05-21,1.00783639702576,237.358411200913,239.218445948489
2021-05-22,0.962201476390844,245.370509469299,236.095866474133
2021-05-23,0.979700508524023,254.384120021232,249.220251745237
2021-05-24,0.985779535879646,237.358411200913,233.983064430767
2021-05-25,0.988709337825034,223.337239231239,220.81561391199
2021-05-26,0.970624231442055,227.343288365432,220.664904543207
2021-05-27,0.960892437811957,238.359923484462,229.038247953656
2021-05-28,0.929725623260049,234.353874350269,217.884801893711
2021-05-29,0.873889955659676,226.341776081884,197.79780466413
2021-05-30,0.863969320739041,225.340263798335,194.687074649004
2021-05-31,0.90598612746173,218.329677813498,197.803659312219
2021-06-01,1.00570074891548,211.319091828661,212.523768912224
2021-06-02,1.06426204577465,205.310018127372,218.503659910268
2021-06-03,1.13477486628747,219.331190097047,248.891521915048
2021-06-04,1.12332241296572,210.317579545113,236.254450943726
2021-06-05,1.10823455964257,218.329677813498,241.960494348546
2021-06-06,1.01673209658838,219.331190097047,223.001060754595
2021-06-07,0.938300724039363,211.319091828661,198.280856866173
2021-06-08,0.829864019857978,205.310018127372,170.379396960295
2021-06-09,0.857034888205317,196.296407575439,168.232869721522
2021-06-10,0.872065834270746,186.281284739957,162.449543985777
2021-06-11,0.943837576598425,192.290358441246,181.490865914428
2021-06-12,0.977501281314761,194.293383008343,189.922030841634
2021-06-13,1.05904133835391,197.297919858987,208.946653101904
2021-06-14,1.09545590418024,193.291870724794,211.74272101552
2021-06-15,1.13033032427303,187.282797023505,211.691424690338
2021-06-16,1.04275845341942,192.290358441246,200.51239677566
2021-06-17,0.943801629310468,188.284309307054,177.703037897593
2021-06-18,0.840114993365767,188.284309307054,158.180471264373
2021-06-19,0.807533539731682,174.263137337379,140.723328138802
2021-06-20,0.753210231461005,164.248014501898,123.713285019985
2021-06-21,0.769083247334021,162.244989934802,124.779903722733
2021-06-22,0.754761729253105,161.243477651253,121.700406022844
2021-06-23,0.789312391623316,165.249526785446,130.433499201642
2021-06-24,0.78202947845805,160.241965367705,125.313940603599
2021-06-25,0.814049182891547,153.231379382868,124.737879179969
2021-06-26,0.842620611462976,147.222305681579,124.052549234401
2021-06-27,0.967620611462976,135.204158279001,130.826330306264
2021-06-28,1.05174759558996,132.199621428357,139.040633975177
2021-06-29,1.18460073684646,130.196596861261,154.230984576751
2021-06-30,1.27303611099612,127.192060010616,161.9200854255
2021-07-01,1.38988592784594,122.184498592875,169.822515195149
2021-07-02,1.43822336626958,119.179961742231,171.407405768791
2021-07-03,1.43626258195586,119.179961742231,171.173719569297
2021-07-04,1.310369724813,128.193572294164,167.9809760499
2021-07-05,1.16275067719395,134.202645995453,156.044217512434
2021-07-06,0.96923993956557,132.199621428357,128.133153083812
2021-07-07,0.828783757092581,127.192060010616,105.414713367943
2021-07-08,0.724577618403683,128.193572294164,92.8861933075659
2021-07-09,0.721860227099336,124.187523159972,89.6460336711611
2021-07-10,0.775336162928213,126.190547727068,97.8400950725143
2021-07-11,0.868146313304152,128.193572294164,111.290777176468
2021-07-12,0.901479646637486,126.190547727068,113.758210373988
2021-07-13,0.908789588157954,129.195084577712,117.411147705411
2021-07-14,0.925946450903052,129.195084577712,119.627730038852
2021-07-15,0.948752508191868,120.181474025779,114.022474920154
2021-07-16,0.937046822573138,113.170888040942,106.046421046545
2021-07-17,0.920452305978622,108.163326623201,99.5591834126443
2021-07-18,0.945742804953331,104.157277489008,98.5059957687573
2021-07-19,0.934818435205432,99.1497160712676,92.6869824288053
2021-07-20,0.949514265690736,99.1497160712676,94.1440698488547
2021-07-21,0.939752360928832,95.143666937075,89.4114856315426
2021-07-22,0.916207387383858,93.1406423699787,85.3361446050524
2021-07-23,0.846071640777523,91.1376178028824,77.1089538310395
2021-07-24,0.789382298373895,91.1376178028824,71.9424222095609
2021-07-25,0.673364982356579,89.134593235786,60.0201138015759
2021-07-26,0.725360780675907,85.1285441015934,61.7489072073351
2021-07-27,0.781804337119463,75.1134212661118,58.7239985217275
2021-07-28,1.04751862283375,72.1088844154673,75.5353992969683
2021-07-29,1.25466147997661,70.105859848371,87.9591218723897
2021-07-30,1.49912290090862,76.11493354966,114.105639985433
2021-07-31,1.58505200939411,75.1134212661118,119.058679310317
2021-08-01,1.68437173728527,73.1103966990155,123.145085901536
2021-08-02,1.62901459442813,75.1134212661118,122.360859479924
2021-08-03,1.56360381473163,74.1119089825637,115.88166360218
2021-08-04,1.28979429092211,78.1179581167563,100.756096397485
2021-08-05,1.09836571949354,78.1179581167563,85.8020872722772
2021-08-06,0.893820264948085,76.11493354966,68.0330700718629
2021-08-07,0.821921768707483,76.11493354966,62.5605208081891
2021-08-08,0.738719256933543,76.11493354966,56.2275671533508
2021-08-09,0.757086603872318,82.1240072509489,62.1749857460066
2021-08-10,0.736320402654989,83.1255195344971,61.2070160145461
2021-08-11,0.700606116940703,79.1194704003045,55.4315849315622
2021-08-12,0.625001721336308,82.1240072509489,51.3276458948785
2021-08-13,0.634741981076568,77.1164458332081,48.9490456017543
2021-08-14,0.650538684373271,74.1119089825637,48.2126637659086
2021-08-15,0.704262738097325,67.1013229977266,47.2569614643319
2021-08-16,0.771609676872835,59.0892247293413,45.5938176000734
2021-08-17,0.894416694416694,59.0892247293413,52.8503890580626
2021-08-18,0.91028971028971,54.0816633116005,49.2299816279025
2021-08-19,0.948751248751249,50.0756141774079,47.5093014828015
2021-08-20,0.922777222777223,50.0756141774079,46.2086361794922
2021-08-21,0.913358070500928,45.0680527596671,41.1632697098036
2021-08-22,0.810183467326324,40.0604913419263,32.4563477781981
2021-08-23,0.610183467326324,37.0559544912818,22.6109307965768
2021-08-24,0.443516800659658,37.0559544912818,16.4349383813632
2021-08-25,0.441249226963513,33.0499053570892,14.5832451900329
2021-08-26,0.48886827458256,28.0423439393484,13.70901229688
2021-08-27,0.897959183673469,24.0362948051558,21.5836116617725
2021-08-28,1.3469387755102,25.0378070887039,33.7243932215196
2021-08-29,1.8469387755102,26.0393193722521,48.0930286365064
2021-08-30,2.08503401360544,26.0393193722521,54.2928665822808
2021-08-31,2.20408163265306,23.0347825216076,50.7705410680331
2021-09-01,2.18367346938776,19.028733387415,41.5525402541511
2021-09-02,2.12176870748299,21.0317579545113,44.6245258912386
2021-09-03,1.69319727891156,21.0317579545113,35.6109153393052
2021-09-04,1.23605442176871,20.0302456709632,24.7584737307075
2021-09-05,0.721768707482993,19.028733387415,13.734344302073
2021-09-06,0.555102040816327,17.0257088203187,9.45100571250343
2021-09-07,0.555102040816327,16.0241965367705,8.89506420000323
2021-09-08,0.657142857142857,17.0257088203187,11.1883229390666
2021-09-09,0.707142857142857,17.0257088203187,12.0396083800825
2021-09-10,0.707142857142857,17.0257088203187,12.0396083800825
2021-09-11,0.735714285714286,18.0272211038668,13.2628840978449
2021-09-12,0.75,17.0257088203187,12.769281615239
2021-09-13,0.726190476190476,15.0226842532224,10.9093302315067
2021-09-14,0.630952380952381,12.0181474025779,7.58287871829319
2021-09-15,0.630952380952381,13.0196596861261,8.21478527815096
2021-09-16,0.666666666666667,10.0151228354816,6.67674855698772
2021-09-17,0.595238095238095,8.01209826838526,4.76910611213408
2021-09-18,0.452380952380952,9.01361055193342,4.07758572587464
2021-09-19,0.380952380952381,9.01361055193342,3.43375640073654
2021-09-20,0.333333333333333,7.01058598483711,2.3368619949457
2021-09-21,0.285714285714286,6.00907370128895,1.71687820036827
2021-09-22,0.142857142857143,5.00756141774079,0.715365916820113
2021-09-23,0,5.00756141774079,0
2021-09-24,0.142857142857143,5.00756141774079,0.715365916820113
2021-09-25,0.285714285714286,3.00453685064447,0.858439100184135
2021-09-26,0.428571428571429,2.00302456709632,0.858439100184135
2021-09-27,0.428571428571429,2.00302456709632,0.858439100184135
2021-09-28,0.428571428571429,3.00453685064447,1.2876586502762
2021-09-29,0.428571428571429,2.00302456709632,0.858439100184135
2021-09-30,0.428571428571429,2.00302456709632,0.858439100184135
2021-10-01,0.285714285714286,2.00302456709632,0.57229273345609
2021-10-02,0.142857142857143,1.00151228354816,0.143073183364023
2021-10-03,0,1.00151228354816,0
2021-10-04,0,1.00151228354816,0
2021-10-05,0,1.00151228354816,0
2021-10-06,0,1.00151228354816,0
2021-10-07,0,1.00151228354816,0
