"fecha","rho7dpromedio","incidenciaAcum14d","riesgopor10"
2020-05-10,0,0,0
2020-05-11,0,0,0
2020-05-12,0,0,0
2020-05-13,0,0,0
2020-05-14,0,0,0
2020-05-15,0,0,0
2020-05-16,0,0,0
2020-05-17,0,0,0
2020-05-18,0,0,0
2020-05-19,0,0,0
2020-05-20,0,0,0
2020-05-21,0,0,0
2020-05-22,0,0,0
2020-05-23,0,0,0
2020-05-24,0,0,0
2020-05-25,0.285714285714286,0,0
2020-05-26,0.714285714285714,0,0
2020-05-27,1.14285714285714,0,0
2020-05-28,1.28571428571429,0,0
2020-05-29,1.28571428571429,1.6686969145794,2.14546746160209
2020-05-30,1.28571428571429,2.50304537186911,3.21820119240314
2020-05-31,1.28571428571429,2.50304537186911,3.21820119240314
2020-06-01,1,2.50304537186911,2.50304537186911
2020-06-02,0.571428571428571,2.50304537186911,1.43031164106806
2020-06-03,0.142857142857143,2.50304537186911,0.357577910267015
2020-06-04,0,2.50304537186911,0
2020-06-05,0,2.50304537186911,0
2020-06-06,0,2.50304537186911,0
2020-06-07,0,2.50304537186911,0
2020-06-08,0,2.50304537186911,0
2020-06-09,0,2.50304537186911,0
2020-06-10,0,2.50304537186911,0
2020-06-11,0.142857142857143,2.50304537186911,0.357577910267015
2020-06-12,0.285714285714286,0.834348457289702,0.238385273511344
2020-06-13,0.428571428571429,0,0
2020-06-14,0.714285714285714,0,0
2020-06-15,1,0.834348457289702,0.834348457289702
2020-06-16,1.28571428571429,0.834348457289702,1.07273373080105
2020-06-17,1.28571428571429,0.834348457289702,1.07273373080105
2020-06-18,1.28571428571429,2.50304537186911,3.21820119240314
2020-06-19,1.21428571428571,2.50304537186911,3.03941223726963
2020-06-20,1.28571428571429,2.50304537186911,3.21820119240314
2020-06-21,1.14285714285714,2.50304537186911,2.86062328213612
2020-06-22,1.28571428571429,3.33739382915881,4.29093492320418
2020-06-23,1.14285714285714,3.33739382915881,3.8141643761815
2020-06-24,1.42857142857143,5.00609074373821,7.15155820534031
2020-06-25,1.42857142857143,5.00609074373821,7.15155820534031
2020-06-26,1.78571428571429,5.84043920102792,10.4293557161213
2020-06-27,1.80952380952381,5.84043920102792,10.5684137923362
2020-06-28,2.23809523809524,6.67478765831762,14.9388104733775
2020-06-29,2.0952380952381,7.50913611560732,15.7334280517487
2020-06-30,2.28571428571429,10.0121814874764,22.884986257089
2020-07-01,2.16666666666667,10.0121814874764,21.6930598895323
2020-07-02,2.16666666666667,9.17783303018673,19.8853048987379
2020-07-03,1.91666666666667,11.6808784020558,22.388350270607
2020-07-04,1.92857142857143,14.1839237739249,27.3547101354267
2020-07-05,1.54081632653061,15.0182722312146,23.1403990501368
2020-07-06,1.41836734693878,15.0182722312146,21.3014269401922
2020-07-07,1.25646258503401,17.5213176030838,22.0148800087726
2020-07-08,1.26122448979592,18.3556660603735,23.1506155618588
2020-07-09,1.28163265306122,20.8587114322426,26.7332056723435
2020-07-10,1.309410430839,21.6930598895323,28.4051188961687
2020-07-11,1.34512471655329,22.527408346822,30.3021737671991
2020-07-12,1.56621315192744,24.1961052614014,37.8962582858275
2020-07-13,1.80770975056689,25.8648021759808,46.7560550900043
2020-07-14,1.99342403628118,28.3678475478499,56.5491491594441
2020-07-15,2.01979766265481,33.3739382915881,67.4086025549353
2020-07-16,2.02617521367521,36.7113321207469,74.3835912040561
2020-07-17,1.929069704805,39.214377492616,75.6472676137926
2020-07-18,1.76940583925878,44.2204682363542,78.2439547121626
2020-07-19,1.46464393449688,45.8891651509336,67.2112873974403
2020-07-20,1.21067568052862,50.8952558946718,61.6176485659602
2020-07-21,1.02646515421283,50.8952558946718,52.2422066906259
2020-07-22,1.191300319048,52.5639528092513,62.6194537520849
2020-07-23,1.37403841428609,55.0669981811204,75.6641708602818
2020-07-24,1.74438655354179,60.0730889248586,104.790688550244
2020-07-25,1.97923838901283,66.7478765831762,132.109959718513
2020-07-26,2.23327565609357,77.5944065279423,173.289699147882
2020-07-27,2.30759023040814,84.26919418626,194.45876922858
2020-07-28,2.31612508104826,95.1157241310261,220.299914261937
2020-07-29,2.07202875184555,104.293557161213,216.09924907028
2020-07-30,1.85060018041697,117.643132477848,217.710402188324
2020-07-31,1.48128403290534,124.317920136166,184.150150101703
2020-08-01,1.27148067836514,126.820965508035,161.250407255078
2020-08-02,1.06637958149716,135.164450080932,144.136609710598
2020-08-03,1.04273655785414,145.176631568408,151.380981082501
2020-08-04,1.03010054521813,152.685767684016,157.281692538353
2020-08-05,1.09662444684841,168.53838837252,184.823316921737
2020-08-06,1.1319058321298,174.378827573548,197.380411930455
2020-08-07,1.22279632366476,182.722312146445,223.432171544197
2020-08-08,1.27689222776066,192.734493633921,246.101176942541
2020-08-09,1.34498902458086,194.403190548501,261.470157631235
2020-08-10,1.34151881058433,205.249720493267,275.346360908894
2020-08-11,1.32670549889602,211.090159694295,280.05447562926
2020-08-12,1.27621613318926,220.267992724481,281.109565940198
2020-08-13,1.21667314453235,223.60538655364,272.054668792589
2020-08-14,1.14389756051936,233.617568041117,267.234566176699
2020-08-15,1.0815598981817,238.623658784855,258.085780099092
2020-08-16,1.05500312162492,245.298446443173,258.79062672729
2020-08-17,1.05920593635405,246.132794900462,260.705317489984
2020-08-18,1.12794836976809,261.151067131677,294.564920434373
2020-08-19,1.16037481248235,265.322809418125,307.873905225848
2020-08-20,1.17303304033045,282.009778563919,330.806787951752
2020-08-21,1.12694058023139,292.021960051396,329.091397100627
2020-08-22,1.04464244358543,298.696747709713,312.031300418494
2020-08-23,0.896091718947745,303.702838453452,272.145598559063
2020-08-24,0.716269131896242,293.690656965975,210.361551911056
2020-08-25,0.500002347832848,285.347172393078,142.674256144003
2020-08-26,0.338391171339928,270.328900161864,91.4769131728074
2020-08-27,0.219042165914973,250.304537186911,54.8272479637658
2020-08-28,0.13674402926901,230.280174211958,31.4894388825127
2020-08-29,0.0761850230578301,215.261901980743,16.3997329658753
2020-08-30,0.0342595572193208,197.740584377659,6.77450486506836
2020-08-31,0.0833129135015927,181.053615231865,15.0841041849631
2020-09-01,0.219676549865229,156.023161513174,34.2746298202795
2020-09-02,0.357142857142857,131.827056251773,47.0810915184904
2020-09-03,0.357142857142857,104.293557161213,37.2476989861474
2020-09-04,0.357142857142857,80.0974518998114,28.6062328213612
2020-09-05,0.357142857142857,55.9013466384101,19.964766656575
2020-09-06,0.357142857142857,35.8769836634572,12.8132084512347
2020-09-07,0.285714285714286,25.0304537186911,7.15155820534031
2020-09-08,0.142857142857143,11.6808784020558,1.66869691457941
2020-09-09,0,3.33739382915881,0
2020-09-10,0,2.50304537186911,0
2020-09-11,0,0.834348457289702,0
2020-09-12,0,0.834348457289702,0
2020-09-13,0,0.834348457289702,0
2020-09-14,0,0.834348457289702,0
2020-09-15,0,0.834348457289702,0
2020-09-16,0,0.834348457289702,0
2020-09-17,0,0.834348457289702,0
2020-09-18,0,0,0
2020-09-19,0,0,0
2020-09-20,0,0,0
2020-09-21,0,0,0
2020-09-22,0,0,0
2020-09-23,0,0,0
2020-09-24,0,0,0
2020-09-25,0.142857142857143,0,0
2020-09-26,0.285714285714286,0,0
2020-09-27,0.428571428571429,0,0
2020-09-28,0.428571428571429,0,0
2020-09-29,0.428571428571429,0.834348457289702,0.357577910267015
2020-09-30,0.428571428571429,0.834348457289702,0.357577910267015
2020-10-01,0.428571428571429,0.834348457289702,0.357577910267015
2020-10-02,0.285714285714286,0.834348457289702,0.238385273511344
2020-10-03,0.142857142857143,0.834348457289702,0.119192636755672
2020-10-04,0,0.834348457289702,0
2020-10-05,0,0.834348457289702,0
2020-10-06,0,0.834348457289702,0
2020-10-07,0,0.834348457289702,0
2020-10-08,0,0.834348457289702,0
2020-10-09,0,0.834348457289702,0
2020-10-10,0,0.834348457289702,0
2020-10-11,0,0.834348457289702,0
2020-10-12,0,0.834348457289702,0
2020-10-13,0,0,0
2020-10-14,0,0,0
2020-10-15,0,0,0
2020-10-16,0,0,0
2020-10-17,1.62409768173737e-14,0,0
2020-10-18,1.8947806286936e-14,0,0
2020-10-19,2.27373675443232e-14,0,0
2020-10-20,2.8421709430404e-14,0,0
