"fecha","rho7dpromedio","incidenciaAcum14d","riesgopor10"
2020-01-01,0,0,0
2020-01-02,0,0,0
2020-01-03,0,0,0
2020-01-04,0,0,0
2020-01-05,0,0,0
2020-01-06,0,0,0
2020-01-07,0,0,0
2020-01-08,0,0,0
2020-01-09,0,0,0
2020-01-10,0,0,0
2020-01-11,0,0,0
2020-01-12,0,0,0
2020-01-13,0,0,0
2020-01-14,0,0,0
2020-01-15,0,0,0
2020-01-16,0.142857142857143,0,0
2020-01-17,0.428571428571429,0,0
2020-01-18,0.857142857142857,0,0
2020-01-19,1.14285714285714,0,0
2020-01-20,1.28571428571429,0.860881542699724,1.10684769775679
2020-01-21,1.28571428571429,1.72176308539945,2.21369539551358
2020-01-22,1.28571428571429,2.58264462809917,3.32054309327037
2020-01-23,1.14285714285714,2.58264462809917,2.95159386068477
2020-01-24,0.857142857142857,2.58264462809917,2.21369539551358
2020-01-25,0.428571428571429,2.58264462809917,1.10684769775679
2020-01-26,0.142857142857143,2.58264462809917,0.368949232585596
2020-01-27,0,2.58264462809917,0
2020-01-28,0,2.58264462809917,0
2020-01-29,0,2.58264462809917,0
2020-01-30,0,2.58264462809917,0
2020-01-31,0,2.58264462809917,0
2020-02-01,0,2.58264462809917,0
2020-02-02,0,2.58264462809917,0
2020-02-03,0,1.72176308539945,0
2020-02-04,0,0.860881542699724,0
2020-02-05,0,0,0
2020-02-06,0,0,0
2020-02-07,0,0,0
2020-02-08,0,0,0
2020-02-09,0,0,0
2020-02-10,0,0,0
2020-02-11,0,0,0
2020-02-12,0,0,0
2020-02-13,0,0,0
2020-02-14,0,0,0
2020-02-15,0,0,0
2020-02-16,0,0,0
2020-02-17,0,0,0
2020-02-18,0,0,0
2020-02-19,0,0,0
2020-02-20,0,0,0
2020-02-21,0.142857142857143,0,0
2020-02-22,0.285714285714286,0,0
2020-02-23,0.428571428571429,0,0
2020-02-24,0.571428571428571,0,0
2020-02-25,0.714285714285714,0.860881542699724,0.61491538764266
2020-02-26,0.857142857142857,0.860881542699724,0.737898465171192
2020-02-27,0.857142857142857,0.860881542699724,0.737898465171192
2020-02-28,0.714285714285714,1.72176308539945,1.22983077528532
2020-02-29,0.571428571428571,1.72176308539945,0.983864620228256
2020-03-01,0.428571428571429,1.72176308539945,0.737898465171192
2020-03-02,0.285714285714286,1.72176308539945,0.491932310114128
2020-03-03,0.142857142857143,1.72176308539945,0.245966155057064
2020-03-04,0,1.72176308539945,0
2020-03-05,0,1.72176308539945,0
2020-03-06,0,1.72176308539945,0
2020-03-07,0,1.72176308539945,0
2020-03-08,0,1.72176308539945,0
2020-03-09,0,1.72176308539945,0
2020-03-10,0,0.860881542699724,0
2020-03-11,0,0.860881542699724,0
2020-03-12,0,0.860881542699724,0
2020-03-13,0,0,0
2020-03-14,0,0,0
2020-03-15,0,0,0
2020-03-16,0,0,0
2020-03-17,0,0,0
2020-03-18,0,0,0
2020-03-19,0,0,0
2020-03-20,0,0,0
2020-03-21,0,0,0
2020-03-22,0,0,0
2020-03-23,0,0,0
2020-03-24,0,0,0
2020-03-25,0,0,0
2020-03-26,0,0,0
2020-03-27,0,0,0
2020-03-28,0,0,0
2020-03-29,0,0,0
2020-03-30,0,0,0
2020-03-31,0,0,0
2020-04-01,0,0,0
2020-04-02,0,0,0
2020-04-03,0,0,0
2020-04-04,0.142857142857143,0,0
2020-04-05,0.285714285714286,0,0
2020-04-06,0.428571428571429,0,0
2020-04-07,0.428571428571429,0,0
2020-04-08,0.428571428571429,0.860881542699724,0.368949232585596
2020-04-09,0.428571428571429,0.860881542699724,0.368949232585596
2020-04-10,0.428571428571429,0.860881542699724,0.368949232585596
2020-04-11,0.285714285714286,0.860881542699724,0.245966155057064
2020-04-12,0.142857142857143,0.860881542699724,0.122983077528532
2020-04-13,0,0.860881542699724,0
2020-04-14,0,0.860881542699724,0
2020-04-15,0,0.860881542699724,0
2020-04-16,0,0.860881542699724,0
2020-04-17,0,0.860881542699724,0
2020-04-18,0,0.860881542699724,0
2020-04-19,0,0.860881542699724,0
2020-04-20,0,0.860881542699724,0
2020-04-21,0,0.860881542699724,0
2020-04-22,0,0,0
2020-04-23,0.142857142857143,0,0
2020-04-24,0.285714285714286,0,0
2020-04-25,0.428571428571429,0,0
2020-04-26,0.428571428571429,0,0
2020-04-27,0.428571428571429,0.860881542699724,0.368949232585596
2020-04-28,0.428571428571429,0.860881542699724,0.368949232585596
2020-04-29,0.428571428571429,0.860881542699724,0.368949232585596
2020-04-30,0.285714285714286,0.860881542699724,0.245966155057064
2020-05-01,0.142857142857143,0.860881542699724,0.122983077528532
2020-05-02,0.142857142857143,0.860881542699724,0.122983077528532
2020-05-03,0.285714285714286,0.860881542699724,0.245966155057064
2020-05-04,0.428571428571429,0.860881542699724,0.368949232585596
2020-05-05,0.428571428571429,0.860881542699724,0.368949232585596
2020-05-06,0.571428571428571,1.72176308539945,0.983864620228256
2020-05-07,0.714285714285714,1.72176308539945,1.22983077528532
2020-05-08,0.857142857142857,1.72176308539945,1.47579693034238
2020-05-09,0.714285714285714,1.72176308539945,1.22983077528532
2020-05-10,0.571428571428571,2.58264462809917,1.47579693034238
2020-05-11,0.428571428571429,1.72176308539945,0.737898465171192
2020-05-12,0.428571428571429,1.72176308539945,0.737898465171192
2020-05-13,0.285714285714286,1.72176308539945,0.491932310114128
2020-05-14,0.142857142857143,1.72176308539945,0.245966155057064
2020-05-15,0,1.72176308539945,0
2020-05-16,0,1.72176308539945,0
2020-05-17,0,1.72176308539945,0
2020-05-18,0,1.72176308539945,0
2020-05-19,0,1.72176308539945,0
2020-05-20,0,0.860881542699724,0
2020-05-21,0,0.860881542699724,0
2020-05-22,0,0.860881542699724,0
2020-05-23,0,0.860881542699724,0
2020-05-24,0,0,0
2020-05-25,0,0,0
2020-05-26,0,0,0
2020-05-27,0,0,0
2020-05-28,0,0,0
2020-05-29,0,0,0
2020-05-30,0.142857142857143,0,0
2020-05-31,0.428571428571429,0,0
2020-06-01,0.714285714285714,0,0
2020-06-02,0.857142857142857,0,0
2020-06-03,0.857142857142857,0.860881542699724,0.737898465171192
2020-06-04,0.857142857142857,1.72176308539945,1.47579693034238
2020-06-05,0.928571428571429,1.72176308539945,1.59878000787092
2020-06-06,0.857142857142857,1.72176308539945,1.47579693034238
2020-06-07,1.14285714285714,1.72176308539945,1.96772924045651
2020-06-08,1.42857142857143,1.72176308539945,2.45966155057064
2020-06-09,1.85714285714286,2.58264462809917,4.79634002361275
2020-06-10,2.42857142857143,2.58264462809917,6.27213695395514
2020-06-11,2.71428571428571,5.16528925619835,14.0200708382527
2020-06-12,2.78571428571429,6.8870523415978,19.185360094451
2020-06-13,2.85714285714286,8.60881542699724,24.5966155057064
2020-06-14,2.40816326530612,8.60881542699724,20.7314330690954
2020-06-15,1.94387755102041,8.60881542699724,16.7344830494181
2020-06-16,1.51530612244898,12.0523415977961,18.262987012987
2020-06-17,0.979591836734694,12.0523415977961,11.8063754427391
2020-06-18,0.693877551020408,12.0523415977961,8.36284927194018
2020-06-19,0.551020408163265,12.9132231404959,7.11544948557936
2020-06-20,0.45578231292517,12.9132231404959,5.88561871029404
2020-06-21,0.404761904761905,12.9132231404959,5.22678079496261
2020-06-22,0.44047619047619,12.9132231404959,5.68796733569461
2020-06-23,0.297619047619048,12.0523415977961,3.58700642791552
2020-06-24,0.261904761904762,12.9132231404959,3.38203463203463
2020-06-25,0.261904761904762,10.3305785123967,2.70562770562771
2020-06-26,0.404761904761905,8.60881542699724,3.48452052997508
2020-06-27,0.642857142857143,6.8870523415978,4.42739079102715
2020-06-28,1.14285714285714,6.8870523415978,7.87091696182605
2020-06-29,1.42857142857143,6.8870523415978,9.83864620228256
2020-06-30,1.71428571428571,4.30440771349862,7.37898465171192
2020-07-01,1.85714285714286,4.30440771349862,7.99390003935458
2020-07-02,1.92857142857143,5.16528925619835,9.9616292798111
2020-07-03,1.82142857142857,4.30440771349862,7.84017119244392
2020-07-04,1.53571428571429,4.30440771349862,6.6103404171586
2020-07-05,0.964285714285714,5.16528925619835,4.98081463990555
2020-07-06,0.535714285714286,5.16528925619835,2.76711924439197
2020-07-07,0.25,5.16528925619835,1.29132231404959
2020-07-08,0.107142857142857,4.30440771349862,0.461186540731995
2020-07-09,0.178571428571429,4.30440771349862,0.768644234553325
2020-07-10,0.285714285714286,4.30440771349862,1.22983077528532
2020-07-11,0.428571428571429,4.30440771349862,1.84474616292798
2020-07-12,0.571428571428571,4.30440771349862,2.45966155057064
2020-07-13,0.714285714285714,5.16528925619835,3.68949232585596
2020-07-14,0.857142857142857,4.30440771349862,3.68949232585596
2020-07-15,0.857142857142857,3.4435261707989,2.95159386068477
2020-07-16,0.714285714285714,2.58264462809917,1.84474616292798
2020-07-17,0.571428571428571,2.58264462809917,1.47579693034238
2020-07-18,0.428571428571429,2.58264462809917,1.10684769775679
2020-07-19,0.285714285714286,1.72176308539945,0.491932310114128
2020-07-20,0.142857142857143,1.72176308539945,0.245966155057064
2020-07-21,0,1.72176308539945,0
2020-07-22,0.142857142857143,1.72176308539945,0.245966155057064
2020-07-23,0.285714285714286,1.72176308539945,0.491932310114128
2020-07-24,0.428571428571429,1.72176308539945,0.737898465171192
2020-07-25,0.428571428571429,1.72176308539945,0.737898465171192
2020-07-26,0.428571428571429,2.58264462809917,1.10684769775679
2020-07-27,0.428571428571429,1.72176308539945,0.737898465171192
2020-07-28,0.428571428571429,1.72176308539945,0.737898465171192
2020-07-29,0.285714285714286,1.72176308539945,0.491932310114128
2020-07-30,0.142857142857143,0.860881542699724,0.122983077528532
2020-07-31,0,0.860881542699724,0
2020-08-01,0,0.860881542699724,0
2020-08-02,0,0.860881542699724,0
2020-08-03,0,0.860881542699724,0
2020-08-04,0,0.860881542699724,0
2020-08-05,0,0.860881542699724,0
2020-08-06,0,0.860881542699724,0
2020-08-07,0,0.860881542699724,0
2020-08-08,0,0.860881542699724,0
2020-08-09,0,0,0
2020-08-10,0,0,0
2020-08-11,0.571428571428571,0,0
2020-08-12,1.14285714285714,0,0
2020-08-13,1.71428571428571,0,0
2020-08-14,2.28571428571429,0,0
2020-08-15,2.85714285714286,3.4435261707989,9.83864620228256
2020-08-16,3.42857142857143,9.46969696969697,32.4675324675325
2020-08-17,4,12.0523415977961,48.2093663911846
2020-08-18,3.86734693877551,20.6611570247934,79.9038623713948
2020-08-19,3.6030612244898,32.7134986225895,117.868738404453
2020-08-20,3.30147392290249,49.0702479338843,162.004143944079
2020-08-21,2.91276960396562,59.400826446281,173.020921723164
2020-08-22,2.52229341348943,69.7314049586777,175.883063440637
2020-08-23,2.14355587196119,86.0881542699724,184.5347685917
2020-08-24,1.79139640352265,103.305785123967,185.061611934158
2020-08-25,1.54029596334658,117.079889807163,180.337681659035
2020-08-26,1.42276349581411,135.158402203857,192.298440808209
2020-08-27,1.33838588512071,153.236914600551,205.090123580825
2020-08-28,1.34777985923,173.898071625344,234.376318495575
2020-08-29,1.35081016226031,189.393939393939,255.835258003846
2020-08-30,1.35428117926829,206.611570247934,279.810161005845
2020-08-31,1.33070679252092,225.550964187328,300.142200103719
2020-09-01,1.33029040975159,239.325068870523,318.371843931597
2020-09-02,1.32199870145988,256.542699724518,339.149115904826
2020-09-03,1.29451823558933,267.734159779614,346.586752124897
2020-09-04,1.25612671706287,286.673553719008,360.098309901806
2020-09-05,1.23500117593733,303.030303030303,374.242780587071
2020-09-06,1.22146063123815,315.943526170799,385.912578912191
2020-09-07,1.19026807949765,323.691460055096,385.279612509571
2020-09-08,1.14130726457939,340.909090909091,389.082022015701
2020-09-09,1.07975770302983,365.013774104683,394.126434301522
2020-09-10,1.05711285561718,380.509641873278,402.241634110531
2020-09-11,1.0589161014597,382.231404958678,404.750989194305
2020-09-12,1.11285093855243,385.674931129477,429.198709083581
2020-09-13,1.23007245047203,389.118457300276,478.643894295244
2020-09-14,1.44767011385282,411.501377410468,595.718245886405
2020-09-15,1.63344631558647,434.745179063361,710.132910960027
2020-09-16,1.79621687835703,464.876033057851,835.018176922174
2020-09-17,1.90282733513482,496.728650137741,945.188853626712
2020-09-18,1.97093238495748,539.772727272727,1063.85554869864
2020-09-19,1.96713911800632,592.28650137741,1165.10994592661
2020-09-20,1.84630485023328,641.356749311295,1184.14007698329
2020-09-21,1.64023498489713,711.088154269973,1166.35166797954
2020-09-22,1.46633155928722,764.462809917355,1120.95594408321
2020-09-23,1.34337142763144,828.168044077135,1112.53728769064
2020-09-24,1.24384817526953,868.629476584022,1080.44318943436
2020-09-25,1.1835449537541,949.552341597796,1123.83788222346
2020-09-26,1.1316404656794,1014.97933884298,1148.59169166324
2020-09-27,1.14233487331258,1084.71074380165,1239.10291010146
2020-09-28,1.14893964130469,1140.66804407714,1310.55873340971
2020-09-29,1.21089020496174,1200.92975206612,1454.19407362399
2020-09-30,1.26498586775305,1255.1652892562,1587.76635260326
2020-10-01,1.34358457623263,1328.34022038567,1784.73743209964
2020-10-02,1.37270826030243,1377.41046831956,1890.7827276893
2020-10-03,1.37688670182205,1466.08126721763,2018.62780062237
2020-10-04,1.31313106969907,1550.4476584022,2035.9409921901
2020-10-05,1.2385235500445,1619.31818181818,2005.56370319706
2020-10-06,1.1341673951657,1683.02341597796,1908.8302837026
2020-10-07,1.03742243816666,1690.77134986226,1754.04413615643
2020-10-08,0.960122875762824,1726.92837465565,1658.0634373108
2020-10-09,0.934334076135394,1741.56336088154,1627.20199382051
2020-10-10,0.965894802998712,1798.38154269972,1737.04738590247
2020-10-11,1.01777638043998,1827.65151515152,1860.14054379656
2020-10-12,1.07446250500067,1885.3305785124,2025.71701614279
2020-10-13,1.0997816673616,1930.09641873278,2122.68465756259
2020-10-14,1.09991490274892,1979.16666666667,2176.91491169056
2020-10-15,1.06300660754177,1997.24517906336,2123.08482222529
2020-10-16,0.997320592876159,2010.15840220386,2004.77236946094
2020-10-17,0.895542144624159,1955.92286501377,1751.61135725386
2020-10-18,0.807808694807897,1900.82644628099,1535.50413062658
2020-10-19,0.748595186412318,1868.1129476584,1398.46036029161
2020-10-20,0.723090428911674,1809.57300275482,1308.48491870897
2020-10-21,0.709139047834308,1773.41597796143,1257.59851802572
2020-10-22,0.702240070302029,1747.58953168044,1227.22739558636
2020-10-23,0.712805406559286,1730.37190082645,1233.41844626736
2020-10-24,0.734846480239704,1665.80578512397,1224.11151796128
2020-10-25,0.757923372492776,1596.07438016529,1209.70207696419
2020-10-26,0.778137831157598,1510.84710743802,1175.64729139255
2020-10-27,0.799838180152901,1428.20247933884,1142.33087196424
2020-10-28,0.837703512775797,1340.39256198347,1122.8515576721
2020-10-29,0.868071803444666,1256.8870523416,1091.06821025242
2020-10-30,0.888258836263632,1188.87741046832,1056.03086508271
2020-10-31,0.898081353537714,1130.33746556474,1015.13500102877
2020-11-01,0.901673325818532,1095.04132231405,987.369550999632
2020-11-02,0.892149516294722,1033.05785123967,921.642062287936
2020-11-03,0.864373464595226,996.039944903581,860.950498051546
2020-11-04,0.83069760828779,982.265840220386,815.965884173871
2020-11-05,0.80406637905191,935.778236914601,752.427818551503
2020-11-06,0.804815401071195,891.012396694215,717.100499404861
2020-11-07,0.799676724546527,856.577134986226,684.984797627234
2020-11-08,0.801959829569358,844.52479338843,677.274959372883
2020-11-09,0.798195388881841,816.976584022039,652.106942190829
2020-11-10,0.817570750362465,803.202479338843,656.674853726051
2020-11-11,0.831611675969656,763.601928374656,635.020279429309
2020-11-12,0.835100048062679,723.140495867769,603.894662855243
2020-11-13,0.824311126659233,709.366391184573,584.738609131549
2020-11-14,0.826054360622361,688.70523415978,568.90796186113
2020-11-15,0.821725356293356,650.826446280992,534.800593455387
2020-11-16,0.820748155643488,613.808539944904,503.782227078002
2020-11-17,0.821969156864489,594.00826446281,488.256472311034
2020-11-18,0.822365774390494,564.738292011019,464.421442837607
2020-11-19,0.83199310358304,550.964187327824,458.398404177984
2020-11-20,0.850461706957304,531.16391184573,451.734567142439
2020-11-21,0.874990561561347,511.363636363636,447.438355343871
2020-11-22,0.914557661128446,489.841597796143,447.988386003862
2020-11-23,0.960543228607718,477.789256198347,458.93723474284
2020-11-24,1.00713611562614,457.988980716253,461.257243038141
2020-11-25,1.05572665552102,453.684573002755,478.966896917682
2020-11-26,1.11564819850893,454.545454545455,507.112817504059
2020-11-27,1.17919017714525,436.46694214876,514.677530830441
2020-11-28,1.24542394337901,435.606060606061,542.514217759798
2020-11-29,1.28418842214349,439.910468319559,564.9279301957
2020-11-30,1.29380471105537,457.128099173554,591.43448826653
2020-12-01,1.26391615989022,469.18044077135,593.004740995327
2020-12-02,1.22623955078504,480.371900826446,589.051023879179
2020-12-03,1.18975946167337,495.006887052342,588.939127464007
2020-12-04,1.14319861511253,499.31129476584,570.811980686352
2020-12-05,1.08556314713223,512.224517906336,556.052059696693
2020-12-06,1.0311990854689,533.746556473829,550.398960907988
2020-12-07,1.01100154107781,555.268595041322,561.377405298886
2020-12-08,1.01505422598156,564.738292011019,573.239989879392
2020-12-09,1.02179510415101,572.486225895317,584.963622813722
2020-12-10,1.0316283875692,576.790633608815,595.033591314877
2020-12-11,1.06460368295051,598.312672176309,636.965874354857
2020-12-12,1.11009143470145,613.808539944904,681.383602739442
2020-12-13,1.14660745964882,608.643250688705,697.874891504578
2020-12-14,1.16834348759603,620.695592286501,725.185653027495
2020-12-15,1.18203039948654,633.608815426997,748.944881217364
2020-12-16,1.20809247300624,648.243801652893,783.138457449807
2020-12-17,1.19747062629948,659.435261707989,789.65435584143
2020-12-18,1.16119862762147,672.348484848485,780.730137889436
2020-12-19,1.11620348670796,687.84435261708,767.774264703566
2020-12-20,1.12132919922619,712.809917355372,799.294573828585
2020-12-21,1.13322782930388,710.227272727273,804.849310585144
2020-12-22,1.18498778581591,726.584022038567,860.993191484702
2020-12-23,1.22837531031724,755.853994490358,928.472385036617
2020-12-24,1.29879502218432,794.593663911846,1032.0142953479
2020-12-25,1.30264831175189,823.002754820937,1072.08314913465
2020-12-26,1.2618871424193,873.79476584022,1102.63038012705
2020-12-27,1.16408823109579,920.282369146006,1071.28987520782
2020-12-28,1.06596431639923,943.526170798898,1005.76522966043
2020-12-29,0.9549148421335,940.943526170799,898.520938749927
2020-12-30,0.871561500796965,922.865013774105,804.33361643797
2020-12-31,0.821502056624276,922.865013774105,758.135506802018
2021-01-01,0.847595428582309,929.752066115703,788.053600954626
2021-01-02,0.886984523661477,945.247933884298,838.420288378359
2021-01-03,0.919971629017003,939.221763085399,864.057375393897
2021-01-04,0.940924065366136,958.161157024793,901.556891143689
2021-01-05,0.943548462996882,953.856749311295,900.010069731875
2021-01-06,0.922603721463906,925.447658402204,853.82145366193
2021-01-07,0.873109051901952,904.786501377411,789.977284391315
2021-01-08,0.815267208635008,870.351239669422,709.568825697308
2021-01-09,0.78207138165387,812.67217630854,635.567651757277
2021-01-10,0.773048825262893,779.097796143251,602.280636073448
2021-01-11,0.778871806629352,734.331955922865,571.950457175308
2021-01-12,0.792128058965345,721.418732782369,571.456020500137
2021-01-13,0.802635336922288,717.114325068871,575.581297913452
2021-01-14,0.800260330931521,693.009641873278,554.588125344245
2021-01-15,0.777677535365611,674.931129476584,524.878777312878
2021-01-16,0.750340674695417,638.774104683196,479.29819268595
2021-01-17,0.726171623407722,603.477961432507,438.228570944226
2021-01-18,0.695603744082079,562.15564738292,391.037573076444
2021-01-19,0.668182842835674,525.998622589532,351.463254969522
2021-01-20,0.651043432965701,507.920110192837,330.678052212262
2021-01-21,0.645917220346946,475.206611570248,306.944133635945
2021-01-22,0.658095262295432,443.353994490358,291.76916329386
2021-01-23,0.697056301256471,420.110192837466,292.840457139427
2021-01-24,0.748518694123223,389.118457300276,291.262439517645
2021-01-25,0.803436726910108,365.874655647383,293.957135792696
2021-01-26,0.826681278968219,339.187327823691,280.399813975102
2021-01-27,0.832664060231899,322.830578512397,268.809420271145
2021-01-28,0.81973835493798,310.778236914601,254.7568406789
2021-01-29,0.786516591656396,282.36914600551,222.088018305181
2021-01-30,0.727505427382074,259.986225895317,189.141390383425
2021-01-31,0.663559849150782,241.907713498623,160.520245877556
2021-02-01,0.615784673506753,225.550964187328,138.890826841227
2021-02-02,0.605726934635455,212.637741046832,128.800407072105
2021-02-03,0.602671166873805,197.141873278237,118.811722808283
2021-02-04,0.63185703476935,185.95041322314,117.494076713309
2021-02-05,0.705376735407695,176.480716253444,124.485391493266
2021-02-06,0.808760194054312,166.150137741047,134.3756176416
2021-02-07,0.865903051197169,154.097796143251,133.4337518632
2021-02-08,0.917093527387645,147.210743801653,135.006020302417
2021-02-09,0.949620999915118,139.462809917355,132.436813004691
2021-02-10,1.00949494949495,126.549586776859,127.751168711912
2021-02-11,1.02854256854257,117.079889807163,120.42165058694
2021-02-12,1.05722222222222,110.192837465565,116.498316498316
2021-02-13,1.05877501725328,107.610192837466,113.934983778116
2021-02-14,1.08707039337474,105.888429752066,115.108176984412
2021-02-15,1.05069473199908,101.584022038567,106.733796811201
2021-02-16,1.01778832805819,105.027548209366,106.895812692062
2021-02-17,0.940023351099668,105.027548209366,98.7283478255505
2021-02-18,0.89552417211773,104.166666666667,93.2837679289302
2021-02-19,0.791000362593921,100.723140495868,79.6720406538298
2021-02-20,0.716139296886173,99.0013774104683,70.8987768094954
2021-02-21,0.639431222352012,99.0013774104683,63.3045717721086
2021-02-22,0.634140217061006,95.5578512396694,60.5970765270073
2021-02-23,0.618324816490615,90.3925619834711,55.8919643005463
2021-02-24,0.617008160796079,85.2272727272727,52.5859227951204
2021-02-25,0.605044754744003,84.366391184573,51.0454424629066
2021-02-26,0.706862936562185,80.9228650137741,57.2013739986616
2021-02-27,0.8039807310484,74.896694214876,60.2154989679845
2021-02-28,1.01112358819126,68.0096418732782,68.7661531225115
2021-03-01,1.20159977866745,62.8443526170799,75.5137601951823
2021-03-02,1.40460729746444,60.2617079889807,84.6440347989935
2021-03-03,1.4352195423624,57.6790633608815,82.7821189206963
2021-03-04,1.47963730946924,60.2617079889807,89.1654714728366
2021-03-05,1.42119575102768,57.6790633608815,81.9732397717414
2021-03-06,1.37952908436102,54.2355371900826,74.8195009596626
2021-03-07,1.20988622721816,54.2355371900826,65.6188294720593
2021-03-08,1.01508103241297,54.2355371900826,55.0534650843809
2021-03-09,0.776985794317727,58.5399449035813,45.4847055902251
2021-03-10,0.724891272298393,57.6790633608815,41.8110496246491
2021-03-11,0.709951963241437,55.9573002754821,39.7269951882691
2021-03-12,0.795366548656022,54.2355371900826,43.1371320293814
2021-03-13,0.961182875186635,52.5137741046832,50.4753403808408
2021-03-14,1.07368287518663,55.9573002754821,60.0803950474615
2021-03-15,1.01848806999183,59.400826446281,60.4990330831923
2021-03-16,0.991277185638088,56.8181818181818,56.3225673658004
2021-03-17,0.961201997668163,55.0964187327824,52.958787750312
2021-03-18,0.912590886557052,47.3484848484849,43.2097957650119
2021-03-19,0.8109425349087,44.7658402203857,36.3025239456374
2021-03-20,0.912983351235231,43.0440771349862,39.2985257935275
2021-03-21,1.11298335123523,41.3223140495868,45.9910475717038
2021-03-22,1.29155477980666,37.8787878787879,48.922529538131
2021-03-23,1.39359559613319,31.8526170798898,44.3896668878513
2021-03-24,1.6016156462585,30.9917355371901,49.6368485410693
2021-03-25,1.87244897959184,31.8526170798898,59.6424003485692
2021-03-26,2.09863945578231,30.9917355371901,65.040479001518
2021-03-27,1.95578231292517,31.8526170798898,62.2967851052267
2021-03-28,1.76530612244898,33.5743801652893,59.2690588632147
2021-03-29,1.79387755102041,30.9917355371901,55.5953786473267
2021-03-30,1.89591836734694,27.5482093663912,52.22915612526
2021-03-31,1.97414965986395,30.1308539944904,59.4828151646334
2021-04-01,2.05748299319728,32.7134986225895,67.3074670639606
2021-04-02,2.20986394557823,40.461432506887,89.4142608834167
2021-04-03,2.18465386154462,47.3484848484849,103.440050262529
2021-04-04,2.12837680526756,55.9573002754821,119.098219991728
2021-04-05,2.02376851033669,64.5661157024793,130.666871793433
2021-04-06,1.92580932666322,71.4531680440771,137.605177438918
2021-04-07,1.75654161958038,77.4793388429752,136.095683335257
2021-04-08,1.52881504507962,83.5055096418733,127.664479487537
2021-04-09,1.2675905552837,92.1143250688705,116.763248463633
2021-04-10,1.22613397265064,99.0013774104683,121.388952182183
2021-04-11,1.27933883230712,105.027548209366,134.36582088625
2021-04-12,1.35741651499309,115.358126721763,156.589026350787
2021-04-13,1.43994513619767,124.82782369146,179.745217586659
2021-04-14,1.50717202695398,134.297520661157,202.409466429769
2021-04-15,1.57289031988124,150.654269972452,236.962642888445
2021-04-16,1.59209800295447,155.81955922865,248.08000906918
2021-04-17,1.58598838929769,167.011019283747,264.877537468795
2021-04-18,1.53667963353732,180.785123966942,277.80881804652
2021-04-19,1.47619725876923,196.280991735537,289.749461948507
2021-04-20,1.40302652706192,212.637741046832,298.336391343228
2021-04-21,1.3135355582606,222.107438016529,291.746017588873
2021-04-22,1.20896758908064,239.325068870523,289.336251518954
2021-04-23,1.12094776576669,248.79476584022,278.885936903043
2021-04-24,1.0726923000584,262.568870523416,281.655605645499
2021-04-25,1.02434065170675,274.621212121212,281.30567139674
2021-04-26,1.00571454097538,284.951790633609,286.580159317191
2021-04-27,1.0161255228821,297.865013774105,302.668242869495
2021-04-28,1.05435598748173,306.473829201102,323.132516824635
2021-04-29,1.08670963353066,305.612947658402,332.112534352088
2021-04-30,1.1462700730911,315.082644628099,361.169806087589
2021-05-01,1.20859340425005,327.995867768595,396.413642406396
2021-05-02,1.26450807781178,332.300275482094,420.196382606188
2021-05-03,1.30254776465776,335.743801652893,437.322338340675
2021-05-04,1.32336418397384,350.378787878788,463.678738702956
2021-05-05,1.32342367679752,364.152892561983,481.928559990833
2021-05-06,1.30354119119007,367.596418732782,479.177073552133
2021-05-07,1.25227825123147,390.840220385675,489.440707695497
2021-05-08,1.16933000343921,403.753443526171,472.121015507049
2021-05-09,1.10854117177751,413.223140495868,458.074864370872
2021-05-10,1.08942961922074,433.023415977961,471.748535182535
2021-05-11,1.11062540456747,444.214876033058,493.356326409103
2021-05-12,1.14992165404071,445.075757575758,511.802251324937
2021-05-13,1.19926483959079,467.45867768595,560.606756110365
2021-05-14,1.25268098865911,502.754820936639,629.791406144045
2021-05-15,1.29302052873046,521.694214876033,674.561329554632
2021-05-16,1.30913631876171,544.938016528926,713.398148911988
2021-05-17,1.29049968863398,564.738292011019,728.794589999904
2021-05-18,1.23140148346835,575.068870523416,708.140660259006
2021-05-19,1.1824899188425,601.756198347107,711.570638146445
2021-05-20,1.13699018048562,621.556473829201,706.703607361071
2021-05-21,1.09639445624829,627.582644628099,688.078132407891
2021-05-22,1.07310840423884,633.608815426997,679.930944834526
2021-05-23,1.07623439226523,672.348484848485,723.604562981359
2021-05-24,1.05498624116727,696.453168044077,734.748509903858
2021-05-25,1.02078623511015,712.809917355372,727.626551886368
2021-05-26,0.961066847355049,743.801652892562,714.843109602929
2021-05-27,0.905851127114698,744.662534435262,674.55339613827
2021-05-28,0.856039673988328,723.140495867769,619.036954330403
2021-05-29,0.821912689861344,715.392561983471,587.990224926633
2021-05-30,0.789736637201612,710.227272727273,560.892498012509
2021-05-31,0.783290593738634,705.922865013774,552.942740070317
2021-06-01,0.808530281206647,695.592286501377,562.407427010134
2021-06-02,0.842599830078828,670.626721763085,565.069961803897
2021-06-03,0.87846935030071,651.687327823691,572.487343472484
2021-06-04,0.888289097408592,637.913223140496,566.651361208477
2021-06-05,0.900369445772127,646.522038567493,582.108689544479
2021-06-06,0.873189032733451,606.921487603306,529.957186705478
2021-06-07,0.855810652810053,575.929752066116,492.886817088434
2021-06-08,0.814128916824519,550.964187327824,448.555877038303
2021-06-09,0.789975613211505,526.859504132231,416.206159853169
2021-06-10,0.741618088383392,502.754820936639,372.852069228565
2021-06-11,0.727737802331249,495.006887052342,360.235224122304
2021-06-12,0.697439560749822,471.763085399449,329.026239058972
2021-06-13,0.714527735732734,446.797520661157,319.249220769016
2021-06-14,0.733589018782539,424.414600550964,311.345890375165
2021-06-15,0.795995033820133,404.614325068871,322.070993367306
2021-06-16,0.842907939140118,387.396694214876,326.539749150356
2021-06-17,0.899856960268243,373.62258953168,336.206887703528
2021-06-18,0.939160975133945,362.431129476584,340.381172978126
2021-06-19,0.995573312796283,337.465564738292,335.97171024117
2021-06-20,1.01753991762003,323.691460055096,329.36898159877
2021-06-21,1.00860576234441,304.752066115702,307.374689970663
2021-06-22,0.945906205232454,297.865013774105,281.752364850576
2021-06-23,0.869953920324945,292.699724517906,254.635272822384
2021-06-24,0.795384681576602,290.117079889807,230.754681208088
2021-06-25,0.718043207035422,270.316804407714,194.099145152482
2021-06-26,0.662558513157871,260.847107438017,172.826471665664
2021-06-27,0.666844227443585,249.65564738292,166.481427305992
2021-06-28,0.719382165695809,241.046831955923,173.404792006566
2021-06-29,0.773757340423235,232.438016528926,179.850621482673
2021-06-30,0.848956258723718,228.994490358127,194.40630580278
2021-07-01,0.917376838772205,222.968319559229,204.545972143596
2021-07-02,1.00542304123488,210.055096418733,211.194233868209
2021-07-03,1.05738329902221,198.002754820937,209.364806108048
2021-07-04,1.06452615616507,192.837465564738,205.280525982244
2021-07-05,1.03899222166103,185.95041322314,193.201032953498
2021-07-06,1.04919630329369,179.924242424242,188.775850024432
2021-07-07,1.06086120255137,166.150137741047,176.262234928043
2021-07-08,1.11401734873078,160.123966942149,178.380877121147
2021-07-09,1.14987622669492,165.289256198347,190.062186230565
2021-07-10,1.18236128549576,170.454545454545,201.538855482233
2021-07-11,1.16331366644815,174.758953168044,203.299478554557
2021-07-12,1.14088841727871,181.646005509642,207.237823730895
2021-07-13,1.09405000978457,184.228650137741,201.555356485793
2021-07-14,1.04032875011365,183.367768595041,190.762761513608
2021-07-15,0.975137250082307,182.506887052342,177.969263961303
2021-07-16,0.945833220778277,185.089531680441,175.063827881654
2021-07-17,0.942170217115274,185.089531680441,174.385844249125
2021-07-18,0.947280553932928,182.506887052342,172.885225063516
2021-07-19,0.956416766557512,190.254820936639,181.962900662199
2021-07-20,0.938829403743534,187.67217630854,176.192157382998
2021-07-21,0.912692633245862,190.254820936639,173.644173508381
2021-07-22,0.865885666627574,188.53305785124,163.248072478856
2021-07-23,0.844699645441553,184.228650137741,155.617875451526
2021-07-24,0.850141822312301,175.619834710744,149.301766315177
2021-07-25,0.971221961685124,167.871900826446,163.040876832472
2021-07-26,1.0896367694687,160.123966942149,174.476962053356
2021-07-27,1.18003656575085,161.845730027548,190.983879443147
2021-07-28,1.20641784997186,163.567493112948,197.330743366609
2021-07-29,1.22290136645537,168.732782369146,206.343550125046
2021-07-30,1.18704918774605,167.871900826446,199.272203521419
2021-07-31,1.13088237319414,161.845730027548,183.028483264892
2021-08-01,1.02007651238828,158.402203856749,161.582367664811
2021-08-02,0.932848072625281,154.95867768595,144.552903815901
2021-08-03,0.894969284746494,155.81955922865,139.453719472379
2021-08-04,0.906002966511883,152.376033057851,138.053137975726
2021-08-05,0.938542649051565,155.81955922865,146.243301892505
2021-08-06,0.989026000286796,153.236914600551,151.555292743672
2021-08-07,1.05909587606319,156.68044077135,165.9396086807
2021-08-08,1.08440390137122,161.845730027548,175.506141062146
2021-08-09,1.0634690758281,162.706611570248,173.033449837733
2021-08-10,1.0169322792913,160.984848484848,163.710688901062
2021-08-11,0.966207641610142,160.984848484848,155.544790789512
2021-08-12,0.902512943872891,153.236914600551,138.298298906142
2021-08-13,0.83108437244432,148.071625344353,123.060013826122
2021-08-14,0.782553266453537,149.793388429752,117.221305408846
2021-08-15,0.793875277775548,145.488980716253,115.500104979397
2021-08-16,0.842669340855325,138.601928374656,116.795595624748
2021-08-17,0.883968042154027,136.880165289256,120.997691720463
2021-08-18,0.905592150734657,136.880165289256,123.957603277213
2021-08-19,0.890828798585287,133.436639118457,118.869200913154
2021-08-20,0.847360753472505,132.575757575758,112.339493831582
2021-08-21,0.765435510256939,127.410468319559,97.5244968302573
2021-08-22,0.680520425341854,117.940771349862,80.2611038841546
2021-08-23,0.639649531529784,107.610192837466,68.8328094363145
2021-08-24,0.647268579148831,99.0013774104683,64.080480890251
2021-08-25,0.678200610080862,90.3925619834711,61.3042906839622
2021-08-26,0.683642786951611,86.9490358126722,59.4420811657306
2021-08-27,0.727647888992427,86.0881542699724,62.6418637217998
2021-08-28,0.79113995248449,80.0619834710744,63.3402337991198
2021-08-29,0.894108412595808,77.4793388429752,69.2749286618653
2021-08-30,0.941472812901384,70.5922865013774,66.4607185415922
2021-08-31,1.21630274487417,65.4269972451791,79.5790363381863
2021-09-01,1.3382807668522,61.1225895316804,81.7991859904493
2021-09-02,1.50375695732839,59.400826446281,89.324406039651
2021-09-03,1.51449809588907,54.2355371900826,82.1396178039012
2021-09-04,1.57572258568499,59.400826446281,93.5992238397593
2021-09-05,1.47470217752173,59.400826446281,87.5985281069207
2021-09-06,1.42733777721615,63.7052341597796,90.9288873226542
2021-09-07,1.10159209432761,61.1225895316804,67.3321614129307
2021-09-08,0.982544475279991,63.7052341597796,62.5932258701096
2021-09-09,0.843258760994276,62.8443526170799,52.9940509233662
2021-09-10,0.840366915997168,61.1225895316804,51.3654020624991
2021-09-11,0.743428140486964,64.5661157024793,48.0002673351604
2021-09-12,0.726761473820297,64.5661157024793,46.9241654067857
2021-09-13,0.647252747252747,66.2878787878788,42.9050116550117
2021-09-14,0.597802197802198,64.5661157024793,38.5977658704931
2021-09-15,0.516849816849817,61.1225895316804,31.5911992048356
2021-09-16,0.507326007326007,56.8181818181818,28.8253413253413
2021-09-17,0.522435897435897,56.8181818181818,29.6838578088578
2021-09-18,0.643864468864469,46.4876033057851,29.9317160112615
2021-09-19,0.710531135531136,44.7658402203857,31.807523284796
2021-09-20,0.750824175824176,40.461432506887,30.379421714649
2021-09-21,0.717857142857143,39.6005509641873,28.4275383707202
2021-09-22,0.695408163265306,34.435261707989,23.9465620959127
2021-09-23,0.647789115646259,31.8526170798898,20.6337786492007
2021-09-24,0.618027210884354,27.5482093663912,17.025542999569
2021-09-25,0.460884353741497,21.5220385674931,9.91917083637863
2021-09-26,0.603741496598639,21.5220385674931,12.9937477745919
2021-09-27,0.937074829931973,18.0785123966942,16.9409189295553
2021-09-28,1.15136054421769,14.6349862258953,16.8501457056652
2021-09-29,1.20238095238095,12.0523415977961,14.4915059687787
2021-09-30,1.16666666666667,12.9132231404959,15.0654269972452
2021-10-01,1.07142857142857,12.9132231404959,13.8355962219599
2021-10-02,1,12.0523415977961,12.0523415977961
2021-10-03,0.714285714285714,11.1914600550964,7.99390003935458
2021-10-04,0.285714285714286,6.8870523415978,1.96772924045651
2021-10-05,0.0714285714285714,6.02617079889807,0.430440771349862
2021-10-06,0,4.30440771349862,0
2021-10-07,0,4.30440771349862,0
2021-10-08,0,4.30440771349862,0
2021-10-09,0,4.30440771349862,0
2021-10-10,0,3.4435261707989,0
2021-10-11,0,2.58264462809917,0
2021-10-12,0,2.58264462809917,0
2021-10-13,0.142857142857143,2.58264462809917,0.368949232585596
2021-10-14,0.285714285714286,0.860881542699724,0.245966155057064
2021-10-15,0.571428571428571,0,0
2021-10-16,0.714285714285714,0,0
2021-10-17,0.857142857142857,0.860881542699724,0.737898465171192
2021-10-18,0.90816326530616,0.860881542699724,0.781820992859986
2021-10-19,1.05952380952385,1.72176308539945,1.82424898333997
2021-10-20,1.07142857142862,1.72176308539945,1.84474616292807
2021-10-21,1.08928571428578,1.72176308539945,1.87549193231023
