"fecha","rho7dpromedio","incidenciaAcum14d","riesgopor10"
2020-01-03,0,0,0
2020-01-04,0,0,0
2020-01-05,0,0,0
2020-01-06,0,0,0
2020-01-07,0,0,0
2020-01-08,0,0,0
2020-01-09,0,0,0
2020-01-10,0,0,0
2020-01-11,0,0,0
2020-01-12,0,0,0
2020-01-13,0,0,0
2020-01-14,0,0,0
2020-01-15,0,0,0
2020-01-16,0,0,0
2020-01-17,0.142857142857143,0,0
2020-01-18,0.285714285714286,0,0
2020-01-19,0.428571428571429,0,0
2020-01-20,0.428571428571429,0,0
2020-01-21,0.428571428571429,0.610713129721576,0.261734198452104
2020-01-22,0.428571428571429,0.610713129721576,0.261734198452104
2020-01-23,0.428571428571429,0.610713129721576,0.261734198452104
2020-01-24,0.285714285714286,0.610713129721576,0.174489465634736
2020-01-25,0.142857142857143,0.610713129721576,0.087244732817368
2020-01-26,0,0.610713129721576,0
2020-01-27,0,0.610713129721576,0
2020-01-28,0,0.610713129721576,0
2020-01-29,0,0.610713129721576,0
2020-01-30,0,0.610713129721576,0
2020-01-31,0,0.610713129721576,0
2020-02-01,0,0.610713129721576,0
2020-02-02,0,0.610713129721576,0
2020-02-03,0,0.610713129721576,0
2020-02-04,0,0,0
2020-02-05,0,0,0
2020-02-06,0,0,0
2020-02-07,0,0,0
2020-02-08,0,0,0
2020-02-09,0,0,0
2020-02-10,0,0,0
2020-02-11,0,0,0
2020-02-12,0,0,0
2020-02-13,0,0,0
2020-02-14,0,0,0
2020-02-15,0,0,0
2020-02-16,0,0,0
2020-02-17,0,0,0
2020-02-18,0,0,0
2020-02-19,0,0,0
2020-02-20,0,0,0
2020-02-21,0,0,0
2020-02-22,0,0,0
2020-02-23,0.142857142857143,0,0
2020-02-24,0.285714285714286,0,0
2020-02-25,0.428571428571429,0,0
2020-02-26,0.428571428571429,0,0
2020-02-27,0.428571428571429,0.610713129721576,0.261734198452104
2020-02-28,0.428571428571429,0.610713129721576,0.261734198452104
2020-02-29,0.428571428571429,0.610713129721576,0.261734198452104
2020-03-01,0.285714285714286,0.610713129721576,0.174489465634736
2020-03-02,0.142857142857143,0.610713129721576,0.087244732817368
2020-03-03,0,0.610713129721576,0
2020-03-04,0,0.610713129721576,0
2020-03-05,0.142857142857143,0.610713129721576,0.087244732817368
2020-03-06,0.285714285714286,0.610713129721576,0.174489465634736
2020-03-07,0.428571428571429,0.610713129721576,0.261734198452104
2020-03-08,0.428571428571429,0.610713129721576,0.261734198452104
2020-03-09,0.428571428571429,1.22142625944315,0.523468396904208
2020-03-10,0.428571428571429,1.22142625944315,0.523468396904208
2020-03-11,0.428571428571429,1.22142625944315,0.523468396904208
2020-03-12,0.428571428571429,0.610713129721576,0.261734198452104
2020-03-13,0.428571428571429,0.610713129721576,0.261734198452104
2020-03-14,0.428571428571429,0.610713129721576,0.261734198452104
2020-03-15,0.428571428571429,0.610713129721576,0.261734198452104
2020-03-16,1,1.22142625944315,1.22142625944315
2020-03-17,1.57142857142857,1.22142625944315,1.9193841219821
2020-03-18,2.14285714285714,1.22142625944315,2.61734198452104
2020-03-19,2.57142857142857,1.22142625944315,3.14081038142525
2020-03-20,3,3.66427877832946,10.9928363349884
2020-03-21,3,4.88570503777261,14.6571151133178
2020-03-22,3.0952380952381,6.10713129721576,18.9030254437631
2020-03-23,2.5952380952381,6.71784442693733,17.4344057746707
2020-03-24,2.11904761904762,7.32855755665891,15.5295624414915
2020-03-25,1.69047619047619,7.93927068638049,13.4211480650718
2020-03-26,1.4047619047619,9.16069694582364,12.8685980905618
2020-03-27,1.22619047619048,9.77141007554521,11.9816099735852
2020-03-28,1.4047619047619,10.3821232052668,14.5844111693033
2020-03-29,1.48809523809524,12.2142625944315,18.1759860036183
2020-03-30,1.53095238095238,14.0464019835962,21.5043725606009
2020-03-31,1.57857142857143,16.4892545024825,26.0294660360617
2020-04-01,1.5525974025974,17.0999676322041,26.5493653302598
2020-04-02,1.47323232323232,17.0999676322041,25.1922250419896
2020-04-03,1.48037518037518,16.4892545024825,24.4102831083649
2020-04-04,1.73037518037518,18.3213938916473,31.7028852599839
2020-04-05,1.78394660894661,17.7106807619257,31.5949088873733
2020-04-06,1.81251803751804,20.7642464105336,37.6355711545613
2020-04-07,1.81251803751804,23.8178120591415,43.1702139714085
2020-04-08,1.85890022675737,25.6499514483062,47.6807005635719
2020-04-09,1.77860144057623,26.2606645780278,46.7072558489694
2020-04-10,1.51046957244436,26.8713777077493,40.5883983972151
2020-04-11,1.0501521121269,31.1463696158004,32.7084258371179
2020-04-12,0.894932331907122,32.9785090049651,29.5135339666334
2020-04-13,0.778860903335693,31.1463696158004,24.2586895745897
2020-04-14,0.664575189049979,31.7570827455219,21.1049692692811
2020-04-15,0.56083369245134,31.7570827455219,17.8104419776538
2020-04-16,0.557232251875109,32.3677958752435,18.0363797837958
2020-04-17,0.547813099598814,31.1463696158004,17.0623892804819
2020-04-18,0.627178178963893,28.7035170969141,18.0022195827015
2020-04-19,0.740731292517007,29.9249433563572,22.1663419708527
2020-04-20,0.856802721088435,26.8713777077493,23.0234695393948
2020-04-21,0.947278911564626,23.8178120591415,22.5621110832343
2020-04-22,0.982993197278912,21.9856726699767,21.611766672188
2020-04-23,1.00340136054422,21.3749595402552,21.4476634842696
2020-04-24,1.05952380952381,21.3749595402552,22.6472785605084
2020-04-25,1.04047619047619,17.0999676322041,17.7921091792219
2020-04-26,1.05,14.0464019835962,14.7487220827761
2020-04-27,1.12142857142857,14.6571151133178,16.4369076627921
2020-04-28,1.18095238095238,12.8249757241531,15.1456856170951
2020-04-29,1.17142857142857,13.4356888538747,15.7389498002532
2020-04-30,1.14761904761905,14.6571151133178,16.8207844871885
2020-05-01,1.07108843537415,14.6571151133178,15.6990664938224
2020-05-02,1.11394557823129,14.6571151133178,16.3272285701074
2020-05-03,1.19965986394558,13.4356888538747,16.1182566624544
2020-05-04,1.55680272108844,14.0464019835962,21.8674768295646
2020-05-05,1.80680272108844,14.0464019835962,25.3790773254637
2020-05-06,2.12108843537415,16.4892545024825,34.9751670331569
2020-05-07,2.16077097505669,17.7106807619257,38.2687249388639
2020-05-08,2.2015873015873,19.5428201510904,43.0252246818451
2020-05-09,2.11995464852608,22.5963857996983,47.9033131159591
2020-05-10,1.96757369614512,23.8178120591415,46.8633005072949
2020-05-11,1.51859410430839,23.2070989294199,35.2421636123186
2020-05-12,1.19002267573696,25.6499514483062,30.5240238550365
2020-05-13,0.904308390022676,28.0928039671925,25.4045583267945
2020-05-14,0.811512297226583,27.4820908374709,22.3020546681057
2020-05-15,0.770695970695971,29.3142302266356,22.5923591197221
2020-05-16,0.7570905285191,29.3142302266356,22.1935260554142
2020-05-17,0.787022501308216,30.5356564860788,24.0322487467622
2020-05-18,0.73600209314495,29.9249433563572,22.024820947523
2020-05-19,0.731240188383045,32.3677958752435,23.668633153357
2020-05-20,0.702668759811617,31.1463696158004,21.8855809105687
2020-05-21,0.751020408163265,28.7035170969141,21.5569271258457
2020-05-22,0.80969387755102,26.2606645780278,21.26309932925
2020-05-23,0.976360544217687,24.428525188863,23.8510481478338
2020-05-24,1.09880952380952,23.8178120591415,26.17123872689
2020-05-25,1.14642857142857,25.0392383185846,28.7056982152345
2020-05-26,1.17619047619048,23.8178120591415,28.0142837076569
2020-05-27,1.2015873015873,20.7642464105336,24.9500548139269
2020-05-28,1.24801587301587,21.3749595402552,26.6762887913105
2020-05-29,1.19444444444444,19.5428201510904,23.3428129582469
2020-05-30,1.0515873015873,20.7642464105336,21.8354178523468
2020-05-31,0.867913832199547,20.7642464105336,18.0215766749019
2020-06-01,0.850907029478458,21.3749595402552,18.1881033276207
2020-06-02,0.837018140589569,18.3213938916473,15.3353390481957
2020-06-03,0.892573696145125,17.7106807619257,15.8080877889184
2020-06-04,0.989002267573696,19.5428201510904,19.3278934442134
2020-06-05,1.1390022675737,18.9321070213689,21.563712827287
2020-06-06,1.3390022675737,19.5428201510904,26.167880497095
2020-06-07,1.56349206349206,20.153533280812,31.5098893358727
2020-06-08,1.86961451247166,19.5428201510904,36.5375401691022
2020-06-09,2.02834467120181,19.5428201510904,39.6395751137197
2020-06-10,2.08390022675737,22.5963857996983,47.0886134918883
2020-06-11,1.95770975056689,24.428525188863,47.8239619542061
2020-06-12,1.83449546485261,28.7035170969141,52.6564719396081
2020-06-13,1.63449546485261,28.7035170969141,46.9157685202253
2020-06-14,1.49283880218754,28.7035170969141,42.8497240815268
2020-06-15,1.25814492463652,29.9249433563572,37.6499156038362
2020-06-16,1.18310884960045,34.1999352644083,40.4622460670838
2020-06-17,1.11326757975918,37.8642140427377,42.153001926842
2020-06-18,1.1323151988068,40.307066561624,45.640304087044
2020-06-19,1.18020480919641,41.5284928210672,49.0121269461019
2020-06-20,1.25583506129725,42.7499190805103,53.686847248925
2020-06-21,1.28048492124122,45.8034847291182,58.6506715359385
2020-06-22,1.21415839062898,48.8570503777261,59.3201976574988
2020-06-23,1.0805776856197,54.3534685452203,58.7331452459974
2020-06-24,0.979217141402015,54.3534685452203,53.2238480941349
2020-06-25,0.900645712830587,52.5213291560555,47.3031099365655
2020-06-26,0.822723634908509,49.4677635074476,40.6982982036418
2020-06-27,0.75899814471243,49.4677635074476,37.545940725226
2020-06-28,0.755823541537827,50.0784766371692,37.8504915667246
2020-06-29,0.805823541537827,50.6891897668908,40.8465424156389
2020-06-30,0.920423227566085,50.0784766371692,46.0933930979761
2020-07-01,1.01225996225996,45.8034847291182,46.3650337232719
2020-07-02,1.13863358863359,45.1927715993966,51.4580077065191
2020-07-03,1.27649572649573,46.4141978588398,59.2475252155361
2020-07-04,1.43342213342213,46.4141978588398,66.5311385158951
2020-07-05,1.5485014985015,45.1927715993966,69.9810745431016
2020-07-06,1.67707292707293,44.582058469675,74.7673632926743
2020-07-07,1.75521700521701,42.7499190805103,75.0353849417626
2020-07-08,1.76171051171051,43.9713453399535,77.464781299449
2020-07-09,1.71271783771784,53.1320422857771,91.0001965772289
2020-07-10,1.56619769119769,54.9641816749418,86.0847744378643
2020-07-11,1.36611652236652,58.0177473235497,79.2590032091873
2020-07-12,1.14290223665224,61.0713129721576,69.7985401911676
2020-07-13,1.02488981429199,62.2927392316007,63.8431939428145
2020-07-14,0.925207274609449,62.9034523613223,58.1987317227443
2020-07-15,0.984189958592133,68.3998705288165,67.3184657434632
2020-07-16,1.02966614906832,67.7891573990949,69.8002006477125
2020-07-17,1.18767480707698,72.6748624368675,86.3141032240528
2020-07-18,1.28241687056904,75.1177149557538,96.3322249378553
2020-07-19,1.43287983353201,79.3927068638049,113.760208594664
2020-07-20,1.48150450079022,82.4462725124127,122.144523800516
2020-07-21,1.59192466885744,85.4998381610206,136.109301551848
2020-07-22,1.68395763589041,88.5534038096285,149.120180529311
2020-07-23,1.88527631720909,89.1641169393501,168.098998010619
2020-07-24,2.05756147885595,98.3248138851737,202.309349465814
2020-07-25,2.24474326981133,107.485510830997,241.277377040114
2020-07-26,2.35207509142887,125.196191592923,294.47084378747
2020-07-27,2.41275204513718,149.014003652065,359.533842065598
2020-07-28,2.409950924689,178.3282338787,429.76229213413
2020-07-29,2.30754380799617,199.092480289234,459.414620110021
2020-07-30,2.0978493928223,231.460276164477,485.568799814131
2020-07-31,1.81426470267846,258.942367001948,469.789996479645
2020-08-01,1.54023056071979,303.524425471623,467.497596036309
2020-08-02,1.27008007628359,328.563663790208,417.302163170682
2020-08-03,1.07113255661693,354.213615238514,379.409735278956
2020-08-04,0.891934561629464,374.977861649048,334.455714650697
2020-08-05,0.791044975025592,385.970697984036,305.320181147392
2020-08-06,0.714694607914075,398.184960578467,284.580644277909
2020-08-07,0.67598867968291,407.345657524291,275.361053204412
2020-08-08,0.661613118137537,414.67421508095,274.353900450943
2020-08-09,0.660170116694536,412.842075691785,272.54600128586
2020-08-10,0.6791491924719,403.681378745962,274.159882391263
2020-08-11,0.690279960568612,381.695706075985,263.476896939339
2020-08-12,0.71281169240267,371.313582870718,264.676663418176
2020-08-13,0.73512021095179,347.495770811577,255.451164343861
2020-08-14,0.787922870477138,328.563663790208,258.882825108066
2020-08-15,0.81375395762898,291.310162877192,237.054797938858
2020-08-16,0.859402339098257,272.988768985544,234.607186613731
2020-08-17,0.871494282793974,256.499514483062,223.537860411419
2020-08-18,0.904640874764096,239.399546850858,216.570615481288
2020-08-19,0.929908761152192,232.070989294199,215.804846153932
2020-08-20,0.975529806773237,221.07815295921,215.668327838083
2020-08-21,0.98342027695879,208.253177235057,204.800397234048
2020-08-22,1.01610425964277,203.978185327006,207.263102984974
2020-08-23,1.03559386518648,200.313906548677,207.443852733348
2020-08-24,1.07130815090077,196.038914640626,210.018087148242
2020-08-25,1.08195468593755,194.206775251461,210.122930524138
2020-08-26,1.10035077676825,191.153209602853,210.335582668243
2020-08-27,1.11787293714755,197.260340900069,220.511996664687
2020-08-28,1.16715812712273,194.817488381183,227.382814869736
2020-08-29,1.21682900419087,198.481767159512,241.518371082753
2020-08-30,1.28789026097206,202.146045937842,260.341923857357
2020-08-31,1.36983470541651,203.367472197285,278.579821368667
2020-09-01,1.45811766465806,216.192447921438,315.234027279916
2020-09-02,1.51770950139275,228.406710515869,346.655034731799
2020-09-03,1.56778335356359,240.620973110301,377.241556160602
2020-09-04,1.59226865539169,260.163793261391,414.250653277916
2020-09-05,1.62755534044647,272.378055855823,443.31035942857
2020-09-06,1.63803294921149,291.920876006913,478.176013462006
2020-09-07,1.634690458369,324.288671882157,530.111597682917
2020-09-08,1.58219165758019,353.602902108792,559.467561812674
2020-09-09,1.50782149572234,388.413550502922,585.658300678141
2020-09-10,1.38296901415102,417.727780729558,577.704577099051
2020-09-11,1.26539396624811,458.034847291182,579.594532093634
2020-09-12,1.11398973603918,478.799093701715,533.377276008571
2020-09-13,0.971003025936634,497.731200723084,483.298502005189
2020-09-14,0.83083671515421,519.106160263339,431.292457009508
2020-09-15,0.750355842453223,530.709709728049,398.221131341096
2020-09-16,0.697621757206823,532.541849117214,371.512780567322
2020-09-17,0.690986294866187,530.098996598328,366.291141571762
2020-09-18,0.721876832899582,528.266857209163,381.343605807966
2020-09-19,0.802387485781286,523.381152171391,419.954486796115
2020-09-20,0.87130655229747,510.556176447237,444.850941854421
2020-09-21,0.925126413830219,494.677635074476,457.639346538464
2020-09-22,0.947993331858427,489.791930036704,464.319483672865
2020-09-23,0.959383293248389,469.02768362617,449.977323741939
2020-09-24,0.943825262807297,441.545592788699,416.741885155198
2020-09-25,0.919550289660143,413.452788821507,380.190631721611
2020-09-26,0.877504202932769,395.742108059581,347.265363099757
2020-09-27,0.879357914217237,380.474279816542,334.573069112779
2020-09-28,0.888979286741835,363.985025314059,323.575148188401
2020-09-29,0.965015155634847,354.824328368236,342.410854463303
2020-09-30,1.04189166895204,348.106483941298,362.689245526625
2020-10-01,1.17899783885363,351.160049589906,414.016939558232
2020-10-02,1.28034364033211,349.327910200741,447.259768216027
2020-10-03,1.39155654654723,360.32074653573,501.40669369858
2020-10-04,1.40694349273553,368.26001722211,518.121034865322
2020-10-05,1.41248098511513,382.306419205707,540.000547615513
2020-10-06,1.34583626271004,385.970697984036,519.453361690419
2020-10-07,1.29339583961841,395.13139492986,511.061302304899
2020-10-08,1.19023014946202,406.124231264848,483.381304478507
2020-10-09,1.11662396280131,412.231362562064,460.307417655034
2020-10-10,1.03201429047234,429.331330194268,443.076068107981
2020-10-11,1.01550519368651,445.209871567029,452.112936856823
2020-10-12,0.998759758670401,459.256273550625,458.68668493929
2020-10-13,1.00151123146796,470.859823015335,471.571401196872
2020-10-14,1.00357283709493,488.570503777261,490.316086596643
2020-10-15,1.02143786216035,496.509774463641,507.153882569859
2020-10-16,1.02806392343757,502.616905760857,516.72230812256
2020-10-17,1.04222639342334,502.006192631135,523.204103622129
2020-10-18,1.06676627072395,509.945463317516,543.992620175823
2020-10-19,1.10777495005775,506.891897668908,561.522146624854
2020-10-20,1.14267380397955,509.945463317516,582.701322391141
2020-10-21,1.16948363803553,514.831168355288,602.086627742227
2020-10-22,1.17503961440275,528.877570338885,621.452096317266
2020-10-23,1.16159333845647,542.313259192759,629.947469234929
2020-10-24,1.12072154563736,549.641816749418,615.995426414333
2020-10-25,1.05790583374189,561.245366214128,593.74474707853
2020-10-26,0.997301737293874,567.352497511344,565.821631426082
2020-10-27,0.945926406613727,567.352497511344,536.673709254229
2020-10-28,0.920359740492587,573.45962880856,527.789155153221
2020-10-29,0.92252206883856,569.79535003023,525.648785124479
2020-10-30,0.968956612555712,578.956046976054,560.983290096563
2020-10-31,1.02800303439283,580.177473235497,596.424202972457
2020-11-01,1.09653565120131,587.506030792156,644.221308059374
2020-11-02,1.14177498105303,598.498867127144,683.351032674357
2020-11-03,1.19094289335996,608.880990332411,725.142488338359
2020-11-04,1.20577345814401,616.20954788907,743.009117499563
2020-11-05,1.20070476399969,611.323842851297,734.019450458149
2020-11-06,1.1594438130653,617.430974148513,715.876522971374
2020-11-07,1.116439985782,636.363081169882,710.46118929349
2020-11-08,1.05490906293173,632.088089261831,666.795453933507
2020-11-09,1.00934927544738,645.523778115706,651.558957725142
2020-11-10,0.959176383490099,654.684475061529,627.957887116632
2020-11-11,0.940074342673773,655.905901320972,616.600309040162
2020-11-12,0.925734038650929,669.952303304569,620.197651441631
2020-11-13,0.934247651519658,671.173729564012,627.042480606868
2020-11-14,0.938317261566857,676.670147731506,634.931280003467
2020-11-15,0.967741641534715,682.777279028722,660.752004809861
2020-11-16,1.01094833260809,677.280860861228,684.695956995031
2020-11-17,1.0609726261189,678.502287120671,719.872353394097
2020-11-18,1.1042734246992,669.952303304569,739.810524355254
2020-11-19,1.1547403005629,676.059434601785,780.67307471045
2020-11-20,1.19099681858861,690.716549715102,822.641213257191
2020-11-21,1.19999507576828,676.670147731506,812.000845197199
2020-11-22,1.1864044996777,704.152238568977,835.40938429636
2020-11-23,1.14634188372223,712.702222385079,817.000408141929
2020-11-24,1.08843167394596,718.809353682295,782.37486807643
2020-11-25,1.01142490890264,731.023616276726,739.375494498363
2020-11-26,0.935795544074664,736.520034444221,689.23216635462
2020-11-27,0.878871395879013,745.680731390044,655.357465276851
2020-11-28,0.864324368483717,737.741460703664,637.647922126949
2020-11-29,0.877259492720212,729.802190017283,640.225899000661
2020-11-30,0.917474810601525,740.795026352272,679.660776497102
2020-12-01,0.950203921600298,741.405739481993,704.486641152758
2020-12-02,0.970782474935903,753.009288946703,731.008221173405
2020-12-03,0.971439370208292,747.512870779209,726.163432412347
2020-12-04,0.982015463763585,734.077181925334,720.875144246673
2020-12-05,0.978980408760571,723.084345590346,707.885408214407
2020-12-06,0.985855513055236,689.495123455659,679.742568683462
2020-12-07,0.979819295751413,678.502287120671,664.809633132299
2020-12-08,1.01273837140588,685.220131547608,693.94872007805
2020-12-09,1.0290403877079,663.234458877631,682.495044704677
2020-12-10,1.05005237590253,666.898737655961,700.278603962041
2020-12-11,1.02759749230975,668.120163915404,686.558605001048
2020-12-12,1.02149838377893,683.387992158443,698.079729483778
2020-12-13,0.993725879428352,680.945139639557,676.672807730781
2020-12-14,1.00303597730374,669.952303304569,671.98626329199
2020-12-15,1.009345839729,659.570180099302,665.734417292539
2020-12-16,1.06971483581228,654.073761931808,699.672406854007
2020-12-17,1.13314965236185,669.341590174847,758.464190217959
2020-12-18,1.18577863090907,678.502287120671,804.553513090625
2020-12-19,1.19032357535975,694.380828493432,826.537870433569
2020-12-20,1.17849144037053,721.862919330903,850.709271552348
2020-12-21,1.13045399513338,738.352173833385,834.673164725363
2020-12-22,1.07176232448518,724.305771849789,776.283637675764
2020-12-23,1.02093823163451,739.573600092828,755.058963442342
2020-12-24,0.993957593225302,736.520034444221,732.069680798394
2020-12-25,0.990353462356084,731.023616276726,723.971769443721
2020-12-26,0.981710930841511,740.18431322255,726.647031127994
2020-12-27,0.970425913831598,776.827101005845,753.853149382748
2020-12-28,0.963142094857598,790.262789859719,761.1353589135
2020-12-29,0.962633811092433,789.041363600276,759.557894952104
2020-12-30,0.96930205978726,779.269953524731,755.347971081844
2020-12-31,1.01652807145494,765.834264670856,778.49202811998
2021-01-01,1.08597824131163,763.39141215197,829.026463201195
2021-01-02,1.15327031902693,768.887830319464,886.73551336845
2021-01-03,1.20383026632601,775.605674746401,933.697585993921
2021-01-04,1.24431621788102,786.59851108139,978.777284299636
2021-01-05,1.26449221488533,793.316355508327,1003.14235548148
2021-01-06,1.25818722954808,806.14133123248,1014.2767281676
2021-01-07,1.20349102332484,822.019872605241,989.29353767504
2021-01-08,1.14445692125389,845.837684664383,968.024792471514
2021-01-09,1.11742784413631,854.387668480485,954.716570446799
2021-01-10,1.12172425054115,847.059110923826,950.166746365083
2021-01-11,1.12676844508972,872.09834924241,982.652900941183
2021-01-12,1.12484897459882,911.794702674313,1025.63133634784
2021-01-13,1.10298137110358,953.32319549538,1051.49772527234
2021-01-14,1.06872370826307,987.523130759788,1055.38938230116
2021-01-15,1.01815296789733,997.294540835333,1015.3983966193
2021-01-16,0.993234935110448,1003.40167213255,996.613594710287
2021-01-17,0.969586252850442,1000.34810648394,969.923772111799
2021-01-18,0.948952489140876,1006.45523778116,955.078203101302
2021-01-19,0.930821638133313,1022.33377915392,951.610403031071
2021-01-20,0.930345993478857,1041.26588617529,968.73754534939
2021-01-21,0.930995881225519,1034.54804174835,963.15996579764
2021-01-22,0.927481576201865,1013.17308220809,939.699367251665
2021-01-23,0.907514816362022,1018.66950037559,924.457664566945
2021-01-24,0.88274610021484,1018.05878724587,898.687424230739
2021-01-25,0.858990395401269,1004.01238526227,862.436995804209
2021-01-26,0.835683430323129,975.919581295078,815.559823416183
2021-01-27,0.812656178801254,947.216064198164,769.760987230443
2021-01-28,0.794615566683987,916.680407712085,728.408521642247
2021-01-29,0.795080766183003,898.359013820438,714.267973015761
2021-01-30,0.817036688516844,875.76262802074,715.530197524874
2021-01-31,0.85344723230656,847.669824053547,723.441465248289
2021-02-01,0.898507198735091,812.859175659418,730.359820887859
2021-02-02,0.947306662182442,788.430650470554,746.885607859592
2021-02-03,0.990591629412096,767.055690930299,759.838946728466
2021-02-04,1.02034533463781,753.009288946703,768.329514915699
2021-02-05,1.03204600130923,745.070018260323,768.946533040962
2021-02-06,1.02128688594761,722.473632460624,737.852846274966
2021-02-07,1.00490993507284,698.655820401483,702.086175117915
2021-02-08,0.978926929713685,684.609418417887,670.182596024893
2021-02-09,0.947349548761304,679.113000250392,643.357394345145
2021-02-10,0.91528269782223,669.952303304569,613.195751580823
2021-02-11,0.894961546105729,666.898737655961,596.848725348538
2021-02-12,0.879475310747384,656.516614450694,577.390153504845
2021-02-13,0.858368388339662,649.798770023757,557.766722970387
2021-02-14,0.832175285615947,649.188056894035,540.238256664255
2021-02-15,0.820662501202486,643.691638726541,528.25359024045
2021-02-16,0.833836520810329,629.645236742945,525.021193550533
2021-02-17,0.843098554251599,597.277440867701,503.563746882654
2021-02-18,0.854617959701641,586.284604532713,501.04935253023
2021-02-19,0.867567687879516,579.566760105776,502.81339403679
2021-02-20,0.891716554085518,568.573923770787,507.006780047768
2021-02-21,0.906731131344993,547.198964230532,496.162335907559
2021-02-22,0.909437203970742,521.549012782226,474.316075918368
2021-02-23,0.901351360937877,508.113323928351,457.988636033487
2021-02-24,0.905923319591468,498.952626982528,452.012820154895
2021-02-25,0.915832485569998,485.516938128653,444.652184232699
2021-02-26,0.930566981518915,467.195544237006,434.756747379717
2021-02-27,0.955498737660863,458.034847291182,437.65171839141
2021-02-28,0.977362366833462,448.263437215637,438.115813961978
2021-03-01,0.990086991717319,440.934879658978,436.563888544795
2021-03-02,0.975890008576237,443.377732177864,432.687898857568
2021-03-03,0.938061557957088,441.545592788699,414.196946680453
2021-03-04,0.889560676122873,429.331330194268,381.916268368345
2021-03-05,0.84724002133231,422.002772637609,357.537638091782
2021-03-06,0.809300911262052,403.681378745962,326.699707678628
2021-03-07,0.782272030147968,392.688542410973,307.189263287679
2021-03-08,0.774669806836569,389.024263632644,301.365351163039
2021-03-09,0.803909621413355,376.199287908491,302.430227118489
2021-03-10,0.848112431617872,363.985025314059,308.700224891599
2021-03-11,0.91415717310121,352.992188979071,322.690341603915
2021-03-12,0.983964387031558,348.106483941298,342.52438309301
2021-03-13,1.03667075231851,344.442205162969,357.073159956541
2021-03-14,1.06110804297239,332.227942568537,352.529741959643
2021-03-15,1.07908251725754,327.952950660486,353.888295540755
2021-03-16,1.08350508067543,315.738688066055,342.104472685365
2021-03-17,1.07946838342772,304.135138601345,328.30426640956
2021-03-18,1.06808215924658,306.577991120231,327.450482733176
2021-03-19,1.05378742620185,301.081572952737,317.275975838669
2021-03-20,1.07313095815717,308.410130509396,330.964458858925
2021-03-21,1.10589973577131,310.852983028282,343.772231794699
2021-03-22,1.18526481513638,309.631556768839,366.995389894009
2021-03-23,1.26148972658857,314.517261806612,396.760294603808
2021-03-24,1.35546331602434,327.342237530765,443.700394758278
2021-03-25,1.39793789940135,342.610065773804,478.947595661589
2021-03-26,1.41098263244608,363.985025314059,513.576549188585
2021-03-27,1.38695587888751,376.810001038212,522.618846163559
2021-03-28,1.39297514052475,393.909968670416,548.706793962775
2021-03-29,1.34237546697426,401.238526227075,538.612754012134
2021-03-30,1.28490527963394,418.949206989001,538.310047958621
2021-03-31,1.21396556354132,454.981281642574,552.33160796998
2021-04-01,1.19707937644237,481.241946220602,576.084808899669
2021-04-02,1.20362181950655,492.23478255559,592.46452460397
2021-04-03,1.21870161289179,505.059758279743,615.517142022262
2021-04-04,1.23637400613433,537.427554154987,664.461458137574
2021-04-05,1.2642142608858,579.566760105776,732.6965632611
2021-04-06,1.28306776188216,620.484539797121,796.123709759972
2021-04-07,1.27949585514383,634.530941780717,811.879709968938
2021-04-08,1.27298791863589,662.62374574791,843.51202293835
2021-04-09,1.26100425013048,687.662984066494,867.145945565261
2021-04-10,1.26288123945833,719.420066812016,908.542105666751
2021-04-11,1.2300638522667,742.016452611715,912.727616144837
2021-04-12,1.22054245284241,787.819937340833,961.567678720136
2021-04-13,1.21047874412431,820.187733216076,992.819817249563
2021-04-14,1.22089341898387,847.669824053547,1034.91450965819
2021-04-15,1.20079671192059,876.984054280183,1053.07956878643
2021-04-16,1.19054898092817,939.276793511784,1118.25502932494
2021-04-17,1.15845800894616,967.980310608698,1121.36454332684
2021-04-18,1.15729015013735,992.408835797561,1148.5049705778
2021-04-19,1.14416624520658,1024.16591854308,1171.81607348799
2021-04-20,1.15107316447757,1051.64800938055,1210.52380207421
2021-04-21,1.14604403505171,1102.94791227717,1264.02687583798
2021-04-22,1.1394176453919,1136.53713441185,1294.99046559201
2021-04-23,1.11654530496637,1173.79063532487,1310.59042288547
2021-04-24,1.08469069871709,1199.44058677318,1301.02204813663
2021-04-25,1.03581135750692,1231.80838264842,1275.92111301946
2021-04-26,0.978621447149524,1248.90835028062,1222.20849710875
2021-04-27,0.936291860227907,1273.94758859921,1192.78675756241
2021-04-28,0.916410193155229,1270.28330982088,1164.10057331481
2021-04-29,0.921055750898132,1261.73332600478,1162.12673601653
2021-04-30,0.933545319317814,1258.67976035617,1175.03459880057
2021-05-01,0.965810905964844,1283.10828554503,1239.23997571324
2021-05-02,0.987568872309277,1291.65826936113,1275.60150048193
2021-05-03,1.00574792140517,1294.71183500974,1302.15373687972
2021-05-04,1.0049294121833,1280.66543302614,1286.97836081443
2021-05-05,0.998317956592252,1274.55830172893,1272.41443933972
2021-05-06,0.978128072046744,1261.12261287505,1233.53942994603
2021-05-07,0.944050632385256,1244.02264524285,1174.42036494309
2021-05-08,0.898349671588566,1231.80838264842,1106.59465601225
2021-05-09,0.863718782195772,1208.601283719,1043.89162893402
2021-05-10,0.848578569927622,1196.99773425429,1015.74662554011
2021-05-11,0.846869752429331,1159.13352021155,981.635117294095
2021-05-12,0.862895789258164,1149.97282326573,992.306706957319
2021-05-13,0.882332822200666,1138.97998693074,1004.95942629868
2021-05-14,0.913822261509462,1120.65859303909,1024.08276987099
2021-05-15,0.935151408552895,1104.16933853661,1032.56551221343
2021-05-16,0.952435359170179,1087.0693709044,1035.36330672024
2021-05-17,0.94630247833425,1059.58728006693,1002.69006913879
2021-05-18,0.926173228611679,1036.38018113751,959.867578433289
2021-05-19,0.894303624918871,1008.28737717032,901.71505636336
2021-05-20,0.865881810916533,988.744557019231,856.135927565677
2021-05-21,0.842603332987897,954.544621754823,804.302479776285
2021-05-22,0.834051884436448,920.955399620137,768.124586535097
2021-05-23,0.846556428238702,907.519710766262,768.266644902506
2021-05-24,0.871465884979145,872.709062372132,760.536175369449
2021-05-25,0.886670424003135,869.655496723524,771.097808016504
2021-05-26,0.879678614853053,853.776955350763,751.049329476416
2021-05-27,0.849722574946764,840.95197962661,714.575881534902
2021-05-28,0.802613162619961,820.798446345798,658.783636895151
2021-05-29,0.752128952952077,777.437814135566,584.733489131135
2021-05-30,0.704126573651988,744.459305130601,524.19357974495
2021-05-31,0.662023600483025,699.266533531204,462.930948225612
2021-06-01,0.666124604236766,667.509450785682,444.644468728914
2021-06-02,0.679177019447455,633.920228650996,430.544051462633
2021-06-03,0.704178137732155,599.720293386588,422.309919357149
2021-06-04,0.717203347816189,575.291768197725,412.601182122503
2021-06-05,0.740699730496245,559.413226824964,414.357226345285
2021-06-06,0.746265593204965,520.327586522783,388.302575017332
2021-06-07,0.753130471135833,481.852659350323,362.897920354563
2021-06-08,0.732471900959296,447.042010956194,327.445711573749
2021-06-09,0.744326004302761,418.338493859279,311.380219580313
2021-06-10,0.752664200759769,385.359984854314,290.046665005169
2021-06-11,0.792123462725425,351.160049589906,278.162114451988
2021-06-12,0.831349051951014,332.838655698259,276.705100867398
2021-06-13,0.892828643787749,315.738688066055,281.900544657339
2021-06-14,0.942972074654071,303.524425471623,286.215057195162
2021-06-15,0.990511090260314,295.585154785243,292.780373931094
2021-06-16,0.999202733305292,283.370892190811,283.144970016218
2021-06-17,1.00119864718239,273.599482115266,273.927431363608
2021-06-18,0.987794634902819,268.103063947772,264.830768168616
2021-06-19,0.96867486578305,252.224522575011,244.323555552543
2021-06-20,0.932097819234094,251.613809445289,234.528683073137
2021-06-21,0.911546225102465,246.728104407517,224.904072199359
2021-06-22,0.908534111165981,241.231686240022,219.16721564315
2021-06-23,0.942875582822651,238.788833721136,225.148160766357
2021-06-24,0.983153360600429,235.735268072528,231.763921017549
2021-06-25,1.03789529465271,235.735268072528,244.668525516172
2021-06-26,1.09174299407003,238.178120591415,260.029294496443
2021-06-27,1.16102799721935,240.010259980579,278.658631457346
2021-06-28,1.18857901762751,239.399546850858,284.545278216463
2021-06-29,1.18800815991379,240.620973110301,285.859679501435
2021-06-30,1.13557869916515,246.117391277795,279.485667029158
2021-07-01,1.10022155630801,249.781670056125,274.815177766362
2021-07-02,1.02233322841968,247.94953066696,253.487044171897
2021-07-03,0.950745099497223,248.560243796681,236.31743371953
2021-07-04,0.845629308795478,244.895965018352,207.091205625271
2021-07-05,0.796506501777935,255.278088223619,203.330657031553
2021-07-06,0.743607554817992,247.338817537238,183.923013320439
2021-07-07,0.736902693274421,243.674538758909,179.564423893842
2021-07-08,0.734301960673689,243.063825629187,178.48224372836
2021-07-09,0.820484296856025,235.735268072528,193.417085668655
2021-07-10,0.894573932710367,230.849563034756,206.512001468471
2021-07-11,0.998816742181207,222.910292348375,222.646532002065
2021-07-12,1.07149844644186,221.688866088932,237.539275607748
2021-07-13,1.11915683564023,217.413874180881,243.320223452559
2021-07-14,1.13185464411269,208.863890364779,236.403564296819
2021-07-15,1.12419563645368,204.588898456728,229.997946911919
2021-07-16,1.0848611892245,200.313906548677,217.312782876603
2021-07-17,1.04824600260931,192.985348992018,202.296120643046
2021-07-18,1.010307615726,195.428201510904,197.442600314101
2021-07-19,1.00048798468117,184.435365175916,184.525366808788
2021-07-20,1.05020787263635,196.038914640626,205.881611498671
2021-07-21,1.08841177962257,194.206775251461,211.376941866204
2021-07-22,1.12190460258908,194.206775251461,217.881475008597
2021-07-23,1.1550410150488,205.199611586449,237.013967654432
2021-07-24,1.18165620166399,210.085316624222,248.248617267555
2021-07-25,1.20927321862002,213.749595402552,258.481661211171
2021-07-26,1.20056337992308,212.528169143108,255.153537075314
2021-07-27,1.20294433230403,221.07815295921,265.944711098526
2021-07-28,1.19930737759326,222.299579218654,266.605525392809
2021-07-29,1.21533646129152,229.628136775313,279.075447161473
2021-07-30,1.19716534669183,239.399546850858,286.600841503574
2021-07-31,1.19553531006179,247.338817537238,295.7022899147
2021-08-01,1.18400847710639,252.224522575011,298.635972862925
2021-08-02,1.19637457924548,265.660211428885,317.829123670498
2021-08-03,1.16524250377378,271.767342726101,316.67485888211
2021-08-04,1.14359339469195,282.149465931368,322.664265554973
2021-08-05,1.10747408542978,299.249433563572,331.410992751197
2021-08-06,1.06972683268253,301.081572952737,322.075037413805
2021-08-07,1.01997475549143,304.135138601345,310.210163631258
2021-08-08,0.970107030623702,313.90654867689,304.522949830272
2021-08-09,0.912172099381926,321.84581936327,293.57877672589
2021-08-10,0.87074778387618,316.960114325498,275.992317126068
2021-08-11,0.859768846846823,322.456532492992,277.238081099725
2021-08-12,0.875061363853626,317.570827455219,277.893961393089
2021-08-13,0.914295531747587,312.074409287725,285.328237984535
2021-08-14,0.956034788425868,315.127974936333,301.27330684533
2021-08-15,0.990856216997297,316.349401195776,313.456770918207
2021-08-16,1.00788371383674,312.685122417447,315.150242443592
2021-08-17,1.02242942390631,310.852983028282,317.825236357164
2021-08-18,1.01892756861874,307.188704249953,313.003039528545
2021-08-19,0.995427259404143,298.028007304129,296.665202536427
2021-08-20,0.935146415414,292.531589136635,273.559866976485
2021-08-21,0.87591062432337,295.585154785243,258.906177468662
2021-08-22,0.817550770480843,287.035170969141,234.665825180921
2021-08-23,0.78141355243573,280.317326542203,219.04375794263
2021-08-24,0.751430312370963,273.599482115266,205.590944310408
2021-08-25,0.744156456882822,264.438785169442,196.78382943409
2021-08-26,0.767036517998177,260.774506391113,200.023569364933
2021-08-27,0.816215062226226,256.499514483062,209.358767174789
2021-08-28,0.871424242672598,247.94953066696,216.069231982482
2021-08-29,0.899569293202496,238.178120591415,214.257723596718
2021-08-30,0.932906874443735,233.292415553642,217.640098225577
2021-08-31,0.908788994174143,222.299579218654,202.023411003455
2021-09-01,0.868358768029631,217.413874180881,188.793243936259
2021-09-02,0.779791762279963,207.031750975614,161.441653941181
2021-09-03,0.717078613359917,199.703193418955,143.202889020412
2021-09-04,0.662006584548393,179.549660138143,118.863057264877
2021-09-05,0.692106918996553,170.999676322041,118.350059128656
2021-09-06,0.758894651038523,160.617553116774,121.891801923216
2021-09-07,0.930530261804568,156.953274338445,146.049771461237
2021-09-08,1.05783307482167,154.510421819559,163.446234605377
2021-09-09,1.15126788135018,145.960438003457,168.039564221184
2021-09-10,1.19950769872373,146.571151133178,175.813224195046
2021-09-11,1.20976180036438,144.739011744013,175.099727430399
2021-09-12,1.15391827282274,141.685446095406,163.49342524253
2021-09-13,1.03944940835388,130.692609760417,135.84835589169
2021-09-14,0.866802675242028,126.417617852366,109.579129352155
2021-09-15,0.75888761732697,120.31048655515,91.3021384812866
2021-09-16,0.717075770637075,116.646207776821,83.6441693334563
2021-09-17,0.720560091194566,111.760502739048,80.5301580455993
2021-09-18,0.75749986710493,111.149789609327,84.195950857806
2021-09-19,0.817922149225326,110.539076479605,90.4123590075814
2021-09-20,0.867372698675875,112.37121586877,97.4677247615843
2021-09-21,0.902845852678661,109.928363349884,99.2483669421954
2021-09-22,0.940600954719478,106.264084571554,99.9520994003952
2021-09-23,0.967040798949853,103.210518922946,99.8087826792749
2021-09-24,0.983524315433369,94.0498219771227,92.5002867766799
2021-09-25,0.963167172576227,89.1641169393501,85.8799504077298
2021-09-26,0.951262410671465,90.9962563285148,86.5613181571415
2021-09-27,0.95675691616597,87.3319775501853,83.5554735235911
2021-09-28,1.03351382860837,82.4462725124127,85.2093627587924
2021-09-29,1.10487202706016,80.0034199935264,88.393540819993
2021-09-30,1.23749899088917,81.2248462529696,100.515665273178
2021-10-01,1.30101547440565,82.4462725124127,107.263876345715
2021-10-02,1.41065833154851,91.6069694582364,129.226134694171
2021-10-03,1.42394736809336,90.3855431987932,128.70425635161
2021-10-04,1.41349440642089,89.7748300690717,126.896220140019
2021-10-05,1.29461982170328,94.0498219771227,121.758763759248
2021-10-06,1.18788747359162,102.599805793225,121.877024094705
2021-10-07,0.986944294387573,102.599805793225,101.260292932896
2021-10-08,0.84311450715353,101.989092663503,85.9884835960252
2021-10-09,0.703546837980598,100.76766640406,70.8947730692602
2021-10-10,0.703244814422761,98.9355270148953,69.575896335408
2021-10-11,0.735675798073256,97.7141007554521,71.8858990562778
2021-10-12,0.805443239933721,98.9355270148953,79.6869514234275
2021-10-13,0.891523826014307,101.378379533782,90.3812407970875
2021-10-14,0.97353440802489,97.1033876257306,94.533488989427
2021-10-15,1.07307848097322,97.7141007554521,104.854898808325
2021-10-16,1.09538424538425,90.3855431987932,99.0069000304552
2021-10-17,1.0938258038258,92.217682587958,100.870080783726
2021-10-18,1.05886076886077,88.5534038096285,93.7657252431014
2021-10-19,1.09457505457505,84.889125031299,92.9175186639628
2021-10-20,1.09897065897066,75.1177149557538,82.5521647052949
2021-10-21,1.15411921411921,76.339141215197,88.1044696658189
2021-10-22,1.14485995485995,80.0034199935264,91.5927118024307
2021-10-23,1.18295519295519,83.0569856421343,98.2526924765677
2021-10-24,1.14703682560825,84.2784119015775,96.6704420548903
2021-10-25,1.17101284958428,87.3319775501853,102.266867890873
2021-10-26,1.15460358317501,86.7212644204638,100.128682637335
2021-10-27,1.22335358317501,88.5534038096285,108.332123852853
2021-10-28,1.28476276223125,90.3855431987932,116.123980145854
2021-10-29,1.41594320375652,94.0498219771227,133.169206243017
2021-10-30,1.43431055069529,98.9355270148953,141.904270236064
2021-10-31,1.44519490443679,105.042658312111,151.807114541158
2021-11-01,1.36653672051545,115.424781517378,157.73220240097
2021-11-02,1.2451908848839,117.867634036264,146.767703524787
2021-11-03,1.01180388254198,121.531912814594,122.966461238559
2021-11-04,0.783293610508637,122.142625944315,95.6735384729286
2021-11-05,0.563267832949732,117.867634036264,66.3910467985186
2021-11-06,0.423540447158726,111.149789609327,47.0764315927326
2021-11-07,0.303235082757931,103.821232052668,31.4822398935211
