"fecha","rho7dpromedio","incidenciaAcum14d","riesgopor10"
2020-01-03,1.5,0.133759580529955,0.200639370794933
2020-01-04,1.4,0.133759580529955,0.187263412741938
2020-01-05,1.33333333333333,0.267519161059911,0.356692214746548
2020-01-06,1.14285714285714,0.267519161059911,0.30573618406847
2020-01-07,1,0.401278741589866,0.401278741589866
2020-01-08,0.714285714285714,0.401278741589866,0.28662767256419
2020-01-09,0.714285714285714,0.401278741589866,0.28662767256419
2020-01-10,0.571428571428571,0.401278741589866,0.229302138051352
2020-01-11,0.571428571428571,0.401278741589866,0.229302138051352
2020-01-12,0.428571428571429,0.401278741589866,0.171976603538514
2020-01-13,0.714285714285714,0.535038322119822,0.382170230085587
2020-01-14,1,0.535038322119822,0.535038322119822
2020-01-15,1.28571428571429,0.535038322119822,0.687906414154057
2020-01-16,1.14285714285714,0.535038322119822,0.611472368136939
2020-01-17,1.14285714285714,0.668797902649777,0.764340460171174
2020-01-18,1.07142857142857,0.668797902649777,0.716569181410476
2020-01-19,1.21428571428571,0.535038322119822,0.649689391145498
2020-01-20,1.07142857142857,0.535038322119822,0.573255345128381
2020-01-21,1.07142857142857,0.535038322119822,0.573255345128381
2020-01-22,0.928571428571429,0.535038322119822,0.496821299111263
2020-01-23,0.928571428571429,0.668797902649777,0.621026623889079
2020-01-24,0.928571428571429,0.802557483179733,0.745231948666895
2020-01-25,1.07142857142857,0.802557483179733,0.859883017692571
2020-01-26,1.14285714285714,0.802557483179733,0.917208552205409
2020-01-27,1.42857142857143,0.668797902649777,0.955425575213968
2020-01-28,1.42857142857143,0.936317063709688,1.33759580529955
2020-01-29,1.42857142857143,1.07007664423964,1.52868092034235
2020-01-30,1.42857142857143,1.07007664423964,1.52868092034235
2020-01-31,1.28571428571429,1.07007664423964,1.37581282830811
2020-02-01,1.07142857142857,1.07007664423964,1.14651069025676
2020-02-02,0.857142857142857,1.07007664423964,0.917208552205409
2020-02-03,0.428571428571429,1.07007664423964,0.458604276102704
2020-02-04,0.142857142857143,0.936317063709688,0.133759580529955
2020-02-05,0,0.936317063709688,0
2020-02-06,0,0.802557483179733,0
2020-02-07,0,0.668797902649777,0
2020-02-08,0,0.668797902649777,0
2020-02-09,0,0.668797902649777,0
2020-02-10,0,0.668797902649777,0
2020-02-11,0,0.401278741589866,0
2020-02-12,0,0.267519161059911,0
2020-02-13,0,0.267519161059911,0
2020-02-14,0,0,0
2020-02-15,0,0,0
2020-02-16,0,0,0
2020-02-17,0,0,0
2020-02-18,0,0,0
2020-02-19,0,0,0
2020-02-20,0,0,0
2020-02-21,0,0,0
2020-02-22,0,0,0
2020-02-23,0.142857142857143,0,0
2020-02-24,0.285714285714286,0,0
2020-02-25,0.571428571428571,0,0
2020-02-26,0.857142857142857,0,0
2020-02-27,1.14285714285714,0.133759580529955,0.152868092034235
2020-02-28,1.42857142857143,0.133759580529955,0.191085115042794
2020-02-29,1.57142857142857,0.267519161059911,0.420387253094146
2020-03-01,1.5,0.401278741589866,0.6019181123848
2020-03-02,1.42857142857143,0.401278741589866,0.573255345128381
2020-03-03,1.21428571428571,0.535038322119822,0.649689391145498
2020-03-04,1,0.535038322119822,0.535038322119822
2020-03-05,0.857142857142857,0.535038322119822,0.458604276102704
2020-03-06,0.857142857142857,0.668797902649777,0.573255345128381
2020-03-07,1.28571428571429,0.668797902649777,0.859883017692571
2020-03-08,1.64285714285714,0.668797902649777,1.09873941149606
2020-03-09,1.85714285714286,0.802557483179733,1.49046389733379
2020-03-10,1.78571428571429,0.936317063709688,1.67199475662444
2020-03-11,1.71428571428571,1.2038362247696,2.06371924246217
2020-03-12,1.60714285714286,1.07007664423964,1.71976603538514
2020-03-13,1.41666666666667,1.07007664423964,1.51594191267283
2020-03-14,0.988095238095238,0.936317063709688,0.925170431998859
2020-03-15,0.988095238095238,0.802557483179733,0.793003227427593
2020-03-16,1.27380952380952,0.936317063709688,1.19268959305877
2020-03-17,1.8452380952381,0.936317063709688,1.72772791517859
2020-03-18,2.41666666666667,0.936317063709688,2.26276623729841
2020-03-19,2.95238095238095,1.2038362247696,3.55418313979596
2020-03-20,3.28571428571429,1.60511496635947,5.2739491751811
2020-03-21,3.28571428571429,1.87263412741938,6.15294070437795
2020-03-22,2.94642857142857,2.4076724495392,7.09403489596371
2020-03-23,2.44642857142857,2.67519161059911,6.54466519021568
2020-03-24,1.95436507936508,2.80895119112906,5.48971611758359
2020-03-25,1.4781746031746,2.67519161059911,3.95440029741337
2020-03-26,1.09722222222222,2.94271077165902,3.22880765223698
2020-03-27,1.06865079365079,3.21022993271893,3.43061476540162
2020-03-28,1.38293650793651,3.34398951324889,4.62452518002872
2020-03-29,1.69365079365079,3.74526825483875,6.34317655224278
2020-03-30,2.02698412698413,4.14654699642862,8.40498494355452
2020-03-31,2.32261904761905,4.94910447960835,11.4948843329951
2020-04-01,2.45187074829932,5.61790238225813,13.7743705178598
2020-04-02,2.47568027210884,5.61790238225813,13.9081300983897
2020-04-03,2.31037414965986,6.42045986543786,14.8336645020363
2020-04-04,2.08012204881953,7.35677692914755,15.3029938985666
2020-04-05,1.84338735494198,7.22301734861759,13.3148188449682
2020-04-06,1.62044363199825,8.42685357338719,13.655241210777
2020-04-07,1.44782458437921,9.22941105656693,13.3625682270389
2020-04-08,1.43451491268444,10.0319685397467,14.3910084738477
2020-04-09,1.3895413677109,10.9682856034563,15.2408865788705
2020-04-10,1.32746653777892,12.3058814087559,16.3356457879992
2020-04-11,1.23322884270089,13.9109963751154,17.1554419604998
2020-04-12,1.1708038727129,14.7135538582951,17.2266858386617
2020-04-13,1.0856243463569,15.5161113414748,16.8446682330895
2020-04-14,0.985921965404519,15.9173900830647,15.6933045148056
2020-04-15,0.902820658914907,16.0511496635947,14.4913095156283
2020-04-16,0.887354643448891,16.8537071467744,14.955215296018
2020-04-17,0.887354643448891,16.7199475662444,14.836523111129
2020-04-18,0.897558725081545,16.3186688246546,14.6469635852849
2020-04-19,0.951997892052681,17.3887454688942,16.5540490318279
2020-04-20,1.01469989593116,17.2549858883643,17.5086323852168
2020-04-21,1.07528663062503,17.1212263078343,18.4102257487198
2020-04-22,1.07528663062503,16.8537071467744,18.1225659713961
2020-04-23,1.09535352025714,17.3887454688942,19.0468235622087
2020-04-24,1.09416304406666,17.2549858883643,18.87976788494
2020-04-25,1.10894136918982,16.5861879857145,18.3931100145179
2020-04-26,1.06526900894137,16.3186688246546,17.3837721660822
2020-04-27,1.04329098696335,16.7199475662444,17.4437705983626
2020-04-28,0.992270578800082,16.7199475662444,16.5907120490644
2020-04-29,0.968953665827996,17.1212263078343,16.5896749944468
2020-04-30,0.870933479492593,16.8537071467744,14.6784578076894
2020-05-01,0.779504908064021,16.9874667273043,13.241813689508
2020-05-02,0.701869440083726,16.9874667273043,11.922983760334
2020-05-03,0.674677881642167,16.3186688246546,11.009844913838
2020-05-04,0.634717841682127,15.5161113414748,9.84835270196048
2020-05-05,0.656926725235549,14.981073019355,9.84146723911952
2020-05-06,0.746042371494052,15.114832599885,11.2763055575538
2020-05-07,0.85382298373895,13.9109963751154,11.8775284317827
2020-05-08,0.982614192530159,13.1084388919356,12.8805380971303
2020-05-09,1.10261419253016,12.9746793114057,14.3060655522833
2020-05-10,1.24141289382886,12.9746793114057,16.1069341904736
2020-05-11,1.31694262725333,11.7708430866361,15.5015250195012
2020-05-12,1.31740948066136,11.5033239255762,15.1545879986727
2020-05-13,1.23631388452817,11.5033239255762,14.2217190874149
2020-05-14,1.14107578929007,11.7708430866361,13.4314240656929
2020-05-15,1.03514172335601,11.2358047645163,11.630650307233
2020-05-16,0.946942965592034,10.8345260229264,10.259678202934
2020-05-17,0.891795906768505,10.8345260229264,9.6621859590226
2020-05-18,0.899815956893818,10.7007664423964,9.6287203958622
2020-05-19,1.02863158570945,11.3695643450462,11.6950930010705
2020-05-20,1.12219883717143,11.3695643450462,12.7589118871567
2020-05-21,1.255985685244,11.6370835061061,14.6160103016583
2020-05-22,1.38169997095828,11.904602667166,16.4485891594932
2020-05-23,1.52553782646662,12.4396409892859,18.9771428768202
2020-05-24,1.53604202814729,12.5734005698158,19.3132717119682
2020-05-25,1.47596876807403,13.2421984724656,19.5450713659969
2020-05-26,1.34488556556226,14.1785155361753,19.0684808857023
2020-05-27,1.27246493064162,14.3122751167052,18.2118681637021
2020-05-28,1.19309985127654,13.9109963751154,16.5972077062587
2020-05-29,1.10262366080035,14.0447559556453,15.4860802268612
2020-05-30,1.04828326435469,15.5161113414748,16.2652798471321
2020-05-31,1.07300853907997,15.9173900830647,17.0794954789952
2020-06-01,1.14260560867704,16.8537071467744,19.2571403129047
2020-06-02,1.18642313568784,16.9874667273043,20.1543235420013
2020-06-03,1.2298344657371,17.6562646299541,21.7142827780925
2020-06-04,1.27591741504586,19.1276200157836,24.4052634865181
2020-06-05,1.29612333525178,19.7964179184334,25.658599218478
2020-06-06,1.27339606252451,20.0639370794933,25.5493384757662
2020-06-07,1.25037146807134,20.4652158210832,25.5891219506046
2020-06-08,1.3138635315634,21.5352924653228,28.2944354117398
2020-06-09,1.35690513845006,21.2677733042629,28.8583508799454
2020-06-10,1.40953039376665,22.6053691095625,31.8629548222421
2020-06-11,1.39201887302933,24.6117628175118,34.2600383404979
2020-06-12,1.39544278211361,26.885675686521,37.5174220790032
2020-06-13,1.35749635354218,27.5544735891708,37.4050974210738
2020-06-14,1.3404895508211,29.4271077165902,39.446730404976
2020-06-15,1.23154294187449,30.3634247802999,37.3938614793152
2020-06-16,1.17155455627634,31.7010205855994,37.1394751056692
2020-06-17,1.08920844710097,33.7074142935488,36.7144003784652
2020-06-18,1.07651003440255,35.0450100988483,37.7263050271491
2020-06-19,1.06359449082663,35.3125292599082,37.5582115779927
2020-06-20,1.0850163991422,37.0514038067977,40.2013807416152
2020-06-21,1.07740141284917,38.5227591926272,41.504475180985
2020-06-22,1.07754105815011,39.1915570952769,42.2305119029952
2020-06-23,1.02209888127936,41.5992295448161,42.5185259798399
2020-06-24,0.979241738422219,42.000508286406,41.128650748997
2020-06-25,0.935173233827398,41.8667487058761,39.1526627771132
2020-06-26,0.917479169900458,41.4654699642862,38.0437049623657
2020-06-27,0.88695153596131,40.3953933200466,35.8287561509765
2020-06-28,0.860152756748132,40.3953933200466,34.7462089241631
2020-06-29,0.831874583308668,41.5992295448161,34.6053417435556
2020-06-30,0.833179367517434,41.3317103837562,34.4367283159518
2020-07-01,0.849952643992203,39.7265954173968,33.7657248118249
2020-07-02,0.912630891334697,38.1214804510373,34.7908406830284
2020-07-03,1.05791294698006,38.3889996120972,40.6122197112503
2020-07-04,1.20258414879412,36.7838846457377,44.2357166060357
2020-07-05,1.36262149706677,37.4526825483875,51.0338303632501
2020-07-06,1.47130228995808,38.6565187731571,56.8754245927538
2020-07-07,1.54845555563594,38.6565187731571,59.8579012558402
2020-07-08,1.5761980630028,38.924037934217,61.3519931961603
2020-07-09,1.55813566563006,41.0641912226963,63.9835809243358
2020-07-10,1.45442260850085,42.2680274474659,61.4755747363289
2020-07-11,1.36394641802466,44.4081807359452,60.5703790457841
2020-07-12,1.25673454776931,46.1470552828346,57.9945986517585
2020-07-13,1.1955331571961,47.0833723465443,56.2897327929038
2020-07-14,1.15437786346349,50.1598426987333,57.9034120462285
2020-07-15,1.144061213821,54.038870534102,61.8237758167605
2020-07-16,1.14839787333007,56.5803025641712,64.9766991370661
2020-07-17,1.14176958098749,58.4529366915905,66.7397850338458
2020-07-18,1.15765743145478,60.8606091411297,70.4557364550937
2020-07-19,1.20514707948791,63.2682815906689,76.2475847832133
2020-07-20,1.26374851222259,66.7460306844478,84.3501969742345
2020-07-21,1.30999738567565,67.1473094260376,87.9627998032635
2020-07-22,1.36536407780705,71.8288947445861,98.0725926328415
2020-07-23,1.42596940331304,75.172884257835,107.194232910465
2020-07-24,1.51408763428841,77.4467971268442,117.261237844998
2020-07-25,1.56654880007433,83.0646995091023,130.124905344519
2020-07-26,1.59549901652455,87.4787656665909,139.572284587827
2020-07-27,1.62736131941489,96.173138401038,156.508445400584
2020-07-28,1.67963161351401,105.001270716015,176.363453753762
2020-07-29,1.7063674903465,111.555490161983,190.354661782076
2020-07-30,1.69234521142356,123.058814087559,208.257994744542
2020-07-31,1.62056075149893,134.829657174195,218.499650554557
2020-08-01,1.53662731966131,151.950883482029,233.491878805159
2020-08-02,1.42208545449131,165.460601115555,235.299114137818
2020-08-03,1.30371472527152,175.358810074772,228.617862900571
2020-08-04,1.20470688646702,188.065970225117,226.564369440301
2020-08-05,1.12614855651536,197.830419603804,222.786441471652
2020-08-06,1.06753258950245,208.263666885141,222.328251609169
2020-08-07,1.0240712238241,219.900750391247,225.194030573002
2020-08-08,1.00173676815631,231.939112638943,232.341937103977
2020-08-09,0.988755054816659,237.690774601731,235.017954870748
2020-08-10,0.99903674261407,243.977474886639,243.742461781954
2020-08-11,0.993118757159347,247.321464399888,245.619585343646
2020-08-12,1.00191718833042,254.009443426385,254.496427367138
2020-08-13,0.990806453158393,254.143203006915,251.806725565595
2020-08-14,1.0190279905043,258.824788325464,263.749703939997
2020-08-15,1.02748257604221,253.474405104266,260.440534717299
2020-08-16,1.06222647230518,252.538088040556,268.252642382016
2020-08-17,1.06736165834652,255.480798812215,272.690409095899
2020-08-18,1.08911069462374,260.831182033413,284.074029843942
2020-08-19,1.09243977134864,260.831182033413,284.942356861178
2020-08-20,1.11931620211188,262.971335321892,294.34807631679
2020-08-21,1.14138915098151,265.245248190902,302.748048634494
2020-08-22,1.17594149931811,263.640133224542,310.025373544494
2020-08-23,1.19202022765145,275.544735891708,328.454898805793
2020-08-24,1.18586783965771,280.761359532377,332.945866888021
2020-08-25,1.15430858669188,292.398443038483,337.518033534656
2020-08-26,1.11604287745462,297.748826259681,332.300456817591
2020-08-27,1.08373867372185,304.838084027769,330.364820884164
2020-08-28,1.05852756231965,304.838084027769,322.679513988107
2020-08-29,1.04229720387921,307.513275638368,320.520227353608
2020-08-30,1.0523771449724,315.538850470165,332.065874585664
2020-08-31,1.07913100111674,323.698184882492,349.312746311916
2020-09-01,1.12110375953638,333.997672583299,374.446046409536
2020-09-02,1.14954483378235,337.876700418667,388.404415421707
2020-09-03,1.18629814834917,346.437313572585,410.977943610218
2020-09-04,1.19800505194752,354.864167145972,425.129064996022
2020-09-05,1.20741574603404,363.959818622009,439.450815927908
2020-09-06,1.17025858185346,369.042682682147,431.875366479005
2020-09-07,1.15240404702068,383.622476959912,442.088094976702
2020-09-08,1.1235372644043,386.163908989981,433.869541918275
2020-09-09,1.11973096881392,393.119407177539,440.187974658459
2020-09-10,1.09265947569362,400.342424526157,437.437943680665
2020-09-11,1.08084824898846,414.788459223392,448.323379852224
2020-09-12,1.04644074777598,427.495619373738,447.34883560841
2020-09-13,1.03061822161248,436.189992108185,449.545353951701
2020-09-14,1.00701392644342,444.483086101042,447.6006577723
2020-09-15,1.00219665642691,446.623239389521,447.604317198735
2020-09-16,1.00191443063703,454.247535479729,455.117160878445
2020-09-17,1.00551974770881,454.648814221319,457.158360971932
2020-09-18,1.00461578757739,460.400476184107,462.5255869827
2020-09-19,1.01019534963194,464.547023180535,469.283242502339
2020-09-20,1.01710142698001,470.967483045973,479.021699067242
2020-09-21,1.02785854128476,465.483340244245,478.451027095806
2020-09-22,1.0545259115079,468.693570176964,494.249514308756
2020-09-23,1.09215477496545,469.897406401734,513.200696145535
2020-09-24,1.14442878893035,470.566204304383,538.529511303617
2020-09-25,1.1849529413948,476.852904589291,565.048251905735
2020-09-26,1.20836962514147,490.897660544937,593.18582205551
2020-09-27,1.23158690083898,502.668503631573,619.079944536975
2020-09-28,1.23981474894024,515.375663781918,638.97034920169
2020-09-29,1.23209002863841,524.070036516365,645.701466299984
2020-09-30,1.19129255609134,532.496890089753,634.359581305713
2020-10-01,1.16167992220971,560.586402001043,651.221967868393
2020-10-02,1.1217510078405,571.28716844344,640.841956967772
2020-10-03,1.11066257246635,587.338318107034,652.334687296817
2020-10-04,1.08840751918594,590.147269298164,642.320725331174
2020-10-05,1.10924261880443,623.052126108533,691.115972016295
2020-10-06,1.11821264306919,639.504554513717,715.102078157571
2020-10-07,1.1280767600006,653.549310469362,737.253788654906
2020-10-08,1.10168339425231,679.899947833764,749.034482281466
2020-10-09,1.08671985091097,696.352376238948,756.739950487887
2020-10-10,1.06575700423383,712.938564224663,759.819268410847
2020-10-11,1.04681187761575,710.530891775123,743.792176923111
2020-10-12,1.01139465548187,720.83037947593,729.043993310922
2020-10-13,0.979009938038466,734.206337528925,718.795301011642
2020-10-14,0.967244097638514,745.308382712912,720.895134099571
2020-10-15,0.957669251217149,739.824239911184,708.50692586804
2020-10-16,0.961197296892027,749.58868928987,720.502621926261
2020-10-17,0.958637910641654,744.104546488142,713.326827744348
2020-10-18,0.971643001986368,758.149302443788,736.650464180353
2020-10-19,0.969998145905453,749.45492970934,726.969892257762
2020-10-20,0.972047610090406,753.200197964179,732.146452350701
2020-10-21,0.956448239396106,750.52500635358,717.838320949633
2020-10-22,0.956007821430821,741.964393199663,709.323763122051
2020-10-23,0.946443229674952,735.276414173165,695.897384133868
2020-10-24,0.944409379704182,717.085111221091,677.221905083415
2020-10-25,0.926622742568708,719.091504929041,666.326542455207
2020-10-26,0.91383270793251,716.550072898971,654.806893486504
2020-10-27,0.89827310352307,703.040355265446,631.522241826254
2020-10-28,0.898435392598662,696.084857077888,625.387271850756
2020-10-29,0.894805150041673,681.906341541713,610.173306257601
2020-10-30,0.900944923723407,667.059028102888,600.983445193166
2020-10-31,0.910165972608077,665.186393975468,605.430021238342
2020-11-01,0.922535330527615,652.612993405653,602.0585435781
2020-11-02,0.931031045897604,641.243429060606,597.017540433262
2020-11-03,0.938568827822285,625.326038977542,586.911527409904
2020-11-04,0.950064654719301,622.383328205883,591.304401814972
2020-11-05,0.951722279794648,606.332178542288,577.059843275122
2020-11-06,0.942459603143022,594.160056714062,559.971851254171
2020-11-07,0.92025633347411,591.351105522933,544.194600164396
2020-11-08,0.897074618169344,583.325530691136,523.28652771318
2020-11-09,0.866918715128934,563.930391514292,488.881810433727
2020-11-10,0.835140661721667,554.032182555076,462.694803554145
2020-11-11,0.806809242880363,542.127579887909,437.393542273928
2020-11-12,0.788860890987974,528.751621834914,417.111475512026
2020-11-13,0.789861172757486,516.579500006688,408.026089697758
2020-11-14,0.804469358938459,497.719399151964,400.400005967015
2020-11-15,0.837260411302465,484.343441098969,405.521588706174
2020-11-16,0.884144838814636,467.222214791134,413.092109787125
2020-11-17,0.935299831363071,455.986410026618,426.484012401748
2020-11-18,0.979622965855697,440.336539104613,431.363786412294
2020-11-19,1.01335734218424,430.304570564867,436.052295957344
2020-11-20,1.03682792549665,425.087946924198,440.743054163047
2020-11-21,1.04034075005811,408.903037680074,425.398492921127
2020-11-22,1.02704823273277,401.546260750926,412.407377464689
2020-11-23,0.997298319302155,393.386926338599,392.324120472925
2020-11-24,0.959552973094936,385.896389828921,370.288028166944
2020-11-25,0.935458553226125,384.023755701502,359.23830691299
2020-11-26,0.927194251129265,379.877208705073,352.219964046376
2020-11-27,0.940860561930492,376.666978772355,354.391105308418
2020-11-28,0.959373341694196,371.851633873276,356.744544603452
2020-11-29,0.999397266953203,375.596902128115,375.370517462928
2020-11-30,1.01416624960264,377.603295836064,382.952518375659
2020-12-01,1.02158581456876,378.004574577654,386.16411123063
2020-12-02,1.00198869856215,377.603295836064,378.354234967558
2020-12-03,0.986011994981072,377.068257513944,371.793824835361
2020-12-04,0.969966546295162,365.698693168898,354.71549839769
2020-12-05,0.983028308498326,361.01710785035,354.890036869087
2020-12-06,1.00410431799356,354.997926726502,356.454951104842
2020-12-07,1.04820269749017,353.392811760142,370.427298560617
2020-12-08,1.10155325378366,359.14447372293,395.616763607914
2020-12-09,1.13995504743928,357.673118337101,407.731276581724
2020-12-10,1.16305954279421,365.832452749428,425.484925234036
2020-12-11,1.1570572004924,369.042682682147,427.003493286409
2020-12-12,1.15394030770473,380.010968285603,438.509973674663
2020-12-13,1.13435800912557,375.463142547585,425.909622880308
2020-12-14,1.13306338538197,375.998180869705,426.029771713689
2020-12-15,1.13399621071885,382.017361993553,433.2062409295
2020-12-16,1.16381959547181,392.718128435949,457.053053370774
2020-12-17,1.1886252316687,403.686414039406,479.831857409096
2020-12-18,1.19978828743743,416.393574189751,499.584133277074
2020-12-19,1.17540632238985,432.177204692286,507.983818788085
2020-12-20,1.13586580889953,450.50226722489,511.710122172473
2020-12-21,1.08466619790591,465.617099824775,505.039129346915
2020-12-22,1.03568343270304,467.222214791134,483.894307249998
2020-12-23,1.00916114693516,473.508915076042,477.846799822161
2020-12-24,1.01457989524329,475.649068364522,482.583981953847
2020-12-25,1.0553579321959,482.604566552079,509.320557424702
2020-12-26,1.07735319376983,489.158785998047,526.996780355567
2020-12-27,1.09786368498737,513.369270073969,563.609478602685
2020-12-28,1.09861477712182,529.554179318094,581.776046685478
2020-12-29,1.10548087502998,535.439600861412,591.918238485974
2020-12-30,1.09329248766817,530.624255962333,580.127512818131
2020-12-31,1.09774324029325,535.038322119822,587.334701404876
2021-01-01,1.09705463643334,537.981032891481,590.194586446798
2021-01-02,1.1311057712433,545.070290659569,616.5321514983
2021-01-03,1.14219605996113,552.560827169246,631.132799681574
2021-01-04,1.16118219260324,567.006861866481,658.398271083205
2021-01-05,1.15214364760778,581.987934885836,670.533702163087
2021-01-06,1.14060174325045,596.969007905191,680.903891083156
2021-01-07,1.08839078812295,606.733457283878,660.363105753763
2021-01-08,1.03307970208798,615.294070437795,635.64781498438
2021-01-09,0.973970238936762,618.504300370514,602.404781215285
2021-01-10,0.958143797392898,618.236781209454,592.359737235989
2021-01-11,0.952463125632292,618.905579112104,589.484742352378
2021-01-12,0.963073588793302,622.517087786413,599.529765819615
2021-01-13,0.961718916890791,635.491767097818,611.164453946329
2021-01-14,0.961000391744656,638.033199127888,613.150154307996
2021-01-15,0.949063330701619,644.988697315445,612.135121339095
2021-01-16,0.939391777655143,640.173352416367,601.373583533863
2021-01-17,0.92199760214637,628.670028490791,579.632258809799
2021-01-18,0.907248013123111,616.364147082035,559.195147800497
2021-01-19,0.900597317242574,607.669774347588,547.265768546837
2021-01-20,0.898508945367033,599.2429207742,538.425124763487
2021-01-21,0.895518161265113,593.089980069822,531.12284841689
2021-01-22,0.888217433442604,580.784098661067,515.862561497008
2021-01-23,0.888476849625632,579.580262436297,514.943645674598
2021-01-24,0.885699970698923,562.325276547933,498.051480961768
2021-01-25,0.884852888699416,550.821952622357,487.396395936945
2021-01-26,0.868114750097454,539.58614785784,468.422693903657
2021-01-27,0.853770109460739,527.547785610144,450.404530666143
2021-01-28,0.84132808375135,515.776942523508,433.937626696434
2021-01-29,0.843064939877086,498.789475796204,420.51191942345
2021-01-30,0.84660457761668,483.139604874199,409.028201114411
2021-01-31,0.859568805868207,469.897406401734,403.909152501306
2021-02-01,0.869438264273127,456.387688768208,396.800919958255
2021-02-02,0.88863115577354,445.285643584222,395.694696107612
2021-02-03,0.900084275776306,432.712243014406,389.477485873163
2021-02-04,0.910176030727678,421.0751595083,383.252517319288
2021-02-05,0.909519852606932,410.909431388023,373.730285470833
2021-02-06,0.911255481656081,398.737309559797,363.351559077163
2021-02-07,0.902515266794425,387.902783536871,350.088184174079
2021-02-08,0.891984382528838,376.666978772355,335.981062479262
2021-02-09,0.870907815997726,366.635010232608,319.305296029985
2021-02-10,0.852937190818953,357.138080014981,304.616350702452
2021-02-11,0.837962872286606,348.042428538944,291.646633096099
2021-02-12,0.826934715290019,338.144219579727,279.623193945128
2021-02-13,0.813330346394944,331.59000013376,269.69220966989
2021-02-14,0.811223831842265,321.290512432953,260.638520630425
2021-02-15,0.833070107009223,311.258543893206,259.300188468649
2021-02-16,0.872215688234013,299.48770080657,261.217871076625
2021-02-17,0.909402759115155,287.984376880994,261.893786917635
2021-02-18,0.933717881618471,281.831436176616,263.151051560321
2021-02-19,0.94917943509232,278.888725404957,264.715442833494
2021-02-20,0.950209648665835,271.933227217399,258.393576294812
2021-02-21,0.941048409220024,263.238854482952,247.720505256084
2021-02-22,0.919707257951644,253.608164684796,233.245269736402
2021-02-23,0.902481555789591,245.983868594588,221.995904428386
2021-02-24,0.90683374433979,238.092053343321,215.909908230873
2021-02-25,0.938760096865318,234.480544669012,220.120978826514
2021-02-26,0.983681650640304,230.467757253113,226.706903874111
2021-02-27,1.02817193548849,228.060084803574,234.484978800159
2021-02-28,1.05928952082548,230.467757253113,244.132080146373
2021-03-01,1.07021530087138,229.397680608874,245.504907772021
2021-03-02,1.05382692734014,230.735276414173,243.155047372527
2021-03-03,1.00476781847546,230.333997672583,231.432188362213
2021-03-04,0.940012906684589,226.856248578804,213.247801626124
2021-03-05,0.871347069917435,223.378499485026,194.64020100883
2021-03-06,0.826217255647287,216.824280039058,179.143961611569
2021-03-07,0.788865277819118,211.34013723733,166.718896076057
2021-03-08,0.783906317490801,210.80509891521,165.251448798906
2021-03-09,0.801085148049913,206.658551918781,165.551096659637
2021-03-10,0.842440452348419,204.384639049772,172.181887774158
2021-03-11,0.878739294145543,197.562900442744,173.606283684403
2021-03-12,0.929766621502998,195.021468412675,181.324451806607
2021-03-13,0.960195883493152,193.817632187905,186.102892575217
2021-03-14,0.992071490878964,185.658297775578,184.186304268268
2021-03-15,1.00166532841398,179.23783791014,179.536327774472
2021-03-16,1.00689454544277,172.951137625232,174.143557102968
2021-03-17,1.00109774296727,168.002033145624,168.186456195996
2021-03-18,1.0027701010461,166.664437340324,167.126114672549
2021-03-19,0.986772397616907,163.052928666016,160.896129358223
2021-03-20,0.99072075924038,162.116611602306,160.612292532114
2021-03-21,1.00662746477974,162.651649924426,163.729618005666
2021-03-22,1.05411224381532,160.377737055417,169.056136265509
2021-03-23,1.09934488886811,160.377737055417,176.310445520106
2021-03-24,1.14408514860837,161.447813699656,184.710045929067
2021-03-25,1.17817669029869,166.798196920854,196.517747596002
2021-03-26,1.20842904663801,169.740907692513,205.119843258334
2021-03-27,1.2269317188292,171.613541819933,210.558097839498
2021-03-28,1.24863888393824,174.823771752652,218.291759247104
2021-03-29,1.25130749959387,178.034001685371,222.775281491612
2021-03-30,1.24945494038837,182.849346584449,228.462019436725
2021-03-31,1.25170234479455,191.944998060486,240.258004143895
2021-04-01,1.27183943873649,199.836813311753,254.160340481309
2021-04-02,1.29444183633889,205.320956113482,265.776035470391
2021-04-03,1.31194334777244,213.212771364749,279.723077052108
2021-04-04,1.30948312642868,225.518652773505,295.312870501834
2021-04-05,1.29149614669055,242.238600339749,312.850218918499
2021-04-06,1.26541460296195,256.550875456455,324.64322420527
2021-04-07,1.22876707486993,265.379007771432,326.088987111187
2021-04-08,1.19575047843,273.939620925349,327.563432782418
2021-04-09,1.17519861155882,283.436551142976,333.094241368245
2021-04-10,1.17069165917246,296.143711293321,346.692972727468
2021-04-11,1.16509677659463,306.710718155188,357.347669069634
2021-04-12,1.18194996948469,324.500742365672,383.543642536865
2021-04-13,1.19515826499592,336.940383354958,402.697083977572
2021-04-14,1.21530005665234,347.507390216824,422.325751017614
2021-04-15,1.21377128845854,360.21455036717,437.218078920672
2021-04-16,1.21499786129725,379.208410802424,460.737408110873
2021-04-17,1.19245332841437,389.10661976164,463.991483842832
2021-04-18,1.18065047357612,399.272347881917,471.401086612636
2021-04-19,1.15235452709836,411.310710129613,473.9757588619
2021-04-20,1.14026548270638,427.228100212678,487.153455914737
2021-04-21,1.12414454337714,440.336539104613,495.001917684026
2021-04-22,1.10997613117097,452.776180093899,502.570752666997
2021-04-23,1.08875718552955,465.617099824775,506.943963139653
2021-04-24,1.07541338647146,473.910193817632,509.649366416768
2021-04-25,1.065461579481,492.369015930766,524.600269401101
2021-04-26,1.05657461541137,498.388197054614,526.584317628546
2021-04-27,1.07576760478373,510.96159762443,549.675934012903
2021-04-28,1.09661536089886,518.318374553577,568.395891371583
2021-04-29,1.1266037290383,523.668757774776,589.967175289917
2021-04-30,1.12790510148767,532.630649670283,600.756826971806
2021-05-01,1.14375582379907,560.720161581573,641.32695033048
2021-05-02,1.14051691734568,568.344457671781,648.206468854324
2021-05-03,1.14387233463162,574.631157956689,657.304684203991
2021-05-04,1.12208644760238,576.771311245168,647.187271714057
2021-05-05,1.12531246069448,596.835248324661,671.626141921426
2021-05-06,1.12906426444628,610.880004280307,689.722782697687
2021-05-07,1.1470258766939,620.510694078463,711.741822873287
2021-05-08,1.15895117162169,637.364401225238,738.674219549948
2021-05-09,1.19031594956313,649.001484731344,772.516818565874
2021-05-10,1.22999044420183,683.912735249662,841.206129025019
2021-05-11,1.25658164711617,698.225010366367,877.376733583873
2021-05-12,1.26732003729647,727.518358502428,921.998593231161
2021-05-13,1.26764824976994,757.079225799548,959.710155521977
2021-05-14,1.27587182599149,783.831141905539,1000.06807029202
2021-05-15,1.26385211127331,807.372828078811,1020.39985335211
2021-05-16,1.23995613540815,843.889193563489,1046.38558316368
2021-05-17,1.19225508404345,884.953384786185,1055.09017215279
2021-05-18,1.15148616201537,925.482537686762,1065.68033533318
2021-05-19,1.09767701059104,949.559262182154,1042.30937229114
2021-05-20,1.03891823397272,981.394042348283,1019.58816530783
2021-05-21,0.973027395491888,1004.93572852156,977.829994560073
2021-05-22,0.921567183283821,1027.13981888953,946.578349732676
2021-05-23,0.882401312634525,1041.45209400623,918.978694797075
2021-05-24,0.860373961004736,1032.75772127179,888.557851408831
2021-05-25,0.846340904532035,1050.54774548227,889.121529165555
2021-05-26,0.839384655754747,1043.9935260363,876.312146462166
2021-05-27,0.834907025836024,1032.89148085232,862.368354289774
2021-05-28,0.834870091903663,1027.27357847006,857.639986867502
2021-05-29,0.836071262441965,996.508874948168,833.152433112537
2021-05-30,0.834412418250356,972.164631291716,811.186240933587
2021-05-31,0.8311908033622,941.266168189297,782.371782514921
2021-06-01,0.831216444916135,909.030109281577,755.600775758758
2021-06-02,0.832712835763393,879.603001564987,732.456709779173
2021-06-03,0.830906245446071,839.34136782547,697.413984587431
2021-06-04,0.832548649257463,818.207354101737,681.197427469924
2021-06-05,0.825613220048665,785.436256871899,648.466557178979
2021-06-06,0.82585687552756,758.951859926967,626.785611715116
2021-06-07,0.82005797090051,734.072577948396,601.982068766068
2021-06-08,0.82125870158402,699.295087010607,574.302175182416
2021-06-09,0.819062992819421,673.880766709916,551.950797584869
2021-06-10,0.83363297946931,653.415550888832,544.708752519038
2021-06-11,0.841593603863875,622.383328205883,523.793828169582
2021-06-12,0.862430894226185,606.599697703348,523.150319727632
2021-06-13,0.869744746971797,583.994328593786,507.925999555767
2021-06-14,0.884649773694317,564.599189416942,499.472545145692
2021-06-15,0.887156296016507,544.535252337449,483.087877514105
2021-06-16,0.899063395955474,526.210189804845,473.096320232318
2021-06-17,0.902167401580413,514.171827557149,463.869061633085
2021-06-18,0.922479725545794,493.171573413946,454.940777689884
2021-06-19,0.94432897523014,481.93576864943,455.105910535465
2021-06-20,0.980457897853908,470.833723465443,461.632642747656
2021-06-21,1.00913148399317,460.266716603577,464.469634758831
2021-06-22,1.03605605695125,456.120169607148,472.566064419115
2021-06-23,1.05066396060461,454.247535479729,477.261514722014
2021-06-24,1.06277630314416,449.83346932224,478.0723515568
2021-06-25,1.05490689374719,449.030911839061,473.685804404612
2021-06-26,1.03423152048823,446.489479808991,461.773493584853
2021-06-27,0.999947642806025,447.559556453231,447.536123490718
2021-06-28,0.9663462540769,444.884364842632,429.912339463058
2021-06-29,0.940573754851542,445.419403164752,418.949800518403
2021-06-30,0.919874131132845,441.406615748853,406.038527138266
2021-07-01,0.907757126153909,439.266462460374,398.747261578823
2021-07-02,0.910067257713741,440.069019943553,400.492406184803
2021-07-03,0.929898790027936,438.731424138254,407.975820453395
2021-07-04,0.946209529737004,434.049838819705,410.702093872016
2021-07-05,0.967189909073638,434.451117561295,420.19673689105
2021-07-06,0.988861871421694,429.368253501157,424.585894686218
2021-07-07,1.01764443022835,427.495619373738,435.038536002702
2021-07-08,1.04510651262228,420.80764034724,439.788805488116
2021-07-09,1.07117006752346,416.259814609221,445.885053722262
2021-07-10,1.09531202203989,419.20252538088,459.157565719162
2021-07-11,1.1144128737627,416.661093350811,464.332486426185
2021-07-12,1.12658144391756,419.737563703,472.868550582964
2021-07-13,1.12735546876203,422.278995733069,476.058535183015
2021-07-14,1.12274638374334,429.635772662217,482.37201008328
2021-07-15,1.10708487837336,434.049838819705,480.530013017691
2021-07-16,1.08723722962276,440.069019943553,478.45942208623
2021-07-17,1.05510561976621,448.763392678001,473.492777559907
2021-07-18,1.02388336924671,454.113775899199,464.959542889019
2021-07-19,1.00288592087873,460.935514506227,462.265737931289
2021-07-20,0.98669060679201,467.891012693784,461.663667227358
2021-07-21,0.976399944121059,468.559810596434,457.501772883732
2021-07-22,0.965741780584238,471.502521368093,455.34968453598
2021-07-23,0.96925531879825,481.66824948837,466.859512712844
2021-07-24,0.973015652904843,477.655462072471,464.76624129201
2021-07-25,0.991047776949275,480.06313452201,475.765502263339
2021-07-26,0.997254103524652,477.789221653001,476.477261913305
2021-07-27,1.0040245066827,479.52809619989,481.457960227591
2021-07-28,0.996516234199442,478.458019555651,476.79118387012
2021-07-29,0.989772667207428,479.26057703883,474.359019623094
2021-07-30,0.963795641989211,478.458019555651,461.135754122525
2021-07-31,0.936112068702198,468.024772274314,438.123637777583
2021-08-01,0.904153610212478,468.024772274314,423.166287520694
2021-08-02,0.880883980752036,463.744465697356,408.505070995212
2021-08-03,0.857035377956065,453.578737577079,388.733024792206
2021-08-04,0.84076261737259,450.23474806383,378.540545214234
2021-08-05,0.822511730061143,445.018124423162,366.03262742786
2021-08-06,0.814977515587952,431.909685531226,351.996682472612
2021-08-07,0.808113349967101,425.890504407378,344.167802235825
2021-08-08,0.811751430541124,415.992295448161,337.682340924131
2021-08-09,0.805489130904615,399.807386204037,322.040504042735
2021-08-10,0.813113386559125,387.233985634221,314.865137449829
2021-08-11,0.821673685387794,373.724268000696,307.079396606987
2021-08-12,0.840497242417968,359.81327162558,302.422062586687
2021-08-13,0.852437358637242,343.762121961986,293.035675244808
2021-08-14,0.884572704165527,336.004066291248,297.220025529862
2021-08-15,0.914042582053514,322.226829496663,294.529043240047
2021-08-16,0.941808394702333,307.111996896778,289.240656791182
2021-08-17,0.957577057177583,301.22657535346,288.447657570647
2021-08-18,0.964961623101545,292.799721780073,282.54049477258
2021-08-19,0.956889601198696,288.653174783644,276.209221303459
2021-08-20,0.926786569128151,278.487446663367,258.098425238401
2021-08-21,0.878116378575823,273.939620925349,240.550867875401
2021-08-22,0.827074836805897,268.589237704151,222.143399941981
2021-08-23,0.780457915319319,261.098701194473,203.77654802682
2021-08-24,0.732793091374172,250.531694332607,183.5878947772
2021-08-25,0.698176199418972,242.907398242399,169.592164115629
2021-08-26,0.684815666146935,236.888217118551,162.2247622084
2021-08-27,0.686862827185643,228.060084803574,156.64599461638
2021-08-28,0.707341630178162,217.493077941708,153.841908303754
2021-08-29,0.72859535045786,209.33374352938,152.519592229445
2021-08-30,0.769628881386861,199.569294150694,153.594292616364
2021-08-31,0.782305545343849,187.129653161408,146.39256536644
2021-09-01,0.789346594136752,178.435280426961,140.847280878858
2021-09-02,0.777241052619446,166.396918179265,129.330515838283
2021-09-03,0.789393774850556,159.173900830647,125.650886434392
2021-09-04,0.789596155802937,144.727866133412,114.276566736504
2021-09-05,0.815530314340099,134.294618852075,109.521332726617
2021-09-06,0.827545212814207,128.542956889287,106.375108614713
2021-09-07,0.87286341834368,122.791294926499,107.180029432391
2021-09-08,0.900940686986986,117.307152124771,105.686786223778
2021-09-09,0.919234158221634,111.421730581453,102.42266071864
2021-09-10,0.90821960886122,109.147817712444,99.1301883108513
2021-09-11,0.882117614009225,106.606385682375,94.0393705762834
2021-09-12,0.821379694210903,102.727357847006,84.3781657754676
2021-09-13,0.757199539390354,97.7782533673974,74.0376484121866
2021-09-14,0.696215313423868,93.8992255320287,65.3740787340398
2021-09-15,0.668109247581953,87.077486925001,58.1772742707897
2021-09-16,0.683025213968507,84.001016572812,57.3748123182171
2021-09-17,0.717348034005613,78.9181525126737,56.6117815523216
2021-09-18,0.772319076476656,77.3130375463143,59.7103337573744
2021-09-19,0.815105237683869,75.3066438383649,61.3828398250449
2021-09-20,0.865615441765502,72.096413905646,62.4077691726442
2021-09-21,0.895766315973083,67.6823477481575,60.6275672987761
2021-09-22,0.929449108276565,64.2045986543786,59.6749069665669
2021-09-23,0.924317745386581,60.7268495605998,56.1309046702837
2021-09-24,0.911895385138134,57.7841387889408,52.6930894958165
2021-09-25,0.858854844597594,54.7076684367518,46.9859460735431
2021-09-26,0.828361945683642,52.7012747288025,43.6557304743589
2021-09-27,0.805147659969356,50.0260831182033,40.2783837600539
2021-09-28,0.833018028348531,47.4846510881342,39.5555704262555
2021-09-29,0.883061034056561,45.8795361217747,40.5144306097297
2021-09-30,0.98691207349641,45.076978638595,44.4870144551692
2021-10-01,1.07933443374486,44.943219058065,48.5087638927077
2021-10-02,1.18076490402779,45.3444977996549,53.5411915925977
2021-10-03,1.23830458656747,45.076978638595,55.819029396776
2021-10-04,1.25616172942461,43.8731424138254,55.1117624498432
2021-10-05,1.21336824629444,44.1406615748853,53.5588771253949
2021-10-06,1.14368396232444,45.076978638595,51.5538175390025
2021-10-07,1.01684441713747,45.2107382191249,45.9722867527807
2021-10-08,0.904294688385206,43.7393828332954,39.5532915693961
2021-10-09,0.819259889427525,43.0705849306457,35.2860026478596
2021-10-10,0.805371000538636,42.6693061890558,34.3646218177693
2021-10-11,0.812074747611236,41.8667487058761,33.9989293886273
2021-10-12,0.849561255385675,42.8030657695857,36.3638262895649
2021-10-13,0.897090229144157,43.4718636722355,38.9981841430493
2021-10-14,0.962437700686836,42.8030657695857,41.1952842016275
2021-10-15,1.0075187577599,42.2680274474659,42.5858305068322
2021-10-16,1.04670122096015,41.3317103837562,43.2619517230491
2021-10-17,1.09006856789893,41.1979508032263,44.9085912324434
2021-10-18,1.15615893847339,40.1278741589866,46.3942003908477
2021-10-19,1.2337853343391,39.1915570952769,48.353968374066
2021-10-20,1.32338267512628,37.9877208705074,50.2722916675625
2021-10-21,1.40378545770824,39.3253166758069,55.2043076692691
2021-10-22,1.46561812155965,42.4017870279959,62.1448274547437
2021-10-23,1.48817451253709,43.7393828332954,65.0918347266128
2021-10-24,1.45909287988403,45.6120169607148,66.5521691845288
2021-10-25,1.42485696329518,48.8222468934337,69.5647184498253
2021-10-26,1.36384028434015,50.4273618597932,68.7748675373841
2021-10-27,1.29259853567905,53.7713513730421,69.5047700462778
2021-10-28,1.21544434066771,55.9115046615214,67.9573219190624
2021-10-29,1.19562580304095,59.5230133358302,71.1672506190693
2021-10-30,1.1911746752214,61.5294070437795,73.2922714519396
2021-10-31,1.23829246970762,65.2746752986183,80.829138884889
2021-11-01,1.24582640115459,69.153703133987,86.1535091019282
2021-11-02,1.24675809905395,73.5677692914755,91.7212121934797
2021-11-03,1.20918951543274,77.4467971268442,93.6478550896262
2021-11-04,1.17451109861146,81.192065381683,95.3609819099742
2021-11-05,1.10331358446916,83.1984590896323,91.7939901204933
2021-11-06,1.0368088795932,84.001016572812,87.0929998775472
2021-11-07,0.945683414924819,86.6762081834111,81.9682525476228
2021-11-08,0.885940755094619,87.7462848276508,77.7380098369564
2021-11-09,0.854386667058057,88.4150827303006,75.5406678516039
2021-11-10,0.839349073073095,87.7462848276508,73.6497628356964
2021-11-11,0.874845942275321,88.8163614718904,77.7006334413415
2021-11-12,0.922974999450858,87.4787656665909,80.7407136930835
2021-11-13,0.987813844762656,88.5488423108305,87.4697723723437
2021-11-14,1.03063103875435,87.211246505531,89.8826175770568
2021-11-15,1.08076115791611,88.8163614718904,95.9892736662557
2021-11-16,1.120254436307,87.4787656665909,97.9984753206588
2021-11-17,1.17084967440224,85.8736507002314,100.545135962097
2021-11-18,1.20395979344986,84.5360548949319,101.778011190368
2021-11-19,1.2597237991427,84.4022953144019,106.323580109823
2021-11-20,1.30959600791322,88.4150827303006,115.788039382918
2021-11-21,1.33986811675675,88.2813231497706,118.285330193477
2021-11-22,1.36788610361251,92.4278701461992,126.430799159488
2021-11-23,1.37738797107291,97.3769746258076,134.125873509059
2021-11-24,1.37308589479216,101.389762041706,139.2168521358
2021-11-25,1.32159516575718,105.937587779725,140.006603881661
2021-11-26,1.25000973978506,113.294364708872,141.619059348851
2021-11-27,1.1783048975106,117.440911705301,138.381201430465
2021-11-28,1.14029469342896,122.925054507029,140.170787343831
2021-11-29,1.08170479401371,124.663929053918,134.849569698209
2021-11-30,1.03506072498158,130.683110177766,135.264954763447
2021-12-01,0.981933347999547,137.504848784794,135.020596533424
2021-12-02,0.957678264875669,140.447559556453,134.503575142046
2021-12-03,0.939727793715097,142.855232005992,134.24503199365
2021-12-04,0.936770359731538,142.186434103343,133.196037023933
2021-12-05,0.963784786191778,143.657789489172,138.455191927605
2021-12-06,1.01374953051084,145.262904455532,147.260201192436
2021-12-07,1.07181399268489,146.734259841361,157.271832904231
2021-12-08,1.12624296003903,146.332981099771,164.806489785141
2021-12-09,1.18434939937558,149.27569187143,176.794576009303
2021-12-10,1.23426334085579,149.40945145196,184.410608704527
2021-12-11,1.26204000164843,151.54960474044,191.261663416443
2021-12-12,1.26039039853688,155.027353834218,195.394988283229
2021-12-13,1.25968206760467,159.976458313827,201.519475776834
2021-12-14,1.25249200614528,163.454207407606,204.725088148838
2021-12-15,1.2494325379518,163.855486149195,204.726375916716
2021-12-16,1.26112885957243,172.014820561523,216.932854484309
2021-12-17,1.30326960967778,182.448067842859,237.779022164029
2021-12-18,1.36808604910847,187.932210644587,257.107435560975
2021-12-19,1.45746852154493,197.830419603804,288.33160917657
2021-12-20,1.56667172402225,210.93885849574,330.471945102805
2021-12-21,1.69709056710083,228.996401867284,388.627633508999
2021-12-22,1.83060911333546,250.397934752077,458.38074131753
2021-12-23,1.94186459467351,271.933227217399,528.057506048774
2021-12-24,2.02414127111324,302.029132836639,611.349632853185
2021-12-25,2.06629514935592,336.539104613368,695.389119431188
2021-12-26,2.07465379692319,388.97286018111,806.984021274815
2021-12-27,2.02798047518669,442.476692393093,897.334092898378
2021-12-28,1.98782216233028,499.993312020974,993.897786652212
2021-12-29,1.97829655420219,560.051363678924,1107.94768294225
2021-12-30,2.04064533748736,631.61273926245,1288.89759147353
2021-12-31,2.09540374556591,717.620149543211,1503.70394924641
2022-01-01,2.14073915551456,847.099423496208,1813.41890449214
2022-01-02,2.10542412330714,1006.0058051658,2118.06889038309
2022-01-03,2.03221194042615,1209.05284841027,2457.05163514559
2022-01-04,1.89229325279031,1379.99759232755,2611.36013282829
2022-01-05,1.70370330229559,1539.03773357767,2622.0636690538
2022-01-06,1.43784839963365,1673.5998715908,2406.38289699392
2022-01-07,1.17053515590564,1784.62032343067,2088.96082851928
2022-01-08,0.947454447640126,1896.71085191477,1797.04713253394
2022-01-09,0.814114169959517,1962.65432511604,1597.8246968093
2022-01-10,0.754491323013034,2040.50240098447,1539.54135613005
2022-01-11,0.744858892724421,2089.19088829737,1556.15241174713
2022-01-12,0.772086150211173,2130.79011784219,1645.15353899279
2022-01-13,0.81933642355632,2151.79037198539,1763.04022762544
2022-01-14,0.886160394325984,2169.44663661535,1922.47768697224
2022-01-15,0.938107070458263,2146.84126750579,2013.96697219876
2022-01-16,0.964439616630389,2095.07630984069,2020.57459307417
2022-01-17,0.951180141659469,2017.09447439173,1918.62020789246
2022-01-18,0.908080324148269,1949.5458862241,1770.34426030431
2022-01-19,0.833552355144319,1863.00343762122,1552.91090307113
2022-01-20,0.737704370159388,1778.19986356523,1311.7858103689
2022-01-21,0.617514384381983,1692.59373202606,1045.20097644087
2022-01-22,0.496028472494349,1583.04463557202,785.235212473164
2022-01-23,0.413695683652445,1497.70602319391,619.594517175589
2022-01-24,0.367862250886923,1396.71753989379,513.799658078576
2022-01-25,0.340052833858375,1292.38506708043,439.479204496947
2022-01-26,0.324200312169424,1181.89965356269,383.172236637958
