"fecha","rho7dpromedio","incidenciaAcum14d","riesgopor10"
2020-01-29,0.5,0.540900166056351,0.270450083028175
2020-01-30,0.4,0.540900166056351,0.21636006642254
2020-01-31,0.333333333333333,0.540900166056351,0.180300055352117
2020-02-01,0.285714285714286,0.540900166056351,0.154542904587529
2020-02-02,0.142857142857143,0.540900166056351,0.0772714522937644
2020-02-03,0,0.540900166056351,0
2020-02-04,0,0.540900166056351,0
2020-02-05,0,0.540900166056351,0
2020-02-06,0,0.540900166056351,0
2020-02-07,0,0.540900166056351,0
2020-02-08,0,0.540900166056351,0
2020-02-09,0,0.540900166056351,0
2020-02-10,0,0.540900166056351,0
2020-02-11,0,0.540900166056351,0
2020-02-12,0,0,0
2020-02-13,0,0,0
2020-02-14,0,0,0
2020-02-15,0,0,0
2020-02-16,0,0,0
2020-02-17,0,0,0
2020-02-18,0,0,0
2020-02-19,0,0,0
2020-02-20,0,0,0
2020-02-21,0,0,0
2020-02-22,0,0,0
2020-02-23,0,0,0
2020-02-24,0,0,0
2020-02-25,0,0,0
2020-02-26,0,0,0
2020-02-27,0,0,0
2020-02-28,0,0,0
2020-02-29,0,0,0
2020-03-01,0,0,0
2020-03-02,0,0,0
2020-03-03,0,0,0
2020-03-04,0,0,0
2020-03-05,0,0,0
2020-03-06,0,0,0
2020-03-07,0,0,0
2020-03-08,0.142857142857143,0,0
2020-03-09,0.285714285714286,0,0
2020-03-10,0.428571428571429,0,0
2020-03-11,0.428571428571429,0,0
2020-03-12,0.428571428571429,0.540900166056351,0.231814356881293
2020-03-13,0.428571428571429,0.540900166056351,0.231814356881293
2020-03-14,0.428571428571429,0.540900166056351,0.231814356881293
2020-03-15,0.285714285714286,0.540900166056351,0.154542904587529
2020-03-16,0.142857142857143,0.540900166056351,0.0772714522937644
2020-03-17,0,0.540900166056351,0
2020-03-18,0,0.540900166056351,0
2020-03-19,0,0.540900166056351,0
2020-03-20,0,0.540900166056351,0
2020-03-21,0,0.540900166056351,0
2020-03-22,0,0.540900166056351,0
2020-03-23,0,0.540900166056351,0
2020-03-24,0,0.540900166056351,0
2020-03-25,0,0.540900166056351,0
2020-03-26,0,0,0
2020-03-27,0,0,0
2020-03-28,0,0,0
2020-03-29,0,0,0
2020-03-30,0,0,0
2020-03-31,0,0,0
2020-04-01,0,0,0
2020-04-02,0,0,0
2020-04-03,0,0,0
2020-04-04,0,0,0
2020-04-05,0,0,0
2020-04-06,0,0,0
2020-04-07,0,0,0
2020-04-08,0,0,0
2020-04-09,0,0,0
2020-04-10,0,0,0
2020-04-11,0,0,0
2020-04-12,0,0,0
2020-04-13,0,0,0
2020-04-14,0,0,0
2020-04-15,0,0,0
2020-04-16,0,0,0
2020-04-17,0,0,0
2020-04-18,0,0,0
2020-04-19,0,0,0
2020-04-20,0,0,0
2020-04-21,0,0,0
2020-04-22,0,0,0
2020-04-23,0,0,0
2020-04-24,0,0,0
2020-04-25,0,0,0
2020-04-26,0,0,0
2020-04-27,0,0,0
2020-04-28,0,0,0
2020-04-29,0,0,0
2020-04-30,0,0,0
2020-05-01,0,0,0
2020-05-02,0,0,0
2020-05-03,0,0,0
2020-05-04,0,0,0
2020-05-05,0,0,0
2020-05-06,0,0,0
2020-05-07,0,0,0
2020-05-08,0,0,0
2020-05-09,0,0,0
2020-05-10,0,0,0
2020-05-11,0,0,0
2020-05-12,0,0,0
2020-05-13,0,0,0
2020-05-14,0,0,0
2020-05-15,0,0,0
2020-05-16,0,0,0
2020-05-17,0,0,0
2020-05-18,0,0,0
2020-05-19,0,0,0
2020-05-20,0,0,0
2020-05-21,0,0,0
2020-05-22,0,0,0
2020-05-23,0,0,0
2020-05-24,0,0,0
2020-05-25,0,0,0
2020-05-26,0,0,0
2020-05-27,0,0,0
2020-05-28,0,0,0
2020-05-29,0,0,0
2020-05-30,0,0,0
2020-05-31,0,0,0
2020-06-01,0,0,0
2020-06-02,0,0,0
2020-06-03,0,0,0
2020-06-04,0,0,0
2020-06-05,0,0,0
2020-06-06,0,0,0
2020-06-07,0,0,0
2020-06-08,0,0,0
2020-06-09,0,0,0
2020-06-10,0,0,0
2020-06-11,0.142857142857143,0,0
2020-06-12,0.285714285714286,0,0
2020-06-13,0.428571428571429,0,0
2020-06-14,0.428571428571429,0,0
2020-06-15,0.428571428571429,0.540900166056351,0.231814356881293
2020-06-16,0.428571428571429,0.540900166056351,0.231814356881293
2020-06-17,0.428571428571429,0.540900166056351,0.231814356881293
2020-06-18,0.428571428571429,0.540900166056351,0.231814356881293
2020-06-19,0.428571428571429,0.540900166056351,0.231814356881293
2020-06-20,0.571428571428571,0.540900166056351,0.309085809175058
2020-06-21,1,0.540900166056351,0.540900166056351
2020-06-22,1.42857142857143,1.0818003321127,1.54542904587529
2020-06-23,1.71428571428571,1.0818003321127,1.85451485505035
2020-06-24,1.71428571428571,1.62270049816905,2.78177228257552
2020-06-25,1.57142857142857,2.70450083028175,4.24992987615704
2020-06-26,1.42857142857143,2.70450083028175,3.86357261468822
2020-06-27,1.19047619047619,2.70450083028175,3.21964384557352
2020-06-28,1.26190476190476,2.70450083028175,3.41282247630793
2020-06-29,1.4047619047619,2.1636006642254,3.0393437902214
2020-06-30,1.69047619047619,2.1636006642254,3.65751540857152
2020-07-01,2.11904761904762,2.70450083028175,5.73096604512086
2020-07-02,2.54761904761905,5.94990182661986,15.1580832249601
2020-07-03,2.58843537414966,6.49080199267621,16.8010214844442
2020-07-04,2.63010204081633,7.57260232478891,19.9167168287178
2020-07-05,2.19359410430839,7.57260232478891,16.611215813929
2020-07-06,2.0031179138322,7.57260232478891,15.168815371112
2020-07-07,1.71740362811791,8.11350249084527,13.9341586145214
2020-07-08,1.86026077097506,9.19530282295797,17.1056611187849
2020-07-09,1.71740362811791,8.11350249084527,13.9341586145214
2020-07-10,2.10515873015873,10.818003321127,22.7736141343567
2020-07-11,2.19444444444444,11.3589034871834,24.9264826524302
2020-07-12,2.36904761904762,12.9816039853524,30.7540380129182
2020-07-13,2.11507936507937,16.2270049816905,34.3214033938137
2020-07-14,1.95793650793651,17.8497054798596,34.9485900149314
2020-07-15,1.43412698412698,17.8497054798596,25.5987442873859
2020-07-16,1.21984126984127,17.8497054798596,21.7738073988446
2020-07-17,0.876984126984127,17.8497054798596,15.6539083771784
2020-07-18,0.876984126984127,17.8497054798596,15.6539083771784
2020-07-19,0.813492063492063,18.3906056459159,14.9606117357649
2020-07-20,1.11507936507937,18.9315058119723,21.1101314808104
2020-07-21,1.41507936507937,20.013306144085,28.3204165515107
2020-07-22,1.91507936507937,21.0951064761977,40.3988031167183
2020-07-23,2.28650793650794,22.7178069743667,51.9444459469449
2020-07-24,2.59040404040404,22.1769068083104,57.4471489999111
2020-07-25,2.75707070707071,25.9632079707048,71.582400157615
2020-07-26,2.98246753246753,30.2904092991557,90.3401622798844
2020-07-27,2.8955110107284,33.5358102954938,97.1033079643011
2020-07-28,2.77569534252564,35.6994109597192,99.0906887318012
2020-07-29,2.56617153300183,40.5675124542263,104.103195624733
2020-07-30,2.53218138521858,50.844615609297,128.747789184456
2020-07-31,2.44529208404356,61.1217187643677,149.460455057645
2020-08-01,2.34161243036391,71.9397220854947,168.454947472319
2020-08-02,2.17615400818907,87.0849267350725,189.510212367379
2020-08-03,2.07598779350969,103.311931716763,214.474309167906
2020-08-04,1.98582067341641,116.834435868172,232.012238113959
2020-08-05,1.8547880356422,131.97964051775,244.79425818068
2020-08-06,1.68248018035325,156.861048156342,263.915604592482
2020-08-07,1.59144740360619,175.251653802258,278.903789421294
2020-08-08,1.54393658109537,192.560459116061,297.301136901806
2020-08-09,1.47249961519372,214.196465758315,315.404213404973
2020-08-10,1.40159355869972,241.782374227189,338.880618323952
2020-08-11,1.30730918558574,264.500181201556,345.783516473886
2020-08-12,1.22206954757847,286.677088009866,350.33933924533
2020-08-13,1.09856912821421,297.495091330993,326.818923131495
2020-08-14,1.0484571712057,318.049297641134,333.461066908783
2020-08-15,0.991700832306504,322.917399135642,320.237453489067
2020-08-16,0.973585559402184,334.276302622825,325.446581083937
2020-08-17,0.895540354370196,342.930705279727,307.108285330628
2020-08-18,0.856507405038244,363.484911589868,311.327518396393
2020-08-19,0.79217573192309,364.025811755924,288.372413866646
2020-08-20,0.736066818452213,356.994109597192,262.771518457386
2020-08-21,0.63541483352031,347.257906608177,220.652824916046
2020-08-22,0.583837839086172,336.980803453107,196.742144101584
2020-08-23,0.553876329380526,322.917399135642,178.856303726355
2020-08-24,0.586920024294725,295.872390832824,173.653430815739
2020-08-25,0.639663234310304,280.18628601719,179.224865923147
2020-08-26,0.710250762845687,263.959281035499,187.477280715663
2020-08-27,0.806740109335034,250.977677050147,202.473758624088
2020-08-28,0.879456292582526,228.25987007578,200.744579082215
2020-08-29,0.941525258099768,222.30996824916,209.310450233942
2020-08-30,0.966848305979207,203.919362603244,197.159090289306
2020-08-31,1.00339509252599,189.855958285779,190.500536830771
2020-09-01,1.01562687009968,164.974550647187,167.552586519903
2020-09-02,1.04272046615879,156.320147990285,162.998217582441
2020-09-03,1.02023369367202,146.583945001271,149.549879641663
2020-09-04,1.00138905904397,148.20664549944,148.412513280748
2020-09-05,0.93835157052431,147.665745333384,138.562384046223
2020-09-06,0.886993667570203,144.961244503102,128.579705917347
2020-09-07,0.836016866593402,146.043044835215,122.094448730896
2020-09-08,0.820835496239618,140.634043174651,115.437414617449
2020-09-09,0.81169482847826,134.684141348031,109.322421010232
2020-09-10,0.864415916913635,133.061440849862,115.020427398083
2020-09-11,0.926311727869596,135.765941680144,125.761584023577
2020-09-12,0.993169463700006,131.97964051775,131.078148792333
2020-09-13,1.022308357593,129.816039853524,132.712022491884
2020-09-14,1.03852643902847,128.734239521412,133.69391135121
2020-09-15,1.01457261507465,126.02973869113,127.866321561034
2020-09-16,1.00227947086661,125.488838525073,125.774886676576
2020-09-17,0.933990616863469,121.702537362679,113.669027945218
2020-09-18,0.906800548669729,116.293535702115,105.455041981421
2020-09-19,0.887601231312124,111.425434207608,98.9013526021612
2020-09-20,0.932734669302705,111.425434207608,103.930365527544
2020-09-21,0.925535346885991,109.261833543383,101.125689009974
2020-09-22,0.957281378632023,111.425434207608,106.665493272931
2020-09-23,0.934653887919426,113.048134705777,105.660878624794
2020-09-24,0.939570024414509,110.343633875496,103.675570774385
2020-09-25,0.879354077570656,104.934632214932,92.2746967165776
2020-09-26,0.882085031521122,107.639133045214,94.9468680650937
2020-09-27,0.865078228800033,104.393732048876,90.3087448186667
2020-09-28,0.908213664792612,97.9029300561995,88.9167789002757
2020-09-29,0.934999379078326,95.7393293919741,89.5162135348712
2020-09-30,1.00674541082436,95.1984292259178,95.8405817408802
2020-10-01,1.00073037323037,97.9029300561995,97.9744357354877
2020-10-02,0.991178878213762,95.1984292259178,94.3586722878574
2020-10-03,0.931043743078627,96.8211297240868,90.1447070274151
2020-10-04,0.890048397572003,91.4121280635233,81.3612181015857
2020-10-05,0.838390234306697,87.6258269011289,73.4646375469555
2020-10-06,0.821808601653636,85.4622262369035,70.2335926379563
2020-10-07,0.781808601653636,82.2168252405654,64.2778211737277
2020-10-08,0.878407241109418,81.1350249084526,71.2695933871778
2020-10-09,0.916019960615825,78.9714242442273,72.3394009259727
2020-10-10,0.978162817758682,75.7260232478891,74.0723802778147
2020-10-11,0.953852040816327,75.1851230818328,71.7154830906329
2020-10-12,1.00295918367347,78.4305240781709,78.6626144045247
2020-10-13,1.00197169190257,74.6442229157764,74.7913983256729
2020-10-14,1.05787231302058,69.2352212552129,73.2420236517437
2020-10-15,1.00174986404099,64.3671197607058,64.479753468997
2020-10-16,1.11969704291254,67.6125207570439,75.7055395555245
2020-10-17,1.14128434449984,66.5307204249312,75.9304696492696
2020-10-18,1.18154408475958,64.3671197607058,76.0525896062733
2020-10-19,1.11457979904529,66.5307204249312,74.1537970015583
2020-10-20,1.05591265973299,68.6943210891566,72.5352032898035
2020-10-21,0.948991630451715,69.2352212552129,65.7036455036697
2020-10-22,0.903753535213619,66.5307204249312,60.1273737843405
2020-10-23,0.806214519607377,66.5307204249312,53.6380328065186
2020-10-24,0.824355109176538,62.2035190964804,51.2777887759439
2020-10-25,0.862806853510635,63.2853194285931,54.6030073295998
2020-10-26,0.872231456685238,62.2035190964804,54.2558660724711
2020-10-27,0.847147844645104,64.3671197607058,54.5284667712952
2020-10-28,0.80822116286128,64.3671197607058,52.0228683830289
2020-10-29,0.764631419271536,63.2853194285931,48.3899436137376
2020-10-30,0.709583084148013,56.7945174359169,40.300428844876
2020-10-31,0.708536511672869,52.467316107466,37.1750091316217
2020-11-01,0.704716801970807,51.3855157753533,36.2122363448274
2020-11-02,0.872970770224775,49.2219151111279,42.9692931464998
2020-11-03,0.995123979334506,43.2720132845081,43.0610180534953
2020-11-04,1.16299314720367,43.8129134505644,50.9541181020341
2020-11-05,1.23098765269818,40.5675124542263,49.9381069318322
2020-11-06,1.38637612387612,42.1902129523954,58.4915038984501
2020-11-07,1.41355946684894,43.2720132845081,61.1675640279295
2020-11-08,1.5345010252905,40.02661228817,61.4208775951021
2020-11-09,1.46475312613084,37.8630116239446,55.4599646409009
2020-11-10,1.50284836422607,39.4857121221136,59.3410378730201
2020-11-11,1.424926286304,40.5675124542263,57.8057148659918
2020-11-12,1.42856385244156,44.3538136166208,63.3622548506348
2020-11-13,1.31489257747996,45.4356139487335,59.7429515344348
2020-11-14,1.26664696344488,47.5992146129589,60.2914006518654
2020-11-15,1.12081363011154,49.7628152771843,55.7748416353911
2020-11-16,1.06199010069978,53.0082162735224,56.2942009382337
2020-11-17,0.921330760040437,56.2536172698605,51.8281879542645
2020-11-18,0.857838696548374,55.1718169377478,47.3285195280831
2020-11-19,0.786206624916302,58.4172179340859,45.9280037489578
2020-11-20,0.733211233211233,56.7945174359169,41.6423781688255
2020-11-21,0.671306471306471,55.1718169377478,37.0371977440461
2020-11-22,0.647496947496948,57.3354176019732,37.1245078807404
2020-11-23,0.657020757020757,55.1718169377478,36.2490289306497
2020-11-24,0.676251526251526,50.3037154432406,34.017964344614
2020-11-25,0.726756576756577,49.7628152771843,36.1654532806163
2020-11-26,0.726756576756577,44.8947137826771,32.6275285031647
2020-11-27,0.750566100566101,45.9765141147898,34.5084129167601
2020-11-28,0.720208957708958,41.649312786339,29.9962081511436
2020-11-29,0.69243117993118,39.4857121221136,27.341138235138
2020-11-30,0.597193084693085,35.1585107936628,20.9964195140826
2020-12-01,0.561478798978799,31.3722096312684,17.6148305850757
2020-12-02,0.485180097680098,29.208608967043,14.1714357517297
2020-12-03,0.500878684807256,25.9632079707048,13.0044174617439
2020-12-04,0.491354875283447,22.7178069743667,11.1625052126034
2020-12-05,0.643140589569161,22.1769068083104,14.2628689195171
2020-12-06,0.754251700680272,19.4724059780286,14.6870953252648
2020-12-07,0.887585034013605,18.3906056459159,16.3232263377611
2020-12-08,0.887585034013605,17.8497054798596,15.843131445474
2020-12-09,0.97687074829932,15.6861048156342,15.3232969491501
2020-12-10,1.03809523809524,14.0634043174651,14.5991530533686
2020-12-11,1.16666666666667,11.3589034871834,13.2520540683806
2020-12-12,1.23809523809524,11.8998036532397,14.7330902373444
2020-12-13,1.4047619047619,10.2771031550707,14.4368830035517
2020-12-14,1.4047619047619,11.3589034871834,15.9565548986624
2020-12-15,1.38095238095238,10.818003321127,14.9391474434611
2020-12-16,1.26190476190476,10.818003321127,13.6512899052317
2020-12-17,1.17261904761905,11.3589034871834,13.3196665891376
2020-12-18,1.10119047619048,10.818003321127,11.912682228622
2020-12-19,0.994047619047619,10.2771031550707,10.2159299220048
2020-12-20,0.922619047619048,10.2771031550707,9.48185112521401
2020-12-21,1.01785714285714,10.2771031550707,10.4606228542684
2020-12-22,1.06547619047619,11.3589034871834,12.1026412155109
2020-12-23,1.0702380952381,9.73620298901432,10.4200553418141
2020-12-24,1.07380952380952,10.2771031550707,11.0356512450878
2020-12-25,1.07380952380952,10.2771031550707,11.0356512450878
2020-12-26,1.3952380952381,9.73620298901432,13.5843213132438
2020-12-27,1.68095238095238,9.19530282295797,15.4568661738293
2020-12-28,1.96666666666667,8.11350249084527,15.9565548986624
2020-12-29,2.44285714285714,8.65440265690162,21.1414693475739
2020-12-30,2.87857142857143,8.65440265690162,24.9123162195096
2020-12-31,3.08673469387755,10.2771031550707,31.7226908613151
2021-01-01,3.10260770975057,15.1452046495778,46.9896287115303
2021-01-02,2.70975056689342,16.7679051477469,45.4368404797223
2021-01-03,2.19714552487662,16.7679051477469,36.8415277569277
2021-01-04,1.73560706333816,20.5542063101413,35.674025653191
2021-01-05,1.27406860179969,19.4724059780286,24.8091810581029
2021-01-06,0.981211458942551,20.5542063101413,20.16802276098
2021-01-07,0.858762479350715,22.1769068083104,19.0446954750344
2021-01-08,0.924522116538923,23.7996073064794,22.0032633197816
2021-01-09,0.93166497368178,24.8814076385921,23.1811359927746
2021-01-10,0.972841444270016,28.1268086349302,27.3629251351119
2021-01-11,1.01771323914181,29.208608967043,29.7259880426758
2021-01-12,1.06258503401361,28.6677088009866,30.4618783313885
2021-01-13,1.0599876314162,28.6677088009866,30.3874167500872
2021-01-14,1.07784477427335,28.1268086349302,30.316333704146
2021-01-15,1.05743661100804,27.0450083028175,28.5983819244157
2021-01-16,1.04205199562342,26.5041081367612,27.618658776131
2021-01-17,1.00798606155749,28.1268086349302,28.3514310601045
2021-01-18,0.919158222729651,24.8814076385921,22.8699504241003
2021-01-19,0.875507429078858,26.5041081367612,23.2045435748438
2021-01-20,0.835247688819117,26.5041081367612,22.1374950654418
2021-01-21,0.849136577708006,24.3405074725358,20.6684152149052
2021-01-22,0.906959706959707,24.3405074725358,22.0758595245416
2021-01-23,1.16520146520147,24.8814076385921,28.9918526367625
2021-01-24,1.4257980115123,22.7178069743667,32.3910040099723
2021-01-25,1.66145124716553,23.7996073064794,39.5418872414002
2021-01-26,1.75813234384663,24.8814076385921,43.7448075298414
2021-01-27,1.77241805813234,26.5041081367612,46.9763598762879
2021-01-28,1.70257678829107,28.6677088009866,48.8089755780475
2021-01-29,1.55674345495774,28.1268086349302,43.7862252512765
2021-01-30,1.29734495871714,28.1268086349302,36.4901733873285
2021-01-31,1.06902863218653,27.5859084688739,29.490125998103
2021-02-01,0.871337434495329,29.208608967043,25.4505544025205
2021-02-02,0.780428343586238,29.7495091330993,23.2173601352484
2021-02-03,0.725483288641183,29.7495091330993,21.5827717213418
2021-02-04,0.7416005047584,31.9131097973247,23.6667783341062
2021-02-05,0.755399206057101,30.831309465212,23.2899466917219
2021-02-06,0.818369130869131,30.831309465212,25.2313919306028
2021-02-07,0.847138972138972,31.3722096312684,26.576621420761
2021-02-08,0.886100011100011,30.831309465212,27.3196236593522
2021-02-09,0.860125985125985,30.2904092991557,26.0535681383056
2021-02-10,0.829356754356754,28.1268086349302,23.3271587198793
2021-02-11,0.819588744588745,26.5041081367612,21.7224687142524
2021-02-12,0.814718614718615,24.3405074725358,19.8306645295725
2021-02-13,0.779004329004329,23.2587071404231,18.1186335494335
2021-02-14,0.794877344877345,22.7178069743667,18.0578700892207
2021-02-15,0.973448773448773,22.1769068083104,21.5880827314375
2021-02-16,1.08662131519274,20.013306144085,21.7468850436406
2021-02-17,1.17233560090703,19.4724059780286,22.8281947633578
2021-02-18,1.22448979591837,20.013306144085,24.5060891560224
2021-02-19,1.34438775510204,20.5542063101413,27.6328232791951
2021-02-20,1.3781179138322,20.013306144085,27.5806957121715
2021-02-21,1.36383219954649,19.4724059780286,26.5570942754769
2021-02-22,1.18526077097506,18.9315058119723,22.438771174417
2021-02-23,1.14189342403628,21.0951064761977,24.0883633645153
2021-02-24,1.11808390022676,20.013306144085,22.3765553900107
2021-02-25,1.11196145124717,19.4724059780286,21.6525648106027
2021-02-26,1.0734126984127,20.5542063101413,22.0631460591001
2021-02-27,1.17998866213152,21.0951064761977,24.8919864683705
2021-02-28,1.19427437641723,22.7178069743667,27.1312947578789
2021-03-01,1.1657029478458,22.7178069743667,26.4822145586113
2021-03-02,1.09589775304061,24.3405074725358,26.6747074470202
2021-03-03,1.09772925487211,25.9632079707048,28.5005729397715
2021-03-04,1.10542156256442,23.7996073064794,26.3085990971481
2021-03-05,1.1847866419295,23.7996073064794,28.1974568198845
2021-03-06,1.27662337662338,24.3405074725358,31.0736608383152
2021-03-07,1.52152133580705,25.9632079707048,39.5035748734231
2021-03-08,1.64100185528757,27.5859084688739,45.2685269772151
2021-03-09,1.72152133580705,27.5859084688739,47.4897299967868
2021-03-10,1.71968983397555,31.3722096312684,53.950469972242
2021-03-11,1.64771181199753,32.9949101294374,54.3661031560708
2021-03-12,1.44470429320053,33.5358102954938,48.4493291098585
2021-03-13,1.16692651542276,36.2403111257755,42.2897799798378
2021-03-14,0.842663476874003,35.6994109597192,30.0825897616708
2021-03-15,0.704135338345865,34.6176106276065,24.3754829719951
2021-03-16,0.664574898785425,35.1585107936628,23.3654637521447
2021-03-17,0.714358448568975,34.0767104615501,24.3429860176471
2021-03-18,0.764358448568975,34.0767104615501,26.0468215407246
2021-03-19,0.824508824508825,36.2403111257755,29.8804563261472
2021-03-20,0.873715173715174,36.7812112918319,32.1363024132974
2021-03-21,0.881651681651682,35.1585107936628,30.9975601656016
2021-03-22,0.852347652347652,33.5358102954938,28.5841691749403
2021-03-23,0.791908091908092,31.3722096312684,24.8439066680384
2021-03-24,0.712362637362637,29.208608967043,20.8071217174567
2021-03-25,0.66474358974359,26.5041081367612,17.6184359857829
2021-03-26,0.736172161172161,24.8814076385921,18.3169996343079
2021-03-27,0.893315018315018,22.1769068083104,19.8109639116363
2021-03-28,1.10760073260073,21.0951064761977,23.364955387327
2021-03-29,1.24166666666667,21.0951064761977,26.1930905412788
2021-03-30,1.31309523809524,21.0951064761977,27.6998838610072
2021-03-31,1.38253968253968,22.1769068083104,30.6604536984736
2021-04-01,1.45396825396825,22.1769068083104,32.2445184704957
2021-04-02,1.48253968253968,19.4724059780286,28.8686145769504
2021-04-03,1.56417233560091,18.9315058119723,29.6121376623548
2021-04-04,1.68321995464853,20.5542063101413,34.5972502131926
2021-04-05,1.81179138321995,21.636006642254,39.1999304017256
2021-04-06,1.90362811791383,23.7996073064794,45.3056016639217
2021-04-07,1.95498199279712,25.4223078046485,49.7001539734335
2021-04-08,1.94704548486061,27.5859084688739,53.711018530099
2021-04-09,1.88065893023876,32.9949101294374,62.0521723873519
2021-04-10,1.63753559394772,35.1585107936628,57.5733128548181
2021-04-11,1.3321525711734,38.4039117900009,51.1598698341661
2021-04-12,1.08929542831625,40.5675124542263,44.1900058545514
2021-04-13,0.954601550765234,41.649312786339,39.7584985741455
2021-04-14,0.839755612389883,42.7311131184517,35.8836920648868
2021-04-15,0.795311167945439,43.8129134505644,34.8448993674608
2021-04-16,0.788483436853002,45.9765141147898,36.25171986375
2021-04-17,0.845212215320911,47.0583144469025,39.7742622029345
2021-04-18,0.929506802721088,45.9765141147898,42.7354826350993
2021-04-19,1.00705782312925,47.0583144469025,47.3904437070295
2021-04-20,1.07670068027211,48.1401147790152,51.8324943309431
2021-04-21,1.16943250984604,46.5174142808462,54.3989765339981
2021-04-22,1.2656731113498,47.5992146129589,60.2450460569907
2021-04-23,1.42936358754028,44.3538136166208,63.397726152146
2021-04-24,1.58769692087361,44.3538136166208,70.4204133081109
2021-04-25,1.67470014321518,47.5992146129589,79.7144115292524
2021-04-26,1.62000626566416,48.6810149450716,78.8635492299066
2021-04-27,1.5268940207662,55.7127171038042,85.0674146264374
2021-04-28,1.38654314357322,57.3354176019732,79.4980301599232
2021-04-29,1.2549641962048,59.4990182661986,74.6691376334145
2021-04-30,1.00099594223654,57.8763177680296,57.9339592373904
2021-05-01,0.804567370807972,57.8763177680296,46.5653968186703
2021-05-02,0.71484306003103,59.4990182661986,42.5324602862516
2021-05-03,0.840965509010622,60.5808185983113,50.946378948809
2021-05-04,0.948108366153479,58.4172179340859,55.3858530507179
2021-05-05,1.06477503282015,59.4990182661986,63.3530691271581
2021-05-06,1.23394796515097,61.1217187643677,75.4210204958215
2021-05-07,1.4327783745077,62.2035190964804,89.1238569797137
2021-05-08,1.55079079686795,63.8262195946494,98.9811139462549
2021-05-09,1.54444159051874,60.039918432255,92.7281471181273
2021-05-10,1.52092783719132,64.9080199267621,98.7204143635815
2021-05-11,1.49309852364772,61.1217187643677,91.2607480498887
2021-05-12,1.49483597538517,62.2035190964804,92.9840581409776
2021-05-13,1.40657962021153,63.2853194285931,89.0158405668355
2021-05-14,1.34916335226894,69.2352212552129,93.409623203765
2021-05-15,1.29417613999273,73.5624225836637,95.2027321078398
2021-05-16,1.32195391777051,78.9714242442273,104.396583671573
2021-05-17,1.2403418998592,83.298625572678,103.318775498475
2021-05-18,1.2060782911275,90.3303277314106,108.945447307287
2021-05-19,1.14089546123879,95.1984292259178,108.611455820912
2021-05-20,1.11222685093753,100.607430886481,111.898286035786
2021-05-21,1.01469692987819,98.9847303883122,100.439502029841
2021-05-22,0.977312745435185,102.23013138465,99.9108103697323
2021-05-23,0.960646078768518,107.639133045214,103.403111081928
2021-05-24,1.04933194071019,105.475532380988,110.678845090784
2021-05-25,1.11505298089932,106.016432547045,118.213939135894
2021-05-26,1.17979706034928,109.802733709439,129.544942448711
2021-05-27,1.24425389898536,115.752635536059,144.025668083573
2021-05-28,1.34078481904569,117.375336034228,157.375068685079
2021-05-29,1.39566327392414,122.243437528735,170.610676237096
2021-05-30,1.39638966617596,120.07983686451,167.678243313697
2021-05-31,1.33779956346821,126.02973869113,168.602529405006
2021-06-01,1.27294695575846,137.92954234437,175.576991036423
2021-06-02,1.19307682588833,140.093143008595,167.141882389414
2021-06-03,1.07549774167628,140.093143008595,150.669858930076
2021-06-04,0.952192475513873,147.665745333384,140.606211597596
2021-06-05,0.864154198001912,147.665745333384,127.605973730925
2021-06-06,0.812634154956445,146.583945001271,119.11912027629
2021-06-07,0.79880362274356,148.747545665497,118.820078351812
2021-06-08,0.800974703941997,151.992946661835,121.742505453735
2021-06-09,0.841634044601337,150.911146329722,127.011958460908
2021-06-10,0.885254076593462,148.20664549944,131.200537106622
2021-06-11,0.951244108970049,148.747545665497,141.495226538057
2021-06-12,0.976255617332793,141.174943340708,137.822831463005
2021-06-13,1.0225196514017,145.502144669158,148.778802245308
2021-06-14,1.05370495160874,139.552242842539,147.046889291289
2021-06-15,1.09678675417251,129.275139687468,141.787260853015
2021-06-16,1.11573332484322,128.734239521412,143.633081082387
2021-06-17,1.14209215120204,126.02973869113,143.937575377184
2021-06-18,1.17193485751534,129.275139687468,151.502042409908
2021-06-19,1.21208625642076,128.734239521412,156.037002454682
2021-06-20,1.25047830700794,131.97964051775,165.037677434152
2021-06-21,1.27684950397604,134.684141348031,171.971379073673
2021-06-22,1.31466142508315,138.470442510426,182.041749282651
2021-06-23,1.32036163620208,146.043044835215,192.829633634559
2021-06-24,1.32588111672157,151.992946661835,201.524577853795
2021-06-25,1.28503641925036,157.401948322398,202.267236055245
2021-06-26,1.24780047223998,168.219951643525,209.904935100977
2021-06-27,1.17979169691413,167.138151311412,197.188203154782
2021-06-28,1.14435553435932,179.037954964652,204.883074624175
2021-06-29,1.10163244757259,184.446956625216,203.192752274352
2021-06-30,1.09346918226647,189.315058119723,207.010181792902
2021-07-01,1.08870727750456,197.969460776624,215.530792671165
2021-07-02,1.09816382289796,200.673961606906,220.372884834318
2021-07-03,1.11059638212855,213.114665426202,236.684376400876
2021-07-04,1.11063193641995,213.655565592259,237.29269454063
2021-07-05,1.12774320353122,223.932668747329,252.538545228408
2021-07-06,1.14066679157108,228.25987007578,260.368453643773
2021-07-07,1.18294084404922,228.25987007578,270.017923370008
2021-07-08,1.21303652718228,235.291572234513,285.417271658613
2021-07-09,1.23068841552383,244.486875057471,300.887164880851
2021-07-10,1.19283516169961,250.436776884091,298.729793250064
2021-07-11,1.14111551913876,263.959281035499,301.208032010316
2021-07-12,1.0550382106205,270.450083028175,285.335171660212
2021-07-13,0.985933733008562,273.154583858457,269.312318551969
2021-07-14,0.917286054156801,271.531883360288,249.072409865324
2021-07-15,0.879939288772653,269.909182862119,237.503694400901
2021-07-16,0.902364537942088,273.695484024514,246.973098978616
2021-07-17,0.970688757582097,272.613683692401,264.623037923255
2021-07-18,1.04223347302925,279.645385851133,291.455781712232
2021-07-19,1.09553695160386,278.563585519021,305.17670130735
2021-07-20,1.11867812646351,285.054387511697,318.884108161789
2021-07-21,1.13560665248295,290.46338917226,329.852157046762
2021-07-22,1.10765900957467,287.217988175922,318.139592314972
2021-07-23,1.04118614135762,284.513487345641,296.231500053607
2021-07-24,0.950061557976398,277.481785186908,263.624777144746
2021-07-25,0.914275122189962,279.645385851133,255.672819318904
2021-07-26,0.866914484830994,266.663781865781,231.174695079258
2021-07-27,0.84465996580111,268.28648236395,226.610851018434
2021-07-28,0.794686608506755,269.368282696063,214.063367015023
2021-07-29,0.783116626183117,270.990983194232,212.217544485113
2021-07-30,0.761054822738335,265.581981533668,202.122447878602
2021-07-31,0.773377184245044,256.38667871071,198.283607659228
2021-08-01,0.776832792963811,249.354976551978,193.707122874298
2021-08-02,0.814759468058627,241.782374227189,196.994478611296
2021-08-03,0.850120146983663,230.964370906062,196.347464942651
2021-08-04,0.903747098840703,220.687267750991,199.44547798104
2021-08-05,0.954215935023825,216.900966588597,206.970358640909
2021-08-06,1.00005508724596,205.542063101413,205.553385847598
2021-08-07,1.02203912730229,202.296662105075,206.755103994036
2021-08-08,1.00821610821611,194.18315961423,195.778589467366
2021-08-09,0.96395051465474,193.642259448174,186.661555653974
2021-08-10,0.929592467638465,185.528756957328,172.46613499786
2021-08-11,0.91970453092126,182.28335596099,167.646828388856
2021-08-12,0.924544774891939,173.628953304089,160.527741547252
2021-08-13,0.924138353432886,167.138151311412,154.458775948745
2021-08-14,0.943883913994773,173.628953304089,163.885576027479
2021-08-15,0.954323474434333,177.415254466483,169.311542060106
2021-08-16,0.996632120833275,173.088053138032,172.50511348986
2021-08-17,1.01595257386459,167.679051477469,170.353963931707
2021-08-18,1.02256172158872,168.760851809582,172.568387163184
2021-08-19,0.971123155157648,163.892750315074,159.16004479344
2021-08-20,0.908466513553638,170.924452473807,155.279141419944
2021-08-21,0.81873538300618,170.383552307751,139.49904295664
2021-08-22,0.777558912417945,157.401948322398,122.38928775003
2021-08-23,0.735932324471413,151.452046495778,111.458456623591
2021-08-24,0.764258955001226,146.583945001271,112.028092626629
2021-08-25,0.773329249785806,141.715843506764,109.593006941849
2021-08-26,0.785275062593688,144.961244503102,113.834450350832
2021-08-27,0.772576649895275,142.25674367282,109.904238451758
2021-08-28,0.797741187254935,134.684141348031,107.44308682339
2021-08-29,0.809586350852289,126.02973869113,102.031956245819
2021-08-30,0.834372893480044,118.998036532397,99.2887360599803
2021-08-31,0.795109830961168,114.670835203946,91.1759083951858
2021-09-01,0.800604336455673,110.884534041552,88.7746387995332
2021-09-02,0.820842431693769,107.098232879157,87.9107739066332
2021-09-03,0.836261932827556,93.5757287277487,78.2538197716142
2021-09-04,0.826970411340912,88.7076272332416,73.3585829821501
2021-09-05,0.84228055431063,89.7894275653543,75.6278888209807
2021-09-06,0.834622520336806,86.0031264029598,71.7801461152832
2021-09-07,0.821187679315758,81.1350249084526,66.6270828157985
2021-09-08,0.762121745249824,80.0532245763399,61.0103032269963
2021-09-09,0.72792261105069,74.1033227497201,53.9414841835082
2021-09-10,0.704497588867904,70.857921753382,49.9192350274482
2021-09-11,0.700168584538899,65.9898202588748,46.2039990446328
2021-09-12,0.694121721349179,61.662618930424,42.8013631948844
2021-09-13,0.806291033518491,61.662618930424,49.7180167468685
2021-09-14,0.881414186227851,58.4172179340859,51.4897646070674
2021-09-15,0.982604662418327,53.0082162735224,52.0861204568421
2021-09-16,1.01136161974671,51.9264159414097,52.5163841341456
2021-09-17,1.09649132380225,53.5491164395787,58.7161415732744
2021-09-18,1.10082032813125,49.2219151111279,54.1844847438805
2021-09-19,1.06374549819928,45.9765141147898,48.9073099125033
2021-09-20,0.924459783913565,44.8947137826771,41.5033574023951
2021-09-21,0.932701542155324,46.5174142808462,43.3868640368233
2021-09-22,0.952751667468607,42.7311131184517,40.7121392763945
2021-09-23,1.1058128919584,38.4039117900009,42.4675407590163
2021-09-24,1.33575941602257,40.02661228817,53.4659242554079
2021-09-25,1.58337846364162,40.5675124542263,64.2337255435352
2021-09-26,1.62245409389372,45.4356139487335,73.7171978596974
2021-09-27,1.61990307348556,48.6810149450716,78.8585257299179
2021-09-28,1.49558988667237,50.3037154432406,75.2337280789555
2021-09-29,1.35649214231147,50.844615609297,68.9703215528585
2021-09-30,1.13625404707337,47.0583144469025,53.4702002387445
2021-10-01,0.838480392156863,46.5174142808462,39.0039397683272
2021-10-02,0.588060224089636,47.5992146129589,27.9912048117873
2021-10-03,0.541841736694678,46.5174142808462,25.2050765404795
2021-10-04,0.521773709483794,45.4356139487335,23.7071088327043
2021-10-05,0.57615682636691,42.1902129523954,24.3081791983962
2021-10-06,0.822188572398657,43.8129134505644,36.0224767625455
2021-10-07,1.13333575854584,43.2720132845081,49.0417199996037
2021-10-08,1.61292759528054,40.5675124542263,65.4324603093085
2021-10-09,2.07151102865389,39.4857121221136,81.7950881352108
2021-10-10,2.36516182230468,38.9448119560573,92.1107824153015
2021-10-11,2.47706658420944,38.9448119560573,96.4688923246698
2021-10-12,2.48333617668593,39.4857121221136,98.0562973750509
2021-10-13,2.29444728779704,40.5675124542263,93.0800189232723
2021-10-14,2.09771809106784,43.8129134505644,91.9071411676387
2021-10-15,1.71262492336598,43.8129134505644,75.0350875407133
2021-10-16,1.29874737234557,46.5174142808462,60.4143695655594
2021-10-17,1.03081086440907,50.3037154432406,51.8536163990345
2021-10-18,0.9157314993297,56.2536172698605,51.5132092852485
2021-10-19,0.834595596692783,57.8763177680296,48.3033199619898
2021-10-20,0.71078607288326,57.3354176019732,40.7532163144283
2021-10-21,0.563275679837136,61.662618930424,34.7330535985728
2021-10-22,0.439763655462166,60.5808185983113,26.6412422376837
2021-10-23,0.335716386554599,57.8763177680296,19.4300282681686
2021-10-24,0.249645483193248,51.3855157753533,12.8281619148724
