"fecha","rho7dpromedio","incidenciaAcum14d","riesgopor10"
2020-01-09,0.5,0.323812175985441,0.161906087992721
2020-01-10,0.4,0.323812175985441,0.129524870394177
2020-01-11,0.333333333333333,0.323812175985441,0.107937391995147
2020-01-12,0.285714285714286,0.323812175985441,0.092517764567269
2020-01-13,0.142857142857143,0.323812175985441,0.0462588822836345
2020-01-14,0,0.323812175985441,0
2020-01-15,0,0.323812175985441,0
2020-01-16,0,0.323812175985441,0
2020-01-17,0,0.323812175985441,0
2020-01-18,0,0.323812175985441,0
2020-01-19,0,0.323812175985441,0
2020-01-20,0,0.323812175985441,0
2020-01-21,0,0.323812175985441,0
2020-01-22,0,0.323812175985441,0
2020-01-23,0,0,0
2020-01-24,0.142857142857143,0,0
2020-01-25,0.285714285714286,0,0
2020-01-26,0.428571428571429,0,0
2020-01-27,0.428571428571429,0,0
2020-01-28,0.428571428571429,0.323812175985441,0.138776646850903
2020-01-29,0.428571428571429,0.323812175985441,0.138776646850903
2020-01-30,0.428571428571429,0.323812175985441,0.138776646850903
2020-01-31,0.285714285714286,0.323812175985441,0.092517764567269
2020-02-01,0.142857142857143,0.323812175985441,0.0462588822836345
2020-02-02,0,0.323812175985441,0
2020-02-03,0,0.323812175985441,0
2020-02-04,0,0.323812175985441,0
2020-02-05,0,0.323812175985441,0
2020-02-06,0,0.323812175985441,0
2020-02-07,0,0.323812175985441,0
2020-02-08,0,0.323812175985441,0
2020-02-09,0,0.323812175985441,0
2020-02-10,0,0.323812175985441,0
2020-02-11,0,0,0
2020-02-12,0,0,0
2020-02-13,0,0,0
2020-02-14,0.142857142857143,0,0
2020-02-15,0.285714285714286,0,0
2020-02-16,0.428571428571429,0,0
2020-02-17,0.428571428571429,0,0
2020-02-18,0.428571428571429,0.323812175985441,0.138776646850903
2020-02-19,0.428571428571429,0.323812175985441,0.138776646850903
2020-02-20,0.571428571428571,0.323812175985441,0.185035529134538
2020-02-21,0.571428571428571,0.323812175985441,0.185035529134538
2020-02-22,0.571428571428571,0.323812175985441,0.185035529134538
2020-02-23,0.428571428571429,0.323812175985441,0.138776646850903
2020-02-24,0.428571428571429,0.647624351970883,0.277553293701807
2020-02-25,0.428571428571429,0.647624351970883,0.277553293701807
2020-02-26,0.428571428571429,0.647624351970883,0.277553293701807
2020-02-27,0.285714285714286,0.647624351970883,0.185035529134538
2020-02-28,0.142857142857143,0.647624351970883,0.092517764567269
2020-02-29,0,0.647624351970883,0
2020-03-01,0,0.647624351970883,0
2020-03-02,0,0.647624351970883,0
2020-03-03,0,0.323812175985441,0
2020-03-04,0,0.323812175985441,0
2020-03-05,0,0.323812175985441,0
2020-03-06,0,0.323812175985441,0
2020-03-07,0.142857142857143,0.323812175985441,0.0462588822836345
2020-03-08,0.285714285714286,0.323812175985441,0.092517764567269
2020-03-09,0.428571428571429,0,0
2020-03-10,0.571428571428571,0,0
2020-03-11,0.714285714285714,0.323812175985441,0.231294411418172
2020-03-12,0.857142857142857,0.323812175985441,0.277553293701807
2020-03-13,0.857142857142857,0.323812175985441,0.277553293701807
2020-03-14,0.714285714285714,0.647624351970883,0.462588822836345
2020-03-15,0.714285714285714,0.647624351970883,0.462588822836345
2020-03-16,0.714285714285714,0.647624351970883,0.462588822836345
2020-03-17,0.714285714285714,0.647624351970883,0.462588822836345
2020-03-18,0.714285714285714,0.647624351970883,0.462588822836345
2020-03-19,0.714285714285714,0.971436527956324,0.693883234254517
2020-03-20,1,0.971436527956324,0.971436527956324
2020-03-21,1.14285714285714,0.971436527956324,1.11021317480723
2020-03-22,1.14285714285714,1.29524870394177,1.4802842330763
2020-03-23,1,1.29524870394177,1.29524870394177
2020-03-24,1,1.61906087992721,1.61906087992721
2020-03-25,1.14285714285714,1.29524870394177,1.4802842330763
2020-03-26,1.57142857142857,1.29524870394177,2.03539082047992
2020-03-27,1.85714285714286,1.29524870394177,2.40546187874899
2020-03-28,2.28571428571429,1.29524870394177,2.96056846615261
2020-03-29,2.71428571428571,2.26668523189809,6.15243134372339
2020-03-30,2.78571428571429,2.59049740788353,7.21638563624698
2020-03-31,2.67142857142857,3.23812175985441,8.65041098703965
2020-04-01,2.38571428571429,3.56193393583986,8.49775667550365
2020-04-02,1.85,3.56193393583986,6.58957778130373
2020-04-03,1.31428571428571,3.56193393583986,4.68139888710381
2020-04-04,0.814285714285714,3.56193393583986,2.90043191918388
2020-04-05,0.528571428571429,3.23812175985441,1.71157864449448
2020-04-06,0.742857142857143,3.56193393583986,2.64600806662389
2020-04-07,1.14285714285714,3.23812175985441,3.70071058269076
2020-04-08,1.71428571428571,3.23812175985441,5.55106587403614
2020-04-09,2.25,3.8857461118253,8.74292875160692
2020-04-10,2.5,3.8857461118253,9.71436527956324
2020-04-11,2.64285714285714,3.8857461118253,10.2694718669669
2020-04-12,2.54761904761905,4.20955828781074,10.7243508760893
2020-04-13,2.4047619047619,3.8857461118253,9.34429422129416
2020-04-14,2.06190476190476,3.23812175985441,6.67669867627124
2020-04-15,1.56190476190476,3.8857461118253,6.06916535561284
2020-04-16,1.08571428571429,3.8857461118253,4.21881006426746
2020-04-17,0.907142857142857,4.20955828781074,3.81867073251403
2020-04-18,0.807142857142857,4.53337046379618,3.65907758863549
2020-04-19,0.759523809523809,4.53337046379618,3.44320280464519
2020-04-20,0.688095238095238,4.53337046379618,3.11939062865975
2020-04-21,0.673809523809524,5.18099481576706,3.49100364967162
2020-04-22,0.65,5.5048069917525,3.57812454463913
2020-04-23,0.59047619047619,4.85718263978162,2.86805070158534
2020-04-24,0.626190476190476,4.85718263978162,3.04152151014897
2020-04-25,0.94047619047619,4.85718263978162,4.56806462550891
2020-04-26,1.36904761904762,3.56193393583986,4.87645717406647
2020-04-27,1.72619047619048,3.56193393583986,6.14857643686642
2020-04-28,2.22619047619048,4.53337046379618,10.0921461515463
2020-04-29,2.32142857142857,3.56193393583986,8.26877520819967
2020-04-30,2.33333333333333,3.56193393583986,8.31117918362633
2020-05-01,2.22619047619048,3.8857461118253,8.65041098703965
2020-05-02,1.8452380952381,3.8857461118253,7.17012675396335
2020-05-03,1.30952380952381,3.8857461118253,5.08847705119979
2020-05-04,0.880952380952381,3.56193393583986,3.13789418157321
2020-05-05,0.452380952380952,3.23812175985441,1.46486460564843
2020-05-06,0.738095238095238,2.91430958386897,2.151038026189
2020-05-07,1.11904761904762,2.91430958386897,3.26125120099623
2020-05-08,1.36904761904762,2.91430958386897,3.98982859696347
2020-05-09,1.46428571428571,2.91430958386897,4.26738189066528
2020-05-10,1.71428571428571,3.56193393583986,6.10617246143975
2020-05-11,1.85714285714286,3.56193393583986,6.61502016655973
2020-05-12,1.80952380952381,2.59049740788353,4.68756673807496
2020-05-13,1.52380952380952,2.91430958386897,4.44085269922891
2020-05-14,1.23809523809524,2.91430958386897,3.60819281812349
2020-05-15,1.02380952380952,2.59049740788353,2.65217591759504
2020-05-16,0.928571428571429,2.26668523189809,2.10477914390537
2020-05-17,0.714285714285714,2.59049740788353,1.85035529134538
2020-05-18,0.785714285714286,2.59049740788353,2.03539082047992
2020-05-19,1.26190476190476,2.26668523189809,2.8603408878714
2020-05-20,1.69047619047619,2.59049740788353,4.3791741895174
2020-05-21,1.97619047619048,2.59049740788353,5.11931630605555
2020-05-22,2.04761904761905,3.23812175985441,6.63043979398761
2020-05-23,2.0952380952381,3.56193393583986,7.46309967509303
2020-05-24,2.05952380952381,2.91430958386897,6.00208997630157
2020-05-25,1.88095238095238,3.23812175985441,6.09075283401187
2020-05-26,1.30952380952381,3.23812175985441,4.24039754266649
2020-05-27,0.738095238095238,3.23812175985441,2.39004225132111
2020-05-28,0.380952380952381,2.91430958386897,1.11021317480723
2020-05-29,0.380952380952381,2.59049740788353,0.986856155384202
2020-05-30,0.714285714285714,2.59049740788353,1.85035529134538
2020-05-31,0.964285714285714,2.26668523189809,2.18573218790173
2020-06-01,1.21428571428571,2.59049740788353,3.14560399528715
2020-06-02,1.64285714285714,2.59049740788353,4.25581717009437
2020-06-03,2.21428571428571,2.91430958386897,6.45311407856701
2020-06-04,2.38095238095238,2.91430958386897,6.93883234254517
2020-06-05,2.45238095238095,2.26668523189809,5.55877568775008
2020-06-06,2.23809523809524,2.59049740788353,5.79777991288219
2020-06-07,2.04761904761905,2.91430958386897,5.96739581458885
2020-06-08,2.33333333333333,2.91430958386897,6.80005569569427
2020-06-09,2.33333333333333,3.23812175985441,7.5556174396603
2020-06-10,2.33333333333333,3.23812175985441,7.5556174396603
2020-06-11,2.19047619047619,3.23812175985441,7.09302861682395
2020-06-12,2.11904761904762,8.09530439963603,17.1543355135145
2020-06-13,1.95833333333333,8.09530439963603,15.8533044492872
2020-06-14,1.94880952380952,8.41911657562148,16.4072545646338
2020-06-15,1.47559523809524,8.41911657562148,12.4232083279557
2020-06-16,1.61845238095238,8.41911657562148,13.6259392673302
2020-06-17,1.47559523809524,9.3905531035778,13.8566554427199
2020-06-18,1.59464285714286,10.6858018075196,17.0400375252053
2020-06-19,1.62638888888889,11.3334261594904,18.4325583788379
2020-06-20,1.72866161616162,11.009613983505,19.0318971020413
2020-06-21,1.9643759018759,11.3334261594904,22.263109233393
2020-06-22,2.41378066378066,12.6286748634322,30.4828511945256
2020-06-23,2.19155844155844,13.6001113913885,29.8054389259327
2020-06-24,1.95779220779221,14.2477357433594,27.8941060170316
2020-06-25,1.83874458874459,17.8096696791993,32.7474337499563
2020-06-26,1.78318903318903,15.8667966232866,28.2934977304855
2020-06-27,1.78262438045047,16.5144209752575,29.4390094595166
2020-06-28,1.67548152330761,17.4858575032138,29.2972311658245
2020-06-29,1.54691009473618,17.8096696791993,27.5499578106703
2020-06-30,1.7691323169584,20.7239792630683,36.6634614502698
2020-07-01,2.14575569358178,23.6382888469372,50.7219928798462
2020-07-02,2.58194616977226,25.5811619028499,66.0491829933872
2020-07-03,2.96939205721814,31.4097810705878,93.2679544299643
2020-07-04,3.18748917748918,37.2384002383258,118.696997746674
2020-07-05,3.34463203463203,49.5432629257725,165.703984281736
2020-07-06,3.15237012987013,58.6100038533649,184.760425458921
2020-07-07,2.75912896243541,71.5624908927825,197.450141246297
2020-07-08,2.30247450578096,82.895917052273,190.865735646192
2020-07-09,1.8741515244145,94.8769675637343,177.813813391398
2020-07-10,1.4753503256133,105.238957195268,155.264329765243
2020-07-11,1.23358225116806,113.334261594904,139.807133552712
2020-07-12,1.01978914771978,120.458129466584,122.841893184647
2020-07-13,0.99057182249182,129.524870394177,128.303686924376
2020-07-14,1.02408837718987,140.210672201696,143.588119759736
2020-07-15,1.08861455396095,150.248849657245,163.563084452767
2020-07-16,1.15767013606001,160.287027112793,185.559504486322
2020-07-17,1.21627247122484,168.058519336444,204.404950623725
2020-07-18,1.25389469152423,173.887138504182,218.036159894733
2020-07-19,1.24724644770189,174.210950680167,217.283989386608
2020-07-20,1.2006652828021,183.601503783745,220.443951463401
2020-07-21,1.11054187122265,184.249128135716,204.61637153098
2020-07-22,1.04437676663815,186.8396255436,195.130964005107
2020-07-23,0.999302792992746,183.601503783745,183.473495528765
2020-07-24,0.998942216069669,185.220564663672,185.024641326804
2020-07-25,1.01432683145428,188.134874247541,190.830250881559
2020-07-26,1.04667294062966,191.372996007396,200.30493648817
2020-07-27,1.09060097070899,202.706422166886,221.071820784153
2020-07-28,1.12543335373209,205.29691957477,231.0480007079
2020-07-29,1.1561013834223,207.887416982653,240.338930369734
2020-07-30,1.16166724613102,211.125538742508,245.257623178937
2020-07-31,1.15528791118025,215.335097030319,248.774034451954
2020-08-01,1.12950127545573,216.63034573426,244.684251809263
2020-08-02,1.1061679421224,220.516091846086,243.927831522258
2020-08-03,1.08418501871218,220.1922796701,238.729170854404
2020-08-04,1.09993326073779,224.078025781925,246.470873558
2020-08-05,1.15214333312344,228.611396245722,263.393096060549
2020-08-06,1.22779035170741,232.497142357547,285.45774818614
2020-08-07,1.31823562072411,241.563883285139,318.438115626911
2020-08-08,1.38300935630529,250.630624212732,346.624498262844
2020-08-09,1.44337409794663,270.706979123829,390.731441800714
2020-08-10,1.45143450319705,281.716593107334,408.893183359108
2020-08-11,1.44183490739055,296.93576537865,428.132351775668
2020-08-12,1.3915942131062,309.564440242082,430.78808362434
2020-08-13,1.3296234983771,325.755049041354,433.131567920369
2020-08-14,1.22395847374656,341.621845664641,418.130952818176
2020-08-15,1.13700195200743,357.164830111942,406.097109025679
2020-08-16,1.05853235226123,373.679251087199,395.551576644549
2020-08-17,1.02420628285042,386.631738126617,395.990655338658
2020-08-18,1.01806117138678,396.34610340618,403.504578308281
2020-08-19,1.02587219438203,408.327153917642,418.891473415261
2020-08-20,1.04887349863334,427.755884476768,448.661811112145
2020-08-21,1.08468380171424,436.498813228375,473.463192176309
2020-08-22,1.13913245864737,452.041797675676,514.93548439767
2020-08-23,1.19139919202866,453.337046379618,540.105390773334
2020-08-24,1.2433719811443,461.756162955239,574.134675139247
2020-08-25,1.2597325916852,477.299147402541,601.26929196654
2020-08-26,1.25975880496695,493.489756201813,621.678065536226
2020-08-27,1.22392328126735,510.00417717707,624.205985990613
2020-08-28,1.18045226249808,522.309039864517,616.560887831268
2020-08-29,1.12503931276027,530.080532088168,596.361437528073
2020-08-30,1.070947123895,542.385394775614,580.866078577597
2020-08-31,1.00230766811269,551.452135703207,552.724704212441
2020-09-01,0.957174377467384,571.204678438319,546.742482490655
2020-09-02,0.91546930834296,584.480977653722,535.07439635227
2020-09-03,0.899419217656947,586.100038533649,527.149638126641
2020-09-04,0.880015746888434,589.338160293503,518.626861300543
2020-09-05,0.873847420759247,591.281033349416,516.689405936249
2020-09-06,0.865006970228495,590.633408997445,510.902015632608
2020-09-07,0.866140274614079,590.30959682146,511.290916298266
2020-09-08,0.85712639793103,577.680921958028,495.14556779136
2020-09-09,0.860373151177783,564.080810566639,485.319984506137
2020-09-10,0.848988702293334,550.48069917525,467.351894430323
2020-09-11,0.846094043579669,533.642466024007,451.511711904079
2020-09-12,0.825852222959419,523.280476392473,432.152344659988
2020-09-13,0.817359405590087,507.089867593201,414.474672756735
2020-09-14,0.80867508079634,488.308761386046,394.883127067421
2020-09-15,0.817741965695663,469.203843002905,383.687672889154
2020-09-16,0.815520998257304,447.184615035895,364.688443659381
2020-09-17,0.826343509079815,437.146437580346,361.233121211883
2020-09-18,0.826721477241556,425.165387068885,351.493356869566
2020-09-19,0.847149202183048,406.708093037714,344.542436538289
2020-09-20,0.863356032204272,395.374666878224,341.349103630069
2020-09-21,0.881621338326721,375.622124143112,331.156479792176
2020-09-22,0.882420388105362,363.317261455665,320.598558859085
2020-09-23,0.873717245640019,355.545769232015,310.646470192358
2020-09-24,0.853452486244825,342.269470016612,292.110730151376
2020-09-25,0.827229575006906,329.316982977194,272.42074787078
2020-09-26,0.792526701070796,318.631181169674,252.523718870693
2020-09-27,0.756104460941868,302.440572370402,228.676665939073
2020-09-28,0.732273292110699,295.316704498723,216.252535418562
2020-09-29,0.713981530961795,279.449907875436,199.522073052036
2020-09-30,0.709321225281081,270.059354771858,191.558832425393
2020-10-01,0.717392071719004,255.811619028499,183.517227344647
2020-10-02,0.738931142207509,243.506756341052,179.934725598339
2020-10-03,0.763592887681437,234.116203237474,178.769467683117
2020-10-04,0.784087752293949,220.839904022071,173.157863961477
2020-10-05,0.794533827957416,213.392223974406,169.547340570731
2020-10-06,0.812305936800953,201.087361286959,163.344457389035
2020-10-07,0.826720600151786,185.544376839658,153.393358575671
2020-10-08,0.844480375817778,174.534762856153,147.391182130031
2020-10-09,0.866514572891637,163.848961048633,141.977512501795
2020-10-10,0.898424397484388,158.344154056881,142.260251203728
2020-10-11,0.906637760348914,152.515534889143,138.276342970309
2020-10-12,0.906927615421378,145.715479193449,132.153392074898
2020-10-13,0.880992241271718,143.448793961551,126.377274499911
2020-10-14,0.874983900280695,138.267799145783,120.982098179805
2020-10-15,0.859267268800517,131.791555626075,113.244170053789
2020-10-16,0.844703501276357,127.258185162278,107.495434572652
2020-10-17,0.810406345938066,122.724814698482,99.4569686357233
2020-10-18,0.795843776724334,123.048626874468,97.9274839325198
2020-10-19,0.767125828006385,117.22000770673,89.9224954709399
2020-10-20,0.744205890800734,113.334261594904,84.3440251084793
2020-10-21,0.708759941401296,109.124703307094,77.3432183213696
2020-10-22,0.679949671211715,102.97227196337,70.015962465417
2020-10-23,0.661534348482262,101.353211083443,67.0486304606708
2020-10-24,0.633152448458571,92.9340945078217,58.8414494829075
2020-10-25,0.623628638934761,89.3721605719818,55.735038856164
2020-10-26,0.641610656916779,83.8673535802293,53.8101878244827
2020-10-27,0.714870730176853,76.0958613565787,54.398703971414
2020-10-28,0.772595358489716,70.2672421888408,54.2881451689712
2020-10-29,0.837530423424781,67.0291204289864,56.1389276146796
2020-10-30,0.886553207141442,63.1433743171611,55.9799610106117
2020-10-31,0.929939450527686,61.2005012612484,56.9127605149043
2020-11-01,0.929939450527686,56.0195064454814,52.0947490427431
2020-11-02,0.942088591709085,51.1623238056997,48.1994415826759
2020-11-03,0.942768863817929,49.2194507497871,46.4025656611193
2020-11-04,1.00129227318167,46.3051411659181,46.3649800580205
2020-11-05,1.04129227318167,43.0670194060637,44.8453545364994
2020-11-06,1.09552507741448,43.7146437580346,47.8904884871672
2020-11-07,1.11631116962914,44.3622681100055,49.5220954012818
2020-11-08,1.14726355058152,44.3622681100055,50.8952132237343
2020-11-09,1.1147563890421,44.3622681100055,49.4531218080274
2020-11-10,1.05544516455231,44.3622681100055,46.8219413652783
2020-11-11,0.950703267793604,45.0098924619764,42.7910518466396
2020-11-12,0.858322315412652,45.0098924619764,38.632995114438
2020-11-13,0.749537422145,43.7146437580346,32.7657613923842
2020-11-14,0.705047626226632,41.4479585261365,29.2227847707924
2020-11-15,0.682598646634796,41.4479585261365,28.2923203957159
2020-11-16,0.721787835823985,40.8003341741656,29.4491849044664
2020-11-17,0.740819790711203,38.5336489422675,28.5464897447496
2020-11-18,0.747011741175599,39.5050854702238,29.5107626824028
2020-11-19,0.731723520624221,38.5336489422675,28.1959772665338
2020-11-20,0.722161074956298,35.6193393583986,25.7229004002943
2020-11-21,0.711334007287125,34.6479028304422,24.6462315644734
2020-11-22,0.68140203449801,30.4383445426315,20.7407498981005
2020-11-23,0.664735367831343,28.4954714867188,18.9419477202516
2020-11-24,0.709096270086982,26.8764106067916,19.0579625146022
2020-11-25,0.776013563320065,24.933537550879,19.3487633210322
2020-11-26,0.755770648340308,22.01922796701,16.6414861965802
2020-11-27,0.687610050767946,22.01922796701,15.1406424602667
2020-11-28,0.604151404151404,21.6954157910246,13.107315913796
2020-11-29,0.557398157398157,19.104918383141,10.649046304005
2020-11-30,0.529259629259629,17.4858575032138,9.25455845943766
2020-12-01,0.686402486402486,15.8667966232866,10.8910086534665
2020-12-02,1.1006882006882,13.2762992154031,14.6130658952002
2020-12-03,1.61717171717172,12.9524870394177,20.9463957071795
2020-12-04,1.93463203463203,11.9810505114613,23.1789241280176
2020-12-05,2.10401978973408,11.9810505114613,25.2083673779182
2020-12-06,2.19492888064317,12.6286748634322,27.7190431819998
2020-12-07,2.23388991960421,11.6572383354759,26.0409872080433
2020-12-08,2.07833436404865,11.009613983505,22.881659076829
2020-12-09,1.73139558853845,11.3334261594904,19.622644055568
2020-12-10,1.30282415996702,11.9810505114613,15.609202068117
2020-12-11,1.06949082663368,11.009613983505,11.7746811601365
2020-12-12,0.971531642960214,11.009613983505,10.6961883617524
2020-12-13,0.92737579880437,11.9810505114613,11.110936288582
2020-12-14,0.862440733869305,12.3048626874468,10.6122148063226
2020-12-15,0.751329622758194,12.9524870394177,9.73158720110607
2020-12-16,0.690105132962276,13.6001113913885,9.38550668005595
2020-12-17,0.761533704390847,13.2762992154031,10.1103493221072
2020-12-18,1.0186765615337,12.3048626874468,12.5346752125927
2020-12-19,1.30439084724799,11.009613983505,14.3608397118174
2020-12-20,1.79010513296228,12.3048626874468,22.0269978571945
2020-12-21,1.95731292517007,12.3048626874468,24.0844667805825
2020-12-22,2.14778911564626,13.6001113913885,29.210171218001
2020-12-23,2.10833333333333,13.6001113913885,28.6735681835108
2020-12-24,2.10283882783883,14.5715479193449,30.6416167465125
2020-12-25,1.88855311355311,14.5715479193449,27.5191421923671
2020-12-26,1.69294871794872,15.2191722713157,25.7652781849647
2020-12-27,1.25485347985348,15.2191722713157,19.0978312851501
2020-12-28,1.1985347985348,17.8096696791993,21.3455088609304
2020-12-29,1.1032967032967,18.4572940311702,20.363871656368
2020-12-30,1.17276449041155,18.4572940311702,21.6460590288414
2020-12-31,1.1961161387632,20.4001670870828,24.4009690863256
2021-01-01,1.34917736325299,22.01922796701,29.7078439293971
2021-01-02,1.42335318742882,23.6382888469372,33.6456337756512
2021-01-03,1.5231025608624,25.2573497268644,38.4695340495845
2021-01-04,1.5522473291376,27.5240349587625,42.7241097518292
2021-01-05,1.56873084562112,28.1716593107334,44.1937509330769
2021-01-06,1.50353235243074,30.114532366646,45.278173691575
2021-01-07,1.41424663814503,32.0574054225587,45.3370778465058
2021-01-08,1.27501029844786,34.6479028304422,44.1764329284345
2021-01-09,1.17652544996301,34.6479028304422,40.7641394678607
2021-01-10,1.14048707817146,36.2669637103694,41.3620034761897
2021-01-11,1.16628736484131,37.5622124143112,43.8083337342967
2021-01-12,1.24164058305167,40.1527098221947,49.8552340347346
2021-01-13,1.30263739556979,42.4193950540928,55.2570902949093
2021-01-14,1.34753535475346,45.9813289899327,61.9614664724844
2021-01-15,1.34085332710369,48.5718263978162,65.1276950290147
2021-01-16,1.30838579463616,51.1623238056997,66.9400576879528
2021-01-17,1.2200371118347,53.1051968616124,64.7903110024548
2021-01-18,1.13529962709722,55.048069917525,62.4960532497876
2021-01-19,1.06520202283812,55.3718820935105,58.9822408143613
2021-01-20,1.07000394360643,55.3718820935105,59.2481322049664
2021-01-21,1.08633047421867,56.3433186214668,61.2074640371118
2021-01-22,1.13224884156561,59.5814403813212,67.4610168505615
2021-01-23,1.13742482500246,63.1433743171611,71.8208414827621
2021-01-24,1.14463213778812,66.3814960770155,75.982393764208
2021-01-25,1.10887608097943,66.7053082530009,73.9679207961126
2021-01-26,1.09285123625894,67.6767447809573,73.9606141998496
2021-01-27,1.04183082809567,68.0005569569427,70.8450765654184
2021-01-28,1.00203490972832,67.6767447809573,67.8144608472932
2021-01-29,0.942329166966102,68.3243691329281,64.3840458485166
2021-01-30,0.960962707338773,69.9434300128553,67.2130278657134
2021-01-31,0.990664137983599,68.6481813089136,68.0072913605367
2021-02-01,1.0500313059034,68.3243691329281,71.7427265456744
2021-02-02,1.09711205124501,69.6196178368699,76.3805217319023
2021-02-03,1.14589253904989,71.5624908927825,82.0029243898654
2021-02-04,1.16667175982911,74.1529883006661,86.5121973573257
2021-02-05,1.17062086031178,73.1815517727098,85.6678510951206
2021-02-06,1.17062086031178,74.800612652637,87.5631575352781
2021-02-07,1.17467632865296,73.5053639486952,86.3450110595531
2021-02-08,1.1972412637179,75.4482370046078,90.3297426166842
2021-02-09,1.1820402176244,76.0958613565787,89.9483685182468
2021-02-10,1.17446852102832,79.0101709404477,92.7949586106221
2021-02-11,1.17236097944709,82.895917052273,97.1839385075676
2021-02-12,1.2270044491849,85.810226636142,105.289529868111
2021-02-13,1.30808553026598,85.4864144601565,111.823541789651
2021-02-14,1.39255265044739,89.0483483959964,124.004513576807
2021-02-15,1.45620839768522,94.5531553877489,137.689098903276
2021-02-16,1.51059092935687,101.353211083443,153.103241323841
2021-02-17,1.52493769370363,112.362825066948,171.346307315617
2021-02-18,1.51808867460416,115.600946826803,175.492488151287
2021-02-19,1.45766604638492,121.753378170526,177.475765391839
2021-02-20,1.3634897272086,130.820119098118,178.37188850249
2021-02-21,1.22579131451019,138.267799145783,169.487467269341
2021-02-22,1.07964206077885,149.601225305274,161.515775183626
2021-02-23,0.93172148820074,149.925037481259,139.688379040591
2021-02-24,0.854286910766163,155.106032297026,132.505053172223
2021-02-25,0.809240135333433,154.458407945056,124.993942948843
2021-02-26,0.868861096084338,157.048905352939,136.4536840438
2021-02-27,0.914694429417671,159.963214936808,146.31746161444
2021-02-28,1.01531019296447,163.201336696662,165.699980653548
2021-03-01,1.0682098890131,165.791834104546,177.100476708096
2021-03-02,1.11272537352859,166.439458456517,185.201408580923
2021-03-03,1.08785114865436,163.848961048633,178.243280482579
2021-03-04,1.04637792742682,166.439458456517,174.158575581773
2021-03-05,0.927374400089964,162.229900168706,150.447856345609
2021-03-06,0.841231765466021,154.782220121041,130.207720295174
2021-03-07,0.745119107509285,149.925037481259,111.712010121332
2021-03-08,0.717640260881502,139.886860025711,100.388442722745
2021-03-09,0.709763813005054,139.23923567374,98.8269708317029
2021-03-10,0.749714338669866,136.324926089871,102.204751807686
2021-03-11,0.798718711478944,134.705865209944,107.592095089142
2021-03-12,0.877564865325098,130.820119098118,114.803140198153
2021-03-13,0.928928588384415,128.877246042206,119.717758240857
2021-03-14,0.968621911365781,123.696251226439,119.814899291735
2021-03-15,0.971582014325884,119.486692938628,116.091121810451
2021-03-16,0.982095824839695,115.924759002788,113.849221812186
2021-03-17,0.960327117356702,107.829454603152,103.55154930519
2021-03-18,0.943887575933383,101.029398907458,95.3603944327671
2021-03-19,0.944236433425098,100.057962379501,94.478373533003
2021-03-20,0.985686116746703,97.7912771476033,96.3915042233217
2021-03-21,1.03944050784741,95.2007797397198,98.9555468401233
2021-03-22,1.09522282077258,95.2007797397198,104.266066526285
2021-03-23,1.14759756467274,99.4103380275305,114.083061823688
2021-03-24,1.21398411929459,97.4674649716179,118.323954623446
2021-03-25,1.27136758972154,101.029398907458,128.445503379991
2021-03-26,1.27552025480364,101.353211083443,129.27807362632
2021-03-27,1.23423168856044,101.677023259429,125.493004105284
2021-03-28,1.20868346629091,109.448515483079,132.288611074482
2021-03-29,1.17427435380871,110.419952011036,129.663317795347
2021-03-30,1.14144350687179,108.800891131108,124.190070723468
2021-03-31,1.10518117585243,111.391388538992,123.107665765358
2021-04-01,1.12564449631575,119.486692938628,134.499538289336
2021-04-02,1.13998127829453,121.105753818555,138.058292046899
2021-04-03,1.17757526325693,124.020063402424,146.042958810251
2021-04-04,1.20302980871148,131.467743450089,158.15961425449
2021-04-05,1.29855368968172,136.001113913885,176.6047482737
2021-04-06,1.39664453892464,137.620174793813,192.206465571633
2021-04-07,1.49898784778969,146.36310354542,219.396513579368
2021-04-08,1.51446403826588,153.163159241114,231.960096657857
2021-04-09,1.5256031092789,166.763270632502,254.414564190465
2021-04-10,1.50107643113777,181.334818551847,272.197422272821
2021-04-11,1.46045867052001,186.8396255436,272.871551121861
2021-04-12,1.35584229086118,195.258742119221,264.740060225597
2021-04-13,1.2509450833594,208.211229158639,260.460813416216
2021-04-14,1.13970204068778,220.516091846086,251.322639881478
2021-04-15,1.05590980871119,230.230457125649,243.102597943034
2021-04-16,1.00202167054135,241.887695461125,242.376712689354
2021-04-17,0.981548348682487,248.363938980834,243.781214178915
2021-04-18,0.962288997165071,253.868745972586,244.295100973514
2021-04-19,0.942722007401506,261.316426020251,246.348745704798
2021-04-20,0.931849270561918,271.3546034758,252.861589312543
2021-04-21,0.931303549511067,275.564161763611,256.633881968492
2021-04-22,0.935601256404896,273.945100883683,256.30338057274
2021-04-23,0.938727089652768,266.821233012004,250.472319522921
2021-04-24,0.953651901682843,266.497420836018,254.145772173842
2021-04-25,0.962100442389448,267.79266953996,257.643445833047
2021-04-26,0.960781884951677,265.849796484047,255.423668579963
2021-04-27,0.938815836019336,262.611674724193,246.543998954631
2021-04-28,0.928303587870238,260.992613844266,242.280379839263
2021-04-29,0.924329155749864,252.249685092659,233.161738459866
2021-04-30,0.925025893043507,248.040126804848,229.443539808279
2021-05-01,0.901875274561819,246.744878100906,222.533104683977
2021-05-02,0.892820948606085,244.478192869008,218.275252070809
2021-05-03,0.886066974468864,241.887695461125,214.328698478485
2021-05-04,0.904196220934265,235.735264117401,213.150934955895
2021-05-05,0.908023869434507,227.963771893751,206.996546245849
2021-05-06,0.936730921875736,228.287584069736,213.844039078429
2021-05-07,0.969460607782952,226.020898837838,219.11835795898
2021-05-08,1.05254589901208,220.839904022071,232.444135316653
2021-05-09,1.11027747364507,215.658909206304,239.441228882626
2021-05-10,1.17477049236344,217.925594438202,256.012557876761
2021-05-11,1.19113594265314,218.249406614188,259.964712680879
2021-05-12,1.22045974590716,222.135152726013,271.107012053038
2021-05-13,1.21704883097939,225.697086661853,274.684375477263
2021-05-14,1.21157144374651,224.078025781925,271.486537208476
2021-05-15,1.16499024138022,227.639959717765,265.198331619384
2021-05-16,1.15584578695275,235.08763976543,271.725057987539
2021-05-17,1.14154868055038,240.268634581198,274.278342783808
2021-05-18,1.15271028805053,246.097253748935,283.678836257379
2021-05-19,1.14916822606444,254.516370324557,292.482125790231
2021-05-20,1.1602322022167,262.935486900178,305.066219007114
2021-05-21,1.16248724788137,273.621288707698,318.081258871567
2021-05-22,1.16902953137767,281.716593107334,329.335016821579
2021-05-23,1.1451523144273,291.430958386897,333.732836492522
2021-05-24,1.14234985373011,298.878638434562,341.423968898775
2021-05-25,1.14723102697863,306.650130658213,351.798544318152
2021-05-26,1.18159304764896,312.802562001936,369.605332548272
2021-05-27,1.19882289040574,318.95499334566,382.370547031987
2021-05-28,1.20898497993291,335.469414320917,405.577483140878
2021-05-29,1.19380999744959,347.450464832379,414.789838535402
2021-05-30,1.18298793250249,362.669637103694,429.033804178728
2021-05-31,1.15431464500567,374.650687615156,432.46477547562
2021-06-01,1.12545916820067,376.917372847054,424.205112924827
2021-06-02,1.07843988123398,390.193672062457,420.800417357288
2021-06-03,1.05298504029288,397.965164286107,419.05136455097
2021-06-04,1.04631089139651,408.003341741656,426.898340190467
2021-06-05,1.05150972098503,416.746270493263,438.212754607923
2021-06-06,1.04999846776893,421.279640957059,442.342977507159
2021-06-07,1.06314071096758,435.203564524433,462.682627004133
2021-06-08,1.0662695334745,445.565554155967,475.092975562192
2021-06-09,1.06594216666527,451.07036114772,480.814918080288
2021-06-10,1.02782362743464,456.251355963487,468.945923708362
2021-06-11,0.993259620013485,463.051411659181,459.930269191306
2021-06-12,0.965494773004372,464.022848187137,448.011634479283
2021-06-13,0.967307901356488,459.813289899327,444.78102846834
2021-06-14,0.969085821806895,453.337046379618,439.322504146302
2021-06-15,1.00452633947738,460.784726427283,462.870394525083
2021-06-16,1.04841175394813,462.40378730721,484.789565683012
2021-06-17,1.11472210161661,466.937157771006,520.505169833384
2021-06-18,1.17406057747154,475.032462170643,557.716886853791
2021-06-19,1.21796701393807,478.270583930497,582.517794964246
2021-06-20,1.23405611624566,491.870695321885,606.99603996398
2021-06-21,1.22014936609209,496.404065785682,605.687106193934
2021-06-22,1.18766562168209,511.947050232983,608.021911683267
2021-06-23,1.13144271146537,520.366166808604,588.764506728769
2021-06-24,1.07956407987955,526.842410328313,568.760141947611
2021-06-25,1.02591838317156,528.785283384226,542.490542974462
2021-06-26,1.00896964778216,543.680643479556,548.557267357544
2021-06-27,0.991146518530456,548.214013943352,543.36041132956
2021-06-28,0.991533665259066,566.995120150508,562.194749666838
2021-06-29,0.978196443522894,577.033297606057,564.451919512532
2021-06-30,0.985318508843868,586.100038533649,577.495216001308
2021-07-01,0.975534341435851,589.661972469489,575.235503982787
2021-07-02,0.981247745622007,588.690535941532,577.65126126164
2021-07-03,0.969107158884418,590.633408997445,572.387064935732
2021-07-04,0.987291355640043,589.661972469489,582.168168168783
2021-07-05,1.00626154534194,581.890480245838,585.534013871941
2021-07-06,1.04175537250243,578.976170661969,603.151536337992
2021-07-07,1.04618026015288,578.652358485984,605.374674938944
2021-07-08,1.05394113638666,587.395287237591,619.080056539356
2021-07-09,1.0388830475094,595.166779461241,618.308677623051
2021-07-10,1.03114562895709,589.985784645474,608.361262983999
2021-07-11,1.00229614913909,587.071475061605,588.419478723649
2021-07-12,0.980708158390068,582.861916773795,571.617436994933
2021-07-13,0.951112768917294,586.423850709634,557.755212407582
2021-07-14,0.938526206468131,586.100038533649,550.070245775811
2021-07-15,0.926036545591373,584.480977653722,541.250745510321
2021-07-16,0.914481719092073,583.833353301751,533.904928590674
2021-07-17,0.893322457301232,579.947607189926,518.080221560874
2021-07-18,0.867046007148584,574.118988022188,497.787576192824
2021-07-19,0.848468386406811,578.652358485984,490.968232895098
2021-07-20,0.822563591309633,557.928379222916,458.931571307164
2021-07-21,0.817249107748291,546.918765239411,446.968872902705
2021-07-22,0.814821006648463,528.46147120824,430.601507944826
2021-07-23,0.856388282909617,515.508984168823,441.475853776819
2021-07-24,0.89462023910673,497.699314489623,445.251879731963
2021-07-25,0.958264607398775,493.813568377798,473.204065229739
2021-07-26,0.995044444772084,479.565832634439,477.189317665397
2021-07-27,1.03899949045315,470.499091706846,488.848316542082
2021-07-28,1.04240638413467,464.022848187137,483.700379334626
2021-07-29,1.0326760182477,454.956107259545,469.822261322259
2021-07-30,0.983077410104785,447.832239387865,440.253758058849
2021-07-31,0.936002362572777,440.708371516186,412.504076944751
2021-08-01,0.878687482597798,429.374945356695,377.286389826042
2021-08-02,0.831541605219363,413.831960909394,344.118493065674
2021-08-03,0.797548124197247,414.80339743735,330.825671536804
2021-08-04,0.791495009736332,404.765219981802,320.369651730425
2021-08-05,0.797238853478219,399.90803734202,318.822225187277
2021-08-06,0.802702674839285,386.955550302602,310.610255271807
2021-08-07,0.813666590623362,384.365052894719,312.745002143614
2021-08-08,0.829333463433092,376.269748495083,312.053093704526
2021-08-09,0.846750653657098,364.288697983622,308.461693137525
2021-08-10,0.855896544433438,346.802840480408,296.827352766882
2021-08-11,0.852380122744149,329.640795153179,280.979261434146
2021-08-12,0.857468083468663,320.897866401572,275.159678492539
2021-08-13,0.867071925005278,306.973942834198,266.168487539709
2021-08-14,0.874753298358293,294.992892322737,258.046005551567
2021-08-15,0.873388531933285,283.983278339232,248.027738562304
2021-08-16,0.889516930487427,275.240349587625,244.830950911471
2021-08-17,0.904877913590345,268.116481715945,242.612682574309
2021-08-18,0.91885406830883,261.640238196237,240.409197299903
2021-08-19,0.912701333848735,252.573497268644,230.524167851931
2021-08-20,0.907887793557427,250.306812036746,227.250499292435
2021-08-21,0.895995576185758,243.182944165066,217.890842175728
2021-08-22,0.876482874924787,233.792391061489,204.915027053114
2021-08-23,0.841760652702565,231.849518005576,195.161801605149
2021-08-24,0.826256776733573,226.668523189809,187.286403357771
2021-08-25,0.823041988708658,217.601782262217,179.095403619643
2021-08-26,0.842888946443815,208.211229158639,175.498943583297
2021-08-27,0.858677095350622,203.677858694843,174.893512091322
2021-08-28,0.871608813761792,201.087361286959,175.269516433815
2021-08-29,0.864278740196751,197.849239527105,170.996891487371
2021-08-30,0.842169896659336,193.639681239294,163.077510338443
2021-08-31,0.786245201199757,183.27769160776,144.10120551357
2021-09-01,0.717513501400096,177.772884616007,127.554444894827
2021-09-02,0.630822414709009,171.620453272284,108.262028746677
2021-09-03,0.550906420456771,158.344154056881,87.2328111117317
2021-09-04,0.481464307536397,149.925037481259,72.1835543532829
2021-09-05,0.438098977214545,138.591611321769,60.7168431705827
2021-09-06,0.380701018030872,127.258185162278,48.4473206440406
2021-09-07,0.362405821164276,119.486692938628,43.3026730726272
2021-09-08,0.354845626309779,109.772327659065,38.952230359663
2021-09-09,0.359148084905068,99.4103380275305,35.703032522353
2021-09-10,0.35254956396266,86.4578509881129,30.4806776670078
