"fecha","rho7dpromedio","incidenciaAcum14d","riesgopor10"
2020-03-04,2.75,0.413460624077466,1.13701671621303
2020-03-06,2.8,0.826921248154932,2.31537949483381
2020-03-11,2.58333333333333,1.2403818722324,3.20431983660036
2020-03-12,2.35714285714286,1.65384249630986,3.89834302701611
2020-03-14,2.21428571428571,2.06730312038733,4.57759976657195
2020-03-16,1.92857142857143,2.4807637444648,4.78433007861068
2020-03-18,1.69047619047619,2.89422436854226,4.89261738491668
2020-03-19,1.45238095238095,3.30768499261973,4.80401867975722
2020-03-20,1.26190476190476,3.72114561669719,4.69573137345122
2020-03-22,1.28571428571429,4.13460624077466,5.31592230956742
2020-03-23,1.38095238095238,4.96152748892959,6.85163319899801
2020-03-25,1.41666666666667,5.37498811300706,7.61456649342666
2020-03-26,1.45238095238095,6.20190936116199,9.00753502454479
2020-03-27,1.46190476190476,7.02883060931692,10.2754809383824
2020-03-30,1.47142857142857,7.02883060931692,10.3424221822806
2020-04-01,1.43333333333333,7.44229123339439,10.6672841011986
2020-04-02,1.33809523809524,7.85575185747185,10.5117441521409
2020-04-04,1.24285714285714,8.68267310562679,10.7913222884219
2020-04-06,1.18673469387755,9.09613372970425,10.7946974771898
2020-04-07,1.13061224489796,9.50959435378172,10.7516638203981
2020-04-09,1.0530612244898,9.50959435378172,10.0141850745946
2020-04-11,1.02448979591837,9.92305497785918,10.1660685691537
2020-04-12,1.16734693877551,10.7499762260141,12.5489518393471
2020-04-13,1.33401360544218,10.7499762260141,14.3406145436828
2020-04-14,1.57210884353741,10.7499762260141,16.9001326927338
2020-04-15,1.78299319727891,11.576897474169,20.6415294420388
2020-04-16,1.99387755102041,13.6442005945564,27.2048652671053
2020-04-17,2.03809523809524,14.0576612186338,28.6508523884537
2020-04-18,2.00952380952381,16.1249643390212,32.4034997669854
2020-04-19,1.81845238095238,17.3653462112536,31.5780551639165
2020-04-20,1.68239795918367,17.778806835331,29.9110283364817
2020-04-21,1.45450680272109,19.0191887075634,27.6635393573871
2020-04-22,1.21301020408163,19.8461099557184,24.0735338876125
2020-04-23,0.967588958660387,21.9134130761057,21.203176539004
2020-04-24,0.91856935081725,23.980716196493,22.0279509087453
2020-04-25,0.952182796195401,23.980716196493,22.8340254027451
2020-04-26,1.01944470095731,23.1537949483381,23.6040135671353
2020-04-27,1.21105467828157,24.807637444648,30.0434053844539
2020-04-28,1.46870773950606,27.2884011891128,40.0786860251962
2020-04-29,1.63197304562851,29.3557043095001,47.9077181685448
2020-04-30,1.72093170601574,29.3557043095001,50.5191622986416
2020-05-01,1.78340887079469,31.4230074298874,56.0400701975088
2020-05-02,1.79327368628611,32.2499286780423,57.8329484829371
2020-05-03,1.77919501133787,33.9037711743522,60.3214205389481
2020-05-04,1.67125850340136,36.384534918817,60.8079633753767
2020-05-05,1.57922553636839,38.4518380392043,60.7241245518131
2020-05-06,1.66895108175896,40.9326017836691,68.3145100260635
2020-05-07,1.88255652393583,42.9999049040565,80.949751505752
2020-05-08,2.10502970293075,50.0287355133734,105.311974255718
2020-05-09,2.23932921983896,58.7114086190002,131.474172858432
2020-05-10,2.30283318214353,68.2210029727819,157.101589364834
2020-05-11,2.26405767193945,80.6248216951059,182.539246107554
2020-05-12,2.13875614419889,91.37479792112,195.428410478728
2020-05-13,1.97211596198585,101.297852898979,199.771112616972
2020-05-14,1.79238941790287,116.182435365768,208.244167695787
2020-05-15,1.59031626170128,126.105490343627,200.547611983283
2020-05-16,1.50199108739479,137.682387817796,206.797719393563
2020-05-17,1.44458639205906,153.807352156817,222.188007924375
2020-05-18,1.46267224709073,176.961147105155,258.836158684051
2020-05-19,1.47159351080001,188.951505203402,278.059808913221
2020-05-20,1.49228565862689,213.345682023972,318.372701614346
2020-05-21,1.45148675114993,231.124488859303,335.474133445579
2020-05-22,1.39294856747189,249.730216942789,347.861347944904
2020-05-23,1.27894239257203,276.605157507825,353.76206194082
2020-05-24,1.16740024785453,290.249358102381,338.837172588337
2020-05-25,1.03155066761447,301.412794952473,310.922569860766
2020-05-26,0.945191641949926,305.547401193247,288.800849827378
2020-05-27,0.903192020015263,314.230074298874,283.810095555546
2020-05-28,0.934499142734227,317.124298667416,296.352385244894
2020-05-29,0.985904722387691,323.326208028578,318.76883536708
2020-05-30,1.04664877000674,337.79732987129,353.555159821346
2020-05-31,1.0950818873295,343.172317984297,375.801789657482
2020-06-01,1.16287411555921,354.335754834388,412.047877514045
2020-06-02,1.1968045355533,356.816518578853,427.039627795508
2020-06-03,1.18852474924225,348.960766721381,414.748507762912
2020-06-04,1.12936415204472,358.470361075163,404.843575368815
2020-06-05,1.08293474284261,364.672270436325,394.916271406794
2020-06-06,1.04674426665214,358.88382169924,375.659582757888
2020-06-07,1.02158143556225,355.989597330698,363.672363886324
2020-06-08,0.988451286085251,356.403057954776,352.287061000114
2020-06-09,0.961573489512076,365.49919168448,351.454333161888
2020-06-10,0.927897527900346,377.489549782726,350.271620051607
2020-06-11,0.867723079982629,379.143392279036,328.991472103428
2020-06-12,0.802797621919581,384.518380392043,308.690441363101
2020-06-13,0.753234939703838,374.595325414184,282.158287351693
2020-06-14,0.741352517909959,364.672270436325,270.350705899911
2020-06-15,0.702316976157025,341.931936112064,240.144603421742
2020-06-16,0.656063764128412,340.278093615754,223.244126947992
2020-06-17,0.579316922066602,339.864632991677,196.889333104034
2020-06-18,0.580293123137734,321.672365532269,186.664261621823
2020-06-19,0.581500262616766,293.143582470923,170.463070191262
2020-06-20,0.563610022148509,269.576326898508,151.935919573982
