"fecha","rho7dpromedio","incidenciaAcum14d","riesgopor10"
2020-01-01,1.25,0.152333134284705,0.190416417855881
2020-01-02,1,0.304666268569409,0.304666268569409
2020-01-03,0.833333333333333,0.304666268569409,0.253888557141174
2020-01-04,0.714285714285714,0.304666268569409,0.217618763263864
2020-01-05,0.428571428571429,0.304666268569409,0.130571257958318
2020-01-06,0.142857142857143,0.304666268569409,0.0435237526527727
2020-01-07,0,0.304666268569409,0
2020-01-08,0,0.304666268569409,0
2020-01-09,0,0.304666268569409,0
2020-01-10,0,0.304666268569409,0
2020-01-11,0,0.304666268569409,0
2020-01-12,0.142857142857143,0.304666268569409,0.0435237526527727
2020-01-13,0.285714285714286,0.304666268569409,0.0870475053055454
2020-01-14,0.428571428571429,0.304666268569409,0.130571257958318
2020-01-15,0.428571428571429,0.152333134284705,0.0652856289791591
2020-01-16,0.428571428571429,0.152333134284705,0.0652856289791591
2020-01-17,0.428571428571429,0.152333134284705,0.0652856289791591
2020-01-18,0.428571428571429,0.152333134284705,0.0652856289791591
2020-01-19,0.285714285714286,0.152333134284705,0.0435237526527727
2020-01-20,0.142857142857143,0.152333134284705,0.0217618763263864
2020-01-21,0,0.152333134284705,0
2020-01-22,0,0.152333134284705,0
2020-01-23,0,0.152333134284705,0
2020-01-24,0,0.152333134284705,0
2020-01-25,0,0.152333134284705,0
2020-01-26,0.142857142857143,0.152333134284705,0.0217618763263864
2020-01-27,0.285714285714286,0.152333134284705,0.0435237526527727
2020-01-28,0.428571428571429,0.152333134284705,0.0652856289791591
2020-01-29,0.428571428571429,0.152333134284705,0.0652856289791591
2020-01-30,0.428571428571429,0.152333134284705,0.0652856289791591
2020-01-31,0.428571428571429,0.152333134284705,0.0652856289791591
2020-02-01,0.428571428571429,0.152333134284705,0.0652856289791591
2020-02-02,0.285714285714286,0.152333134284705,0.0435237526527727
2020-02-03,0.142857142857143,0.152333134284705,0.0217618763263864
2020-02-04,0,0.152333134284705,0
2020-02-05,0,0.152333134284705,0
2020-02-06,0,0.152333134284705,0
2020-02-07,0,0.152333134284705,0
2020-02-08,0,0.152333134284705,0
2020-02-09,0.142857142857143,0.152333134284705,0.0217618763263864
2020-02-10,0.285714285714286,0.152333134284705,0.0435237526527727
2020-02-11,0.428571428571429,0.152333134284705,0.0652856289791591
2020-02-12,0.428571428571429,0.152333134284705,0.0652856289791591
2020-02-13,0.428571428571429,0.152333134284705,0.0652856289791591
2020-02-14,0.428571428571429,0.152333134284705,0.0652856289791591
2020-02-15,0.428571428571429,0.152333134284705,0.0652856289791591
2020-02-16,0.285714285714286,0.152333134284705,0.0435237526527727
2020-02-17,0.285714285714286,0.152333134284705,0.0435237526527727
2020-02-18,0.285714285714286,0.152333134284705,0.0435237526527727
2020-02-19,0.428571428571429,0.152333134284705,0.0652856289791591
2020-02-20,0.428571428571429,0.152333134284705,0.0652856289791591
2020-02-21,0.428571428571429,0.304666268569409,0.130571257958318
2020-02-22,0.571428571428571,0.304666268569409,0.174095010611091
2020-02-23,0.714285714285714,0.304666268569409,0.217618763263864
2020-02-24,0.714285714285714,0.304666268569409,0.217618763263864
2020-02-25,0.571428571428571,0.304666268569409,0.174095010611091
2020-02-26,0.428571428571429,0.456999402854114,0.195856886937477
2020-02-27,0.428571428571429,0.304666268569409,0.130571257958318
2020-02-28,0.428571428571429,0.304666268569409,0.130571257958318
2020-02-29,0.285714285714286,0.304666268569409,0.0870475053055454
2020-03-01,0.285714285714286,0.304666268569409,0.0870475053055454
2020-03-02,0.428571428571429,0.304666268569409,0.130571257958318
2020-03-03,0.714285714285714,0.304666268569409,0.217618763263864
2020-03-04,0.857142857142857,0.304666268569409,0.261142515916636
2020-03-05,0.857142857142857,0.456999402854114,0.391713773874954
2020-03-06,1,0.456999402854114,0.456999402854114
2020-03-07,1.07142857142857,0.456999402854114,0.489642217343693
2020-03-08,1,0.456999402854114,0.456999402854114
2020-03-09,0.714285714285714,0.456999402854114,0.326428144895795
2020-03-10,0.428571428571429,0.609332537138818,0.261142515916636
2020-03-11,0.285714285714286,0.456999402854114,0.130571257958318
2020-03-12,0.285714285714286,0.456999402854114,0.130571257958318
2020-03-13,0.142857142857143,0.456999402854114,0.0652856289791591
2020-03-14,0.214285714285714,0.456999402854114,0.0979284434687386
2020-03-15,0.428571428571429,0.456999402854114,0.195856886937477
2020-03-16,0.857142857142857,0.456999402854114,0.391713773874954
2020-03-17,1.14285714285714,0.456999402854114,0.522285031833273
2020-03-18,1.28571428571429,0.609332537138818,0.783427547749909
2020-03-19,1.28571428571429,0.609332537138818,0.783427547749909
2020-03-20,1.35714285714286,0.609332537138818,0.826951300402682
2020-03-21,1.35714285714286,0.609332537138818,0.826951300402682
2020-03-22,1.35714285714286,0.609332537138818,0.826951300402682
2020-03-23,1.5,0.609332537138818,0.913998805708227
2020-03-24,1.78571428571429,0.609332537138818,1.08809381631932
2020-03-25,2.21428571428571,0.913998805708227,2.02385449835393
2020-03-26,2.35714285714286,1.06633193999293,2.51349671569762
2020-03-27,2.35714285714286,1.37099820856234,3.23163863446837
2020-03-28,2.24285714285714,1.52333134284705,3.41661458324266
2020-03-29,1.95714285714286,1.67566447713175,3.27951476238642
2020-03-30,1.42142857142857,1.82799761141645,2.59836803337053
2020-03-31,0.992857142857143,1.82799761141645,1.81494048562062
2020-04-01,0.635714285714286,1.67566447713175,1.06524384617661
2020-04-02,0.778571428571429,1.52333134284705,1.18602225978806
2020-04-03,0.707142857142857,1.52333134284705,1.07721287815612
2020-04-04,0.678571428571429,1.82799761141645,1.24042695060402
2020-04-05,0.678571428571429,1.82799761141645,1.24042695060402
2020-04-06,0.642857142857143,1.82799761141645,1.17514132162486
2020-04-07,0.571428571428571,1.67566447713175,0.957522558361
2020-04-08,0.642857142857143,1.37099820856234,0.881355991218648
2020-04-09,0.642857142857143,1.21866507427764,0.783427547749909
2020-04-10,0.785714285714286,0.913998805708227,0.71814191877075
2020-04-11,1.07142857142857,0.913998805708227,0.979284434687386
2020-04-12,1.35714285714286,0.913998805708227,1.24042695060402
2020-04-13,1.5,0.761665671423523,1.14249850713528
2020-04-14,1.57142857142857,0.761665671423523,1.19690319795125
2020-04-15,1.57142857142857,1.06633193999293,1.67566447713175
2020-04-16,1.42857142857143,1.06633193999293,1.52333134284705
2020-04-17,1.28571428571429,0.913998805708227,1.17514132162486
2020-04-18,1.07142857142857,0.913998805708227,0.979284434687386
2020-04-19,0.928571428571429,0.913998805708227,0.848713176729068
2020-04-20,1,0.913998805708227,0.913998805708227
2020-04-21,1,0.913998805708227,0.913998805708227
2020-04-22,0.857142857142857,1.06633193999293,0.913998805708227
2020-04-23,0.714285714285714,1.21866507427764,0.870475053055454
2020-04-24,0.714285714285714,1.37099820856234,0.979284434687386
2020-04-25,0.642857142857143,1.21866507427764,0.783427547749909
2020-04-26,0.642857142857143,1.06633193999293,0.68549910428117
2020-04-27,0.714285714285714,1.06633193999293,0.761665671423523
2020-04-28,1.14285714285714,1.06633193999293,1.21866507427764
2020-04-29,1.42857142857143,0.761665671423523,1.08809381631932
2020-04-30,1.85714285714286,1.06633193999293,1.98033074570116
2020-05-01,2,1.06633193999293,2.13266387998586
2020-05-02,2.14285714285714,1.06633193999293,2.28499701427057
2020-05-03,2.10714285714286,1.21866507427764,2.56790140651359
2020-05-04,1.96428571428571,1.21866507427764,2.3938063959025
2020-05-05,1.58333333333333,1.37099820856234,2.17074716355704
2020-05-06,1.51190476190476,1.37099820856234,2.0728187200883
2020-05-07,1.51190476190476,1.37099820856234,2.0728187200883
2020-05-08,1.70238095238095,1.37099820856234,2.33396123600494
2020-05-09,1.8452380952381,1.67566447713175,3.09199992804073
2020-05-10,2.05952380952381,1.98033074570116,4.07853832150358
2020-05-11,2.08809523809524,2.28499701427057,4.77129138456021
2020-05-12,2.01666666666667,2.74199641712468,5.52969277453477
2020-05-13,1.74115646258503,2.89432955140939,5.03948060328729
2020-05-14,1.45544217687075,3.3513289542635,4.87766550860324
2020-05-15,1.21734693877551,3.3513289542635,4.0797300433024
2020-05-16,1.07448979591837,3.04666268569409,3.27360796738355
2020-05-17,0.895918367346939,3.5036620885482,3.13899521810747
2020-05-18,1.01020408163265,3.80832835711761,3.84718885055759
2020-05-19,1.0578231292517,3.65599522283291,3.86739630714638
2020-05-20,1.16666666666667,4.11299462568702,4.79849372996819
2020-05-21,1.26190476190476,4.11299462568702,5.19020750384315
2020-05-22,1.3952380952381,4.41766089425643,6.16368877151016
2020-05-23,1.3952380952381,4.56999402854114,6.3762297636312
2020-05-24,1.37482993197279,4.56999402854114,6.28296457937526
2020-05-25,1.17840136054422,5.02699343139525,5.92381589900301
2020-05-26,1.05459183673469,4.72232716282584,4.98012767630664
2020-05-27,0.899829931972789,4.87466029711054,4.38636524353944
2020-05-28,0.751020408163265,4.56999402854114,3.43215878061865
2020-05-29,0.66530612244898,4.56999402854114,3.04044500674369
2020-05-30,0.693877551020408,4.56999402854114,3.17101626470201
2020-05-31,0.761904761904762,4.26532775997173,3.24977353140703
2020-06-01,0.958333333333333,4.41766089425643,4.23359169032908
2020-06-02,1.11547619047619,4.56999402854114,5.09771952945601
2020-06-03,1.22261904761905,4.26532775997173,5.21487096367972
2020-06-04,1.27619047619048,4.26532775997173,5.44337066510677
2020-06-05,1.24047619047619,3.96066149140232,4.91310627862049
2020-06-06,1.24761904761905,4.26532775997173,5.32150415767901
2020-06-07,1.15918367346939,3.96066149140232,4.59113413697248
2020-06-08,0.968707482993197,3.3513289542635,3.24645743596682
2020-06-09,0.91156462585034,3.5036620885482,3.19381442085347
2020-06-10,1.05442176870748,3.5036620885482,3.69433757636035
2020-06-11,1.11156462585034,3.1989958199788,3.55589059173153
2020-06-12,1.1187074829932,3.3513289542635,3.74915677910634
2020-06-13,1.1187074829932,3.96066149140232,4.43082164803477
2020-06-14,1.13571428571429,3.80832835711761,4.32517291986929
2020-06-15,1.20714285714286,3.65599522283291,4.41330851899115
2020-06-16,1.22755102040816,3.65599522283291,4.48792066639591
2020-06-17,1.15612244897959,3.65599522283291,4.22677815047927
2020-06-18,1.15612244897959,3.80832835711761,4.40289390674924
2020-06-19,1.27040816326531,4.11299462568702,5.22518194793912
2020-06-20,1.33673469387755,3.80832835711761,5.09072464063681
2020-06-21,1.36054421768707,3.80832835711761,5.18139912533009
2020-06-22,1.31292517006803,4.26532775997173,5.60005617465676
2020-06-23,1.17006802721088,4.56999402854114,5.34720389734065
2020-06-24,1.0093537414966,4.87466029711054,4.92025660941345
2020-06-25,0.856972789115646,4.72232716282584,4.04690587984344
2020-06-26,0.717687074829932,4.72232716282584,3.38915316787841
2020-06-27,0.701360544217687,4.11299462568702,2.88469214903627
2020-06-28,1.12993197278912,4.26532775997173,4.81953021041703
2020-06-29,1.58231292517007,4.26532775997173,6.74908324468996
2020-06-30,2.13333333333333,4.26532775997173,9.09936588793968
2020-07-01,2.65119047619048,4.72232716282584,12.5197887995395
2020-07-02,3.175,6.39799163995759,20.3136234568653
2020-07-03,3.65714285714286,7.92132298280463,28.9694097656855
2020-07-04,3.87557603686636,9.74932059422109,37.7842332706909
2020-07-05,3.63864223895695,12.7959832799152,46.5600052512863
2020-07-06,3.35292795324267,17.518310442741,58.7376327770493
2020-07-07,2.96721366752838,21.9359713369975,65.0887139616496
2020-07-08,2.54351236882708,25.7442996941151,65.4809446987729
2020-07-09,2.1178864483558,30.923626259795,65.4927289896394
2020-07-10,1.69675549597485,35.7982865569056,60.740939461912
2020-07-11,1.40600088767992,39.4542817797385,55.4727552050859
2020-07-12,1.23634127899592,44.328942076849,54.8057009438275
2020-07-13,1.13430046266939,50.2699343139525,57.021209750676
2020-07-14,1.11020233857126,54.0782626710701,60.0378136832931
2020-07-15,1.12654861605615,59.1052561024654,66.584944463877
2020-07-16,1.14673235965669,63.3705838624371,72.6690991653945
2020-07-17,1.15425786986077,67.1789122195547,77.5417881181068
2020-07-18,1.1286550005079,69.9209086366794,78.9165831728442
2020-07-19,1.09902391730539,73.729236993797,81.0301948608601
2020-07-20,1.05697606368118,75.1002352023593,79.3791509857206
2020-07-21,1.01245592080038,74.1862363966511,75.1102942816862
2020-07-22,0.967840498667035,75.252568336644,72.8324832649127
2020-07-23,0.944711246966355,76.6235665452064,72.3871450979314
2020-07-24,0.952656311784735,77.0805659480605,73.4312876663594
2020-07-25,0.964866323994747,76.6235665452064,73.9314989838402
2020-07-26,0.992519385219237,77.5375653509146,76.9575366934862
2020-07-27,1.02615150141445,78.2992310223381,80.3468734731694
2020-07-28,1.09864159749885,79.9748954994699,87.8637469513412
2020-07-29,1.16733677952456,79.0608966937616,92.2906925328198
2020-07-30,1.26298895343761,79.6702292309005,100.622619436469
2020-07-31,1.36163178693645,80.2795617680393,109.31120314469
2020-08-01,1.46847452403128,83.6308907223028,122.809832447746
2020-08-02,1.5048125522003,86.6775534079969,130.433470362365
2020-08-03,1.50680349749021,90.9428811679686,137.033051415732
2020-08-04,1.47867571600379,98.1025384793497,145.061841327741
2020-08-05,1.45233689472796,102.063199970752,148.230150911521
2020-08-06,1.40544845707866,104.957529522161,147.512397925709
2020-08-07,1.36398115245346,111.203188027834,151.679052562704
2020-08-08,1.34882285032664,119.886176682062,161.705214547062
2020-08-09,1.36029259042622,126.588834590589,172.197853724269
2020-08-10,1.37850117558041,137.404487124803,189.412247031565
2020-08-11,1.38857382022967,148.220139659017,205.814605561297
2020-08-12,1.39550644189565,159.340458461801,222.360636238049
2020-08-13,1.37141803030723,168.785112787453,231.474946924153
2020-08-14,1.35159930736351,179.905431590236,243.160056728297
2020-08-15,1.30971827999707,188.740753378749,247.197214880566
2020-08-16,1.31994889125939,199.708739047248,263.605328680225
2020-08-17,1.32057773453166,209.610392775753,276.806817626097
2020-08-18,1.35834908213047,225.910038144217,306.864692957256
2020-08-19,1.36699600617268,235.202359335584,321.520685854134
2020-08-20,1.39771426750318,258.356995746859,361.109259064644
2020-08-21,1.37109230114907,271.609978429628,372.402350340129
2020-08-22,1.37261481313689,288.51895633523,396.025393336534
2020-08-23,1.32027560216229,308.017597523673,406.668119047148
2020-08-24,1.31230580495743,322.336912146435,423.00460096182
2020-08-25,1.2790072142033,338.941223783468,433.508270409951
2020-08-26,1.28755067966641,361.486527657604,465.432224375798
2020-08-27,1.27012646643171,375.501176011797,476.933981828816
2020-08-28,1.29605776974931,402.464140780189,521.616776703643
2020-08-29,1.30271956137343,425.314110922895,554.065012027405
2020-08-30,1.34219659592436,446.793082857038,599.684154893267
2020-08-31,1.34375615780221,474.822379565424,638.045496403336
2020-09-01,1.34392080215956,500.414346125254,672.517249456805
2020-09-02,1.30973134314811,538.954629099285,705.885770266098
2020-09-03,1.26370406270148,563.175597450553,711.687290512595
2020-09-04,1.19306780015902,592.575892367501,706.983216334161
2020-09-05,1.12384268259055,614.511863704498,690.614661389383
2020-09-06,1.04791523637083,630.506842804392,660.717727210791
2020-09-07,0.98676823536586,649.700817724265,641.104129421529
2020-09-08,0.942891070539324,671.332122792693,632.993063947439
2020-09-09,0.919474717606058,681.995442192622,627.07756661868
2020-09-10,0.917719082592645,697.533421889662,640.139732014289
2020-09-11,0.922674387040971,696.010090546815,642.190683669613
2020-09-12,0.943057173402225,706.368743678175,666.14611079282
2020-09-13,0.961935956370915,709.263073229584,682.265652665674
2020-09-14,0.984427495191011,709.263073229584,698.218070610878
2020-09-15,0.99484288929296,705.302411738182,701.665089118906
2020-09-16,1.01468184037537,696.771756218239,707.001647921104
2020-09-17,1.03205317796648,689.155099504003,711.244710554911
2020-09-18,1.04910044979219,683.366440401184,716.920039997769
2020-09-19,1.04351907334988,679.253445775497,708.813926305363
2020-09-20,1.03629569262569,684.432772341177,709.27473386902
2020-09-21,1.02798605729615,687.631768161156,706.875870223564
2020-09-22,1.02180302378333,683.366440401184,698.265895153983
2020-09-23,1.00330271431597,679.405778909782,681.649662102138
2020-09-24,0.988790413473466,683.2141072669,675.555559615343
2020-09-25,0.973953524383677,693.877426666829,675.804365192434
2020-09-26,0.964821755251908,687.936434429726,663.736038168227
2020-09-27,0.958321130729621,688.39343383258,659.701973897284
2020-09-28,0.963764110922531,692.201762189697,667.119215915763
2020-09-29,0.977560365399618,685.956103684025,670.563499365453
2020-09-30,0.986744715532244,684.280439206893,675.210107329484
2020-10-01,0.98363671194366,687.022435624017,675.780489608733
2020-10-02,0.975267677499639,688.545766966865,671.516431001982
2020-10-03,0.965513686172614,690.221431443996,666.418238548831
2020-10-04,0.954609934454774,675.749783686949,645.077456713227
2020-10-05,0.938385227991333,666.609795629867,625.536785053389
2020-10-06,0.925017998206193,661.582802198472,611.975999337274
2020-10-07,0.919463117195993,658.688472647062,605.639756321136
2020-10-08,0.919718500212953,654.270811752806,601.744969718402
2020-10-09,0.925108063675168,639.951497130044,592.024290356
2020-10-10,0.943173775294706,638.123499518627,601.861350145253
2020-10-11,0.957278782821987,631.573174744385,604.591599982323
2020-10-12,0.965870850364814,621.06218847874,599.865864115393
2020-10-13,0.952119373926771,623.347185493011,593.50093199062
2020-10-14,0.93984415825246,618.167858927331,580.981451032283
2020-10-15,0.927272015035299,604.153210573138,560.214364958199
2020-10-16,0.923356629927754,593.337558038924,547.862168000384
2020-10-17,0.914949540383862,574.75291565619,525.869916013916
2020-10-18,0.917548250168201,573.991249984767,526.664667035381
2020-10-19,0.91562291528296,569.725922224795,521.65410981974
2020-10-20,0.916723468059491,560.585934167713,513.902281715595
2020-10-21,0.908064779915636,555.254274467748,504.206850541771
2020-10-22,0.900198662541818,543.829289396395,489.554398965702
2020-10-23,0.891478669848494,537.735964025007,479.380141938711
2020-10-24,0.87957225854758,522.959649999391,459.980800479216
2020-10-25,0.863776004388565,513.667328808024,443.693512862742
2020-10-26,0.847936865512366,503.918008213803,427.290656360047
2020-10-27,0.838017428916952,488.837027919617,409.653949296602
2020-10-28,0.836501145615696,475.584045236848,397.82659867717
2020-10-29,0.843612738299336,463.397394494071,390.927944889921
2020-10-30,0.861833967046881,447.859414797031,385.98045613382
2020-10-31,0.897504320741431,440.852090619935,395.666656139285
2020-11-01,0.930276098205084,427.903774205735,398.06865347534
2020-11-02,0.951589824860807,415.260124060105,395.157308726032
2020-11-03,0.957867801756313,409.014465554432,391.781787007157
2020-11-04,0.962083125147914,401.550141974481,386.324615494397
2020-11-05,0.958276731727342,389.058824963135,372.826019235353
2020-11-06,0.948533332153434,377.329173623213,357.909298375528
2020-11-07,0.924718238864657,371.235848251825,343.288559798854
2020-11-08,0.901474525329565,365.599522283291,329.578655811045
2020-11-09,0.871560881966798,358.592198106194,312.534932447848
2020-11-10,0.853550680919024,353.412871540515,301.655797148954
2020-11-11,0.83323793244301,343.815884080578,286.480436392367
2020-11-12,0.819451303240246,335.894561097773,275.249235842881
2020-11-13,0.795647080596581,329.191903189246,261.920576728556
2020-11-14,0.784412213768494,322.946244683574,253.322978720464
2020-11-15,0.780303101336779,313.653923492207,244.745129247418
2020-11-16,0.809882641435506,302.381271555138,244.893342927703
2020-11-17,0.840449102980293,285.92929305239,240.309017861671
2020-11-18,0.882970066693838,273.133309772475,241.168536746111
2020-11-19,0.923696883736444,269.172648281073,248.633936404313
2020-11-20,0.977700836314501,263.383989178254,257.510746491429
2020-11-21,1.01168799672057,254.853333658311,257.832058586335
2020-11-22,1.04018886684841,246.627344406937,256.539017912484
2020-11-23,1.04608940698624,239.467687095556,250.504610786156
2020-11-24,1.04153593387448,234.288360529876,244.019746380406
2020-11-25,1.00848813568469,232.917362321313,234.894396496018
2020-11-26,0.974139970188988,229.870699635619,223.926236490364
2020-11-27,0.93706143661738,227.433369487064,213.119039946279
2020-11-28,0.926033599812399,224.38670680137,207.789629849322
2020-11-29,0.912282027821924,219.816712772829,200.534836477546
2020-11-30,0.911018086606409,220.121379041398,200.534557555459
2020-12-01,0.920073479654608,223.320374861377,205.471154376478
2020-12-02,0.957752889446694,221.340044115676,211.989066802047
2020-12-03,0.989439120603447,216.61771695285,214.330043368954
2020-12-04,1.03986064037251,214.485053072864,223.03456463868
2020-12-05,1.11616592337646,215.856051281426,240.93116879493
2020-12-06,1.23046036373188,217.074716355704,267.101834444033
2020-12-07,1.33280658065144,215.094385610003,286.67921260219
2020-12-08,1.42338836477206,216.008384415711,307.463821070534
2020-12-09,1.48573721442428,225.910038144217,335.642950782873
2020-12-10,1.52478728892496,237.639689484139,362.34997786949
2020-12-11,1.5181696492432,248.607675152638,377.428626985648
2020-12-12,1.46043764232613,260.032660223991,379.761485225315
2020-12-13,1.37494818719724,275.722973055315,379.10480197104
2020-12-14,1.29683646097302,287.300291260953,372.581492955372
2020-12-15,1.22831071623142,302.685937823708,371.792381081417
2020-12-16,1.17504232634931,320.051915132164,376.074546909451
2020-12-17,1.14867516031949,338.027224977759,388.283476843681
2020-12-18,1.14777475210018,355.393202286216,407.911344652152
2020-12-19,1.160125102864,369.864850043263,429.089497202219
2020-12-20,1.17332325341135,386.012162277441,452.917046099718
2020-12-21,1.17829688351118,407.186467943015,479.786546185178
2020-12-22,1.1946984056091,427.142108534312,510.305996034453
2020-12-23,1.2119411308507,439.328759277088,532.440593333508
2020-12-24,1.22886736971252,452.581741959857,556.16293482212
2020-12-25,1.22089283799356,463.549727628356,565.944542515327
2020-12-26,1.19614501683706,485.638032099638,580.893512082539
2020-12-27,1.15009613993154,506.355338362358,582.357320084277
2020-12-28,1.11040047301741,522.654983730821,580.356341159611
2020-12-29,1.06496985644416,531.794971787904,566.345614762692
2020-12-30,1.03717226060357,538.954629099285,558.988791025663
2020-12-31,1.02473532572351,551.44594611063,565.086141206585
2021-01-01,1.02724409112819,564.851261927684,580.240121181515
2021-01-02,1.02398668580385,576.580913267607,590.411178474656
2021-01-03,1.01497372799924,590.29089535323,599.12975066068
2021-01-04,1.00019571889874,603.696211170284,603.814365927908
2021-01-05,0.981415251048927,605.676541915985,594.420195438923
2021-01-06,0.956292127956334,607.047540124548,580.514783916361
2021-01-07,0.924167111639696,604.153210573138,558.338527603226
2021-01-08,0.90283485878035,603.543878035999,544.900451894376
2021-01-09,0.893142345411366,592.575892367501,529.254622343343
2021-01-10,0.901425468636903,586.330233861828,528.533005834883
2021-01-11,0.913696876442285,581.455573564717,531.27414135604
2021-01-12,0.930395597147238,577.190245804745,537.015263413067
2021-01-13,0.942234879942178,573.686583716197,540.547509332269
2021-01-14,0.959081568990006,566.374593270531,543.199433549978
2021-01-15,0.968899746760498,557.996270884873,540.642445553655
2021-01-16,0.978364619498158,551.7506123792,539.813277938252
2021-01-17,0.971606042141714,540.173294173562,524.835636422627
2021-01-18,0.963690381084419,531.947304922188,512.632500997293
2021-01-19,0.949312500900088,525.8539795508,499.199756435634
2021-01-20,0.93087401516455,519.608321045127,483.689884124188
2021-01-21,0.905702716617998,512.448663733746,464.126146870917
2021-01-22,0.889082438671912,506.507671496643,450.327075780267
2021-01-23,0.889583256206847,501.023678662393,445.702275501225
2021-01-24,0.891956971510362,486.247364636777,433.711726766314
2021-01-25,0.897378484762711,481.82970374252,432.383609458129
2021-01-26,0.902412276419667,476.95504344541,430.410086505414
2021-01-27,0.916872749545479,473.603714491146,434.23433990045
2021-01-28,0.920335330443632,460.503064942662,423.81724044431
2021-01-29,0.916226148765536,450.601411214156,412.852795625062
2021-01-30,0.901663907267982,445.269751514191,401.483663938529
2021-01-31,0.900110456495781,436.434429725679,392.839193770856
2021-02-01,0.901851486507116,422.724447640055,381.234671487083
2021-02-02,0.907179326037644,410.080797494425,372.016821491971
2021-02-03,0.906342519166354,400.483810034488,362.975505271998
2021-02-04,0.907655264805877,396.218482274517,359.629791449859
2021-02-05,0.904043767851074,392.714820185968,355.03138573188
2021-02-06,0.898978789052512,384.33649780031,345.510359381206
2021-02-07,0.88895022129825,377.024507354644,335.156019247774
2021-02-08,0.892068311926632,365.90418855186,326.411531808342
2021-02-09,0.897201940628001,355.393202286216,318.859470777192
2021-02-10,0.909498294097086,347.928878706265,316.44072165046
2021-02-11,0.906650157206396,344.272883483432,312.135063932153
2021-02-12,0.911044304656559,339.855222589176,309.623164947656
2021-02-13,0.914509219775945,330.410568263524,302.163510988402
2021-02-14,0.936793488771661,324.621909160705,304.103690814374
2021-02-15,0.93561983212796,314.567922297915,294.315986653216
2021-02-16,0.945773092516783,311.064260209367,294.196207349658
2021-02-17,0.950385554079604,308.931596329381,293.604126350195
2021-02-18,0.971261823632573,302.990604092277,294.2832066742
2021-02-19,0.968701453171466,293.393616632341,284.210822782981
2021-02-20,0.963239649767566,293.241283498056,282.461631214059
2021-02-21,0.948170457757742,293.545949766626,278.331597563153
2021-02-22,0.947036418901035,287.909623798092,272.660899088889
2021-02-23,0.930365454733084,283.796629172405,264.034579951701
2021-02-24,0.921309280201206,276.332305592454,254.587517561723
2021-02-25,0.91964324793464,276.941638129593,254.687507577839
2021-02-26,0.931350486237495,273.742642309614,254.950343018996
2021-02-27,0.937902004998662,268.563315743934,251.886072305324
2021-02-28,0.934880313066784,266.278318729664,248.938357976885
2021-03-01,0.938087388334542,266.735318132518,250.221037963517
2021-03-02,0.934492854999143,262.012990969692,244.849267978132
2021-03-03,0.91672735437074,257.138330672581,235.725741584784
2021-03-04,0.892141520037006,251.959004106901,224.783088910941
2021-03-05,0.88726592674986,252.56833664404,224.095279280145
2021-03-06,0.887926173360891,242.819016049819,215.605359740373
2021-03-07,0.893967964439784,235.507025604153,210.535736290613
2021-03-08,0.897666309692713,233.831361127021,209.902535033317
2021-03-09,0.914688220114686,231.85103038132,212.071406311246
2021-03-10,0.925126531802997,229.413700232765,212.23670084443
2021-03-11,0.922517892132618,221.340044115676,204.190150942134
2021-03-12,0.925021703164029,218.293381429982,201.926115479797
2021-03-13,0.942137059945039,217.227049489989,204.657653747033
2021-03-14,0.960958210696361,209.001060238615,200.841284880542
2021-03-15,0.985283464263492,203.212401135796,200.221818572379
2021-03-16,1.02280884465604,204.278733075789,208.938094965048
2021-03-17,1.06956111859933,201.232070390095,215.229998304488
2021-03-18,1.13118006473343,199.099406510109,225.217279544492
2021-03-19,1.19446544112723,200.013405315817,238.909100411918
2021-03-20,1.24900586194672,202.907734867226,253.432950283497
2021-03-21,1.29373554329295,205.192731881497,265.465130460472
2021-03-22,1.31318875044331,212.657055461448,279.258852934373
2021-03-23,1.30240762561584,219.359713369975,285.69576344596
2021-03-24,1.27775619200869,224.0820405328,286.322214808728
2021-03-25,1.25590817903379,234.593026798445,294.627301100461
2021-03-26,1.23137358511596,240.229352766979,295.812079366761
2021-03-27,1.22096437610322,246.475011272652,300.937208363548
2021-03-28,1.22145670862945,258.356995746859,315.571885676352
2021-03-29,1.23892551666197,273.590309175329,338.958015148753
2021-03-30,1.26811734172548,285.015294246682,361.432837291207
2021-03-31,1.30914836952121,300.400940809437,393.269401863313
2021-04-01,1.34385830318412,317.919251252178,427.238425537318
2021-04-02,1.36485050798178,329.039570054962,449.089824335623
2021-04-03,1.35941986114678,350.213875720536,476.087698303686
2021-04-04,1.34186441629428,372.759179594672,500.192278945139
2021-04-05,1.29906915077729,387.687826754573,503.633295868755
2021-04-06,1.25485299332927,410.385463762994,514.973427621813
2021-04-07,1.19713297362295,427.294441668596,511.528265567284
2021-04-08,1.13694780427306,446.1837503199,507.28763522853
2021-04-09,1.04136832575562,463.549727628356,482.726003764815
2021-04-10,0.939581896516902,482.439036279659,453.290984661429
2021-04-11,0.81736697504901,492.950022545304,402.921068778196
2021-04-12,0.700361947858515,499.348014185261,349.724347874071
2021-04-13,0.570522805767362,490.665025531033,279.93558705788
2021-04-14,0.474901542565352,479.849372996819,227.881207435207
2021-04-15,0.408035946509807,461.41706374837,188.274748342342
2021-04-16,0.347034440159595,434.454098979977,150.770535014558
2021-04-17,0.273359979333351,398.198813020218,108.851619297772
