"fecha","rho7dpromedio","incidenciaAcum14d","riesgopor10"
2020-03-03,3.25,0.270091425947683,0.877797134329971
2020-03-04,3.4,0.540182851895367,1.83662169644425
2020-03-09,3.33333333333333,0.81027427784305,2.70091425947683
2020-03-10,3.14285714285714,1.35045712973842,4.24429383632074
2020-03-11,3,1.89063998163378,5.67191994490135
2020-03-13,2.68571428571429,2.70091425947683,7.25388401116635
2020-03-14,2.17551020408163,2.97100568542452,6.46345318502558
2020-03-15,1.67551020408163,3.51118853731988,5.88303222273393
2020-03-16,1.17551020408163,3.78127996326757,4.44493318131045
2020-03-17,0.925510204081633,4.05137138921525,3.74958556124309
2020-03-18,0.854081632653061,4.32146281516293,3.69088201662385
2020-03-19,1.13979591836735,4.59155424111062,5.23343478298016
2020-03-20,1.35884353741497,4.8616456670583,6.60621579588364
2020-03-21,1.67857142857143,5.67191994490135,9.52072276465584
2020-03-22,1.77857142857143,5.94201137084903,10.5682916524386
2020-03-23,1.85,6.75228564869208,12.4917284500804
2020-03-24,1.75079365079365,6.75228564869208,11.8218588420752
2020-03-25,1.63854875283447,7.02237707463977,11.5065071975843
2020-03-26,1.4421201814059,7.02237707463977,10.1271117007801
2020-03-28,1.41831065759637,6.4821942227444,9.19376515072801
2020-03-30,1.56116780045351,6.75228564869208,10.5414509342025
2020-03-31,1.90402494331066,6.75228564869208,12.8565202994683
2020-04-01,2.33259637188209,8.91301705627355,20.7904712479868
2020-04-02,2.4510334903192,9.18310848222123,22.5081064351586
2020-04-03,2.678663003663,11.8840227416981,31.8332920528764
2020-04-04,2.64132534132534,12.9643884454888,34.243167735855
2020-04-05,2.62545232545233,14.8550284271226,39.0011689286494
2020-04-06,2.25640470640471,15.3952112790179,34.7378271860709
2020-04-07,1.91672216672217,19.4465826682332,37.2736960671977
2020-04-08,1.46434121434121,20.5269483720239,30.0584565058089
2020-04-09,1.41415806415806,23.4979540574484,33.2298212215564
2020-04-10,1.21576186576187,24.3082283352915,29.5530170342794
2020-04-11,1.17480282480282,24.8484111871869,29.1919836545692
2020-04-12,1.04348969348969,28.6296911504544,29.8747876432923
2020-04-13,1.06015636015636,31.3306054099313,33.2153405928879
2020-04-14,1.12979281688959,32.6810625396697,36.9228297056383
2020-04-15,1.24183763481676,32.6810625396697,40.5845734075621
2020-04-16,1.36462675046302,34.5717025213035,47.1774700696206
2020-04-17,1.43335261918889,34.8417939472511,49.940576611532
2020-04-18,1.45569694153321,42.1342624478386,61.3347169790763
2020-04-19,1.39848057299609,42.9445367256816,60.0571003271828
2020-04-20,1.32835070286622,44.2949938554201,58.839286221302
2020-04-21,1.17305985859181,43.484719577577,51.0101789985769
2020-04-22,1.06441640120885,44.8351767073154,47.7232974383637
2020-04-23,0.929143373078683,44.8351767073154,41.6583073184139
2020-04-24,0.882989526924837,46.9959081148969,41.4968946737759
2020-04-25,0.900938244873555,47.8061823927399,43.0704180590202
2020-04-26,1.00360915886522,46.1856338370538,46.3523251268628
2020-04-27,1.16421521947128,48.0762738186876,55.971129675185
2020-04-28,1.27934806506235,49.9669138003214,63.9250744875785
2020-04-29,1.31336167050453,52.9379194857459,69.5266343688335
2020-04-30,1.27526157580066,54.2883766154843,69.2318807103222
2020-05-01,1.21367732671641,56.7191994490135,68.8388063607736
2020-05-02,1.1026550156941,52.1276452079029,57.4788094448166
2020-05-03,0.972005665044749,51.8575537819552,50.4058360514232
2020-05-04,0.778423884506446,52.1276452079029,40.5774040729096
2020-05-05,0.661643839154972,51.0472795041121,33.7751179895177
2020-05-06,0.634213512185475,50.5070966522168,32.0322831580936
2020-05-07,0.671107043182779,48.8865480965307,32.8081067444754
2020-05-08,0.785194344770081,46.4557252630015,36.4767727587014
2020-05-09,0.935843695419432,47.5360909667923,44.4863510361571
2020-05-10,1.18986966944541,48.3463652446353,57.5258736325211
2020-05-11,1.33073036154833,45.1052681332631,60.0229497707118
2020-05-12,1.45771448853246,46.7258166889492,68.1128999759931
2020-05-13,1.43857234035805,43.7548110035247,62.9444608672649
2020-05-14,1.4236913879771,45.9155424111062,65.3695623049892
2020-05-15,1.29857467462509,42.9445367256816,55.7666878054775
2020-05-16,1.207665583716,42.4043538737863,51.2102787730861
2020-05-17,1.03840151445193,41.5940795959432,43.1913552446618
2020-05-18,1.0863606981254,41.3239881699955,44.8927566376823
2020-05-19,1.11493212669683,41.8641710218909,46.6757092298367
2020-05-20,1.21193856853086,44.0249024294724,53.3554772300856
2020-05-21,1.23226377178289,47.8061823927399,58.9098266298187
2020-05-22,1.29388842164284,50.5070966522168,65.350547569099
2020-05-23,1.30182492957935,51.8575537819552,67.5094563003509
2020-05-24,1.31639075590988,51.5874623560075,67.9092585662971
2020-05-25,1.2293159259779,53.2080109116936,65.4094552033511
2020-05-26,1.15788735454933,55.0986508933274,63.7980311221121
2020-05-27,1.06303562075237,57.2593823009089,60.8687630081437
2020-05-28,1.05398861298906,56.4491080230658,59.4967170697005
2020-05-29,1.01997500754688,57.5294737268565,58.6786253987184
2020-05-30,1.06346707103894,58.0696565787519,61.7551675980425
2020-05-31,1.10128219708936,59.1500222825426,65.1408664972033
2020-06-01,1.25621416987848,63.4714850977056,79.7337789629684
2020-06-02,1.35401636768068,63.2013936717579,85.57572149179
2020-06-03,1.4949477402297,66.4424907831301,99.3280514514727
2020-06-04,1.55369755594546,69.1434050426069,107.427939424445
2020-06-05,1.63136195503843,73.1947764318222,119.407173578418
2020-06-06,1.6238894275659,79.1367878026712,128.509393044284
2020-06-07,1.60931216809068,80.7573363583573,129.963764064096
2020-06-08,1.52969031935118,86.6993477292063,132.623152915429
2020-06-09,1.49855478821565,90.7507191184216,135.994924668924
2020-06-10,1.41731112053581,97.5030047671137,138.192092942087
2020-06-11,1.3686916727567,106.686113249335,146.020394803143
2020-06-12,1.29584379881394,116.679496009399,151.198401352516
2020-06-13,1.2450384397894,125.052330213777,155.69495810139
2020-06-14,1.17961569926462,126.402787343516,149.106712381218
2020-06-15,1.13651314850981,134.235438695999,152.560341073984
2020-06-16,1.09988311187977,141.527907196586,155.664154985212
2020-06-17,1.08935635579377,145.579278585801,158.587712399314
2020-06-18,1.03934210548933,152.871747086389,158.8860434866
2020-06-19,1.01484111080663,160.164215586976,162.54123045776
2020-06-20,1.01097614016084,163.675404124296,165.471928300846
2020-06-21,1.03686358604828,163.135221272401,169.148970539282
2020-06-22,1.05526162085038,159.624032735081,168.445115510695
2020-06-23,1.1232769388657,162.05485556861,182.032482091431
2020-06-24,1.17798026306443,170.967872624884,201.396779570227
2020-06-25,1.20240319576075,172.58842118057,207.520869178819
2020-06-26,1.20050281513696,173.938878310308,208.81411307329
2020-06-27,1.16535243919711,175.289335440046,204.273854620299
2020-06-28,1.11705535475545,177.990249699523,198.824961521112
2020-06-29,1.05212822857764,174.479061162203,183.574345544478
2020-06-30,0.956717336948256,176.369701143837,168.735950796692
2020-07-01,0.901364503940556,175.289335440046,157.999584884987
2020-07-02,0.926034522796621,171.508055476779,158.822380309215
2020-07-03,0.979435176197275,172.318329754622,168.774633665238
2020-07-04,1.02825550287604,169.887506921093,174.687763861505
2020-07-05,1.03953213650415,172.58842118057,179.411210205715
2020-07-06,1.00752016055753,182.581803940634,183.954848421152
2020-07-07,0.938892709577141,180.691163959,169.649616526113
2020-07-08,0.843068594532893,172.58842118057,145.503877677354
2020-07-09,0.731525988804241,166.376318383773,121.708600819299
2020-07-10,0.689344422835717,159.083849883185,109.663564680208
2020-07-11,0.623075376368378,152.871747086389,95.2506213519431
