"fecha","rho7dpromedio","incidenciaAcum14d","riesgopor10"
2020-02-02,3.25,0.5,1.625
2020-02-15,3.4,1,3.4
2020-02-16,3.16666666666667,1.5,4.75
2020-02-20,2.9047619047619,2.5,7.26190476190476
2020-02-22,2.76190476190476,3,8.28571428571428
2020-02-26,2.47619047619048,3.5,8.66666666666667
2020-03-01,2.04761904761905,4.5,9.21428571428571
2020-03-03,1.69047619047619,5,8.45238095238095
2020-03-04,1.29761904761905,5.5,7.13690476190476
2020-03-05,1.36904761904762,6.5,8.89880952380952
2020-03-06,1.5,7,10.5
2020-03-07,1.92857142857143,8.5,16.3928571428571
2020-03-08,2.30952380952381,9,20.7857142857143
2020-03-09,2.73809523809524,12,32.8571428571429
2020-03-10,3.02380952380952,12.5,37.797619047619
2020-03-11,3.40079365079365,16.5,56.1130952380952
2020-03-12,3.33776844070962,21.5,71.7620214752568
2020-03-13,3.31504116798234,28,92.8211527035056
2020-03-14,2.95585749451296,32,94.5874398244146
2020-03-15,2.70143572580547,37,99.9531218548025
2020-03-16,2.42796633805037,43.5,105.616535705191
2020-03-17,2.26674184825445,53,120.137317957486
2020-03-18,1.93168318710884,61,117.832674413639
2020-03-19,1.84635674884122,74.5,137.553577788671
2020-03-20,1.70349960598408,87.5,149.056215523607
2020-03-21,1.64389658669417,99.5,163.56771037607
2020-03-22,1.48638490732363,107.5,159.78637753729
2020-03-23,1.31719835946505,120.5,158.722402315538
2020-03-24,1.07804690941134,131,141.224145132886
2020-03-25,0.960724618176006,138,132.579997308289
2020-03-26,0.856329013780402,142,121.598719956817
2020-03-27,0.8543310117824,145.5,124.305162214339
2020-03-28,0.884724847398838,147,130.054552567629
2020-03-29,0.985786777058177,150.5,148.360909947256
2020-03-30,1.08778337201252,156.5,170.238097719959
2020-03-31,1.18364803366665,159,188.200037352998
2020-04-01,1.23353465498185,165.5,204.149985399496
2020-04-02,1.24063730842596,163,202.223881273432
2020-04-03,1.18082370430856,164.5,194.245499358758
2020-04-04,1.07431860226774,163,175.113932169642
2020-04-05,0.949292684788997,165,156.633292990185
2020-04-06,0.84233297782929,158.5,133.509776985943
2020-04-07,0.832112113167636,153,127.313153314648
2020-04-08,0.918061877688829,148.5,136.332188836791
2020-04-09,1.07640488969038,150,161.460733453557
2020-04-10,1.21153900662829,153.5,185.971237517443
2020-04-11,1.30423916361416,163.5,213.243103250916
2020-04-12,1.36434772974683,167.5,228.528244732593
2020-04-13,1.38339534879445,167.5,231.71872092307
2020-04-14,1.34266530677764,167,224.225106231866
2020-04-15,1.24094559791507,165,204.756023655987
2020-04-16,1.16219894773985,171,198.736020063515
2020-04-17,1.12904557010973,168.5,190.244178563489
2020-04-18,1.19955207509899,169,202.72430069173
2020-04-19,1.29737859713398,170.5,221.203050811343
2020-04-20,1.44988824964363,188,272.578990933002
2020-04-21,1.49259037903908,202,301.503256565893
2020-04-22,1.49210297298266,221,329.754757029169
2020-04-23,1.41353281515615,238,336.420810007163
2020-04-24,1.32562763422771,246,326.104398020016
2020-04-25,1.19139923022243,247,294.27560986494
2020-04-26,1.07041977901042,251,268.675364531615
2020-04-27,0.952044134086101,261,248.483518996472
2020-04-28,0.943686177142243,264.5,249.604993854123
2020-04-29,1.00075985407064,269,269.204400745003
2020-04-30,1.07281187769255,277,297.168890120837
2020-05-01,1.16688294633989,291,339.562937384909
2020-05-02,1.25014958632922,298,372.544576726108
2020-05-03,1.33559932177896,316,422.04938568215
2020-05-04,1.36631493825377,312.5,426.973418204304
2020-05-05,1.3909554555685,322.5,448.583134420841
2020-05-06,1.39553812696041,335.5,468.203041595218
2020-05-07,1.41482264535997,344.5,487.406401326511
2020-05-08,1.4228860562056,356.5,507.258879037298
2020-05-09,1.45130511613727,372,539.885503203064
2020-05-10,1.5218942492264,404,614.845276687466
2020-05-11,1.61714314733374,431,696.988696500841
2020-05-12,1.69338254720328,472,799.276562279946
2020-05-13,1.72065492552356,515.5,886.997614107394
2020-05-14,1.73278031622038,576.5,998.947852301047
2020-05-15,1.71639033078486,648,1112.22093434859
2020-05-16,1.69112375135759,702,1187.16887345303
2020-05-17,1.59673276999853,747,1192.7593791889
2020-05-18,1.50328159642565,829,1246.22044343686
2020-05-19,1.4099651359832,896,1263.32876184095
2020-05-20,1.34201889303696,985,1321.88860964141
2020-05-21,1.25376104829543,1060.5,1329.61359171731
2020-05-22,1.18541109163252,1147,1359.6665221025
2020-05-23,1.11519817699596,1212.5,1352.1777896076
2020-05-24,1.05968881360174,1251,1325.67070581578
2020-05-25,1.00958772462028,1310.5,1323.06471311487
2020-05-26,0.993072181195183,1353,1343.62666115708
2020-05-27,0.991874597198274,1391,1379.6975647028
2020-05-28,1.01465625146361,1410,1430.66531456369
2020-05-29,1.04963292926924,1449,1520.91811451112
2020-05-30,1.08790114475955,1484,1614.44529882318
2020-05-31,1.10788046814445,1488.5,1649.08007683301
2020-06-01,1.12342212061922,1519.5,1707.0399122809
2020-06-02,1.14323468065375,1548,1769.72728565201
2020-06-03,1.1765643339716,1541,1813.08563865024
2020-06-04,1.19819139210556,1553.5,1861.39032763599
2020-06-05,1.22709872520952,1584.5,1944.33793009448
2020-06-06,1.26076223910313,1640.5,2068.28045324868
2020-06-07,1.29141405519883,1701,2196.69530789322
2020-06-08,1.30684030295988,1750.5,2287.62395033128
2020-06-09,1.30453012805482,1836.5,2395.76958017267
2020-06-10,1.29401706715491,1932.5,2500.68798227687
2020-06-11,1.27334279977581,1994.5,2539.68221415286
2020-06-12,1.24506146140321,2099.5,2614.00653821604
2020-06-13,1.21446070081158,2186.5,2655.41832232453
2020-06-14,1.21012660393638,2288,2768.76966980643
2020-06-15,1.19933723909839,2347,2814.84450016391
2020-06-16,1.2099569011265,2463,2980.12384747457
2020-06-17,1.2088918030652,2595.5,3137.67867485572
2020-06-18,1.22718157537467,2727,3346.52415604672
2020-06-19,1.22841824003631,2842.5,3491.7788473032
2020-06-20,1.2336772020623,2957.5,3648.60032509924
2020-06-21,1.21067043395258,3044.5,3685.88613616862
2020-06-22,1.18653706566136,3201.5,3798.69841571483
2020-06-23,1.12820828292672,3319,3744.52329103379
2020-06-24,1.07892455542968,3421,3691.00090412492
2020-06-25,1.03643317318702,3510,3637.88043788644
2020-06-26,1.01461324869608,3553.5,3605.42817924152
2020-06-27,1.00601214719172,3618,3639.75194853966
2020-06-28,1.01522252212908,3663,3718.76009855882
2020-06-29,1.04234963998854,3797.5,3958.32275785647
2020-06-30,1.06552913573565,3842.5,4094.29570406423
2020-07-01,1.09569260356477,3911,4285.25377254182
2020-07-02,1.11806208859068,3964.5,4432.55715021776
2020-07-03,1.14489363485971,4051,4637.96411481669
2020-07-04,1.14825840522001,4048.5,4648.72415353322
2020-07-05,1.14580163379369,4132,4734.45235083552
2020-07-06,1.11566775375122,4213.5,4700.86608043078
2020-07-07,1.08145278342942,4270.5,4618.34411163535
2020-07-08,1.01988280150463,4341.5,4427.82118273234
2020-07-09,0.961639886135287,4406,4236.98533831207
2020-07-10,0.896969108838284,4433,3976.26405948011
2020-07-11,0.816948622427738,4424.5,3614.58917993153
2020-07-12,0.765214911729011,4370,3343.98916425578
2020-07-13,0.704839363723376,4337,3056.88832046828
