"fecha","rho7dpromedio","incidenciaAcum14d","riesgopor10"
2020-01-01,0,0,0
2020-01-02,0,0,0
2020-01-03,0,0,0
2020-01-04,0,0,0
2020-01-05,0,0,0
2020-01-06,0,0,0
2020-01-07,0,0,0
2020-01-08,0,0,0
2020-01-09,0,0,0
2020-01-10,0,0,0
2020-01-11,0,0,0
2020-01-12,0,0,0
2020-01-13,0,0,0
2020-01-14,0,0,0
2020-01-15,0,0,0
2020-01-16,0,0,0
2020-01-17,0,0,0
2020-01-18,0,0,0
2020-01-19,0,0,0
2020-01-20,0,0,0
2020-01-21,0,0,0
2020-01-22,0,0,0
2020-01-23,0,0,0
2020-01-24,0,0,0
2020-01-25,0,0,0
2020-01-26,0,0,0
2020-01-27,0,0,0
2020-01-28,0,0,0
2020-01-29,0,0,0
2020-01-30,0,0,0
2020-01-31,0,0,0
2020-02-01,0,0,0
2020-02-02,0,0,0
2020-02-03,0,0,0
2020-02-04,0,0,0
2020-02-05,0,0,0
2020-02-06,0,0,0
2020-02-07,0,0,0
2020-02-08,0,0,0
2020-02-09,0,0,0
2020-02-10,0,0,0
2020-02-11,0,0,0
2020-02-12,0,0,0
2020-02-13,0,0,0
2020-02-14,0,0,0
2020-02-15,0,0,0
2020-02-16,0,0,0
2020-02-17,0,0,0
2020-02-18,0,0,0
2020-02-19,0,0,0
2020-02-20,0,0,0
2020-02-21,0,0,0
2020-02-22,0,0,0
2020-02-23,0,0,0
2020-02-24,0,0,0
2020-02-25,0,0,0
2020-02-26,0,0,0
2020-02-27,0,0,0
2020-02-28,0,0,0
2020-02-29,0,0,0
2020-03-01,0,0,0
2020-03-02,0,0,0
2020-03-03,0,0,0
2020-03-04,0,0,0
2020-03-05,0,0,0
2020-03-06,0,0,0
2020-03-07,0.142857142857143,0,0
2020-03-08,0.285714285714286,0,0
2020-03-09,0.428571428571429,0,0
2020-03-10,0.428571428571429,0,0
2020-03-11,0.428571428571429,0.331247577752088,0.141963247608038
2020-03-12,0.428571428571429,0.331247577752088,0.141963247608038
2020-03-13,0.428571428571429,0.331247577752088,0.141963247608038
2020-03-14,0.428571428571429,0.331247577752088,0.141963247608038
2020-03-15,0.714285714285714,0.331247577752088,0.236605412680063
2020-03-16,1.14285714285714,0.331247577752088,0.3785686602881
2020-03-17,1.71428571428571,0.331247577752088,0.56785299043215
2020-03-18,2.28571428571429,0.662495155504175,1.5142746411524
2020-03-19,2.85714285714286,1.32499031100835,3.785686602881
2020-03-20,3,2.6499806220167,7.9499418660501
2020-03-21,2.87755102040816,3.64372335527296,10.4849998590508
2020-03-22,2.48072562358277,4.30621851077714,10.6825466004313
2020-03-23,1.92517006802721,4.30621851077714,8.29020298333286
2020-03-24,1.38231292517007,4.63746608852923,6.41042931421183
2020-03-25,0.858503401360544,4.30621851077714,3.69690323850391
2020-03-26,0.429931972789116,4.63746608852923,1.99379494418399
2020-03-27,0.358503401360544,4.63746608852923,1.66254736643191
2020-03-28,0.480952380952381,4.63746608852923,2.23040035686406
2020-03-29,0.592063492063492,4.96871366628132,2.94179396432211
2020-03-30,0.861904761904762,4.96871366628132,4.28255796950913
2020-03-31,1.26190476190476,4.96871366628132,6.27004343602166
2020-04-01,1.78571428571429,4.96871366628132,8.87270297550235
2020-04-02,2.21428571428571,4.30621851077714,9.53519813100652
2020-04-03,2.71428571428571,3.31247577752088,8.99100568184238
2020-04-04,2.78571428571429,2.98122819976879,8.3048499850702
2020-04-05,3.11904761904762,3.31247577752088,10.3317696870294
2020-04-06,3.26190476190476,3.31247577752088,10.8049805123895
2020-04-07,3.4047619047619,3.31247577752088,11.2781913377497
2020-04-08,3.4047619047619,3.97497093302505,13.5338296052996
2020-04-09,3.4047619047619,5.96245639953758,20.3007444079494
2020-04-10,3.0047619047619,8.94368459930637,26.8736427722015
2020-04-11,2.88571428571429,12.9186555323314,37.2795488218707
2020-04-12,2.4656462585034,13.9123982655877,34.3030527303555
2020-04-13,2.07136054421769,14.9061409988439,30.875992331551
2020-04-14,1.53752595775152,16.5623788876044,25.4650874618075
2020-04-15,1.00181167203724,17.5561216208606,17.5879275554835
2020-04-16,0.52562119584676,18.2186167763648,9.57609113666672
2020-04-17,0.445101715327279,17.8873691986127,7.96169871299487
2020-04-18,0.516530286755851,18.2186167763648,9.41046734779067
2020-04-19,0.517550694919116,17.2248740431086,8.91474553090508
2020-04-20,0.483264980633402,18.881111931869,9.12458019209176
2020-04-21,0.445670995670996,19.2123595096211,8.56239139184195
2020-04-22,0.430364873222016,18.5498643541169,7.98321002104512
2020-04-23,0.355534941249227,16.2311313098523,5.77073431665683
2020-04-24,0.336054421768707,13.2499031100835,4.45268852815051
2020-04-25,0.312244897959184,9.27493217705846,2.89605025120397
2020-04-26,0.397959183673469,8.28118944380219,3.29557539090087
2020-04-27,0.683673469387755,7.28744671054593,4.98223397557732
2020-04-28,0.826530612244898,5.63120882178549,4.65436647514923
2020-04-29,0.948979591836735,4.63746608852923,4.40086067584917
2020-04-30,0.928571428571429,3.97497093302505,3.69104443780898
2020-05-01,0.857142857142857,4.30621851077714,3.69104443780898
2020-05-02,0.714285714285714,3.31247577752088,2.36605412680063
2020-05-03,0.571428571428571,3.31247577752088,1.8928433014405
2020-05-04,0.285714285714286,1.65623788876044,0.473210825360125
2020-05-05,0.142857142857143,0.993742733256263,0.141963247608038
2020-05-06,0,0.993742733256263,0
2020-05-07,0,0.993742733256263,0
2020-05-08,0,0.993742733256263,0
2020-05-09,0.142857142857143,0.993742733256263,0.141963247608038
2020-05-10,0.285714285714286,0.662495155504175,0.18928433014405
2020-05-11,0.428571428571429,0.662495155504175,0.283926495216075
2020-05-12,0.428571428571429,0.662495155504175,0.283926495216075
2020-05-13,0.428571428571429,0.662495155504175,0.283926495216075
2020-05-14,0.428571428571429,0.662495155504175,0.283926495216075
2020-05-15,0.428571428571429,0.331247577752088,0.141963247608038
2020-05-16,0.428571428571429,0.331247577752088,0.141963247608038
2020-05-17,0.428571428571429,0.331247577752088,0.141963247608038
2020-05-18,0.428571428571429,0.331247577752088,0.141963247608038
2020-05-19,0.428571428571429,0.331247577752088,0.141963247608038
2020-05-20,0.428571428571429,0.662495155504175,0.283926495216075
2020-05-21,0.428571428571429,0.662495155504175,0.283926495216075
2020-05-22,0.428571428571429,0.662495155504175,0.283926495216075
2020-05-23,0.285714285714286,0.662495155504175,0.18928433014405
2020-05-24,0.142857142857143,0.662495155504175,0.0946421650720251
2020-05-25,0,0.662495155504175,0
2020-05-26,0,0.662495155504175,0
2020-05-27,0,0.331247577752088,0
2020-05-28,0,0.331247577752088,0
2020-05-29,0,0.331247577752088,0
2020-05-30,0,0.331247577752088,0
2020-05-31,0,0.331247577752088,0
2020-06-01,0,0.331247577752088,0
2020-06-02,0.142857142857143,0.331247577752088,0.0473210825360125
2020-06-03,0.285714285714286,0,0
2020-06-04,0.571428571428571,0,0
2020-06-05,0.714285714285714,0,0
2020-06-06,0.857142857142857,0.331247577752088,0.283926495216075
2020-06-07,0.857142857142857,0.331247577752088,0.283926495216075
2020-06-08,0.857142857142857,0.662495155504175,0.56785299043215
2020-06-09,0.714285714285714,0.662495155504175,0.473210825360125
2020-06-10,0.571428571428571,0.662495155504175,0.3785686602881
2020-06-11,0.428571428571429,0.662495155504175,0.283926495216075
2020-06-12,0.428571428571429,0.662495155504175,0.283926495216075
2020-06-13,0.428571428571429,0.662495155504175,0.283926495216075
2020-06-14,0.571428571428571,0.662495155504175,0.3785686602881
2020-06-15,0.714285714285714,0.993742733256263,0.709816238040188
2020-06-16,1,0.993742733256263,0.993742733256263
2020-06-17,1.14285714285714,0.993742733256263,1.1357059808643
2020-06-18,1.14285714285714,1.32499031100835,1.5142746411524
2020-06-19,1,1.32499031100835,1.32499031100835
2020-06-20,1,1.32499031100835,1.32499031100835
2020-06-21,1,1.32499031100835,1.32499031100835
2020-06-22,1.28571428571429,0.993742733256263,1.27766922847234
2020-06-23,1.28571428571429,0.993742733256263,1.27766922847234
2020-06-24,1.42857142857143,1.32499031100835,1.8928433014405
2020-06-25,1.85714285714286,1.65623788876044,3.07587036484081
2020-06-26,2.35714285714286,1.98748546651253,4.68478717106524
2020-06-27,2.5952380952381,1.98748546651253,5.15799799642537
2020-06-28,2.80952380952381,2.31873304426461,6.51453569579106
2020-06-29,2.5952380952381,2.98122819976879,7.73699699463805
2020-06-30,2.41666666666667,3.97497093302505,9.60617975481054
2020-07-01,2.25340136054422,4.63746608852923,10.4500723933694
2020-07-02,1.7891156462585,4.30621851077714,7.70432291383937
2020-07-03,1.43197278911565,4.63746608852923,6.64072524922043
2020-07-04,1.14625850340136,4.96871366628132,5.69543029094151
2020-07-05,0.836734693877551,5.96245639953758,4.98899413022532
2020-07-06,0.622448979591837,6.29370397728967,3.91750961851704
2020-07-07,0.51530612244898,6.62495155504175,3.4138780972409
2020-07-08,0.421428571428571,6.29370397728967,2.6523466761435
2020-07-09,0.457142857142857,5.96245639953758,2.72569435407432
2020-07-10,0.742857142857143,5.63120882178549,4.18318369618351
2020-07-11,1.21904761904762,5.63120882178549,6.86471170655755
2020-07-12,1.74285714285714,5.63120882178549,9.814392517969
2020-07-13,2.31428571428571,4.96871366628132,11.499023056251
2020-07-14,2.52857142857143,4.30621851077714,10.8885810915365
2020-07-15,2.64285714285714,4.30621851077714,11.380720349911
2020-07-16,2.71428571428571,4.63746608852923,12.5874079545793
2020-07-17,2.5,4.63746608852923,11.5936652213231
2020-07-18,2.21428571428571,4.30621851077714,9.53519813100652
2020-07-19,1.88095238095238,3.64372335527296,6.85367012063248
2020-07-20,1.64285714285714,4.63746608852923,7.61869428829802
2020-07-21,1.64285714285714,4.63746608852923,7.61869428829802
2020-07-22,1.71428571428571,5.63120882178549,9.65350083734656
2020-07-23,1.73214285714286,5.96245639953758,10.3278262634847
2020-07-24,1.86071428571429,6.95619913279384,12.9434991006628
2020-07-25,1.88112244897959,8.61243702155428,16.2010486216687
2020-07-26,1.80175736961451,8.61243702155428,15.5175218739263
2020-07-27,1.62715419501134,10.5999224880668,17.2477083432529
2020-07-28,1.54473661259376,11.5936652213231,17.9091591415326
2020-07-29,1.50902232687947,12.2561603768272,18.4948196504478
2020-07-30,1.41973661259376,12.5874079545793,17.8708039307702
2020-07-31,1.29116518402233,13.5811506878356,17.5355089270942
2020-08-01,1.21361416361416,15.237388576596,18.4923105930496
2020-08-02,1.31678876678877,16.5623788876044,21.8091544704969
2020-08-03,1.40567765567766,16.5623788876044,23.2813659271728
2020-08-04,1.53095238095238,18.2186167763648,27.8918347314347
2020-08-05,1.59047619047619,19.2123595096211,30.5568003629212
2020-08-06,1.67083333333333,22.1935877093899,37.0817861311056
2020-08-07,1.58641774891775,24.5123207536545,38.8867807107624
2020-08-08,1.48421994671995,25.1748159091587,37.3649639273759
2020-08-09,1.34929931179931,27.4935489534233,37.0970266817747
2020-08-10,1.25025169275169,28.4872916866795,35.6162846531823
2020-08-11,1.12453740703741,27.8247965311754,31.2900245425114
2020-08-12,1.03644216894217,30.14352957544,31.2420251727414
2020-08-13,0.96229620620925,33.1247577752088,31.8758287386837
2020-08-14,0.981235600148644,33.1247577752088,32.5031915753354
2020-08-15,0.992224611137655,33.7872529307129,33.5245439005862
2020-08-16,1.03294234750756,35.1122432417213,36.2689229603602
2020-08-17,1.05443894614702,36.1059859749776,38.0715578010544
2020-08-18,1.05991513662321,37.0997287082338,39.3225640224717
2020-08-19,1.05277227948035,38.0934714414901,40.1037507627773
2020-08-20,1.06941824221327,37.762223863738,40.3836110664228
2020-08-21,1.15870395649899,36.7684811304817,42.6037845603475
2020-08-22,1.34705560485064,36.7684811304817,49.5291885886603
2020-08-23,1.57065808932269,37.762223863738,59.3115423823942
2020-08-24,1.73201863354037,38.0934714414901,65.9786023528989
2020-08-25,1.82664096523167,45.0496705742839,82.2895737411787
2020-08-26,1.83616477475548,49.024641507309,90.0173198307361
2020-08-27,1.78072617826425,51.0121269738215,90.8386299112239
2020-08-28,1.65147447758398,55.6495930623507,91.9038826304067
2020-08-29,1.44398679285492,56.9745833733591,82.2705459195418
2020-08-30,1.21985569730846,59.9558115731279,73.1374383342327
2020-08-31,1.06402236397513,62.2745446173925,66.2615081792727
2020-09-01,1.01756020544401,64.5932776616571,65.7275488876975
2020-09-02,1.00506020544401,67.5745058614259,67.9164467438619
2020-09-03,1.02871308764952,71.5494767944509,73.6038831929273
2020-09-04,1.03935006971507,75.8556953052281,78.8406222037742
2020-09-05,1.10030022417779,78.8369235049969,86.7442846060356
2020-09-06,1.13864075635931,78.8369235049969,89.7669342087708
2020-09-07,1.27611542707866,81.1556565492615,103.56398531721
2020-09-08,1.44978065074389,79.168171082749,114.776482590551
2020-09-09,1.71052081637536,84.4681323267824,144.484498665309
2020-09-10,1.84107100942555,87.4493605265511,161.000482458236
2020-09-11,1.94458700562447,94.0743120815929,182.935684836927
2020-09-12,1.98455033339428,106.33047245842,211.018174567329
2020-09-13,1.98889748445778,114.28041432447,227.292028572732
2020-09-14,1.89841893776944,124.880336812537,237.075196359946
2020-09-15,1.7607523869642,132.830278678587,233.881230244443
2020-09-16,1.63133662609464,150.7176478772,245.871219180911
2020-09-17,1.61821410031388,161.648817943019,261.582396494465
2020-09-18,1.6404843660458,179.867434719384,295.069714617912
2020-09-19,1.64451414778896,202.061022428773,332.29221010082
2020-09-20,1.64893892655002,226.573343182428,373.605605292082
2020-09-21,1.61447219699285,257.04812033562,414.997043571131
2020-09-22,1.54551547498776,281.229193511522,434.644070590387
2020-09-23,1.4086459574439,306.072761842929,431.148158653733
2020-09-24,1.27694394986509,335.222548685113,428.060405401811
2020-09-25,1.14713089711501,353.109917883725,405.063296882165
2020-09-26,1.03467531786839,366.691068571561,379.406197933778
2020-09-27,0.936702344895412,381.265961992653,357.132720627323
2020-09-28,0.871178991644032,394.847112680489,343.982509478546
2020-09-29,0.853781502791008,409.42200610158,349.556935645117
2020-09-30,0.855632433620027,411.078243990341,351.731878313702
2020-10-01,0.885747787754283,419.690681011895,371.740092247375
2020-10-02,0.90722351967392,419.028185856391,380.152225615213
2020-10-03,0.946819792965846,423.003156789416,400.507761335254
2020-10-04,0.962995530915777,420.353176167399,404.798230055458
2020-10-05,0.983251394455223,413.065729456853,406.147454490115
2020-10-06,0.97711342595984,405.115787590803,395.844075123269
2020-10-07,0.980691652439678,396.503350569249,388.847526067626
2020-10-08,0.950756777930024,383.91594261467,365.010684596291
2020-10-09,0.914448435361533,380.272219259397,347.739335913213
2020-10-10,0.839356535247451,375.96600074862,315.569519759202
2020-10-11,0.75937110848783,370.003544349082,280.970001616788
2020-10-12,0.649383750712862,360.397364594271,234.036192367259
2020-10-13,0.562265356557232,344.497480862171,193.698998910037
2020-10-14,0.492917086257608,330.585082596584,162.951035673739
2020-10-15,0.423731908467808,309.053990042698,130.956037020383
2020-10-16,0.35357792906302,285.5354120223,100.959019657001
