"fecha","rho7dpromedio","incidenciaAcum14d","riesgopor10"
2020-03-06,0,0,0
2020-03-07,0,0,0
2020-03-08,0,0,0
2020-03-09,0,0,0
2020-03-10,0,0,0
2020-03-11,0,0,0
2020-03-12,0,0,0
2020-03-13,0.142857142857143,0,0
2020-03-14,0.285714285714286,0,0
2020-03-15,0.428571428571429,0,0
2020-03-16,0.428571428571429,0,0
2020-03-17,0.428571428571429,0.454905243237834,0.194959389959071
2020-03-18,0.571428571428571,0.454905243237834,0.259945853278762
2020-03-19,0.714285714285714,0.454905243237834,0.324932316598453
2020-03-20,0.714285714285714,0.454905243237834,0.324932316598453
2020-03-21,0.571428571428571,0.454905243237834,0.259945853278762
2020-03-22,0.428571428571429,0.909810486475667,0.389918779918143
2020-03-23,0.428571428571429,0.909810486475667,0.389918779918143
2020-03-24,0.428571428571429,0.909810486475667,0.389918779918143
2020-03-25,0.285714285714286,0.909810486475667,0.259945853278762
2020-03-26,0.142857142857143,0.909810486475667,0.129972926639381
2020-03-27,0,0.909810486475667,0
2020-03-28,0,0.909810486475667,0
2020-03-29,0,0.909810486475667,0
2020-03-30,0,0.909810486475667,0
2020-03-31,0,0.454905243237834,0
2020-04-01,0,0.454905243237834,0
2020-04-02,0,0.454905243237834,0
2020-04-03,0,0.454905243237834,0
2020-04-04,0,0.454905243237834,0
2020-04-05,0,0,0
2020-04-06,0,0,0
2020-04-07,0,0,0
2020-04-08,0,0,0
2020-04-09,0,0,0
2020-04-10,0,0,0
2020-04-11,0,0,0
2020-04-12,0,0,0
2020-04-13,0,0,0
2020-04-14,0.142857142857143,0,0
2020-04-15,0.285714285714286,0,0
2020-04-16,0.428571428571429,0,0
2020-04-17,0.428571428571429,0,0
2020-04-18,0.428571428571429,0.454905243237834,0.194959389959071
2020-04-19,0.428571428571429,0.454905243237834,0.194959389959071
2020-04-20,0.428571428571429,0.454905243237834,0.194959389959071
2020-04-21,0.285714285714286,0.454905243237834,0.129972926639381
2020-04-22,0.142857142857143,0.454905243237834,0.0649864633196905
2020-04-23,0,0.454905243237834,0
2020-04-24,0.142857142857143,0.454905243237834,0.0649864633196905
2020-04-25,0.285714285714286,0.454905243237834,0.129972926639381
2020-04-26,0.428571428571429,0.454905243237834,0.194959389959071
2020-04-27,0.428571428571429,0.454905243237834,0.194959389959071
2020-04-28,0.428571428571429,0.909810486475667,0.389918779918143
2020-04-29,0.428571428571429,0.909810486475667,0.389918779918143
2020-04-30,0.428571428571429,0.909810486475667,0.389918779918143
2020-05-01,0.285714285714286,0.909810486475667,0.259945853278762
2020-05-02,0.142857142857143,0.454905243237834,0.0649864633196905
2020-05-03,0,0.454905243237834,0
2020-05-04,0,0.454905243237834,0
2020-05-05,0,0.454905243237834,0
2020-05-06,0,0.454905243237834,0
2020-05-07,0,0.454905243237834,0
2020-05-08,0,0.454905243237834,0
2020-05-09,0,0.454905243237834,0
2020-05-10,0,0.454905243237834,0
2020-05-11,0,0.454905243237834,0
2020-05-12,0,0,0
2020-05-13,0,0,0
2020-05-14,0,0,0
2020-05-15,0,0,0
2020-05-16,0,0,0
2020-05-17,0,0,0
2020-05-18,0,0,0
2020-05-19,0,0,0
2020-05-20,0,0,0
2020-05-21,0,0,0
2020-05-22,0,0,0
2020-05-23,0,0,0
2020-05-24,0,0,0
2020-05-25,0,0,0
2020-05-26,0,0,0
2020-05-27,0,0,0
2020-05-28,0,0,0
2020-05-29,0,0,0
2020-05-30,0,0,0
2020-05-31,0.428571428571429,0,0
2020-06-01,0.857142857142857,0,0
2020-06-02,1.42857142857143,0,0
2020-06-03,1.57142857142857,0,0
2020-06-04,1.71428571428571,1.3647157297135,2.33951267950886
2020-06-05,1.71428571428571,1.3647157297135,2.33951267950886
2020-06-06,1.71428571428571,1.81962097295133,3.11935023934514
2020-06-07,1.28571428571429,1.81962097295133,2.33951267950886
2020-06-08,0.857142857142857,1.81962097295133,1.55967511967257
2020-06-09,0.285714285714286,1.81962097295133,0.519891706557524
2020-06-10,0.142857142857143,1.81962097295133,0.259945853278762
2020-06-11,0,1.81962097295133,0
2020-06-12,0,1.81962097295133,0
2020-06-13,0,1.81962097295133,0
2020-06-14,0.142857142857143,1.81962097295133,0.259945853278762
2020-06-15,0.571428571428571,1.81962097295133,1.03978341311505
2020-06-16,1.14285714285714,1.81962097295133,2.0795668262301
2020-06-17,1.57142857142857,1.81962097295133,2.85940438606638
2020-06-18,1.85714285714286,0.909810486475667,1.68964804631195
2020-06-19,2,1.81962097295133,3.63924194590267
2020-06-20,2.04761904761905,1.81962097295133,3.72589056366226
2020-06-21,1.94047619047619,1.81962097295133,3.53093117370318
2020-06-22,1.55952380952381,2.27452621618917,3.54717778953311
2020-06-23,1.05952380952381,2.27452621618917,2.40991468143852
2020-06-24,0.630952380952381,2.27452621618917,1.43511773164317
2020-06-25,0.345238095238095,2.729431459427,0.942303718135512
2020-06-26,0.202380952380952,2.729431459427,0.552384938217369
2020-06-27,0.297619047619048,2.729431459427,0.812330791496131
2020-06-28,0.404761904761905,2.729431459427,1.10476987643474
2020-06-29,0.5,2.729431459427,1.3647157297135
2020-06-30,0.428571428571429,2.729431459427,1.16975633975443
2020-07-01,0.571428571428571,3.18433670266484,1.81962097295133
2020-07-02,0.714285714285714,2.729431459427,1.94959389959072
2020-07-03,1,1.81962097295133,1.81962097295133
2020-07-04,1,1.3647157297135,1.3647157297135
2020-07-05,1,1.81962097295133,1.81962097295133
2020-07-06,1.14285714285714,1.3647157297135,1.55967511967257
2020-07-07,1.71428571428571,1.81962097295133,3.11935023934514
2020-07-08,2,1.81962097295133,3.63924194590267
2020-07-09,2.42857142857143,1.3647157297135,3.31430962930422
2020-07-10,2.57142857142857,2.27452621618917,5.84878169877215
2020-07-11,2.5,3.18433670266484,7.96084175666209
2020-07-12,2.35714285714286,4.0941471891405,9.65048980297404
2020-07-13,2.11904761904762,4.54905243237834,9.63965872575409
2020-07-14,1.69047619047619,4.54905243237834,7.69006482616338
2020-07-15,1.54761904761905,4.0941471891405,6.33618017366982
2020-07-16,1.54761904761905,4.0941471891405,6.33618017366982
2020-07-17,1.69047619047619,5.00395767561617,8.45907130877971
2020-07-18,2.19047619047619,6.36867340532967,13.9504274592936
2020-07-19,2.76190476190476,6.36867340532967,17.5896694051962
2020-07-20,3.28571428571429,7.73338913504317,25.409707157999
2020-07-21,3.71428571428571,10.4628205944702,38.8619050651749
2020-07-22,3.85714285714286,12.2824415674215,47.3751317600544
2020-07-23,3.57142857142857,21.3805464321782,76.3590944006364
2020-07-24,3.11520737327189,27.7492198375078,86.444574240347
2020-07-25,2.63306451612903,30.9335565401727,81.4500500835998
2020-07-26,2.13465181771633,33.6629879995997,71.8587585231086
2020-07-27,1.68010636317088,38.212040431978,64.2002922795092
2020-07-28,1.2413308529668,40.941471891405,50.821912224674
2020-07-29,0.955616567252512,44.5807138373077,42.6020687228745
2020-07-30,0.778473710109655,48.6748610264482,37.892099652331
2020-07-31,0.793701119446461,52.3141029723509,41.5217620919923
2020-08-01,0.810235510980853,54.1337239453022,43.8610654821183
2020-08-02,0.836120736866078,57.318060647967,47.9248191047128
2020-08-03,0.82780904855439,57.7729658912049,47.8249839265635
2020-08-04,0.830494333194562,58.6827763776805,48.7357132377874
2020-08-05,0.844099775371433,60.047492107394,50.6860745994692
2020-08-06,0.87124263251429,51.859197729113,45.1819439495915
2020-08-07,0.875728484826229,49.129766269686,43.0243357752189
2020-08-08,0.890209130885823,47.7650505399725,42.5208841279063
2020-08-09,0.918292158968851,47.3101452967347,43.4445354656685
2020-08-10,0.927733152757671,45.0356190805455,41.781036875988
2020-08-11,0.935251949750152,44.1258085940699,41.2687485219058
2020-08-12,0.980470036985046,43.2159981075942,42.3719912628985
2020-08-13,1.10368432269933,41.8512823778807,46.1906042453297
2020-08-14,1.2187636877787,40.4865666481672,49.3435572736182
2020-08-15,1.27891406371855,40.0316614049294,51.1970547647831
2020-08-16,1.35493745553141,41.3963771346429,56.0895019030317
2020-08-17,1.4452583665045,45.0356190805455,65.088105266868
2020-08-18,1.53392831724341,43.2159981075942,66.2902432551765
2020-08-19,1.56694152252553,43.2159981075942,67.7169418721739
2020-08-20,1.62944152252553,49.129766269686,80.0540811518004
2020-08-21,1.71277485585886,50.4944819993995,86.4856791281893
2020-08-22,1.96089515661074,56.4082501614914,110.610664534555
2020-08-23,2.10743171076207,59.5925868641562,125.587307283866
2020-08-24,2.31214185568961,66.4161655127237,153.563596176377
2020-08-25,2.39807507955387,77.3338913504317,185.452477652397
2020-08-26,2.4876442405516,100.079153512323,248.961329834211
2020-08-27,2.3485285942931,111.451784593269,261.747703002288
2020-08-28,2.20898408083554,129.193089079545,285.385477130682
2020-08-29,1.9458261860987,146.024583079345,284.138457569934
2020-08-30,1.81532973219799,165.585508538571,300.592296871193
2020-08-31,1.57211642376729,176.958139619517,278.198797615148
2020-09-01,1.46147913402552,204.252454213787,298.510699906954
2020-09-02,1.30846151672219,224.72319015949,294.041646238735
2020-09-03,1.33023022420518,248.378262807857,330.40027222259
2020-09-04,1.32200041054059,265.664662050895,351.208792297409
2020-09-05,1.3893599859497,291.594260915451,405.129398248504
2020-09-06,1.38238895011268,312.519902104392,432.024059359409
2020-09-07,1.43792165270421,341.178932428375,490.588574385267
2020-09-08,1.44213758602462,371.65758372531,535.981370621362
2020-09-09,1.46455624128846,390.763603941299,572.295275020603
2020-09-10,1.43014969888811,419.87753950852,600.487736697991
2020-09-11,1.39340021648645,445.352233129839,620.553898055844
2020-09-12,1.30251572709748,484.019178805055,630.442592610391
2020-09-13,1.20736222080995,502.215388534568,606.355886826029
2020-09-14,1.10457430429655,534.058755561217,589.907578377509
2020-09-15,1.0099052954938,549.525533831303,554.968746625289
2020-09-16,0.945765028508342,565.447217344627,534.780203631904
2020-09-17,0.90822060622248,571.360985506719,518.921820628786
2020-09-18,0.930195185527886,598.655300100989,556.866277944692
2020-09-19,0.970218179239455,599.110205344227,581.267612592851
2020-09-20,1.03293262896883,610.027931181935,630.117754700172
2020-09-21,1.07369800919499,621.855467506119,667.684977468342
2020-09-22,1.10545668110217,635.047719560016,702.017744406313
2020-09-23,1.10306674399525,645.055634911248,711.539418897337
2020-09-24,1.09442275883712,644.145824424772,704.967850260369
2020-09-25,1.07539787573067,642.326203451821,690.756234718232
2020-09-26,1.0919244798952,625.039804208783,682.496263124472
2020-09-27,1.16241405034493,625.494709452021,727.083838683451
2020-09-28,1.25248108422562,631.863382857351,791.396934843644
2020-09-29,1.34804993907383,651.424308316578,878.152499137378
2020-09-30,1.43240848485327,688.72653826208,986.537737150225
2020-10-01,1.5007207438435,734.671967829101,1102.53746204145
2020-10-02,1.5217257514773,753.323082801852,1146.35113428184
2020-10-03,1.48663414729229,804.27247004449,1195.65891769525
2020-10-04,1.38593233754643,852.037520584462,1180.86635258088
2020-10-05,1.2767298192833,893.888802962343,1141.25448986548
2020-10-06,1.17022445851831,930.28122242137,1088.6378397778
2020-10-07,1.09486649410349,952.116674096786,1042.44064494582
2020-10-08,1.03920493408653,988.96399879905,1027.73626718592
2020-10-09,1.00484991628204,1032.17999690664,1037.18598347963
2020-10-10,0.988899831441159,1077.67052123043,1065.70819679388
2020-10-11,0.973867978298738,1118.15708787859,1088.93738259273
2020-10-12,0.964961690416709,1141.81216052696,1101.80499256045
2020-10-13,0.9515616850133,1155.4593178241,1099.49081543302
2020-10-14,0.949642732176967,1172.74571706713,1113.68944690447
2020-10-15,0.936693756192087,1156.36912831057,1083.1637423418
2020-10-16,0.933508101425189,1171.38100133742,1093.49365460403
2020-10-17,0.910346741648156,1150.91026539172,1047.72741002877
2020-10-18,0.909467472593989,1141.35725528372,1038.0272982897
2020-10-19,0.896617888315834,1124.07085604069,1007.86203726057
2020-10-20,0.899476435756748,1105.87464631117,994.708185257728
2020-10-21,0.881908400249356,1092.68239425728,963.645782300071
2020-10-22,0.871598550585629,1077.21561598719,938.89956956264
2020-10-23,0.848919336050057,1056.28997479825,896.704984082061
2020-10-24,0.833336078590963,1031.27018642017,859.394653119155
2020-10-25,0.802733220134004,1003.52096658266,805.559616976888
2020-10-26,0.777991471582732,975.316841501915,758.788184779497
2020-10-27,0.758967601872246,949.387242637359,720.554158792581
2020-10-28,0.756523984162661,899.802571124435,680.722226066864
2020-10-29,0.763574881292074,875.237687989592,668.309513709002
2020-10-30,0.770861367824432,831.111879395522,640.672040165966
2020-10-31,0.791141895757372,810.641143449819,641.332171007814
2020-11-01,0.821837988849047,776.068344963744,637.802447834412
2020-11-02,0.853675048643096,738.311209775004,630.277857918419
2020-11-03,0.875775148845778,701.008979829502,613.926243652409
2020-11-04,0.911151133050348,677.353907181134,617.171780004171
2020-11-05,0.944935965501848,655.06355026248,618.993108332345
2020-11-06,0.98664359997264,622.310372749356,613.99854646974
2020-11-07,1.00903809450652,597.745489614513,603.147969840493
2020-11-08,1.01134740957615,592.286626695659,599.007545635251
2020-11-09,0.9759711230219,576.819848425573,562.959515249228
2020-11-10,0.919531539753648,572.725701236432,526.639345914425
2020-11-11,0.837493010056055,566.811933074341,474.701031966121
2020-11-12,0.756806442891876,545.431386642162,412.785987566238
2020-11-13,0.67307953150539,526.780271669411,354.565018461529
2020-11-14,0.616720130037293,503.125199021044,310.287438165297
2020-11-15,0.597780640846087,481.744652588866,287.977627148748
2020-11-16,0.621803797922352,465.368063832304,289.367629522698
2020-11-17,0.672604081675177,445.352233129839,299.545729786285
2020-11-18,0.722250279439998,421.242255238234,304.242336557749
2020-11-19,0.759112670780001,398.496993076342,302.504116711982
2020-11-20,0.778646253371388,382.575309563018,297.890831423643
2020-11-21,0.785542074941122,363.014384103791,285.163072522366
2020-11-22,0.754999423097776,324.802343671813,245.225582093025
2020-11-23,0.732046356979243,301.147271023446,220.453762666954
2020-11-24,0.704784162563764,264.299946321181,186.274416333621
2020-11-25,0.706335067016454,240.189968429576,169.654597447385
2020-11-26,0.702716734129828,226.997716375679,159.515093906446
2020-11-27,0.706562077576942,216.079990537971,152.673927037315
2020-11-28,0.710821172519266,205.162264700263,145.833681550949
2020-11-29,0.720405334052732,192.879823132841,138.951653416047
2020-11-30,0.714452953100351,181.507192051896,129.678349370429
2020-12-01,0.704278610139123,170.13456097095,119.82213213725
2020-12-02,0.697585023613604,163.310982322382,113.92329545972
2020-12-03,0.695708851005724,148.754014538772,103.489484537258
2020-12-04,0.70950095321246,136.016667728112,96.5039554058781
2020-12-05,0.735521361375726,126.00875237688,92.6821290934994
2020-12-06,0.797803784313886,119.185173728312,95.0863826345556
2020-12-07,0.879946641456743,112.361595079745,98.872208219144
2020-12-08,0.966227918419642,105.992921674415,102.413320076686
2020-12-09,1.08794933425871,98.7144377826099,107.396306867313
2020-12-10,1.16888191519129,98.259532539372,114.853790580422
2020-12-11,1.21069376188118,95.9850063231829,116.208448389603
2020-12-12,1.1797413809288,91.8908591340424,108.407449049529
2020-12-13,1.10839674436677,93.7104801069937,103.868391063639
2020-12-14,1.00310573907577,90.071238161091,90.3509759250507
2020-12-15,0.904578170153462,89.1614276746154,80.6534810941738
2020-12-16,0.756526222101514,85.5221857287127,64.699776075207
2020-12-17,0.697248456941396,84.1574699989992,58.678666096894
2020-12-18,0.68331117471143,82.3378490260479,56.2623723412012
2020-12-19,0.724977841378097,80.0633228098587,58.0441349442491
2020-12-20,0.786592748210395,78.2437018369074,61.5459284580477
2020-12-21,0.847439309056956,78.6986070801452,66.6922932077431
2020-12-22,0.915891690009337,77.7887965936695,71.2461123759686
2020-12-23,0.967932506335868,72.7848389180534,70.4508115572038
2020-12-24,1.04759637188209,71.8750284315777,75.2960190138426
2020-12-25,1.15199197627769,66.8710707559615,77.0349369559654
2020-12-26,1.3067538810396,65.506355026248,85.6006836633072
2020-12-27,1.41532530961102,59.5925868641562,84.3428964540337
2020-12-28,1.51056340484912,61.4122078371075,92.7670337697229
2020-12-29,1.51453165881737,65.506355026248,99.2114485409832
2020-12-30,1.46884004884005,66.8710707559615,98.2229068351729
2020-12-31,1.36026862026862,73.2397441612912,99.6257257391063
2021-01-01,1.19767195767196,73.2397441612912,87.717187769047
2021-01-02,0.991889644746788,72.3299336748155,71.7433122172715
2021-01-03,0.796522849379992,74.1495546477669,59.0618145482967
2021-01-04,0.638340036024765,75.0593651342425,47.9133978437884
2021-01-05,0.520926403905251,74.1495546477669,38.6264608538371
2021-01-06,0.460112911841759,75.0593651342425,34.5357830529101
2021-01-07,0.389425081153928,70.5103127018642,27.4584842461123
2021-01-08,0.370245186974055,69.1455969721507,25.6008244793866
2021-01-09,0.324809860993541,64.5965445397724,20.9815946526265
2021-01-10,0.303285346705762,61.4122078371075,18.6254227458435
2021-01-11,0.267037717864962,55.0435344317779,14.6986998178834
