"fecha","rho7dpromedio","incidenciaAcum14d","riesgopor10"
2020-01-01,0.5,0.0774587338595363,0.0387293669297682
2020-01-02,0.4,0.0774587338595363,0.0309834935438145
2020-01-03,0.333333333333333,0.0774587338595363,0.0258195779531788
2020-01-04,0.285714285714286,0.0774587338595363,0.0221310668170104
2020-01-05,0.142857142857143,0.0774587338595363,0.0110655334085052
2020-01-06,0,0.0774587338595363,0
2020-01-07,0,0.0774587338595363,0
2020-01-08,0,0.0774587338595363,0
2020-01-09,0,0.0774587338595363,0
2020-01-10,0,0.0774587338595363,0
2020-01-11,0,0.0774587338595363,0
2020-01-12,0,0.0774587338595363,0
2020-01-13,0,0.0774587338595363,0
2020-01-14,0,0.0774587338595363,0
2020-01-15,0,0,0
2020-01-16,0,0,0
2020-01-17,0,0,0
2020-01-18,0,0,0
2020-01-19,0,0,0
2020-01-20,0,0,0
2020-01-21,0,0,0
2020-01-22,0,0,0
2020-01-23,0,0,0
2020-01-24,0,0,0
2020-01-25,0.142857142857143,0,0
2020-01-26,0.285714285714286,0,0
2020-01-27,0.428571428571429,0,0
2020-01-28,0.428571428571429,0,0
2020-01-29,0.428571428571429,0.0774587338595363,0.0331966002255156
2020-01-30,0.428571428571429,0.0774587338595363,0.0331966002255156
2020-01-31,0.428571428571429,0.0774587338595363,0.0331966002255156
2020-02-01,0.285714285714286,0.0774587338595363,0.0221310668170104
2020-02-02,0.142857142857143,0.0774587338595363,0.0110655334085052
2020-02-03,0,0.0774587338595363,0
2020-02-04,0,0.0774587338595363,0
2020-02-05,0,0.0774587338595363,0
2020-02-06,0,0.0774587338595363,0
2020-02-07,0,0.0774587338595363,0
2020-02-08,0,0.0774587338595363,0
2020-02-09,0,0.0774587338595363,0
2020-02-10,0,0.0774587338595363,0
2020-02-11,0,0.0774587338595363,0
2020-02-12,0,0,0
2020-02-13,0,0,0
2020-02-14,0,0,0
2020-02-15,0.142857142857143,0,0
2020-02-16,0.285714285714286,0,0
2020-02-17,0.428571428571429,0,0
2020-02-18,0.428571428571429,0,0
2020-02-19,0.428571428571429,0.0774587338595363,0.0331966002255156
2020-02-20,0.428571428571429,0.0774587338595363,0.0331966002255156
2020-02-21,0.428571428571429,0.0774587338595363,0.0331966002255156
2020-02-22,0.285714285714286,0.0774587338595363,0.0221310668170104
2020-02-23,0.142857142857143,0.0774587338595363,0.0110655334085052
2020-02-24,0,0.0774587338595363,0
2020-02-25,0,0.0774587338595363,0
2020-02-26,0,0.0774587338595363,0
2020-02-27,0,0.0774587338595363,0
2020-02-28,0,0.0774587338595363,0
2020-02-29,0,0.0774587338595363,0
2020-03-01,0,0.0774587338595363,0
2020-03-02,0.142857142857143,0.0774587338595363,0.0110655334085052
2020-03-03,0.285714285714286,0.0774587338595363,0.0221310668170104
2020-03-04,0.428571428571429,0,0
2020-03-05,0.428571428571429,0,0
2020-03-06,0.428571428571429,0.0774587338595363,0.0331966002255156
2020-03-07,0.571428571428571,0.0774587338595363,0.0442621336340208
2020-03-08,0.714285714285714,0.0774587338595363,0.055327667042526
2020-03-09,0.714285714285714,0.0774587338595363,0.055327667042526
2020-03-10,0.571428571428571,0.0774587338595363,0.0442621336340208
2020-03-11,0.571428571428571,0.154917467719073,0.0885242672680415
2020-03-12,0.857142857142857,0.154917467719073,0.132786400902062
2020-03-13,1.28571428571429,0.154917467719073,0.199179601353093
2020-03-14,1.57142857142857,0.154917467719073,0.243441734987114
2020-03-15,2,0.232376201578609,0.464752403157218
2020-03-16,2.42857142857143,0.309834935438145,0.752456271778353
2020-03-17,3,0.387293669297682,1.16188100789305
2020-03-18,3.42857142857143,0.464752403157218,1.59343681082475
2020-03-19,3.71428571428571,0.929504806314436,3.45244642345362
2020-03-20,3.625,1.39425720947165,5.05418238433475
2020-03-21,3.41071428571429,1.93646834648841,6.60474025320153
2020-03-22,2.975,2.24630328192655,6.6827522637315
2020-03-23,2.55436507936508,2.78851441894331,7.12288385505479
2020-03-24,2.1734126984127,3.4081842898196,7.40739101402458
2020-03-25,1.77491645781119,3.79547795911728,6.73665629489691
2020-03-26,1.34634502923977,4.18277162841496,5.63145379036161
2020-03-27,1.11232247284879,4.80244149929125,5.34186360420329
2020-03-28,0.973224728487886,5.65448757174615,5.50308713175078
2020-03-29,0.879177109440267,5.88686377332476,5.17559587590029
2020-03-30,0.753228179143511,6.27415744262244,4.72587218616621
2020-03-31,0.596765594109497,6.50653364420105,3.88287541577507
2020-04-01,0.464649589813042,6.42907491034152,2.9872670199675
2020-04-02,0.364649589813042,6.19669870876291,2.2596236423454
2020-04-03,0.300202758448917,5.73194630560569,1.72074609222391
2020-04-04,0.296443359952677,5.26719390244847,1.56142465796408
2020-04-05,0.311919550428867,5.1122764347294,1.59461896718889
2020-04-06,0.39421768707483,4.57006529771264,1.80160057144522
2020-04-07,0.598299319727891,3.95039542683635,2.36351889653236
2020-04-08,1.05748299319728,3.64056049139821,3.84983080535953
2020-04-09,1.58605442176871,3.25326682210053,5.15985822838597
2020-04-10,1.90238095238095,2.71105568508377,5.15746069614746
2020-04-11,1.97380952380952,2.16884454806702,4.28088602463704
2020-04-12,1.97380952380952,2.01392708034794,3.97510845144868
2020-04-13,1.90748299319728,1.7040921449098,3.25052678525652
2020-04-14,1.74081632653061,1.47171594333119,2.56198714216634
2020-04-15,1.3265306122449,1.47171594333119,1.9522762513577
2020-04-16,0.850340136054422,1.31679847561212,1.11972659490826
2020-04-17,0.564625850340136,1.31679847561212,0.743498459019087
2020-04-18,0.493197278911565,1.39425720947165,0.687643861814251
2020-04-19,0.471768707482993,1.23933974175258,0.584681708098922
2020-04-20,0.430952380952381,1.23933974175258,0.534096412517184
2020-04-21,0.35952380952381,1.31679847561212,0.473420404327214
2020-04-22,0.273809523809524,1.16188100789305,0.318134085494524
2020-04-23,0.178571428571429,1.16188100789305,0.207478751409472
2020-04-24,0.107142857142857,1.08442227403351,0.116188100789304
2020-04-25,0.0357142857142857,0.774587338595363,0.027663833521263
2020-04-26,0.142857142857143,0.619669870876291,0.0885242672680415
2020-04-27,0.285714285714286,0.464752403157218,0.132786400902062
2020-04-28,0.428571428571429,0.387293669297682,0.165983001127578
2020-04-29,0.428571428571429,0.387293669297682,0.165983001127578
2020-04-30,0.571428571428571,0.387293669297682,0.221310668170104
2020-05-01,0.714285714285714,0.309834935438145,0.221310668170104
2020-05-02,0.857142857142857,0.154917467719073,0.132786400902062
2020-05-03,0.714285714285714,0.154917467719073,0.110655334085052
2020-05-04,0.571428571428571,0.232376201578609,0.132786400902062
2020-05-05,0.428571428571429,0.154917467719073,0.0663932004510311
2020-05-06,0.428571428571429,0.154917467719073,0.0663932004510311
2020-05-07,0.571428571428571,0.154917467719073,0.0885242672680415
2020-05-08,0.857142857142857,0.154917467719073,0.132786400902062
2020-05-09,1.28571428571429,0.154917467719073,0.199179601353093
2020-05-10,1.71428571428571,0.154917467719073,0.265572801804125
2020-05-11,2.28571428571429,0.309834935438145,0.708194138144332
2020-05-12,2.71428571428571,0.387293669297682,1.05122567380799
2020-05-13,3.04761904761905,0.464752403157218,1.41638827628866
2020-05-14,2.9047619047619,0.464752403157218,1.34999507583763
2020-05-15,2.71428571428571,0.697128604735827,1.89220621285439
2020-05-16,2.22857142857143,0.8520460724549,1.89884553289949
2020-05-17,1.87142857142857,1.00696354017397,1.88446033946843
2020-05-18,1.3,0.929504806314436,1.20835624820877
2020-05-19,0.942857142857143,1.16188100789305,1.09548780744201
2020-05-20,0.695238095238095,1.16188100789305,0.807783938820879
2020-05-21,0.695238095238095,1.16188100789305,0.807783938820879
2020-05-22,0.504761904761905,1.16188100789305,0.586473270650775
2020-05-23,0.419047619047619,1.31679847561212,0.551801265970792
2020-05-24,0.347619047619048,1.39425720947165,0.484670363292527
2020-05-25,0.347619047619048,1.23933974175258,0.430818100704469
2020-05-26,0.323809523809524,1.16188100789305,0.376228135889177
2020-05-27,0.380952380952381,1.08442227403351,0.41311324725086
2020-05-28,0.380952380952381,1.00696354017397,0.383605158161513
2020-05-29,0.333333333333333,0.774587338595363,0.258195779531788
2020-05-30,0.476190476190476,0.697128604735827,0.331966002255156
2020-05-31,0.619047619047619,0.542211137016754,0.335654513391324
2020-06-01,0.904761904761905,0.542211137016754,0.490571981110397
2020-06-02,1.14285714285714,0.309834935438145,0.354097069072166
2020-06-03,1.28571428571429,0.387293669297682,0.497949003382734
2020-06-04,1.28571428571429,0.387293669297682,0.497949003382734
2020-06-05,1.28571428571429,0.464752403157218,0.59753880405928
2020-06-06,1.21428571428571,0.387293669297682,0.470285169861471
2020-06-07,1.14285714285714,0.309834935438145,0.354097069072166
2020-06-08,1.07142857142857,0.309834935438145,0.331966002255156
2020-06-09,1.07142857142857,0.309834935438145,0.331966002255156
2020-06-10,1.21428571428571,0.387293669297682,0.470285169861471
2020-06-11,1.5,0.387293669297682,0.580940503946523
2020-06-12,2.07142857142857,0.542211137016754,1.12315164096328
2020-06-13,2.38095238095238,0.464752403157218,1.10655334085052
2020-06-14,2.80952380952381,0.542211137016754,1.52335509923755
2020-06-15,2.88095238095238,0.697128604735827,2.00839431364369
2020-06-16,2.92857142857143,0.8520460724549,2.49527778361792
2020-06-17,2.72857142857143,1.08442227403351,2.95892363343429
2020-06-18,2.425,1.16188100789305,2.81756144414063
2020-06-19,1.93520408163265,1.16188100789305,2.24847686884608
2020-06-20,1.60187074829932,1.47171594333119,2.35749871942797
2020-06-21,1.18350340136054,1.62663341105026,1.92512617474469
2020-06-22,0.933503401360544,1.62663341105026,1.51846782198212
2020-06-23,0.640986394557823,1.78155087876934,1.14194987450368
2020-06-24,0.483843537414966,1.7040921449098,0.824513971474214
2020-06-25,0.715986394557823,1.85900961262887,1.33102558999448
2020-06-26,0.848639455782313,1.7040921449098,1.44615983045917
2020-06-27,1.08673469387755,1.7040921449098,1.85189605543769
2020-06-28,1.5765306122449,1.78155087876934,2.80866949765166
2020-06-29,2.11224489795918,1.85900961262887,3.92668356953241
2020-06-30,2.55714285714286,1.78155087876934,4.55568010428159
2020-07-01,2.7952380952381,1.47171594333119,4.11379647016861
2020-07-02,3.00952380952381,2.01392708034794,6.06096149895191
2020-07-03,3.17619047619048,2.40122074964563,7.62673447625539
2020-07-04,3.23741496598639,2.24630328192655,7.27221586305338
2020-07-05,3.02733093237295,2.40122074964563,7.26928985085797
2020-07-06,2.95040785544987,3.09834935438145,9.14139427409508
2020-07-07,2.8664792840213,3.79547795911728,10.8796589427691
2020-07-08,2.82481261735463,4.87990023315079,13.7848037500362
2020-07-09,2.4508630375227,6.11923997490337,14.997419072222
2020-07-10,2.24599039078959,7.12620351507734,16.0053846176747
2020-07-11,2.08317859940637,8.21062578911085,17.1041999316098
2020-07-12,1.90596104571823,9.44996553086343,18.0112661852057
2020-07-13,1.61463015438734,10.3794703371779,16.7590057929763
2020-07-14,1.40129428812594,11.8511862805091,16.6069996423938
2020-07-15,1.33020264392109,13.6327371592784,18.1343030131534
2020-07-16,1.31991577055105,14.1749482962951,18.7097378030257
2020-07-17,1.37043702155345,15.7241229734859,21.5489202543242
2020-07-18,1.40729218028361,17.1183801829575,24.0905625705981
2020-07-19,1.47892556482022,18.8224723278673,27.8370355188042
2020-07-20,1.48905820235012,20.3716470050581,30.334568068263
2020-07-21,1.51677376785964,22.385574085406,33.9538515512224
2020-07-22,1.51100205802722,23.8572900287372,36.0484143323743
2020-07-23,1.52871614470683,25.6388409075065,39.1945100268751
2020-07-24,1.50932236669236,27.3429330524163,41.2693004269838
2020-07-25,1.50590247809472,29.2794013989047,44.0919231237406
2020-07-26,1.45386881750566,31.6806221485504,46.0594686609565
2020-07-27,1.43452208783484,34.7015127690723,49.7800865485169
2020-07-28,1.40648544693682,37.6449446557347,52.9470668090328
2020-07-29,1.39561588171943,40.0461654053803,55.8890644417119
2020-07-30,1.39552895392166,42.9121385581831,59.8851318326426
2020-07-31,1.39912314044267,45.6231942432669,63.8324668066657
2020-08-01,1.39114172450653,49.7285071378223,69.1794011768452
2020-08-02,1.34784282391862,52.9817739599228,71.4111038303605
2020-08-03,1.29955437481316,58.1715091285118,75.5970391774411
2020-08-04,1.24227794311372,61.3473172167528,76.2104190475725
2020-08-05,1.1973367183306,64.2907491034152,76.9776745504989
2020-08-06,1.14878566279651,65.8399237806059,75.6359604787749
2020-08-07,1.13050127587101,68.9382731349873,77.9348057354471
2020-08-08,1.13348082402108,72.2689986909474,81.9155241873936
2020-08-09,1.17423257092502,74.0505495697167,86.9525671996588
2020-08-10,1.23442451398744,78.6980736012889,97.1468312570187
2020-08-11,1.29973421995938,81.7189642218108,106.212934218724
2020-08-12,1.35788791977707,85.0496897777709,115.487946330022
2020-08-13,1.40199075571664,89.7746725432026,125.863261003058
2020-08-14,1.45563475403258,94.3447378409153,137.331479261329
2020-08-15,1.51493583942062,99.069720606347,150.084270347943
2020-08-16,1.60179976329093,103.717244637919,166.134257910206
2020-08-17,1.68053105856138,109.371732209665,183.802592907001
2020-08-18,1.76247747726153,121.300377224034,213.789182840687
2020-08-19,1.80678593120347,133.383939706122,240.996225709512
2020-08-20,1.84504089734742,150.579778622939,277.825849872843
2020-08-21,1.82028921067312,164.367433249936,299.196265330893
2020-08-22,1.77890892211066,181.640730900613,323.122316817801
2020-08-23,1.69980038524609,201.005414365497,341.669080775021
2020-08-24,1.63647131875122,224.862704394234,367.981366397999
2020-08-25,1.54779496535847,248.797453156831,385.087445390153
2020-08-26,1.49263428482917,272.499825717849,406.742582476436
2020-08-27,1.42483337431973,296.357115746586,422.259509232871
2020-08-28,1.39726842289047,328.812325233732,459.439079106285
2020-08-29,1.34947249270958,351.740110456155,474.663603643211
2020-08-30,1.32611832567911,380.477300718042,504.557920987117
2020-08-31,1.28252397754936,409.36940844765,525.026082009309
2020-09-01,1.27428363551998,440.043067056026,560.739679273516
2020-09-02,1.25331589718595,466.843788971425,585.102742220409
2020-09-03,1.24346119629881,491.862960008056,611.612504666691
2020-09-04,1.20923419033992,522.459159882573,631.775479186278
2020-09-05,1.18770305404094,546.31644991131,648.861716032467
2020-09-06,1.15852292241749,569.863905004609,660.200396606181
2020-09-07,1.14346743469152,593.333901364048,678.457994108257
2020-09-08,1.12928177448481,613.628089635247,692.959017937018
2020-09-09,1.13092926634052,634.154654108024,717.184057716811
2020-09-10,1.13125364856179,656.385310725711,742.538277620827
2020-09-11,1.13357366519639,674.433195714983,764.519709596744
2020-09-12,1.13157091842247,704.254808250904,796.914260175915
2020-09-13,1.13165360071743,721.218270966143,816.169253242037
2020-09-14,1.13351496268797,740.660413164886,839.549660593055
2020-09-15,1.13920208126749,754.448067791884,859.468809036751
2020-09-16,1.16094444673134,771.566447974841,895.745783060616
2020-09-17,1.18751903318125,795.501196737438,944.672812044172
2020-09-18,1.21098352995793,818.58389942758,991.291620095539
2020-09-19,1.22702720968403,844.842410205963,1036.64462521775
2020-09-20,1.23625410759119,881.635308789242,1089.92527188813
2020-09-21,1.23111517493826,910.217581583411,1120.58267718294
2020-09-22,1.2103126359247,941.278533861085,1139.24130345675
2020-09-23,1.17509091883908,974.198495751388,1144.77180550415
2020-09-24,1.14337281905788,1004.63977815819,1148.67781529041
2020-09-25,1.11816533187642,1033.99663829095,1156.1791942137
2020-09-26,1.0942835428354,1055.5301663039,1155.04928995267
2020-09-27,1.07394946197954,1090.92880767771,1171.60240606346
2020-09-28,1.05149451110898,1129.4257984059,1187.58502772868
2020-09-29,1.03242604289361,1159.4797871434,1197.07712845558
2020-09-30,1.00404675595063,1180.00635161618,1184.78154934136
2020-10-01,0.975591938651609,1198.36407154089,1169.11432776501
2020-10-02,0.944954924975825,1207.65911960403,1141.1834327618
2020-10-03,0.934231925372861,1218.42588361051,1138.29235916957
2020-10-04,0.925884665553363,1206.72961479772,1117.29244581032
2020-10-05,0.94045602851715,1209.20829428122,1137.20723008972
2020-10-06,0.963482063761417,1204.79314645123,1160.79658714844
2020-10-07,1.00853472990064,1204.32839404807,1214.60701160294
2020-10-08,1.04929895264859,1202.31446696772,1261.58731094348
2020-10-09,1.09297949424225,1200.84275102439,1312.49650267911
2020-10-10,1.11667061051104,1212.77139603876,1354.26617522493
2020-10-11,1.12622018596363,1215.947204127,1369.42428635387
2020-10-12,1.11118636726838,1219.74268208612,1355.36143990946
2020-10-13,1.08189233480267,1227.48855547207,1328.01045922323
2020-10-14,1.04102122117361,1234.92459392259,1285.58270882261
2020-10-15,0.994298353248902,1230.58690482645,1223.57053299861
2020-10-16,0.947355017936208,1239.64957668802,1174.38824695789
2020-10-17,0.903383150482667,1239.57211795416,1119.8085651679
2020-10-18,0.871760381180563,1251.81059790397,1091.27888399463
2020-10-19,0.840548746332136,1244.37455945345,1045.9574759162
2020-10-20,0.817950974692813,1243.1352197117,1016.82366463815
2020-10-21,0.79561817923659,1226.01683952874,975.441285579255
2020-10-22,0.785073800592687,1208.51116567649,948.770453896338
2020-10-23,0.773707818477748,1180.85839768863,913.6393748068
2020-10-24,0.769405193216741,1140.34747988009,877.389273091367
2020-10-25,0.765317351297147,1105.25867344172,845.873640456618
2020-10-26,0.768307805403327,1060.64244273863,814.899867498142
2020-10-27,0.763799217375064,1011.14631180239,772.312761606346
2020-10-28,0.761778036345905,968.466549445783,737.756546303503
2020-10-29,0.761012743834426,927.258503032509,705.655537636573
2020-10-30,0.772484898350311,877.917289563985,678.177848188815
2020-10-31,0.784582697782746,828.885911030898,650.329544230732
2020-11-01,0.805267408489389,784.966808932541,632.108187979293
2020-11-02,0.825027938405692,748.948497687857,617.903435019453
2020-11-03,0.851071345329083,711.071176830544,605.172303089905
2020-11-04,0.871805155993572,680.010224552869,592.836419893538
2020-11-05,0.896240843402333,650.730823153965,583.211541771404
2020-11-06,0.912202233472335,625.324358448037,570.422276420954
2020-11-07,0.927471167786165,604.410500305962,560.573312540991
2020-11-08,0.926810297188585,582.024926220556,539.426694841638
2020-11-09,0.929352019082789,563.357371360408,523.557310538968
2020-11-10,0.919052241269443,546.858661048326,502.591678094071
2020-11-11,0.906464027756372,532.91608895361,483.069264449062
2020-11-12,0.881624894350736,519.59318672977,458.086288355996
2020-11-13,0.863723347037424,511.460019674518,441.759960069102
2020-11-14,0.848659763840852,502.164971611374,426.167206216857
2020-11-15,0.841455500919182,485.201508896136,408.275478714941
2020-11-16,0.837446515718336,473.195405147907,396.275843295042
2020-11-17,0.841725822648181,462.118806205994,388.977332314936
2020-11-18,0.84858366309104,453.598345481445,384.916145580679
2020-11-19,0.850668287140346,439.888149588307,374.198898743621
2020-11-20,0.86328285779452,430.438184057443,371.589905636993
2020-11-21,0.88091004755591,416.495611962727,366.895169340914
2020-11-22,0.917817062986415,402.320663666432,369.25676990507
2020-11-23,0.938189036691722,386.673999426805,362.77330703597
2020-11-24,0.968508626407343,380.399841984183,368.420528445671
2020-11-25,0.978033401443067,371.879381259634,363.710456179903
2020-11-26,0.987819266107398,367.076939760343,362.605673239011
2020-11-27,0.959059665436377,353.986413738081,339.494091528667
2020-11-28,0.927751261404409,353.211826399486,327.692717485078
2020-11-29,0.868340891177761,348.099549964756,302.269073434974
2020-11-30,0.828743581405013,336.945492288983,279.241414017847
2020-12-01,0.781594954627451,327.3406092904,255.847768666053
2020-12-02,0.768419518223668,317.580808824099,244.035292113697
2020-12-03,0.764308584546536,309.447641768848,236.513489071611
2020-12-04,0.792554026896229,301.624309649035,239.053561222137
2020-12-05,0.827012878387689,295.582528407991,244.450557619803
2020-12-06,0.886250355163855,286.907150215723,254.271563777734
2020-12-07,0.948029803785409,279.935864168364,265.387542380033
2020-12-08,1.01747667780143,269.01418269417,273.715656889131
2020-12-09,1.07237661181207,261.733061711373,280.676413917241
2020-12-10,1.11535994587064,255.149069333313,284.583052160547
2020-12-11,1.13896577894777,253.057683519105,288.224041628056
2020-12-12,1.13635697973505,246.318773673326,279.906057703461
2020-12-13,1.1172270191948,246.008938737887,274.847833321407
2020-12-14,1.08134474226775,245.699103802449,265.685434076677
2020-12-15,1.04567141366168,246.783526076483,258.05447858081
2020-12-16,1.00570369515536,245.466727600871,246.86679498589
2020-12-17,0.985438459325091,250.65646276946,247.006518491413
2020-12-18,0.967733035565924,250.269169100162,242.193742721861
2020-12-19,0.973676703395316,253.98718832542,247.30140823334
2020-12-20,0.985559721442718,257.24045514752,253.525831318988
2020-12-21,1.02111179329504,258.789629824711,264.25314299647
2020-12-22,1.06446503993282,261.035933106637,277.863624958257
2020-12-23,1.1259357740598,262.120355380671,295.130685232366
2020-12-24,1.17974252081139,265.528539670491,313.255308738233
2020-12-25,1.2141870996706,268.704347758732,326.257352674053
2020-12-26,1.23163918335896,275.365798870652,339.151307646038
2020-12-27,1.23035930033657,282.182167450291,347.185454111597
2020-12-28,1.22250623210198,287.526820086599,351.503329452331
2020-12-29,1.20149967692167,289.928040836244,348.348447395281
2020-12-30,1.186101523239,300.307511173422,356.195196442909
2020-12-31,1.16776509767201,305.807081277449,357.110836136754
2021-01-01,1.16204908123634,319.749653372166,371.564790926765
2021-01-02,1.13050068249194,330.361499910922,373.473901118359
2021-01-03,1.08200977873993,342.677438594589,370.780339512898
2021-01-04,0.996080833518435,356.077799552289,354.682271375454
2021-01-05,0.891327272050426,363.513838002804,324.00979757962
2021-01-06,0.760892783733209,366.302352421747,278.716816622206
2021-01-07,0.616161506053955,358.401561568075,220.833245947874
2021-01-08,0.495207331975988,348.022091230897,172.343091267156
2021-01-09,0.416361290290394,331.213545983377,137.904499367296
2021-01-10,0.354868205388184,311.461568849196,110.527807984902
2021-01-11,0.312448305830837,288.378866159054,90.103488168814
