"fecha","rho7dpromedio","incidenciaAcum14d","riesgopor10"
2020-02-02,2.75,0.032513494725986,0.0894121104964616
2020-02-15,3,0.0650269894519721,0.195080968355916
2020-02-16,2.83333333333333,0.0975404841779581,0.276364705170881
2020-02-22,2.71428571428571,0.130053978903944,0.353003657024991
2020-02-23,2.71428571428571,0.16256747362993,0.441254571281239
2020-02-26,2.80952380952381,0.227594463081902,0.639432062944392
2020-02-28,2.73809523809524,0.260107957807888,0.712200360664456
2020-03-01,2.80952380952381,0.357648441985846,1.00482181319833
2020-03-03,2.57142857142857,0.422675431437818,1.0868796808401
2020-03-04,2.64285714285714,0.617756399793734,1.63264191374058
2020-03-05,2.64285714285714,0.682783389245706,1.80449895729222
2020-03-06,2.68571428571429,0.877864357601623,2.35769284613007
2020-03-07,2.54965986394558,1.07294532595754,2.73564563380194
2020-03-08,2.6312925170068,1.1704858101355,3.07989055347218
2020-03-09,2.67414965986395,1.56064774684733,4.17340564139922
2020-03-10,2.71094619666048,1.75572871520325,4.75968608284783
2020-03-11,2.70162942647415,2.30845812554501,6.23659840175574
2020-03-12,2.63771965203806,2.86118753588677,7.54701059157487
2020-03-13,2.55167314041015,3.51145743040649,8.96009160886188
2020-03-14,2.36441929150217,4.03167334602227,9.53256623637013
2020-03-15,2.15371395673668,4.55188926163804,9.80346743230968
2020-03-16,1.84555069143056,5.23467265088375,9.66085373025114
2020-03-17,1.73207941694233,6.21007749266333,10.756347402659
2020-03-18,1.56624941609149,6.79532039773108,10.6431666051009
2020-03-19,1.52837347624186,7.86826572368862,12.0256486361087
2020-03-20,1.43341527829363,8.74613008129024,12.536836484465
2020-03-21,1.39440470839061,9.78656191252179,13.6464280097766
2020-03-22,1.28358520680647,10.4043183123155,13.3548290725938
2020-03-23,1.17792358731996,11.3797231540951,13.4044443203797
2020-03-24,1.02112629542311,12.0950200380668,12.3505430045395
2020-03-25,0.942473674363031,12.5502089642306,11.8282415565423
2020-03-26,0.862940707330064,12.8103169220385,11.0545439458262
2020-03-27,0.859873167316711,12.9728843956684,11.1550351945369
2020-03-28,0.88545731401887,13.0379113851204,11.5445139954847
2020-03-29,0.998365370323153,13.2004788587503,13.1789009642592
2020-03-30,1.11933311225864,13.5256138060102,15.1396673966898
2020-03-31,1.21871992881459,13.5256138060102,16.4839350948344
2020-04-01,1.26635048974302,14.1758837005299,17.9516372667062
2020-04-02,1.27624059963313,14.3384511741598,18.2993135243201
2020-04-03,1.23026358813888,14.4034781636118,17.7200747272451
2020-04-04,1.13202429242059,14.1758837005299,16.047444715529
2020-04-05,0.993509767113614,14.3384511741598,14.2453912868095
2020-04-06,0.878686418419298,13.915775742722,12.2276031468986
2020-04-07,0.853139596819845,13.7206947743661,11.7056680078908
2020-04-08,0.920022713702962,13.3630463323803,12.2943061500549
2020-04-09,1.02774472142497,13.2980193429283,13.6669691851017
2020-04-10,1.16661751192048,13.85074875327,16.1585260487756
2020-04-11,1.26122353614835,14.5010186477898,18.2890260167186
2020-04-12,1.34447919778525,15.0537480581315,20.2394511128579
2020-04-13,1.36621121158495,15.1187750475835,20.6554399754394
2020-04-14,1.36393848431223,15.3138560159394,20.8871575633561
2020-04-15,1.29905226433751,15.1512885423095,19.6823156885181
2020-04-16,1.275527475326,15.6064774684733,19.9064908040938
2020-04-17,1.2278816994584,15.8015584368292,19.402444427505
2020-04-18,1.26299024762665,16.191720373541,20.44998492408
2020-04-19,1.30341129211108,16.5168553208009,21.5282557352969
2020-04-20,1.4086041618345,18.0449895729222,25.4182474126784
2020-04-21,1.42916831106107,19.2479888777837,27.5086157557844
2020-04-22,1.42233860328538,20.7761231299051,29.5506819542742
2020-04-23,1.34929121035885,22.5968788345603,30.4897699930162
2020-04-24,1.28248158868282,23.6047971710659,30.2727177764843
2020-04-25,1.19263161077314,24.1575265814076,28.8110298390791
2020-04-26,1.12287603493885,24.4176345392155,27.4179766539803
2020-04-27,1.07586278261406,25.7181743282549,27.6692265965498
2020-04-28,1.10609228418114,26.3034172333227,29.0940068493754
2020-04-29,1.2089534633282,27.2463085803763,32.9395191211547
2020-04-30,1.30280363754422,28.4493078852378,37.0638617985033
2020-05-01,1.41375112029403,30.6602255266048,43.3459281867053
2020-05-02,1.48334523466427,31.8632248314663,47.2641627147917
2020-05-03,1.55716765462751,34.6593853779011,53.9704738397374
2020-05-04,1.5659804710246,35.5372497355027,55.6506390797213
2020-05-05,1.58061259966324,37.6506268926918,59.5110552518084
2020-05-06,1.57917514047439,40.0891389971408,63.3077717073069
2020-05-07,1.60566515583537,42.7552455646716,68.6506080323779
2020-05-08,1.61131299636693,46.3317299845301,74.6549186682367
2020-05-09,1.61956272057673,49.7781604254846,80.6188529240028
2020-05-10,1.63200207745897,56.8010752862976,92.6994728691412
2020-05-11,1.62589957340565,61.2879375584836,99.6480315312507
2020-05-12,1.60667915111621,67.400474566969,108.290937262088
2020-05-13,1.54615602306535,73.2854171123725,113.310689071151
2020-05-14,1.50628047527357,81.1536828360611,122.240207952503
2020-05-15,1.45560757702479,88.9244080755718,129.439042177247
2020-05-16,1.44921721957566,95.8822959469328,138.954274338744
2020-05-17,1.40713369733497,101.702211502884,143.108608899196
2020-05-18,1.396659557693,112.074016320474,156.529246063031
2020-05-19,1.36366042514008,119.942282044162,163.560543324614
2020-05-20,1.33962228112967,131.972275092777,176.793000205659
2020-05-21,1.26846609664346,140.198189258452,177.83664988515
2020-05-22,1.20756881056458,148.586670897756,179.428629441754
2020-05-23,1.13556952815795,158.243178831374,179.696131919757
2020-05-24,1.07707661636208,160.876771904179,173.276609133807
2020-05-25,1.0190298497598,167.737119291362,170.929131470618
2020-05-26,0.989457241350265,172.516603016082,170.697802107411
2020-05-27,0.982611213814583,177.848816151144,174.756241113762
2020-05-28,1.00060463362593,180.222301266141,180.331269729628
2020-05-29,1.0306092376565,184.611623054149,190.262444098366
2020-05-30,1.06242857711821,189.521160757772,201.352697157672
2020-05-31,1.08399434808889,190.75667355736,206.779155996417
2020-06-01,1.10979552383868,194.203103998315,215.525735532906
2020-06-02,1.13520735232016,197.519480460365,224.225566445064
2020-06-03,1.16002345163757,195.796265239888,227.12825942132
2020-06-04,1.17610829587237,198.494885302145,233.451481292087
2020-06-05,1.2026419456971,203.501963489946,244.739997324729
2020-06-06,1.23139782468339,206.948393930901,254.835802108233
2020-06-07,1.25723886285621,213.093444434112,267.909359762457
2020-06-08,1.27103484047509,219.563629884584,279.073023284483
2020-06-09,1.26923589278692,229.155110828749,290.851891679414
2020-06-10,1.25197039767287,239.884564088325,300.328373097243
2020-06-11,1.21389756218523,247.720316317287,300.70708808131
2020-06-12,1.168879882815,259.68528237645,303.540902432964
2020-06-13,1.12287998569634,266.578143258359,299.335261688903
2020-06-14,1.10239286652026,275.16170586602,303.336301686247
2020-06-15,1.07315005918011,278.055406896632,298.395176366471
2020-06-16,1.05709948709045,288.979941124564,305.480547542205
2020-06-17,0.990226824274418,300.554745247015,297.617370906558
2020-06-18,1.00272363140507,309.235848338853,310.078092806962
2020-06-19,1.00798897425641,315.185817873709,317.703829258688
2020-06-20,1.01020933250146,316.128709220762,319.356172326455
