"fecha","rho7dpromedio","incidenciaAcum14d","riesgopor10"
2020-01-27,0,0,0
2020-01-28,0,0,0
2020-01-29,0,0,0
2020-01-30,0,0,0
2020-01-31,0,0,0
2020-02-01,0,0,0
2020-02-02,0,0,0
2020-02-03,0,0,0
2020-02-04,0,0,0
2020-02-05,0,0,0
2020-02-06,0,0,0
2020-02-07,0,0,0
2020-02-08,0,0,0
2020-02-09,0,0,0
2020-02-10,0,0,0
2020-02-11,0,0,0
2020-02-12,0,0,0
2020-02-13,0,0,0
2020-02-14,0,0,0
2020-02-15,0,0,0
2020-02-16,0,0,0
2020-02-17,0,0,0
2020-02-18,0,0,0
2020-02-19,0,0,0
2020-02-20,0,0,0
2020-02-21,0,0,0
2020-02-22,0,0,0
2020-02-23,0,0,0
2020-02-24,0,0,0
2020-02-25,0,0,0
2020-02-26,0,0,0
2020-02-27,0,0,0
2020-02-28,0,0,0
2020-02-29,0,0,0
2020-03-01,0,0,0
2020-03-02,0,0,0
2020-03-03,0,0,0
2020-03-04,0,0,0
2020-03-05,0,0,0
2020-03-06,0,0,0
2020-03-07,0,0,0
2020-03-08,0,0,0
2020-03-09,0,0,0
2020-03-10,0,0,0
2020-03-11,0,0,0
2020-03-12,0,0,0
2020-03-13,0,0,0
2020-03-14,0,0,0
2020-03-15,0,0,0
2020-03-16,0,0,0
2020-03-17,0,0,0
2020-03-18,0,0,0
2020-03-19,0,0,0
2020-03-20,0,0,0
2020-03-21,0,0,0
2020-03-22,0,0,0
2020-03-23,0,0,0
2020-03-24,0,0,0
2020-03-25,0,0,0
2020-03-26,0,0,0
2020-03-27,0,0,0
2020-03-28,0,0,0
2020-03-29,0,0,0
2020-03-30,0,0,0
2020-03-31,0,0,0
2020-04-01,0,0,0
2020-04-02,0,0,0
2020-04-03,0,0,0
2020-04-04,0,0,0
2020-04-05,0,0,0
2020-04-06,0,0,0
2020-04-07,0,0,0
2020-04-08,0,0,0
2020-04-09,0,0,0
2020-04-10,0,0,0
2020-04-11,0,0,0
2020-04-12,0,0,0
2020-04-13,0,0,0
2020-04-14,0,0,0
2020-04-15,0,0,0
2020-04-16,0,0,0
2020-04-17,0,0,0
2020-04-18,0,0,0
2020-04-19,0,0,0
2020-04-20,0,0,0
2020-04-21,0,0,0
2020-04-22,0,0,0
2020-04-23,0,0,0
2020-04-24,0,0,0
2020-04-25,0,0,0
2020-04-26,0,0,0
2020-04-27,0,0,0
2020-04-28,0,0,0
2020-04-29,0,0,0
2020-04-30,0,0,0
2020-05-01,0,0,0
2020-05-02,0,0,0
2020-05-03,0,0,0
2020-05-04,0,0,0
2020-05-05,0,0,0
2020-05-06,0,0,0
2020-05-07,0,0,0
2020-05-08,0,0,0
2020-05-09,0,0,0
2020-05-10,0,0,0
2020-05-11,0,0,0
2020-05-12,0,0,0
2020-05-13,0,0,0
2020-05-14,0,0,0
2020-05-15,0,0,0
2020-05-16,0,0,0
2020-05-17,0,0,0
2020-05-18,0,0,0
2020-05-19,0,0,0
2020-05-20,0,0,0
2020-05-21,0,0,0
2020-05-22,0,0,0
2020-05-23,0,0,0
2020-05-24,0,0,0
2020-05-25,0,0,0
2020-05-26,0,0,0
2020-05-27,0,0,0
2020-05-28,0,0,0
2020-05-29,0,0,0
2020-05-30,0,0,0
2020-05-31,0,0,0
2020-06-01,0.142857142857143,0,0
2020-06-02,0.285714285714286,0,0
2020-06-03,0.428571428571429,0,0
2020-06-04,0.428571428571429,0,0
2020-06-05,0.428571428571429,0.821510429074897,0.352075898174956
2020-06-06,0.428571428571429,0.821510429074897,0.352075898174956
2020-06-07,0.428571428571429,0.821510429074897,0.352075898174956
2020-06-08,0.285714285714286,0.821510429074897,0.234717265449971
2020-06-09,0.142857142857143,0.821510429074897,0.117358632724985
2020-06-10,0,0.821510429074897,0
2020-06-11,0,0.821510429074897,0
2020-06-12,0,0.821510429074897,0
2020-06-13,0,0.821510429074897,0
2020-06-14,0,0.821510429074897,0
2020-06-15,0,0.821510429074897,0
2020-06-16,0,0.821510429074897,0
2020-06-17,0,0.821510429074897,0
2020-06-18,0,0.821510429074897,0
2020-06-19,0,0,0
2020-06-20,0,0,0
2020-06-21,0,0,0
2020-06-22,0,0,0
2020-06-23,0,0,0
2020-06-24,0,0,0
2020-06-25,0,0,0
2020-06-26,0,0,0
2020-06-27,0,0,0
2020-06-28,0,0,0
2020-06-29,0,0,0
2020-06-30,0,0,0
2020-07-01,0,0,0
2020-07-02,0,0,0
2020-07-03,0,0,0
2020-07-04,0,0,0
2020-07-05,0,0,0
2020-07-06,0,0,0
2020-07-07,0,0,0
2020-07-08,0,0,0
2020-07-09,0,0,0
2020-07-10,0,0,0
2020-07-11,0,0,0
2020-07-12,0,0,0
2020-07-13,0,0,0
2020-07-14,0,0,0
2020-07-15,0,0,0
2020-07-16,0,0,0
2020-07-17,0,0,0
2020-07-18,0,0,0
2020-07-19,0,0,0
2020-07-20,0,0,0
2020-07-21,0,0,0
2020-07-22,0,0,0
2020-07-23,0,0,0
2020-07-24,0,0,0
2020-07-25,0,0,0
2020-07-26,0,0,0
2020-07-27,0,0,0
2020-07-28,0,0,0
2020-07-29,0,0,0
2020-07-30,0,0,0
2020-07-31,0,0,0
2020-08-01,0,0,0
2020-08-02,0,0,0
2020-08-03,0,0,0
2020-08-04,0,0,0
2020-08-05,0,0,0
2020-08-06,0,0,0
2020-08-07,0,0,0
2020-08-08,0,0,0
2020-08-09,0,0,0
2020-08-10,0,0,0
2020-08-11,0,0,0
2020-08-12,0,0,0
2020-08-13,0,0,0
2020-08-14,0,0,0
2020-08-15,0,0,0
2020-08-16,0,0,0
2020-08-17,0,0,0
2020-08-18,0,0,0
2020-08-19,0,0,0
2020-08-20,0,0,0
2020-08-21,0,0,0
2020-08-22,0,0,0
2020-08-23,0,0,0
2020-08-24,0,0,0
2020-08-25,0,0,0
2020-08-26,0,0,0
2020-08-27,0,0,0
2020-08-28,0,0,0
2020-08-29,0,0,0
2020-08-30,0,0,0
2020-08-31,0,0,0
2020-09-01,0,0,0
2020-09-02,0,0,0
2020-09-03,0,0,0
2020-09-04,0,0,0
2020-09-05,0,0,0
2020-09-06,0,0,0
2020-09-07,0,0,0
2020-09-08,0,0,0
2020-09-09,0,0,0
2020-09-10,0,0,0
2020-09-11,0,0,0
2020-09-12,0,0,0
2020-09-13,0,0,0
2020-09-14,0,0,0
2020-09-15,0,0,0
2020-09-16,0,0,0
2020-09-17,0,0,0
2020-09-18,0,0,0
2020-09-19,0,0,0
2020-09-20,0,0,0
2020-09-21,0,0,0
2020-09-22,0,0,0
2020-09-23,0,0,0
2020-09-24,0,0,0
2020-09-25,0,0,0
2020-09-26,0,0,0
2020-09-27,0,0,0
2020-09-28,0.142857142857143,0,0
2020-09-29,0.285714285714286,0,0
2020-09-30,0.571428571428571,0,0
2020-10-01,1,0,0
2020-10-02,1.42857142857143,0.821510429074897,1.17358632724985
2020-10-03,1.71428571428571,0.821510429074897,1.40830359269982
2020-10-04,1.85714285714286,1.64302085814979,3.05132445084962
2020-10-05,1.78571428571429,3.28604171629959,5.86793163624927
2020-10-06,1.69047619047619,3.28604171629959,5.55497528231597
2020-10-07,1.4047619047619,3.28604171629959,4.61610622051609
2020-10-08,0.976190476190476,4.10755214537449,4.00975328477033
2020-10-09,0.547619047619048,4.10755214537449,2.24937379389555
2020-10-10,0.261904761904762,4.10755214537449,1.0757874666457
2020-10-11,0.261904761904762,4.10755214537449,1.0757874666457
2020-10-12,0.333333333333333,4.10755214537449,1.36918404845816
2020-10-13,0.428571428571429,4.10755214537449,1.76037949087478
2020-10-14,0.428571428571429,4.10755214537449,1.76037949087478
2020-10-15,0.428571428571429,4.92906257444938,2.11245538904974
2020-10-16,0.428571428571429,4.10755214537449,1.76037949087478
2020-10-17,0.428571428571429,4.10755214537449,1.76037949087478
2020-10-18,0.428571428571429,3.28604171629959,1.40830359269982
2020-10-19,0.428571428571429,1.64302085814979,0.704151796349912
2020-10-20,0.428571428571429,1.64302085814979,0.704151796349912
2020-10-21,0.428571428571429,1.64302085814979,0.704151796349912
2020-10-22,0.428571428571429,1.64302085814979,0.704151796349912
2020-10-23,0.428571428571429,1.64302085814979,0.704151796349912
2020-10-24,0.428571428571429,1.64302085814979,0.704151796349912
2020-10-25,0.428571428571429,1.64302085814979,0.704151796349912
2020-10-26,0.571428571428571,1.64302085814979,0.938869061799882
2020-10-27,0.714285714285714,1.64302085814979,1.17358632724985
2020-10-28,0.857142857142857,1.64302085814979,1.40830359269982
2020-10-29,0.857142857142857,1.64302085814979,1.40830359269982
2020-10-30,1,2.46453128722469,2.46453128722469
2020-10-31,1.14285714285714,2.46453128722469,2.81660718539965
2020-11-01,1.14285714285714,2.46453128722469,2.81660718539965
2020-11-02,1.14285714285714,2.46453128722469,2.81660718539965
2020-11-03,1,3.28604171629959,3.28604171629959
2020-11-04,1.14285714285714,4.10755214537449,4.69434530899941
2020-11-05,1.21428571428571,3.28604171629959,3.9901935126495
2020-11-06,1.14285714285714,4.10755214537449,4.69434530899941
2020-11-07,1,4.10755214537449,4.10755214537449
2020-11-08,0.857142857142857,4.92906257444938,4.22491077809947
2020-11-09,0.571428571428571,4.92906257444938,2.81660718539965
2020-11-10,0.428571428571429,4.92906257444938,2.11245538904974
2020-11-11,0.285714285714286,4.92906257444938,1.40830359269982
2020-11-12,0.5,4.10755214537449,2.05377607268724
2020-11-13,0.714285714285714,3.28604171629959,2.34717265449971
2020-11-14,0.857142857142857,3.28604171629959,2.81660718539965
2020-11-15,1,4.10755214537449,4.10755214537449
2020-11-16,1.14285714285714,4.92906257444938,5.63321437079929
2020-11-17,1.21428571428571,4.10755214537449,4.98774189081188
2020-11-18,1.14285714285714,3.28604171629959,3.75547624719953
2020-11-19,1,4.10755214537449,4.10755214537449
2020-11-20,1,3.28604171629959,3.28604171629959
2020-11-21,1,3.28604171629959,3.28604171629959
2020-11-22,1,3.28604171629959,3.28604171629959
2020-11-23,0.857142857142857,3.28604171629959,2.81660718539965
2020-11-24,0.785714285714286,4.10755214537449,3.2273623999371
2020-11-25,0.714285714285714,4.10755214537449,2.93396581812463
2020-11-26,0.571428571428571,4.10755214537449,2.34717265449971
2020-11-27,0.571428571428571,4.10755214537449,2.34717265449971
2020-11-28,1,4.10755214537449,4.10755214537449
2020-11-29,1.42857142857143,3.28604171629959,4.69434530899941
2020-11-30,2,2.46453128722469,4.92906257444938
2020-12-01,2.28571428571429,4.10755214537449,9.38869061799882
2020-12-02,2.35714285714286,6.57208343259918,15.4913395196981
2020-12-03,2.38571428571429,6.57208343259918,15.679113332058
2020-12-04,2.17142857142857,7.39359386167407,16.054660956778
2020-12-05,1.68571428571429,7.39359386167407,12.4634867953934
2020-12-06,1.68571428571429,6.57208343259918,11.0786549292386
2020-12-07,1.68571428571429,7.39359386167407,12.4634867953934
2020-12-08,1.97142857142857,8.21510429074897,16.195491316048
2020-12-09,2.23333333333333,8.21510429074897,18.3470662493394
2020-12-10,2.44285714285714,13.9656772942733,34.1161545331532
2020-12-11,2.45079365079365,16.4302085814979,40.2670508727505
2020-12-12,2.46507936507937,18.0732294396477,44.5519449520205
2020-12-13,2.0484126984127,19.7162502977975,40.3870174750916
2020-12-14,1.74229024943311,20.5377607268724,35.78274025962
2020-12-15,1.45657596371882,20.5377607268724,29.9148086233708
2020-12-16,1.29467120181406,21.3592711559473,27.6532332573427
2020-12-17,1.17902494331066,26.2883337303967,30.9946011862126
2020-12-18,1.15460491889063,27.1098441594716,31.3011594168844
2020-12-19,1.07658294086866,27.9313545885465,30.0704198653826
2020-12-20,0.936106750392465,30.3958858757712,28.4537939524684
2020-12-21,0.742229199372057,31.2173963048461,23.1704630658261
2020-12-22,0.551753008895866,29.5743754466963,16.3177506389307
2020-12-23,0.637467294610152,29.5743754466963,18.8526971057904
2020-12-24,1.08644688644689,24.6453128722469,26.775823435562
2020-12-25,1.6029304029304,23.823802443172,38.187897249568
2020-12-26,1.91428571428571,23.0022920140971,44.0329589984145
2020-12-27,1.9,26.2883337303967,49.9478340877537
2020-12-28,1.87619047619048,31.2173963048461,58.569781638616
2020-12-29,1.86258503401361,29.5743754466963,55.084789097316
2020-12-30,1.80324437467295,26.2883337303967,47.4042899188629
2020-12-31,1.57875457875458,20.5377607268724,32.4240837849158
2021-01-01,1.57875457875458,21.3592711559473,33.7210471363124
2021-01-02,1.81684981684982,24.6453128722469,44.7768321781482
2021-01-03,2.08470695970696,30.3958858757712,63.3665148316787
2021-01-04,2.14819902319902,30.3958858757712,65.2964123476007
2021-01-05,2.11698653820503,33.6819275920708,71.3041872932102
2021-01-06,1.96382719754568,40.25401102467,79.0519216605507
2021-01-07,1.72913331999466,41.8970318828198,72.4455538374624
2021-01-08,1.28151427237562,42.7185423118947,54.7444216677747
2021-01-09,0.903963251967454,41.8970318828198,37.8733771885778
2021-01-10,0.921820394824597,38.6109901665202,35.5923981998702
2021-01-11,1.21070928371349,40.25401102467,48.7359048542729
2021-01-12,1.23821119356834,41.8970318828198,51.8773738545969
2021-01-13,1.29246943532658,48.4691153154189,62.6448501024983
2021-01-14,1.23285611631476,50.1121361735687,61.7810535831825
2021-01-15,1.20428468774333,50.9336466026436,61.338610694494
2021-01-16,1.09203978978415,46.8260944572691,51.135958347529
2021-01-17,1.11584931359367,42.7185423118947,47.66745611645
2021-01-18,0.953944551688913,42.7185423118947,40.7511206945242
2021-01-19,1.20255308601173,40.25401102467,48.4075851820672
2021-01-20,1.47865198711063,37.7894797374453,55.8774893056505
2021-01-21,1.78316326530612,41.0755214537449,73.2443609596114
2021-01-22,1.98462846677132,41.0755214537449,81.5196491645783
2021-01-23,2.11251962323391,46.0045840281942,97.1855865182736
2021-01-24,2.04406724228153,54.2196883189432,110.828688779466
2021-01-25,1.94882914704343,48.4691153154189,94.4580246580977
2021-01-26,1.89372710622711,57.5057300352428,108.900159731118
2021-01-27,1.75682234432234,56.6842196061679,99.5841035745905
2021-01-28,1.78928987678988,60.7917717515424,108.774101787156
2021-01-29,1.7148088023088,63.2563030387671,108.472465252391
2021-01-30,1.77059111523397,82.9725533365646,146.910465745998
2021-01-31,1.59718885959487,90.3661471982387,144.331803589537
2021-02-01,1.49560155800757,106.796355779737,159.724796093705
2021-02-02,1.24083965324567,110.903907925111,137.613966653384
2021-02-03,1.03675802059261,115.83297049956,120.090761214486
2021-02-04,0.698429682264269,110.903907925111,77.4585811740011
2021-02-05,0.611128094962681,109.260887066961,66.7723977671647
2021-02-06,0.554613181304911,108.439376637886,60.1419076558596
2021-02-07,0.85429094714809,101.867293205287,87.024306395757
2021-02-08,1.04159253444968,104.331824492512,108.671249496914
2021-02-09,1.12696668410954,100.224272347137,112.949415874345
2021-02-10,1.15177660807913,99.4027619180626,114.489775955683
2021-02-11,1.19823891769933,96.9382306308379,116.155160554784
2021-02-12,1.18236590182632,96.116720201763,113.645132561945
2021-02-13,1.13428897874939,76.4004699039654,86.6602109833428
2021-02-14,0.924084897116741,65.7208343259918,60.7316304265605
2021-02-15,0.960819590994292,57.5057300352428,55.2526320122902
2021-02-16,1.05658097246996,54.2196883189432,57.2874910110471
2021-02-17,1.22632887162962,48.4691153154189,59.4390754936438
2021-02-18,1.36667974882261,51.7551570317185,70.7327250123836
2021-02-19,1.58529446743732,54.2196883189432,85.9541719181968
2021-02-20,1.69930545644831,57.5057300352428,97.7198008259318
2021-02-21,1.66914672628958,63.2563030387671,105.58405113434
2021-02-22,1.48717393717394,67.3638551841416,100.181769737415
2021-02-23,1.36556221556222,64.8993238969169,88.6240645291636
2021-02-24,1.23589188589189,68.1853656132165,84.2697400979458
2021-02-25,1.08922521922522,65.7208343259918,71.5847901763927
2021-02-26,0.814062881562882,63.2563030387671,51.4946083287536
2021-02-27,0.600562096633525,73.1144281876658,43.9097542865459
2021-02-28,0.518220826792255,74.7574490458156,38.7408670534025
2021-03-01,0.450760509331938,65.7208343259918,29.624356754504
2021-03-02,0.401355747427176,66.5423447550667,26.7071525147266
2021-03-03,0.424903628117914,64.8993238969169,27.5759581861996
2021-03-04,0.523951247165533,60.7917717515424,31.851924626623
2021-03-05,0.71859410430839,57.5057300352428,41.3232785672754
2021-03-06,1.22879818594104,52.5766674607934,64.6061135986484
2021-03-07,1.46986961451247,46.0045840281942,67.6207401913285
2021-03-08,1.5016156462585,39.4325005955951,59.2124598654433
2021-03-09,1.61768707482993,38.6109901665202,62.4604997387653
2021-03-10,1.78095238095238,32.038906733921,57.0597672308879
2021-03-11,2.01904761904762,31.2173963048461,63.0294096821654
2021-03-12,2.26190476190476,28.7528650176214,65.0362423017627
2021-03-13,2.26190476190476,25.4668233013218,57.6035288958469
2021-03-14,2.26190476190476,31.2173963048461,70.6107773561995
2021-03-15,2.3968253968254,35.3249484502206,84.6677335870366
2021-03-16,2.36706349206349,36.9679693083704,87.5055305255672
2021-03-17,2.20379818594104,40.25401102467,88.7117164730184
2021-03-18,1.86766373215953,44.3615631700444,82.852482634596
2021-03-19,1.54623516073096,54.2196883189432,83.8363884826236
2021-03-20,1.09281901166264,53.3981778898683,58.3545439861915
2021-03-21,0.92740547782805,54.2196883189432,50.2836359531174
2021-03-22,0.784548334970907,56.6842196061679,44.4715101111442
2021-03-23,0.697427122849695,62.4347926096922,43.543717775495
2021-03-24,0.589263857543572,63.2563030387671,37.2746531425691
2021-03-25,0.526902070723581,64.8993238969169,34.1955881498459
2021-03-26,0.410830642152152,64.8993238969169,26.6626309118109
2021-03-27,0.692818219791904,58.3272404643177,40.4101749038629
2021-03-28,1.14394603934078,51.7551570317185,59.2051069018943
2021-03-29,1.67569207108681,48.4691153154189,81.2193122266397
2021-03-30,2.22114661654135,46.8260944572691,104.007621269609
2021-03-31,2.59461600429646,49.2906257444938,127.890246418451
2021-04-01,2.73801020408163,49.2906257444938,134.958236253993
2021-04-02,2.80996398559424,43.5400527409695,122.345980132998
2021-04-03,2.60545270739875,49.2906257444938,128.42439429537
2021-04-04,2.26710684273709,50.1121361735687,113.609566823271
2021-04-05,1.95131736905288,48.4691153154189,94.5786265776041
2021-04-06,1.58997283123776,46.0045840281942,73.1460387172233
2021-04-07,1.47007487205408,55.862709177093,82.1223650461096
2021-04-08,1.4174846051781,60.7917717515424,86.1714005793124
2021-04-09,1.40284649186826,69.8283864713662,97.9585069941774
2021-04-10,1.30399642552594,74.7574490458156,97.483446337181
2021-04-11,1.21948514733045,83.7940637656395,102.185616196658
2021-04-12,1.08289366863371,84.6155741947144,91.6296695632619
2021-04-13,1.0091732713839,90.3661471982387,91.1951003904054
2021-04-14,0.895162282372909,91.1876576273136,81.6277517259054
2021-04-15,0.929562664599378,92.0091680563885,85.5282874260684
2021-04-16,0.94710963375925,95.2952097726881,90.2550112268215
2021-04-17,0.959042406868494,92.8306784854634,89.0285573259341
2021-04-18,0.946525400065773,99.4027619180626,94.0872389921369
2021-04-19,0.909110434079378,101.867293205287,92.60861914435
2021-04-20,0.869889654858599,100.224272347137,87.1840576805056
2021-04-21,0.778900643869588,93.6521889145383,72.9457502453301
2021-04-22,0.773997080613622,92.8306784854634,71.8506741391304
2021-04-23,0.743777300393842,85.4370846237893,63.5461641550022
2021-04-24,0.778063014679556,87.0801054819391,67.7538093898913
2021-04-25,0.717638845011689,77.2219803330403,55.4174927757184
2021-04-26,0.973668529612802,83.7940637656395,81.5876428569716
2021-04-27,1.1836685296128,78.0434907621152,92.3776239562432
2021-04-28,1.61604948199375,71.4714073295161,115.501330792229
2021-04-29,1.83174497071556,69.8283864713662,127.907795732108
2021-04-30,2.24841163738223,78.8650011911901,177.320986460435
2021-05-01,2.3198402088108,89.5446367691638,207.729248860464
2021-05-02,2.39371161783953,89.5446367691638,214.344037349568
2021-05-03,2.18791741204532,92.0091680563885,201.308460858376
2021-05-04,2.03756897998957,96.116720201763,195.844447541449
2021-05-05,1.72414906656966,105.974845350662,182.716430691207
2021-05-06,1.51558679550739,112.546928783261,170.57463913882
2021-05-07,1.09653917645977,122.40505393216,134.221937033284
2021-05-08,0.968562985983576,128.977137364759,124.922481289625
2021-05-09,0.904775610568293,138.013752084583,124.871476809149
2021-05-10,0.905560539924651,141.299793800882,127.955517565569
2021-05-11,0.881656480286048,143.764325088107,126.75074884788
2021-05-12,0.907630506260074,148.693387662556,134.958654721692
2021-05-13,0.981648442346976,156.08698152423,153.222542283902
2021-05-14,1.17847383917237,154.443960666081,182.008167263143
2021-05-15,1.28996651316505,146.228856375332,188.630327982599
2021-05-16,1.42925222745076,152.800939807931,218.391083577055
2021-05-17,1.49005154717865,159.37302324053,237.474019858091
2021-05-18,1.54865054343227,165.945106673129,256.990979629268
2021-05-19,1.51880319779546,165.123596244054,250.790246006955
2021-05-20,1.45394277086606,174.160210963878,253.218979703439
2021-05-21,1.31788834909736,179.910783967402,237.102326067611
2021-05-22,1.25195428316329,179.910783967402,225.240076575255
2021-05-23,1.16981142602043,197.98401340705,231.60396105295
2021-05-24,1.08702302897147,196.3409925489,213.427180431771
2021-05-25,1.04292595751878,212.771201130398,221.904608671341
2021-05-26,0.996096555245972,223.450836708372,222.57860871204
2021-05-27,0.991334650484068,225.915367995597,223.957732370894
2021-05-28,0.934645308080439,225.915367995597,211.15073872035
2021-05-29,0.922257695692827,243.988597435244,225.020361645953
2021-05-30,0.880499453934585,241.52406614802,212.661808355392
2021-05-31,0.863652101161229,243.16708700617,210.011765626134
2021-06-01,0.804495105029443,236.59500357357,190.339522249361
2021-06-02,0.816236788004002,234.951982715421,191.776451706807
2021-06-03,0.812717119266942,229.201409711896,186.275909432975
2021-06-04,0.887103395516573,219.343284562998,194.580172519593
2021-06-05,0.926713785126962,217.700263704848,201.745835401057
2021-06-06,1.01609107450425,210.306669843174,213.690730136361
2021-06-07,1.10084587194562,209.485159414099,230.61087297488
2021-06-08,1.19468340695962,206.199117697799,246.342664443275
2021-06-09,1.19226209945357,201.27005512335,239.9666584785
2021-06-10,1.19131140861823,203.734586410574,242.711337121034
2021-06-11,1.13308159495363,210.306669843174,238.29461689529
2021-06-12,1.08827640014844,201.27005512335,219.037451047317
2021-06-13,0.996701308573345,196.3409925489,195.693324200079
2021-06-14,0.948671751923099,198.805523836125,188.601184589606
2021-06-15,0.909456065648589,202.091565552425,183.793400108072
2021-06-16,0.932285536419949,197.98401340705,184.577632141766
2021-06-17,0.91770827694473,197.98401340705,181.691567806386
2021-06-18,0.973660657897111,209.485159414099,203.967458134813
2021-06-19,1.00223208646854,207.842138555949,208.306060181012
2021-06-20,1.04618813042458,204.556096839649,214.004160519623
2021-06-21,1.0406462585034,207.020628126874,215.435242093256
2021-06-22,1.04957482993197,206.199117697799,216.42140388979
2021-06-23,1.00911654135338,207.842138555949,209.73694000707
2021-06-24,1.02528904809193,205.377607268724,210.571411455948
2021-06-25,1.01100333380621,197.162502977975,199.331947812311
2021-06-26,1.04307330465169,196.3409925489,204.798047936575
2021-06-27,1.12710691809707,197.98401340705,223.14915118371
2021-06-28,1.27324394433614,201.27005512335,256.265878862006
2021-06-29,1.35632505813759,207.842138555949,281.901500660339
2021-06-30,1.39905092041233,207.842138555949,290.781735247167
2021-07-01,1.39954508034045,230.844430570046,323.0771871283
2021-07-02,1.35809887222757,240.702555718945,326.897869464194
2021-07-03,1.29530693517626,243.16708700617,314.9760142057
2021-07-04,1.17150896237889,244.810107864319,286.797235443993
2021-07-05,1.04714297332182,256.311253871368,268.394528474708
2021-07-06,0.982851838198405,254.668233013218,250.301140947781
2021-07-07,0.964200246106169,261.240316445817,251.88797740991
2021-07-08,0.943619685114649,269.455420736566,254.263439267874
2021-07-09,0.942889022479224,276.027504169165,260.263303583444
2021-07-10,0.954563369637442,285.064118888989,272.111765889402
2021-07-11,0.946113443275145,289.171671034364,273.589205379949
2021-07-12,0.887405028402346,285.885629318064,253.696345004819
2021-07-13,0.785239798215254,283.42109803084,222.553525827682
2021-07-14,0.750770688474844,293.279223179738,220.18544430202
2021-07-15,0.723915352030466,262.883337303967,190.305283667345
2021-07-16,0.726110192230698,243.988597435244,177.162607385804
2021-07-17,0.729284795405301,241.52406614802,176.139829166215
2021-07-18,0.806910845825469,242.345576577095,195.551274177884
2021-07-19,0.873610128278176,230.844430570046,201.6680326026
2021-07-20,0.956460169703197,221.807815850222,212.150341189599
2021-07-21,1.01426075767469,215.235732417623,218.305157040566
2021-07-22,1.09502998844393,207.020628126874,226.693796025425
2021-07-23,1.12862409796993,202.9130759815,229.012587345923
2021-07-24,1.13350810285393,193.876461261676,219.760539792756
2021-07-25,1.08822332227503,193.054950832601,210.086899976696
2021-07-26,1.06866549914578,188.947398687226,201.921566130382
2021-07-27,1.04438912192823,181.553804825552,189.612818804487
2021-07-28,1.03566703920059,179.089273538328,185.476857678025
2021-07-29,0.991619420152976,184.839846541852,183.290781448996
2021-07-30,0.965269245936948,188.125888258151,181.592134300164
2021-07-31,0.935826990079598,190.590419545376,178.359658661157
2021-08-01,0.904080958333566,188.125888258151,170.081033343783
2021-08-02,0.865030722854759,187.304377829077,162.024041347347
2021-08-03,0.832332310156346,188.947398687226,157.267024847371
2021-08-04,0.772428928513834,186.482867400002,144.044761451971
2021-08-05,0.751438953576491,179.910783967402,135.191971241591
2021-08-06,0.755903239290777,174.981721392953,132.269250017609
2021-08-07,0.780007975524893,169.231148389429,132.001645450991
2021-08-08,0.801652997169914,160.194533669605,128.420428046476
2021-08-09,0.826034865301783,158.551512811455,130.969077528604
2021-08-10,0.853597890511867,156.908491953305,133.93675773474
2021-08-11,0.839568192611201,146.228856375332,122.76909665464
2021-08-12,0.794697952494781,141.299793800882,112.290656821496
2021-08-13,0.77270721175404,135.549220797358,104.739860457759
2021-08-14,0.810197763530306,130.620158222909,105.828160064175
2021-08-15,0.846024006253101,114.189949641411,96.6074386694661
2021-08-16,0.905939419786935,109.260887066961,98.9837446348488
2021-08-17,0.950757346957804,111.725418354186,106.223762342177
2021-08-18,0.973589353660778,108.439376637886,105.575422612257
2021-08-19,0.955156173937276,108.439376637886,103.576540093587
2021-08-20,0.88022871191304,102.688803634362,90.3896333509656
2021-08-21,0.757874214558542,98.5812514889877,74.7121885424146
2021-08-22,0.700402950190726,96.116720201763,67.3204343919713
2021-08-23,0.646002242539244,86.2585950528642,55.7232458424348
2021-08-24,0.673213126892986,80.5080220493399,54.1990572638056
2021-08-25,0.864410818090677,76.4004699039654,66.0413926921989
2021-08-26,1.22846611762985,75.5789594748905,92.8461909206224
2021-08-27,1.34005268774176,70.6498969004411,94.6745842301146
2021-08-28,1.34600506869414,68.1853656132165,91.7778477261528
2021-08-29,1.25076697345605,75.5789594748905,94.5316663993662
2021-08-30,1.13975414727294,73.1144281876658,83.332472752382
2021-08-31,0.959482038429407,62.4347926096922,59.9050620820647
2021-09-01,0.694402673350065,54.2196883189432,37.6502965168814
2021-09-02,0.310136452241742,47.647604886344,14.777259137267
2021-09-03,0.157878028404377,44.3615631700444,7.00371613022282
2021-09-04,0.114014202172137,38.6109901665202,4.40220123891204
