"fecha","rho7dpromedio","incidenciaAcum14d","riesgopor10"
2020-01-20,0,0,0
2020-01-21,0,0,0
2020-01-22,0,0,0
2020-01-23,0,0,0
2020-01-24,0,0,0
2020-01-25,0,0,0
2020-01-26,0,0,0
2020-01-27,0,0,0
2020-01-28,0,0,0
2020-01-29,0,0,0
2020-01-30,0,0,0
2020-01-31,0,0,0
2020-02-01,0,0,0
2020-02-02,0,0,0
2020-02-03,0,0,0
2020-02-04,0,0,0
2020-02-05,0,0,0
2020-02-06,0,0,0
2020-02-07,0,0,0
2020-02-08,0,0,0
2020-02-09,0,0,0
2020-02-10,0,0,0
2020-02-11,0,0,0
2020-02-12,0,0,0
2020-02-13,0,0,0
2020-02-14,0,0,0
2020-02-15,0,0,0
2020-02-16,0,0,0
2020-02-17,0,0,0
2020-02-18,0,0,0
2020-02-19,0,0,0
2020-02-20,0,0,0
2020-02-21,0,0,0
2020-02-22,0,0,0
2020-02-23,0,0,0
2020-02-24,0,0,0
2020-02-25,0,0,0
2020-02-26,0,0,0
2020-02-27,0,0,0
2020-02-28,0,0,0
2020-02-29,0,0,0
2020-03-01,0,0,0
2020-03-02,0,0,0
2020-03-03,0,0,0
2020-03-04,0,0,0
2020-03-05,0,0,0
2020-03-06,0,0,0
2020-03-07,0,0,0
2020-03-08,0,0,0
2020-03-09,0,0,0
2020-03-10,0,0,0
2020-03-11,0,0,0
2020-03-12,0,0,0
2020-03-13,0,0,0
2020-03-14,0,0,0
2020-03-15,0,0,0
2020-03-16,0,0,0
2020-03-17,0,0,0
2020-03-18,0,0,0
2020-03-19,0,0,0
2020-03-20,0,0,0
2020-03-21,0,0,0
2020-03-22,0,0,0
2020-03-23,0,0,0
2020-03-24,0,0,0
2020-03-25,0,0,0
2020-03-26,0,0,0
2020-03-27,0,0,0
2020-03-28,0,0,0
2020-03-29,0,0,0
2020-03-30,0,0,0
2020-03-31,0,0,0
2020-04-01,0,0,0
2020-04-02,0,0,0
2020-04-03,0,0,0
2020-04-04,0,0,0
2020-04-05,0,0,0
2020-04-06,0,0,0
2020-04-07,0,0,0
2020-04-08,0,0,0
2020-04-09,0,0,0
2020-04-10,0,0,0
2020-04-11,0,0,0
2020-04-12,0,0,0
2020-04-13,0,0,0
2020-04-14,0,0,0
2020-04-15,0,0,0
2020-04-16,0,0,0
2020-04-17,0,0,0
2020-04-18,0,0,0
2020-04-19,0,0,0
2020-04-20,0,0,0
2020-04-21,0,0,0
2020-04-22,0,0,0
2020-04-23,0,0,0
2020-04-24,0,0,0
2020-04-25,0,0,0
2020-04-26,0,0,0
2020-04-27,0,0,0
2020-04-28,0,0,0
2020-04-29,0,0,0
2020-04-30,0,0,0
2020-05-01,0,0,0
2020-05-02,0,0,0
2020-05-03,0,0,0
2020-05-04,0,0,0
2020-05-05,0,0,0
2020-05-06,0,0,0
2020-05-07,0,0,0
2020-05-08,0,0,0
2020-05-09,0,0,0
2020-05-10,0,0,0
2020-05-11,0.142857142857143,0,0
2020-05-12,0.285714285714286,0,0
2020-05-13,0.428571428571429,0,0
2020-05-14,0.428571428571429,0,0
2020-05-15,0.428571428571429,3.96683724066802,1.70007310314344
2020-05-16,0.428571428571429,3.96683724066802,1.70007310314344
2020-05-17,0.428571428571429,3.96683724066802,1.70007310314344
2020-05-18,0.285714285714286,3.96683724066802,1.13338206876229
2020-05-19,0.142857142857143,3.96683724066802,0.566691034381145
2020-05-20,0,3.96683724066802,0
2020-05-21,0,3.96683724066802,0
2020-05-22,0,3.96683724066802,0
2020-05-23,0,3.96683724066802,0
2020-05-24,0,3.96683724066802,0
2020-05-25,0,3.96683724066802,0
2020-05-26,0,3.96683724066802,0
2020-05-27,0,3.96683724066802,0
2020-05-28,0,3.96683724066802,0
2020-05-29,0,0,0
2020-05-30,0,0,0
2020-05-31,0,0,0
2020-06-01,0,0,0
2020-06-02,0.142857142857143,0,0
2020-06-03,0.285714285714286,0,0
2020-06-04,0.428571428571429,0,0
2020-06-05,0.428571428571429,0,0
2020-06-06,0.428571428571429,3.96683724066802,1.70007310314344
2020-06-07,0.428571428571429,3.96683724066802,1.70007310314344
2020-06-08,0.428571428571429,3.96683724066802,1.70007310314344
2020-06-09,0.285714285714286,3.96683724066802,1.13338206876229
2020-06-10,0.142857142857143,3.96683724066802,0.566691034381145
2020-06-11,0,3.96683724066802,0
2020-06-12,0,3.96683724066802,0
2020-06-13,0,3.96683724066802,0
2020-06-14,0,3.96683724066802,0
2020-06-15,0,3.96683724066802,0
2020-06-16,0,3.96683724066802,0
2020-06-17,0,3.96683724066802,0
2020-06-18,0,3.96683724066802,0
2020-06-19,0,3.96683724066802,0
2020-06-20,0,0,0
2020-06-21,0,0,0
2020-06-22,0,0,0
2020-06-23,0,0,0
2020-06-24,0,0,0
2020-06-25,0,0,0
2020-06-26,0,0,0
2020-06-27,0,0,0
2020-06-28,0,0,0
2020-06-29,0,0,0
2020-06-30,0,0,0
2020-07-01,0,0,0
2020-07-02,0.142857142857143,0,0
2020-07-03,0.285714285714286,0,0
2020-07-04,0.428571428571429,0,0
2020-07-05,0.571428571428571,0,0
2020-07-06,0.714285714285714,3.96683724066802,2.83345517190573
2020-07-07,0.857142857142857,3.96683724066802,3.40014620628687
2020-07-08,0.857142857142857,3.96683724066802,3.40014620628687
2020-07-09,0.714285714285714,7.93367448133603,5.66691034381145
2020-07-10,0.571428571428571,7.93367448133603,4.53352827504916
2020-07-11,0.428571428571429,7.93367448133603,3.40014620628687
2020-07-12,0.428571428571429,7.93367448133603,3.40014620628687
2020-07-13,0.428571428571429,7.93367448133603,3.40014620628687
2020-07-14,0.428571428571429,7.93367448133603,3.40014620628687
2020-07-15,0.428571428571429,7.93367448133603,3.40014620628687
2020-07-16,0.428571428571429,11.900511722004,5.10021930943031
2020-07-17,0.428571428571429,11.900511722004,5.10021930943031
2020-07-18,0.428571428571429,11.900511722004,5.10021930943031
2020-07-19,0.285714285714286,11.900511722004,3.40014620628687
2020-07-20,0.142857142857143,7.93367448133603,1.13338206876229
2020-07-21,0,7.93367448133603,0
2020-07-22,0,7.93367448133603,0
2020-07-23,0,3.96683724066802,0
2020-07-24,0,3.96683724066802,0
2020-07-25,0,3.96683724066802,0
2020-07-26,0.142857142857143,3.96683724066802,0.566691034381145
2020-07-27,0.285714285714286,3.96683724066802,1.13338206876229
2020-07-28,0.571428571428571,3.96683724066802,2.26676413752458
2020-07-29,0.714285714285714,3.96683724066802,2.83345517190573
2020-07-30,0.857142857142857,3.96683724066802,3.40014620628687
2020-07-31,0.857142857142857,3.96683724066802,3.40014620628687
2020-08-01,0.857142857142857,7.93367448133603,6.80029241257374
2020-08-02,0.714285714285714,7.93367448133603,5.66691034381145
2020-08-03,0.571428571428571,7.93367448133603,4.53352827504916
2020-08-04,0.285714285714286,7.93367448133603,2.26676413752458
2020-08-05,0.142857142857143,7.93367448133603,1.13338206876229
2020-08-06,0,7.93367448133603,0
2020-08-07,0,7.93367448133603,0
2020-08-08,0,7.93367448133603,0
2020-08-09,0,7.93367448133603,0
2020-08-10,0,7.93367448133603,0
2020-08-11,0,7.93367448133603,0
2020-08-12,0,7.93367448133603,0
2020-08-13,0,3.96683724066802,0
2020-08-14,0.142857142857143,3.96683724066802,0.566691034381145
2020-08-15,0.285714285714286,0,0
2020-08-16,0.428571428571429,0,0
2020-08-17,0.428571428571429,0,0
2020-08-18,0.428571428571429,3.96683724066802,1.70007310314344
2020-08-19,0.428571428571429,3.96683724066802,1.70007310314344
2020-08-20,0.428571428571429,3.96683724066802,1.70007310314344
2020-08-21,0.285714285714286,3.96683724066802,1.13338206876229
2020-08-22,0.142857142857143,3.96683724066802,0.566691034381145
2020-08-23,0,3.96683724066802,0
2020-08-24,0.142857142857143,3.96683724066802,0.566691034381145
2020-08-25,0.285714285714286,3.96683724066802,1.13338206876229
2020-08-26,0.571428571428571,3.96683724066802,2.26676413752458
2020-08-27,0.857142857142857,3.96683724066802,3.40014620628687
2020-08-28,1.14285714285714,7.93367448133603,9.06705655009832
2020-08-29,1.42857142857143,7.93367448133603,11.3338206876229
2020-08-30,1.57142857142857,11.900511722004,18.7008041345778
2020-08-31,1.5,15.8673489626721,23.8010234440081
2020-09-01,1.57142857142857,11.900511722004,18.7008041345778
2020-09-02,1.57142857142857,15.8673489626721,24.9344055127704
2020-09-03,1.64285714285714,15.8673489626721,26.0677875815327
2020-09-04,1.92857142857143,15.8673489626721,30.6013158565818
2020-09-05,2.21428571428571,27.7678606846761,61.4859772303542
2020-09-06,2.64285714285714,31.7346979253441,83.8702730884095
2020-09-07,2.96428571428571,35.7015351660121,105.829550670679
2020-09-08,3.09285714285714,51.5688841286842,159.495191626573
2020-09-09,3.09285714285714,63.4693958506882,196.301774309629
2020-09-10,2.96785714285714,83.3035820540283,247.233131024634
2020-09-11,2.58690476190476,91.2372565353644,236.02209339446
2020-09-12,2.19729437229437,107.104605498036,235.340346907644
2020-09-13,1.75681818181818,122.971954460708,216.03936545029
2020-09-14,1.41158008658009,134.872466182713,190.383287491463
2020-09-15,1.07971195471195,162.640326867389,175.604705236979
2020-09-16,0.811854811854812,170.574001348725,138.481323772291
2020-09-17,0.600120117977261,174.540838589393,104.745468646116
2020-09-18,0.435617953475096,174.540838589393,76.0331229041384
2020-09-19,0.325228343085486,162.640326867389,52.8952440259626
2020-09-20,0.765704533561676,166.607164108057,127.571860881393
2020-09-21,1.14665691451406,162.640326867389,186.492655381318
2020-09-22,1.56423933209647,146.772977904717,229.588064927484
2020-09-23,1.76066790352505,142.806140664049,251.434188293473
2020-09-24,1.88311688311688,134.872466182713,253.980618136277
2020-09-25,1.88571428571429,126.938791701376,239.370292922596
2020-09-26,1.83809523809524,119.00511722004,218.742739271122
2020-09-27,1.29047619047619,99.1709310167004,127.977725264409
2020-09-28,0.861904761904762,83.3035820540283,71.7997540560911
2020-09-29,0.433333333333333,59.5025586100202,25.7844420643421
2020-09-30,0.219047619047619,47.6020468880162,10.4271150326131
2020-10-01,0.0761904761904762,43.6352096473482,3.32458740170272
2020-10-02,0.0476190476190476,43.6352096473482,2.0778671260642
2020-10-03,0.0238095238095238,43.6352096473482,1.0389335630321
2020-10-04,0,35.7015351660121,0
2020-10-05,0,35.7015351660121,0
2020-10-06,0,35.7015351660121,0
2020-10-07,0,27.7678606846761,0
2020-10-08,0.142857142857143,15.8673489626721,2.26676413752458
2020-10-09,0.285714285714286,11.900511722004,3.40014620628687
2020-10-10,0.571428571428571,3.96683724066802,2.26676413752458
2020-10-11,0.714285714285714,3.96683724066802,2.83345517190573
2020-10-12,0.857142857142857,7.93367448133603,6.80029241257374
2020-10-13,0.857142857142857,3.96683724066802,3.40014620628687
2020-10-14,0.857142857142857,7.93367448133603,6.80029241257374
2020-10-15,0.714285714285714,7.93367448133603,5.66691034381145
2020-10-16,0.714285714285714,7.93367448133603,5.66691034381145
2020-10-17,0.714285714285714,7.93367448133603,5.66691034381145
2020-10-18,0.857142857142857,7.93367448133603,6.80029241257374
2020-10-19,0.857142857142857,7.93367448133603,6.80029241257374
2020-10-20,0.857142857142857,11.900511722004,10.2004386188606
2020-10-21,0.857142857142857,15.8673489626721,13.6005848251475
2020-10-22,0.857142857142857,15.8673489626721,13.6005848251475
2020-10-23,0.714285714285714,15.8673489626721,11.3338206876229
2020-10-24,0.428571428571429,15.8673489626721,6.80029241257374
2020-10-25,0.142857142857143,15.8673489626721,2.26676413752458
2020-10-26,0,11.900511722004,0
2020-10-27,0,11.900511722004,0
2020-10-28,0,7.93367448133603,0
2020-10-29,0,7.93367448133603,0
2020-10-30,0,7.93367448133603,0
2020-10-31,0.428571428571429,7.93367448133603,3.40014620628687
2020-11-01,1,7.93367448133603,7.93367448133603
2020-11-02,1.57142857142857,7.93367448133603,12.4672027563852
2020-11-03,2.14285714285714,3.96683724066802,8.50036551571718
2020-11-04,2.71428571428571,11.900511722004,32.3013889597253
2020-11-05,2.80952380952381,19.8341862033401,55.7246183808126
2020-11-06,2.86666666666667,31.7346979253441,90.9728007193198
2020-11-07,2.43809523809524,31.7346979253441,77.3722158941723
2020-11-08,1.86666666666667,39.6683724066801,74.0476284924696
2020-11-09,1.32380952380952,39.6683724066801,52.5133691859861
2020-11-10,0.823809523809524,39.6683724066801,32.679182982646
2020-11-11,0.323809523809524,39.6683724066801,12.844996779306
2020-11-12,0.371428571428571,39.6683724066801,14.7339668939098
2020-11-13,0.457142857142857,43.6352096473482,19.9475244102163
2020-11-14,0.6,43.6352096473482,26.1811257884089
2020-11-15,0.6,43.6352096473482,26.1811257884089
2020-11-16,0.571428571428571,47.6020468880162,27.201169650295
2020-11-17,0.5,47.6020468880162,23.8010234440081
2020-11-18,0.428571428571429,35.7015351660121,15.3006579282909
2020-11-19,0.285714285714286,27.7678606846761,7.93367448133603
2020-11-20,0.142857142857143,15.8673489626721,2.26676413752458
2020-11-21,0,15.8673489626721,0
2020-11-22,0,7.93367448133603,0
2020-11-23,0,7.93367448133603,0
2020-11-24,0,7.93367448133603,0
2020-11-25,0,7.93367448133603,0
2020-11-26,0,7.93367448133603,0
2020-11-27,0,3.96683724066802,0
2020-11-28,0,3.96683724066802,0
2020-11-29,0,3.96683724066802,0
2020-11-30,0,0,0
2020-12-01,0,0,0
2020-12-02,0,0,0
2020-12-03,0,0,0
2020-12-04,0.285714285714286,0,0
2020-12-05,0.571428571428571,0,0
2020-12-06,0.857142857142857,0,0
2020-12-07,0.857142857142857,0,0
2020-12-08,0.857142857142857,7.93367448133603,6.80029241257374
2020-12-09,0.928571428571429,7.93367448133603,7.36698344695489
2020-12-10,1,7.93367448133603,7.93367448133603
2020-12-11,0.785714285714286,7.93367448133603,6.2336013781926
2020-12-12,0.5,7.93367448133603,3.96683724066802
2020-12-13,0.214285714285714,11.900511722004,2.55010965471515
2020-12-14,0.214285714285714,11.900511722004,2.55010965471515
2020-12-15,0.214285714285714,11.900511722004,2.55010965471515
2020-12-16,0.142857142857143,11.900511722004,1.70007310314344
2020-12-17,0.214285714285714,11.900511722004,2.55010965471515
2020-12-18,0.285714285714286,11.900511722004,3.40014620628687
2020-12-19,0.428571428571429,11.900511722004,5.10021930943031
2020-12-20,0.428571428571429,11.900511722004,5.10021930943031
2020-12-21,0.428571428571429,15.8673489626721,6.80029241257374
2020-12-22,0.428571428571429,7.93367448133603,3.40014620628687
2020-12-23,0.428571428571429,7.93367448133603,3.40014620628687
2020-12-24,0.571428571428571,7.93367448133603,4.53352827504916
2020-12-25,0.714285714285714,7.93367448133603,5.66691034381145
2020-12-26,1,7.93367448133603,7.93367448133603
2020-12-27,1.14285714285714,3.96683724066802,4.53352827504916
2020-12-28,1.42857142857143,11.900511722004,17.0007310314344
2020-12-29,1.57142857142857,11.900511722004,18.7008041345778
2020-12-30,1.71428571428571,15.8673489626721,27.201169650295
2020-12-31,1.47619047619048,15.8673489626721,23.4232294210873
2021-01-01,1.76190476190476,19.8341862033401,34.9459471201706
2021-01-02,1.83333333333333,23.8010234440081,43.6352096473482
2021-01-03,2.26190476190476,23.8010234440081,53.8356482662088
2021-01-04,2.54761904761905,19.8341862033401,50.5299505656521
2021-01-05,2.97619047619048,39.6683724066801,118.060632162739
2021-01-06,3.4047619047619,47.6020468880162,162.073635833008
2021-01-07,3.86734693877551,75.3699075726923,291.481581327045
2021-01-08,3.52040816326531,107.104605498036,377.051927518598
2021-01-09,3.28931572629052,142.806140664049,469.734484297111
2021-01-10,2.93812525010004,174.540838589393,512.82284503313
2021-01-11,2.58955382152861,198.341862033401,513.616926797694
2021-01-12,2.16669667867147,222.142885477409,481.316252154398
2021-01-13,1.699164211139,289.579118568765,492.042474565223
2021-01-14,1.24699584379206,341.148002697449,425.410141481683
2021-01-15,1.06111608648373,368.915863382125,391.462557193809
2021-01-16,0.817849549099549,384.783212344797,314.694776717269
2021-01-17,0.608600464850465,396.683724066802,241.421898865669
2021-01-18,0.403600464850465,416.517910270142,168.106822203573
2021-01-19,0.287996069246069,404.617398548138,116.528220330434
2021-01-20,0.284099965349965,396.683724066802,112.697832262274
2021-01-21,0.348513230656088,368.915863382125,128.572059387584
2021-01-22,0.738474620617478,345.114839938117,254.858550492763
2021-01-23,0.855690737833595,313.380142012773,268.156484941307
2021-01-24,0.987558869701727,297.512793050101,293.811397626362
2021-01-25,1.05133437990581,269.744932365425,283.592121201138
2021-01-26,1.16122448979592,249.910746162085,290.202478706584
2021-01-27,1.20408163265306,178.507675830061,214.937813754563
2021-01-28,1.51020408163265,134.872466182713,203.684948928994
2021-01-29,1.27210884353742,111.071442738704,141.294964572366
2021-01-30,1.3078231292517,99.1709310167004,129.698037333066
2021-01-31,1.33163265306122,95.2040937760324,126.776879977268
2021-02-01,1.46428571428571,83.3035820540283,121.980245150541
2021-02-02,1.46428571428571,75.3699075726923,110.363078945728
2021-02-03,1.42857142857143,87.2704192946963,124.672027563852
2021-02-04,1.05714285714286,103.137768257368,109.031355014932
2021-02-05,0.927891156462585,103.137768257368,95.7006230632996
2021-02-06,0.844557823129252,99.1709310167004,83.7555856171657
2021-02-07,0.820748299319728,87.2704192946963,71.6270482170416
2021-02-08,0.844557823129252,87.2704192946963,73.7049153431058
2021-02-09,0.844557823129252,87.2704192946963,73.7049153431058
2021-02-10,0.880272108843537,103.137768257368,90.7893007653297
2021-02-11,0.965986394557823,99.1709310167004,95.797770097765
2021-02-12,1.07142857142857,91.2372565353644,97.7542034307475
2021-02-13,1.14761904761905,87.2704192946963,100.153195476294
2021-02-14,1.5047619047619,87.2704192946963,131.321202367257
2021-02-15,1.64761904761905,91.2372565353644,150.324241720172
2021-02-16,1.81428571428571,99.1709310167004,179.924403416014
2021-02-17,1.93673469387755,91.2372565353644,176.702360106246
2021-02-18,2.19863945578231,91.2372565353644,200.597832055985
2021-02-19,2.35850340136054,95.2040937760324,224.539178994221
2021-02-20,2.50850340136054,119.00511722004,298.524741325782
2021-02-21,2.15136054421769,130.905628942045,281.625205121915
2021-02-22,1.8693092621664,154.706652386053,289.194578224006
2021-02-23,1.60180225936528,170.574001348725,273.225820749364
2021-02-24,1.37221042263059,178.507675830061,244.950093293572
2021-02-25,0.99125804167821,182.474513070729,180.879328482675
2021-02-26,0.686705451411334,186.441350311397,128.030291627326
2021-02-27,0.397022911728794,190.408187552065,75.5964130389231
2021-02-28,0.454165768871651,186.441350311397,84.6752792136444
2021-03-01,0.605264669970552,174.540838589393,105.643403065192
2021-03-02,0.848962148962149,170.574001348725,144.810870742086
2021-03-03,0.884676434676435,170.574001348725,150.902799361683
2021-03-04,1.00372405372405,174.540838589393,175.190838049341
2021-03-05,1.06337868480726,166.607164108057,177.166507048692
2021-03-06,1.13367346938776,142.806140664049,161.895532936488
2021-03-07,1.0765306122449,126.938791701376,136.65349514791
2021-03-08,1.39795918367347,107.104605498036,149.727866869704
2021-03-09,1.46938775510204,95.2040937760324,139.891729630088
2021-03-10,1.46938775510204,75.3699075726923,110.747619290487
2021-03-11,1.3265306122449,79.3367448133603,105.242620670784
2021-03-12,1.29251700680272,83.3035820540283,107.671296532418
2021-03-13,1.23809523809524,75.3699075726923,93.3151236614286
2021-03-14,1.15238095238095,71.4030703320243,82.2835381921423
2021-03-15,0.795238095238095,71.4030703320243,56.7824416449907
2021-03-16,1.00952380952381,75.3699075726923,76.0877162162417
2021-03-17,1.36666666666667,71.4030703320243,97.5841961204332
2021-03-18,1.65238095238095,51.5688841286842,85.2114418697782
2021-03-19,2.03333333333333,59.5025586100202,120.988535840374
2021-03-20,2.36666666666667,67.4362330913563,159.599084982876
2021-03-21,2.56666666666667,71.4030703320243,183.267880518862
2021-03-22,2.59047619047619,67.4362330913563,174.691956198561
2021-03-23,2.37619047619048,75.3699075726923,179.093256565588
2021-03-24,2.16190476190476,83.3035820540283,180.094410726328
2021-03-25,2.01904761904762,79.3367448133603,160.184665718404
2021-03-26,1.74920634920635,91.2372565353644,159.592788415828
2021-03-27,1.53968253968254,103.137768257368,158.799420967694
2021-03-28,1.42539682539683,107.104605498036,152.66656466228
2021-03-29,1.28253968253968,122.971954460708,157.716411435321
2021-03-30,0.996825396825397,134.872466182713,134.444299623402
2021-03-31,0.868253968253968,146.772977904717,127.436220498222
2021-04-01,0.856349206349206,154.706652386053,132.482918987739
2021-04-02,0.854761904761905,146.772977904717,125.455950161412
2021-04-03,0.897619047619048,142.806140664049,128.185511977015
2021-04-04,1.0047619047619,154.706652386053,155.443350730748
2021-04-05,1.1,174.540838589393,191.994922448332
2021-04-06,1.14545454545455,162.640326867389,186.297101684463
2021-04-07,1.13766233766234,158.673489626721,180.516853133776
2021-04-08,1.11782106782107,166.607164108057,186.236998089908
2021-04-09,1.06271902700474,154.706652386053,164.409703094867
2021-04-10,0.99129045557617,154.706652386053,153.359227924434
2021-04-11,0.868274582560297,154.706652386053,134.327854019801
2021-04-12,0.963512677798392,150.739815145385,145.239722941564
2021-04-13,1.07111935683364,134.872466182713,144.464509232194
2021-04-14,1.47891156462585,138.839303423381,205.331051457435
2021-04-15,1.67137188208617,142.806140664049,238.682168095133
2021-04-16,1.87290249433107,158.673489626721,297.179974506099
2021-04-17,1.88480725623583,166.607164108057,314.022391851739
2021-04-18,1.88769325912183,186.441350311397,351.944080204395
2021-04-19,1.67760922550839,182.474513070729,306.120926547605
2021-04-20,1.49513623631271,190.408187552065,284.686180899718
2021-04-21,1.04303539597657,202.308699274069,211.015134256834
2021-04-22,0.761441989383166,194.375024792733,148.005305564581
2021-04-23,0.472156275097452,194.375024792733,91.7753876781115
2021-04-24,0.340070107297015,186.441350311397,63.403130004997
2021-04-25,0.245233306998032,186.441350311397,45.7216288980424
2021-04-26,0.188397615456462,174.540838589393,32.8830777900128
2021-04-27,0.161967607555872,170.574001348725,27.627462909685
