"fecha","rho7dpromedio","incidenciaAcum14d","riesgopor10"
2020-01-01,1.25,0.690278803608778,0.862848504510972
2020-01-02,1,1.38055760721756,1.38055760721756
2020-01-03,0.833333333333333,1.38055760721756,1.1504646726813
2020-01-04,0.714285714285714,1.38055760721756,0.986112576583968
2020-01-05,0.428571428571429,1.38055760721756,0.591667545950381
2020-01-06,0.142857142857143,1.38055760721756,0.197222515316794
2020-01-07,0,1.38055760721756,0
2020-01-08,0,1.38055760721756,0
2020-01-09,0,1.38055760721756,0
2020-01-10,0,1.38055760721756,0
2020-01-11,0,1.38055760721756,0
2020-01-12,0,1.38055760721756,0
2020-01-13,0,1.38055760721756,0
2020-01-14,0,1.38055760721756,0
2020-01-15,0.142857142857143,0.690278803608778,0.0986112576583968
2020-01-16,0.285714285714286,0,0
2020-01-17,0.428571428571429,0,0
2020-01-18,0.428571428571429,0,0
2020-01-19,0.428571428571429,0.690278803608778,0.29583377297519
2020-01-20,0.428571428571429,0.690278803608778,0.29583377297519
2020-01-21,0.428571428571429,0.690278803608778,0.29583377297519
2020-01-22,0.285714285714286,0.690278803608778,0.197222515316794
2020-01-23,0.142857142857143,0.690278803608778,0.0986112576583968
2020-01-24,0,0.690278803608778,0
2020-01-25,0,0.690278803608778,0
2020-01-26,0,0.690278803608778,0
2020-01-27,0.142857142857143,0.690278803608778,0.0986112576583968
2020-01-28,0.285714285714286,0.690278803608778,0.197222515316794
2020-01-29,0.428571428571429,0.690278803608778,0.29583377297519
2020-01-30,0.428571428571429,0.690278803608778,0.29583377297519
2020-01-31,0.428571428571429,1.38055760721756,0.591667545950381
2020-02-01,0.428571428571429,1.38055760721756,0.591667545950381
2020-02-02,0.428571428571429,0.690278803608778,0.29583377297519
2020-02-03,0.428571428571429,0.690278803608778,0.29583377297519
2020-02-04,0.428571428571429,0.690278803608778,0.29583377297519
2020-02-05,0.428571428571429,0.690278803608778,0.29583377297519
2020-02-06,0.428571428571429,0.690278803608778,0.29583377297519
2020-02-07,0.428571428571429,1.38055760721756,0.591667545950381
2020-02-08,0.571428571428571,1.38055760721756,0.788890061267174
2020-02-09,0.714285714285714,1.38055760721756,0.986112576583968
2020-02-10,0.714285714285714,1.38055760721756,0.986112576583968
2020-02-11,0.571428571428571,1.38055760721756,0.788890061267174
2020-02-12,0.428571428571429,2.07083641082633,0.887501318925571
2020-02-13,0.428571428571429,2.07083641082633,0.887501318925571
2020-02-14,0.428571428571429,1.38055760721756,0.591667545950381
2020-02-15,0.285714285714286,1.38055760721756,0.394445030633587
2020-02-16,0.142857142857143,1.38055760721756,0.197222515316794
2020-02-17,0,1.38055760721756,0
2020-02-18,0,1.38055760721756,0
2020-02-19,0,1.38055760721756,0
2020-02-20,0,1.38055760721756,0
2020-02-21,0,0.690278803608778,0
2020-02-22,0,0.690278803608778,0
2020-02-23,0,0.690278803608778,0
2020-02-24,0,0.690278803608778,0
2020-02-25,0,0.690278803608778,0
2020-02-26,0,0,0
2020-02-27,0,0,0
2020-02-28,0,0,0
2020-02-29,0,0,0
2020-03-01,0,0,0
2020-03-02,0,0,0
2020-03-03,0,0,0
2020-03-04,0,0,0
2020-03-05,0,0,0
2020-03-06,0,0,0
2020-03-07,0,0,0
2020-03-08,0,0,0
2020-03-09,0,0,0
2020-03-10,0,0,0
2020-03-11,0,0,0
2020-03-12,0,0,0
2020-03-13,0,0,0
2020-03-14,0,0,0
2020-03-15,0,0,0
2020-03-16,0,0,0
2020-03-17,0,0,0
2020-03-18,0,0,0
2020-03-19,0,0,0
2020-03-20,0,0,0
2020-03-21,0,0,0
2020-03-22,0,0,0
2020-03-23,0,0,0
2020-03-24,0,0,0
2020-03-25,0,0,0
2020-03-26,0,0,0
2020-03-27,0,0,0
2020-03-28,0,0,0
2020-03-29,0,0,0
2020-03-30,0,0,0
2020-03-31,0,0,0
2020-04-01,0,0,0
2020-04-02,0,0,0
2020-04-03,0,0,0
2020-04-04,0,0,0
2020-04-05,0,0,0
2020-04-06,0,0,0
2020-04-07,0,0,0
2020-04-08,0,0,0
2020-04-09,0,0,0
2020-04-10,0,0,0
2020-04-11,0,0,0
2020-04-12,0,0,0
2020-04-13,0,0,0
2020-04-14,0.142857142857143,0,0
2020-04-15,0.285714285714286,0,0
2020-04-16,0.428571428571429,0,0
2020-04-17,0.428571428571429,0,0
2020-04-18,0.428571428571429,0.690278803608778,0.29583377297519
2020-04-19,0.428571428571429,0.690278803608778,0.29583377297519
2020-04-20,0.428571428571429,0.690278803608778,0.29583377297519
2020-04-21,0.285714285714286,0.690278803608778,0.197222515316794
2020-04-22,0.285714285714286,0.690278803608778,0.197222515316794
2020-04-23,0.285714285714286,0.690278803608778,0.197222515316794
2020-04-24,0.428571428571429,0.690278803608778,0.29583377297519
2020-04-25,0.428571428571429,0.690278803608778,0.29583377297519
2020-04-26,0.428571428571429,1.38055760721756,0.591667545950381
2020-04-27,0.428571428571429,1.38055760721756,0.591667545950381
2020-04-28,0.428571428571429,1.38055760721756,0.591667545950381
2020-04-29,0.285714285714286,1.38055760721756,0.394445030633587
2020-04-30,0.142857142857143,1.38055760721756,0.197222515316794
2020-05-01,0,1.38055760721756,0
2020-05-02,0,0.690278803608778,0
2020-05-03,0,0.690278803608778,0
2020-05-04,0,0.690278803608778,0
2020-05-05,0,0.690278803608778,0
2020-05-06,0,0.690278803608778,0
2020-05-07,0,0.690278803608778,0
2020-05-08,0,0.690278803608778,0
2020-05-09,0,0.690278803608778,0
2020-05-10,0,0,0
2020-05-11,0,0,0
2020-05-12,0,0,0
2020-05-13,0,0,0
2020-05-14,0.142857142857143,0,0
2020-05-15,0.285714285714286,0,0
2020-05-16,0.571428571428571,0,0
2020-05-17,0.714285714285714,0,0
2020-05-18,1,0.690278803608778,0.690278803608778
2020-05-19,1.14285714285714,0.690278803608778,0.788890061267174
2020-05-20,1.28571428571429,1.38055760721756,1.77500263785114
2020-05-21,1.14285714285714,1.38055760721756,1.57778012253435
2020-05-22,1.42857142857143,2.07083641082633,2.9583377297519
2020-05-23,1.5,2.07083641082633,3.1062546162395
2020-05-24,1.92857142857143,2.07083641082633,3.99375593516507
2020-05-25,1.92857142857143,2.07083641082633,3.99375593516507
2020-05-26,1.92857142857143,4.14167282165267,7.98751187033014
2020-05-27,1.92857142857143,5.52223042887022,10.6500158271069
2020-05-28,2.1,5.52223042887022,11.5966839006275
2020-05-29,1.87142857142857,5.52223042887022,10.3344598026
2020-05-30,1.87142857142857,6.212509232479,11.626267277925
2020-05-31,1.87142857142857,7.59306683969655,14.209882228575
2020-06-01,1.82380952380952,8.97362444691411,16.3661817293719
2020-06-02,1.8952380952381,10.3541820541317,19.623640274021
2020-06-03,1.97687074829932,9.66390325052289,19.1042876503534
2020-06-04,2.14829931972789,11.7347396613492,25.2097332316604
2020-06-05,2.23401360544218,12.425018464958,27.7576602985864
2020-06-06,2.01972789115646,15.1861336793931,30.6718577511008
2020-06-07,1.49591836734694,18.637527697437,27.8802200045333
2020-06-08,1.28379715522573,20.7083641082633,26.585338931567
2020-06-09,1.09332096474954,20.0180853046546,21.8861923377234
2020-06-10,0.883116883116883,18.637527697437,16.4591153691651
2020-06-11,0.597402597402597,19.3278065010458,11.5464818058196
2020-06-12,0.454545454545455,20.0180853046546,9.09912968393389
2020-06-13,0.525974025974026,19.3278065010458,10.165924198602
2020-06-14,0.621212121212121,17.9472488938282,11.1490485552569
2020-06-15,0.880952380952381,17.2569700902194,15.2025688890028
2020-06-16,1,16.5666912866107,16.5666912866107
2020-06-17,1.03333333333333,16.5666912866107,17.1189143294977
2020-06-18,0.976190476190476,15.1861336793931,14.824559067979
2020-06-19,0.833333333333333,14.4958548757843,12.0798790631536
2020-06-20,0.619047619047619,11.7347396613492,7.2643626475019
2020-06-21,0.476190476190476,8.28334564330533,3.94445030633587
2020-06-22,0.333333333333333,6.212509232479,2.07083641082633
2020-06-23,0.333333333333333,4.83195162526144,1.61065054175381
2020-06-24,0.428571428571429,4.83195162526144,2.07083641082633
2020-06-25,0.428571428571429,4.14167282165267,1.77500263785114
2020-06-26,0.428571428571429,4.14167282165267,1.77500263785114
2020-06-27,0.428571428571429,4.14167282165267,1.77500263785114
2020-06-28,0.428571428571429,4.14167282165267,1.77500263785114
2020-06-29,0.285714285714286,2.76111521443511,0.788890061267174
2020-06-30,0.285714285714286,2.07083641082633,0.591667545950381
2020-07-01,0.428571428571429,2.07083641082633,0.887501318925571
2020-07-02,0.714285714285714,1.38055760721756,0.986112576583968
2020-07-03,0.857142857142857,0.690278803608778,0.591667545950381
2020-07-04,0.857142857142857,1.38055760721756,1.18333509190076
2020-07-05,1,2.07083641082633,2.07083641082633
2020-07-06,1.07142857142857,2.07083641082633,2.21875329731393
2020-07-07,1,2.07083641082633,2.07083641082633
2020-07-08,0.714285714285714,2.07083641082633,1.47916886487595
2020-07-09,0.571428571428571,2.76111521443511,1.57778012253435
2020-07-10,0.571428571428571,2.07083641082633,1.18333509190076
2020-07-11,0.714285714285714,2.07083641082633,1.47916886487595
2020-07-12,0.571428571428571,2.07083641082633,1.18333509190076
2020-07-13,0.5,2.76111521443511,1.38055760721756
2020-07-14,0.428571428571429,2.76111521443511,1.18333509190076
2020-07-15,0.428571428571429,2.76111521443511,1.18333509190076
2020-07-16,0.285714285714286,2.76111521443511,0.788890061267174
2020-07-17,0.142857142857143,2.76111521443511,0.394445030633587
2020-07-18,0,2.07083641082633,0
2020-07-19,0.285714285714286,1.38055760721756,0.394445030633587
2020-07-20,0.571428571428571,1.38055760721756,0.788890061267174
2020-07-21,0.857142857142857,1.38055760721756,1.18333509190076
2020-07-22,1,1.38055760721756,1.38055760721756
2020-07-23,1.14285714285714,2.07083641082633,2.36667018380152
2020-07-24,1.28571428571429,2.07083641082633,2.66250395677671
2020-07-25,1.35714285714286,2.07083641082633,2.81042084326431
2020-07-26,1.14285714285714,2.76111521443511,3.1555602450687
2020-07-27,0.857142857142857,2.07083641082633,1.77500263785114
2020-07-28,0.571428571428571,2.76111521443511,1.57778012253435
2020-07-29,0.428571428571429,2.76111521443511,1.18333509190076
2020-07-30,0.428571428571429,2.76111521443511,1.18333509190076
2020-07-31,0.428571428571429,2.76111521443511,1.18333509190076
2020-08-01,0.642857142857143,2.76111521443511,1.77500263785114
2020-08-02,0.857142857142857,2.76111521443511,2.36667018380152
2020-08-03,1.14285714285714,3.45139401804389,3.94445030633587
2020-08-04,1.28571428571429,3.45139401804389,4.43750659462786
2020-08-05,1.28571428571429,4.14167282165267,5.32500791355343
2020-08-06,1.14285714285714,3.45139401804389,3.94445030633587
2020-08-07,1.07142857142857,3.45139401804389,3.69792216218988
2020-08-08,0.857142857142857,3.45139401804389,2.9583377297519
2020-08-09,0.714285714285714,2.76111521443511,1.97222515316794
2020-08-10,0.428571428571429,2.76111521443511,1.18333509190076
2020-08-11,0.428571428571429,2.76111521443511,1.18333509190076
2020-08-12,0.571428571428571,2.76111521443511,1.57778012253435
2020-08-13,0.714285714285714,2.76111521443511,1.97222515316794
2020-08-14,0.785714285714286,2.76111521443511,2.16944766848473
2020-08-15,0.857142857142857,3.45139401804389,2.9583377297519
2020-08-16,0.857142857142857,3.45139401804389,2.9583377297519
2020-08-17,0.857142857142857,2.76111521443511,2.36667018380152
2020-08-18,0.857142857142857,3.45139401804389,2.9583377297519
2020-08-19,1.14285714285714,2.76111521443511,3.1555602450687
2020-08-20,1.42857142857143,2.07083641082633,2.9583377297519
2020-08-21,1.71428571428571,2.07083641082633,3.55000527570228
2020-08-22,2.14285714285714,2.76111521443511,5.91667545950381
2020-08-23,2.57142857142857,4.14167282165267,10.6500158271069
2020-08-24,3,4.14167282165267,12.425018464958
2020-08-25,3.14285714285714,4.14167282165267,13.0166860109084
2020-08-26,2.85714285714286,6.212509232479,17.7500263785114
2020-08-27,2.57142857142857,8.97362444691411,23.0750342920649
2020-08-28,2.25,10.3541820541317,23.2969096217962
2020-08-29,1.77380952380952,9.66390325052289,17.1419236229513
2020-08-30,1.32142857142857,10.3541820541317,13.6823120001026
2020-08-31,1.03571428571429,12.425018464958,12.8687691244208
2020-09-01,0.892857142857143,13.1152972685668,11.7100868469346
2020-09-02,0.869047619047619,13.8055760721756,11.9977030151049
2020-09-03,0.94047619047619,15.1861336793931,14.2821971508578
2020-09-04,1.09047619047619,15.1861336793931,16.5601172027668
2020-09-05,1.42380952380952,15.8764124830019,22.6049872972265
2020-09-06,1.5547619047619,16.5666912866107,25.7572605003732
2020-09-07,1.64047619047619,19.3278065010458,31.7068063790965
2020-09-08,1.59285714285714,20.0180853046546,31.8859501638426
2020-09-09,1.63253968253968,20.0180853046546,32.680318628313
2020-09-10,1.56111111111111,18.637527697437,29.09525157211
2020-09-11,1.52845804988662,19.3278065010458,29.5417414331744
2020-09-12,1.26060090702948,20.0180853046546,25.234816492041
2020-09-13,1.22488662131519,23.4694793226984,28.7474512316069
2020-09-14,1.18202947845805,22.7792005190897,26.9256865092709
2020-09-15,1.30901360544218,23.4694793226984,30.7218677460561
2020-09-16,1.35807565450423,25.5403157335248,34.6856810060512
2020-09-17,1.40569470212327,25.5403157335248,35.9018865171715
2020-09-18,1.41930014430014,30.3722673587862,43.1073634450478
2020-09-19,1.44539904539905,32.4431037696125,46.8932312183802
2020-09-20,1.42499088213374,33.1333825732213,47.2147680610893
2020-09-21,1.41784802499088,32.4431037696125,45.9993906043194
2020-09-22,1.51705437419723,36.5847765912652,55.5010953568074
2020-09-23,1.64259549973836,38.6556130020915,63.4955359568631
2020-09-24,1.85548065379998,40.7264494129179,75.5671389836327
2020-09-25,2.04595684427617,44.8681222345705,91.7982417756395
2020-09-26,2.25914365746299,53.1514678778759,120.076801541151
2020-09-27,2.34568938686586,57.9834195031373,136.0110917427
2020-09-28,2.42017918278422,71.7889955753129,173.742232644361
2020-09-29,2.36958394468899,84.9042928438796,201.187849158029
2020-09-30,2.30943356874914,90.4265232727499,208.834048351364
2020-10-01,2.21474569359908,102.161262934099,226.261217135939
2020-10-02,2.10153814642927,118.72795422071,249.511324842329
2020-10-03,1.98725243214355,143.577991150626,285.325712116366
2020-10-04,1.88579304496988,166.357191669715,313.71523503147
2020-10-05,1.80311189911704,193.968343814067,349.746628783169
2020-10-06,1.71173547251334,213.986429118721,366.288161358977
2020-10-07,1.65100672757407,240.217023655855,396.599922133636
2020-10-08,1.57966044712641,259.5448301569,409.992702454997
2020-10-09,1.58760483640148,289.917097515687,460.273786171384
2020-10-10,1.66782461662126,326.501874106952,544.547863008551
2020-10-11,1.86386072337166,355.49358385852,662.590528364524
2020-10-12,2.03338212256721,398.981148485873,811.281134572508
2020-10-13,2.14865475813993,465.247913632316,999.657143340752
2020-10-14,2.1670975556525,546.700812458152,1184.7539943513
2020-10-15,2.1271105640526,637.817614534511,1356.70858581519
2020-10-16,1.97673462420298,708.226052502606,1399.9749597445
2020-10-17,1.7836784050598,777.253932863484,1386.3710552964
2020-10-18,1.55758596808501,850.423486046014,1324.60768879521
2020-10-19,1.34923639158857,942.230566925982,1271.29177016367
2020-10-20,1.17469318468994,1029.8959749843,1209.81178275366
2020-10-21,1.06240013804763,1110.65859500652,1179.96384465871
2020-10-22,0.984250131753907,1169.33229331327,1150.91546375768
2020-10-23,0.936116253039062,1205.22679110093,1128.23238774769
2020-10-24,0.906839596724362,1272.87411385459,1154.29264808877
2020-10-25,0.897466917420082,1326.02558173246,1190.0640912576
2020-10-26,0.899153348823588,1351.56589746599,1215.2650028623
2020-10-27,0.903710690795117,1361.92007952012,1230.78173587087
2020-10-28,0.919473652535256,1362.61035832373,1252.88432315029
2020-10-29,0.943880796795958,1337.0700425902,1262.03473717205
2020-10-30,0.973655284970962,1334.30892737577,1299.15693892335
2020-10-31,0.997357379445115,1321.1936301072,1317.7022166633
2020-11-01,1.02259744680051,1300.48526599894,1329.87291261219
2020-11-02,1.05183949082702,1284.60885351594,1351.20232239408
2020-11-03,1.07952585763438,1270.11299864015,1371.11982414959
2020-11-04,1.08801607542693,1256.99770137158,1367.63370586698
2020-11-05,1.08760204083729,1269.42271983654,1380.62674077945
2020-11-06,1.07758288405872,1290.82136274841,1390.96700687504
2020-11-07,1.05279167640306,1275.63522906902,1342.97815129038
2020-11-08,1.01327552449858,1274.94495026541,1291.87051318701
2020-11-09,0.974441672357013,1305.3172176242,1271.95549249813
2020-11-10,0.942740557559357,1302.55610240976,1227.97246623812
2020-11-11,0.918931033749833,1293.58247796285,1188.71308371507
2020-11-12,0.900618020130176,1294.96303557007,1166.26704523688
2020-11-13,0.888689187428292,1288.75052633759,1145.29865804873
2020-11-14,0.884595189229652,1297.7241507845,1147.96054073111
2020-11-15,0.874469235648875,1288.75052633759,1126.97268770852
2020-11-16,0.867120497744678,1270.11299864015,1101.34101557283
2020-11-17,0.844927381576965,1248.02407692467,1054.48971546097
2020-11-18,0.841606765496705,1223.17403999475,1029.43154743952
2020-11-19,0.827523650410477,1185.89898459988,981.359456754171
2020-11-20,0.839189191720287,1161.73922647357,974.919002454109
2020-11-21,0.841650993988553,1109.27803739931,933.624962786796
2020-11-22,0.879128590164554,1092.02106730909,960.026941333429
2020-11-23,0.883709924323353,1042.32099344925,921.109406241683
2020-11-24,0.909771318410074,1023.68346575182,931.317856271624
2020-11-25,0.913722650352838,1003.66538044716,917.071791489571
2020-11-26,0.936268811674509,975.363949499203,913.202845947775
2020-11-27,0.930539006990798,938.779172907937,873.570639341395
2020-11-28,0.931279410103915,907.716626745542,845.337804697104
2020-11-29,0.903053204790049,904.955511531107,817.222974880584
2020-11-30,0.871953869342887,873.202686565104,761.392461271046
2020-12-01,0.817174062683381,853.184601260449,697.200326830902
2020-12-02,0.771139138625971,826.263727919707,637.164299425887
2020-12-03,0.739490147151652,806.245642615052,596.210708897784
2020-12-04,0.765003009930949,763.448356791308,584.040290872187
2020-12-05,0.866868799128274,744.120550290262,645.05488783679
2020-12-06,1.05457247476298,709.606610109823,748.331598931689
2020-12-07,1.25909988589386,692.349640019604,871.737352747339
2020-12-08,1.42416416798384,695.801034037648,990.934900722519
2020-12-09,1.5130823334858,699.9427068593,1059.07094420104
2020-12-10,1.55847231951292,704.774658484562,1098.37179674236
2020-12-11,1.53323176728869,725.483022592825,1112.33361686794
2020-12-12,1.43416696577243,724.792743789217,1039.47381017406
2020-12-13,1.25640741189348,712.367725324258,895.024090091094
2020-12-14,1.08547683870726,734.456647039739,797.235679396233
2020-12-15,0.96017016877364,737.217762254174,707.854503206516
2020-12-16,0.896469876062852,745.50110789748,668.319285801573
2020-12-17,0.85408868897094,768.970587220178,656.769080696096
2020-12-18,0.830901949486414,784.84699970318,652.130902101935
2020-12-19,0.819939323944457,803.484527400617,658.808560196693
2020-12-20,0.827132995107998,809.006757829487,669.156182666115
2020-12-21,0.877279183997643,812.458151847531,712.752624485035
2020-12-22,0.940821694068041,784.156720899571,737.751654571575
2020-12-23,1.03103604067625,768.970587220178,792.836389643983
2020-12-24,1.12486738009665,762.758077987699,858.001680833577
2020-12-25,1.21205131027249,755.165011148003,915.298741233876
2020-12-26,1.23869118582344,753.784453540785,933.706158611706
2020-12-27,1.23131549791435,766.899750809352,944.295548518212
2020-12-28,1.18424771210311,766.899750809352,908.199275308423
2020-12-29,1.15398733208904,771.041423631005,889.772035386077
2020-12-30,1.11251492917438,755.165011148003,840.132348892294
2020-12-31,1.08541902038833,752.403895933568,816.67349966058
2021-01-01,1.04956471297069,778.634490470701,817.227285499957
2021-01-02,1.03471424818515,811.767873043922,839.947784457497
2021-01-03,1.00191925807308,835.237352366621,836.840388398091
2021-01-04,0.971008558673637,853.874880064058,829.119816578626
2021-01-05,0.921558009223088,857.326274082102,790.075894397749
2021-01-06,0.881891289822149,855.945716474884,754.85107191978
2021-01-07,0.826864834795694,852.49432245684,704.897577102543
2021-01-08,0.782337933125935,840.759582795491,657.758114260048
2021-01-09,0.751787677941789,826.954006723316,621.69383247918
2021-01-10,0.747074982052623,806.935921418661,602.841639011463
2021-01-11,0.746068470123092,773.112260041831,576.794681082815
2021-01-12,0.752228976283598,743.430271486653,559.229792058643
2021-01-13,0.759371833426455,742.739992683045,564.015830002876
2021-01-14,0.77385081197729,708.916331306215,548.595478605276
2021-01-15,0.788047795118373,671.641275911341,529.285426592422
2021-01-16,0.807741527312105,633.675941712858,511.84637298008
2021-01-17,0.817728130649092,594.330049907158,486.000400699161
2021-01-18,0.814815931286588,561.886946137545,457.834435294841
2021-01-19,0.796481324716688,538.417466814846,428.839457219292
2021-01-20,0.772311050546413,514.257708688539,397.166911248837
2021-01-21,0.739292722747568,488.027114151406,360.794893995631
2021-01-22,0.710829839071514,459.035404399837,326.296062637664
2021-01-23,0.688573481331285,433.495088666312,298.493222342977
2021-01-24,0.690322606768567,405.193657718352,279.714342042223
2021-01-25,0.707540528419986,382.414457199263,270.573727122208
2021-01-26,0.724830202910472,363.086650698217,263.176170699672
2021-01-27,0.743811221891491,340.307450179127,253.124500336514
2021-01-28,0.777063914619968,332.714383339431,258.540341168107
2021-01-29,0.803079969762237,314.076855641994,252.228831731991
2021-01-30,0.80701622168236,286.465703497643,231.182469678247
2021-01-31,0.784356123160192,274.040685032685,214.9454893004
2021-02-01,0.754084014316655,254.712878531639,192.074909941289
2021-02-02,0.721659927852424,238.146187245028,171.860560305577
2021-02-03,0.667069357132821,222.269774762026,148.269355760562
2021-02-04,0.577162688459029,208.464198689851,120.317757363292
2021-02-05,0.466773078069419,196.729459028502,91.8280151376653
2021-02-06,0.363688662485003,183.614161759935,66.7783889037757
2021-02-07,0.287190966632469,167.047470473324,47.9745245187428
2021-02-08,0.20861953806104,147.02938516867,30.6732024152866
2021-02-09,0.142521457037586,133.914087900103,19.085630925382
2021-02-10,0.0872219178670792,118.72795422071,10.3556798715651
2021-02-11,0.0460131266582879,102.851541737708,4.73252101697734
2021-02-12,0.0222036028487641,89.7362444691411,1.99246793333242
2021-02-13,0.00921658986175115,77.3112260041831,0.712545861789706
2021-02-14,0,61.4348135211812,0
2021-02-15,0,43.487564627353,0
2021-02-16,0,34.5139401804389,0
2021-02-17,0,25.5403157335248,0
2021-02-18,0,18.637527697437,0
2021-02-19,0,11.7347396613492,0
2021-02-20,0,4.14167282165267,0
2021-02-21,0,2.07083641082633,0
2021-02-22,0,1.38055760721756,0
2021-02-23,0,0,0
2021-02-24,0,0,0
2021-02-25,0,0,0
2021-02-26,0,0,0
2021-02-27,0,0,0
2021-02-28,0,0,0
2021-03-01,0,0,0
2021-03-02,0,0,0
2021-03-03,0,0,0
2021-03-04,0,0,0
2021-03-05,0,0,0
2021-03-06,0,0,0
2021-03-07,0,0,0
2021-03-08,0,0,0
2021-03-09,0,0,0
2021-03-10,0,0,0
2021-03-11,0,0,0
2021-03-12,0,0,0
2021-03-13,0,0,0
2021-03-14,0,0,0
2021-03-15,0,0,0
2021-03-16,0,0,0
2021-03-17,0,0,0
2021-03-18,0.142857142857143,0,0
2021-03-19,0.285714285714286,0,0
2021-03-20,0.428571428571429,0,0
2021-03-21,0.428571428571429,0,0
2021-03-22,0.428571428571429,0.690278803608778,0.29583377297519
2021-03-23,0.428571428571429,0.690278803608778,0.29583377297519
2021-03-24,0.428571428571429,0.690278803608778,0.29583377297519
2021-03-25,0.285714285714286,0.690278803608778,0.197222515316794
2021-03-26,0.142857142857143,0.690278803608778,0.0986112576583968
2021-03-27,0,0.690278803608778,0
2021-03-28,0,0.690278803608778,0
2021-03-29,0,0.690278803608778,0
2021-03-30,0,0.690278803608778,0
2021-03-31,0,0.690278803608778,0
2021-04-01,0,0.690278803608778,0
2021-04-02,0,0.690278803608778,0
2021-04-03,0,0.690278803608778,0
2021-04-04,0,0.690278803608778,0
2021-04-05,0,0,0
2021-04-06,0,0,0
2021-04-07,0,0,0
2021-04-08,0,0,0
2021-04-09,0,0,0
2021-04-10,0,0,0
2021-04-11,0,0,0
2021-04-12,0,0,0
2021-04-13,0,0,0
2021-04-14,0,0,0
2021-04-15,0,0,0
2021-04-16,0,0,0
2021-04-17,0,0,0
2021-04-18,0,0,0
2021-04-19,0,0,0
2021-04-20,0,0,0
2021-04-21,0,0,0
2021-04-22,0,0,0
2021-04-23,0,0,0
2021-04-24,0,0,0
2021-04-25,0,0,0
2021-04-26,0,0,0
2021-04-27,0,0,0
2021-04-28,0,0,0
2021-04-29,0,0,0
2021-04-30,0,0,0
2021-05-01,0,0,0
2021-05-02,0,0,0
2021-05-03,0,0,0
2021-05-04,0,0,0
