"fecha","rho7dpromedio","incidenciaAcum14d","riesgopor10"
2020-01-01,0,0,0
2020-01-02,0,0,0
2020-01-03,0,0,0
2020-01-04,0,0,0
2020-01-05,0,0,0
2020-01-06,0,0,0
2020-01-07,0,0,0
2020-01-08,0,0,0
2020-01-09,0,0,0
2020-01-10,0,0,0
2020-01-11,0.142857142857143,0,0
2020-01-12,0.285714285714286,0,0
2020-01-13,0.428571428571429,0,0
2020-01-14,0.571428571428571,0,0
2020-01-15,0.714285714285714,0.216063453515028,0.15433103822502
2020-01-16,0.857142857142857,0.216063453515028,0.185197245870024
2020-01-17,0.857142857142857,0.216063453515028,0.185197245870024
2020-01-18,0.714285714285714,0.432126907030057,0.30866207645004
2020-01-19,0.571428571428571,0.432126907030057,0.246929661160032
2020-01-20,0.428571428571429,0.432126907030057,0.185197245870024
2020-01-21,0.428571428571429,0.432126907030057,0.185197245870024
2020-01-22,0.714285714285714,0.432126907030057,0.30866207645004
2020-01-23,1,0.432126907030057,0.432126907030057
2020-01-24,1.28571428571429,0.432126907030057,0.555591737610073
2020-01-25,1.28571428571429,0.648190360545085,0.833387606415109
2020-01-26,1.28571428571429,1.08031726757514,1.38897934402518
2020-01-27,1.28571428571429,1.08031726757514,1.38897934402518
2020-01-28,1.19047619047619,1.08031726757514,1.2860919852085
2020-01-29,0.833333333333333,0.864253814060113,0.720211511716761
2020-01-30,0.547619047619048,0.864253814060113,0.473281850556729
2020-01-31,0.261904761904762,0.864253814060113,0.226352189396696
2020-02-01,0.261904761904762,0.864253814060113,0.226352189396696
2020-02-02,0.261904761904762,0.864253814060113,0.226352189396696
2020-02-03,0.261904761904762,0.864253814060113,0.226352189396696
2020-02-04,0.214285714285714,0.864253814060113,0.185197245870024
2020-02-05,0.142857142857143,0.864253814060113,0.123464830580016
2020-02-06,0,0.864253814060113,0
2020-02-07,0,0.864253814060113,0
2020-02-08,0,0.648190360545085,0
2020-02-09,0,0.216063453515028,0
2020-02-10,0,0.216063453515028,0
2020-02-11,0,0.216063453515028,0
2020-02-12,0,0.216063453515028,0
2020-02-13,0,0.216063453515028,0
2020-02-14,0,0.216063453515028,0
2020-02-15,0,0,0
2020-02-16,0,0,0
2020-02-17,0,0,0
2020-02-18,0,0,0
2020-02-19,0,0,0
2020-02-20,0,0,0
2020-02-21,0,0,0
2020-02-22,0.142857142857143,0,0
2020-02-23,0.285714285714286,0,0
2020-02-24,0.428571428571429,0,0
2020-02-25,0.428571428571429,0,0
2020-02-26,0.428571428571429,0.216063453515028,0.0925986229350121
2020-02-27,0.428571428571429,0.216063453515028,0.0925986229350121
2020-02-28,0.428571428571429,0.216063453515028,0.0925986229350121
2020-02-29,0.285714285714286,0.216063453515028,0.0617324152900081
2020-03-01,0.142857142857143,0.216063453515028,0.030866207645004
2020-03-02,0,0.216063453515028,0
2020-03-03,0,0.216063453515028,0
2020-03-04,0.142857142857143,0.216063453515028,0.030866207645004
2020-03-05,0.285714285714286,0.216063453515028,0.0617324152900081
2020-03-06,0.428571428571429,0.216063453515028,0.0925986229350121
2020-03-07,0.428571428571429,0.216063453515028,0.0925986229350121
2020-03-08,0.428571428571429,0.432126907030057,0.185197245870024
2020-03-09,0.428571428571429,0.432126907030057,0.185197245870024
2020-03-10,0.571428571428571,0.432126907030057,0.246929661160032
2020-03-11,0.571428571428571,0.216063453515028,0.123464830580016
2020-03-12,0.714285714285714,0.216063453515028,0.15433103822502
2020-03-13,0.857142857142857,0.216063453515028,0.185197245870024
2020-03-14,1.28571428571429,0.432126907030057,0.555591737610073
2020-03-15,1.57142857142857,0.432126907030057,0.679056568190089
2020-03-16,2,0.648190360545085,1.29638072109017
2020-03-17,2.14285714285714,0.864253814060113,1.85197245870024
2020-03-18,2.28571428571429,1.08031726757514,2.46929661160032
2020-03-19,2.23809523809524,1.08031726757514,2.41785293219198
2020-03-20,2.23809523809524,1.5124441746052,3.38499410506878
2020-03-21,2,1.94457108163525,3.88914216327051
2020-03-22,1.78571428571429,1.72850762812023,3.0866207645004
2020-03-23,1.42857142857143,2.37669798866531,3.39528284095045
2020-03-24,1.2,2.59276144218034,3.11131373061641
2020-03-25,0.95,2.59276144218034,2.46312337007132
2020-03-26,0.747619047619048,2.80882489569537,2.09993099344844
2020-03-27,0.604761904761905,3.0248883492104,1.82933723976057
2020-03-28,0.628571428571429,2.80882489569537,1.76554707729423
2020-03-29,0.771428571428571,2.80882489569537,2.16680777667928
2020-03-30,1.12857142857143,2.80882489569537,3.16995952514191
2020-03-31,1.5,2.80882489569537,4.21323734354305
2020-04-01,1.67857142857143,2.80882489569537,4.71481321777437
2020-04-02,1.73809523809524,3.0248883492104,5.25754403553236
2020-04-03,1.69047619047619,2.80882489569537,4.74825160938979
2020-04-04,1.52380952380952,2.59276144218034,3.95087457856052
2020-04-05,1.4047619047619,2.80882489569537,3.94573021061968
2020-04-06,1.07142857142857,2.16063453515028,2.3149655733753
2020-04-07,0.785714285714286,2.16063453515028,1.69764142047522
2020-04-08,0.785714285714286,2.16063453515028,1.69764142047522
2020-04-09,1.26190476190476,2.16063453515028,2.72651500864202
2020-04-10,1.45238095238095,2.16063453515028,3.13806444390874
2020-04-11,1.76190476190476,2.16063453515028,3.80683227621717
2020-04-12,2.0952380952381,2.59276144218034,5.43245254552071
2020-04-13,2.33333333333333,2.80882489569537,6.55392475662252
2020-04-14,2.4047619047619,2.59276144218034,6.23497394429082
2020-04-15,2.44047619047619,3.0248883492104,7.3821679950968
2020-04-16,2.12619047619048,3.45701525624045,7.35027291386363
2020-04-17,2.12619047619048,3.45701525624045,7.35027291386363
2020-04-18,1.95272108843537,3.67307870975548,7.17249825602252
2020-04-19,1.71462585034014,4.32126907030057,7.40935965421264
2020-04-20,1.44251700680272,4.96945943084565,7.16852974361102
2020-04-21,1.3234693877551,5.83371324490576,7.72074089657426
2020-04-22,1.18061224489796,6.04977669842079,7.14244044905394
2020-04-23,1.09807256235828,6.26584015193582,6.88034715096354
2020-04-24,1.00878684807256,6.04977669842079,6.10293516714274
2020-04-25,1.20606575963719,6.91403051248091,8.33877546218998
2020-04-26,1.20606575963719,7.56222087302599,9.12053566177029
2020-04-27,1.31944444444444,7.56222087302599,9.97793031857596
2020-04-28,1.3800505050505,8.4264746870861,11.6289606477085
2020-04-29,1.46771284271284,8.21041123357107,12.0505260114661
2020-04-30,1.56096681096681,7.99434778005605,12.4789115599937
2020-05-01,1.77525252525253,9.29072850114622,16.4933892330954
2020-05-02,1.68001443001443,9.50679195466125,15.971547666976
2020-05-03,1.72763347763348,9.72285540817627,16.797530501355
2020-05-04,1.66731601731602,10.5871092222364,17.6520567833088
2020-05-05,1.64480519480519,11.8834899433266,19.5460259911988
2020-05-06,1.53695652173913,12.5316803038716,19.2606477713853
2020-05-07,1.3859824957651,13.1798706644167,18.2670700373296
2020-05-08,1.09669678147939,13.8280610249618,15.1651900201762
2020-05-09,1.03717297195558,14.2601879319919,14.7902814980691
2020-05-10,1.03377161141136,14.2601879319919,14.7417774574841
2020-05-11,1.22560834610524,15.340505199567,18.8014512060602
2020-05-12,1.44941786991476,15.556568653082,22.547968600333
2020-05-13,1.74901597002437,16.6368859206572,29.0981791667031
2020-05-14,2.00055390577284,18.5814570022924,37.1732063808861
2020-05-15,2.14620607968588,19.6617742698676,42.1982194754012
2020-05-16,2.16287274635255,23.7669798866531,51.4049530599511
2020-05-17,2.1059566465793,25.2794240612583,53.2373711235037
2020-05-18,1.96753606095375,27.0079316893785,53.1390795306278
2020-05-19,1.75325034666803,28.0882489569537,49.2457322210771
2020-05-20,1.51287512681265,31.5452642131941,47.7240455968746
2020-05-21,1.29851569883093,34.7862160159195,45.1704475995955
2020-05-22,1.20745536165258,37.1629140045849,44.8725597694698
2020-05-23,1.18682044101766,39.1074850862201,46.4135626971194
2020-05-24,1.23353245915825,41.2681196213704,50.9055650813859
2020-05-25,1.28011631008993,45.1572617846409,57.8065473295194
2020-05-26,1.31388254385616,50.3427846690016,66.1445059857108
2020-05-27,1.31884185821891,55.3122440998472,72.9481027909007
2020-05-28,1.31954213833096,56.8246882744524,74.9825706756611
2020-05-29,1.31606347413801,58.1210689955426,76.4910159828887
2020-05-30,1.33626549434003,60.2817035306929,80.5523603681004
2020-05-31,1.3701790597662,62.6584015193582,85.8532296802472
2020-06-01,1.38877005780925,67.1957340431738,93.3194234516736
2020-06-02,1.39895986799906,71.0848762064443,99.444889034497
2020-06-03,1.43061685056769,75.8382721837749,108.495510104047
2020-06-04,1.43529372131598,81.6719854286807,117.223287893196
2020-06-05,1.41606208187529,85.1290006849212,120.547949937852
2020-06-06,1.35250938807049,90.9627139298269,123.027924554461
2020-06-07,1.29698717918694,97.8767444423078,126.94488268223
2020-06-08,1.30540698546561,100.253442430973,130.871544066367
2020-06-09,1.35516522722386,104.574711501274,141.716012673493
2020-06-10,1.41154701747661,111.920868920785,157.981568718525
2020-06-11,1.46399702432499,120.131280154356,175.871836674329
2020-06-12,1.50848911759757,133.743277725802,201.750279001203
2020-06-13,1.49735033372581,141.953688959374,212.554403536928
2020-06-14,1.44560789762094,152.10867127458,219.88949649116
2020-06-15,1.33811874811498,161.831526682756,216.549799890266
2020-06-16,1.24569728722293,172.418635904993,214.781427013528
2020-06-17,1.1621974537231,178.900539510443,207.917751488726
2020-06-18,1.13190673431851,182.573618220199,206.65630797234
2020-06-19,1.12718998987574,191.432219814315,215.780481914388
2020-06-20,1.16097551360286,201.371138676006,233.786961149169
2020-06-21,1.1802403846907,211.958247898243,250.161684037789
2020-06-22,1.20385598477689,229.243324179445,275.975947783573
2020-06-23,1.19399173138322,236.805545052471,282.743862738348
2020-06-24,1.16041832280981,242.855321750892,281.813765151608
2020-06-25,1.0952586160202,250.201479170403,274.035325802383
2020-06-26,1.03321505310116,254.090621333673,262.530254813779
2020-06-27,0.991839113380801,259.060080764519,256.945920817839
2020-06-28,0.984556093312742,257.115509682884,253.144641743494
2020-06-29,1.02363227714596,257.763700043429,263.855243241023
2020-06-30,1.08322411388065,261.220715299669,282.960577857754
2020-07-01,1.14613157637828,274.184522510571,314.251539003566
2020-07-02,1.17209684833181,280.018235755477,328.208491604428
2020-07-03,1.20032736250544,291.685662245288,350.11828164354
2020-07-04,1.19166284626331,295.790867862074,352.482987495213
2020-07-05,1.18997527313775,293.198106419893,348.898496770485
2020-07-06,1.15938932084019,294.710550594499,341.684265098194
2020-07-07,1.13703133305909,309.402865433521,351.800752536178
2020-07-08,1.1143753735567,309.834992340551,345.272485330438
2020-07-09,1.14154201257003,316.100832492486,360.842380498534
2020-07-10,1.17639876646873,327.984322435813,385.840352334572
2020-07-11,1.22499878526042,330.361020424478,404.69184871738
2020-07-12,1.24355821238182,349.590667787316,434.736345898962
2020-07-13,1.23800915731676,371.197013138819,459.545301434487
2020-07-14,1.22076226204875,384.809010710265,469.760318371405
2020-07-15,1.20126365480641,392.587295036806,471.600848866476
2020-07-16,1.19511751218878,404.254721526618,483.131897081461
2020-07-17,1.185048504052,408.575990596918,484.182366448444
2020-07-18,1.16681719048973,424.996813064061,495.893587386496
2020-07-19,1.14508511342485,443.146143159323,507.44005160338
2020-07-20,1.12613801845783,467.777376860036,526.781888256565
2020-07-21,1.09844455359635,479.660866803363,526.880866713459
2020-07-22,1.07463502978683,489.383722211539,525.908890895986
2020-07-23,1.04867721255084,502.131465968926,526.573826066358
2020-07-24,1.02301400873978,506.452735039226,518.108242709706
2020-07-25,1.01573831766665,520.496859517703,528.688604437289
2020-07-26,1.00609327360658,524.169938227459,527.363849077421
2020-07-27,1.01509639098256,533.028539821575,541.075347063584
2020-07-28,1.0486903480459,538.862253066481,565.099643717088
2020-07-29,1.09044922026949,542.751395229751,591.842835728461
2020-07-30,1.11941148442044,547.504791207082,612.88315105242
2020-07-31,1.12100399489298,555.931265894168,623.201169953272
2020-08-01,1.10844432140873,576.457293978096,638.970814044662
2020-08-02,1.0870150307009,581.642816862456,632.254484428702
2020-08-03,1.06569053760091,579.914309234336,618.009191970399
2020-08-04,1.02487155686777,575.37697671052,589.687497907179
2020-08-05,0.995154733753772,587.260466653847,584.415033337025
2020-08-06,0.95094056532778,587.692593560877,558.86072715973
2020-08-07,0.918502128698516,596.983322062023,548.33045211148
2020-08-08,0.880493856166806,600.872464225294,529.06451309018
2020-08-09,0.878552465023158,597.847575876083,525.240461494053
2020-08-10,0.882567844172364,588.340783921422,519.250657304208
2020-08-11,0.90442561976388,583.371324490576,527.615971704865
2020-08-12,0.917050237320952,579.050055420276,531.017990743875
2020-08-13,0.941870086615782,581.858880315971,548.035474001366
2020-08-14,0.97168513763619,579.482182327306,563.074224092428
2020-08-15,1.0076051656926,554.418821719563,558.635268721836
2020-08-16,1.04796387600742,549.233298835202,575.57665667968
2020-08-17,1.07645463955642,542.535331776236,584.014675013809
2020-08-18,1.0891929009751,545.128093218416,593.749649255592
2020-08-19,1.08858905092444,543.183522136781,591.303634840674
2020-08-20,1.09129662306765,550.529679556292,600.791180198298
2020-08-21,1.08779511253882,540.374697241086,587.816954598496
2020-08-22,1.08805295209489,539.942570334056,587.486107613671
2020-08-23,1.07961758723111,552.258187184412,596.227651576662
2020-08-24,1.07427367095632,559.388281150408,600.936102281394
2020-08-25,1.05543956991778,570.839644186705,602.486748552436
2020-08-26,1.0363015848207,579.266118873791,600.294397021844
2020-08-27,1.01083203982477,584.019514851121,590.345637494432
2020-08-28,1.00165027217013,592.229926084693,593.207266650027
2020-08-29,0.987331732291501,592.445989538208,584.940725139911
2020-08-30,0.97946932400071,595.903004794448,583.66871327601
2020-08-31,0.968884745702743,598.063639329598,579.454737105915
2020-09-01,0.979714576237007,607.57043128426,595.245607619794
2020-09-02,0.983051724588898,606.706177470199,596.423554080818
2020-09-03,0.983751145393243,599.143956597173,589.408553557909
2020-09-04,0.970772196476578,607.57043128426,589.812482092043
2020-09-05,0.964001105423746,606.274050563169,584.448854932627
2020-09-06,0.948482397940753,599.143956597173,568.277496664997
2020-09-07,0.932012614671084,595.254814433903,554.784995996093
2020-09-08,0.913913459615407,587.260466653847,536.705244774976
2020-09-09,0.909383783476898,580.994626501911,528.347091628055
2020-09-10,0.903287792356277,574.728786349975,519.145496625672
2020-09-11,0.892111254995833,564.141677127739,503.277139577881
2020-09-12,0.869318691886375,563.277423313679,489.667592804175
2020-09-13,0.841373370707971,557.227646615258,468.83650328435
2020-09-14,0.817890106416559,543.831712497326,444.794577207137
2020-09-15,0.802841580168372,523.089620959884,419.958097861108
2020-09-16,0.810163698204776,510.774004109527,413.810556116236
2020-09-17,0.830367659406029,492.840737467779,409.239009631061
2020-09-18,0.865578057356077,476.419915000637,412.378624511999
2020-09-19,0.888899070343522,466.913123045976,415.038641006759
2020-09-20,0.911001028535706,458.91877526592,418.0754762816
2020-09-21,0.914874590539124,444.658587333928,406.806843016833
2020-09-22,0.932235056055771,433.207224297632,403.850961026868
2020-09-23,0.942483892432427,413.761513481279,389.963561764568
2020-09-24,0.975246872206276,400.365579363347,390.455279013158
2020-09-25,0.984276914878077,390.426660501656,384.28794888472
2020-09-26,1.00987868777596,386.753581791901,390.574199672658
2020-09-27,1.01743655770317,382.00018581457,388.660954097147
2020-09-28,1.0357581720632,380.487741639965,394.093287773465
2020-09-29,1.01954092211101,371.197013138819,378.450545060403
2020-09-30,0.989372415738695,370.332759324759,366.397016720313
2020-10-01,0.929605535169509,377.030726383724,350.489850175291
2020-10-02,0.880347991661308,370.764886231789,326.402122972688
2020-10-03,0.832342748767886,363.202665358763,302.309104844535
2020-10-04,0.822434833547171,351.535238868951,289.114825665151
2020-10-05,0.832943026972325,344.62120835647,287.049832447298
2020-10-06,0.853810399884496,338.139304751019,288.706855006133
2020-10-07,0.881942011900779,339.219622018594,299.172035919301
2020-10-08,0.916195607445811,337.058987483444,308.811963782464
2020-10-09,0.95532457862191,331.225274238538,316.427645540858
2020-10-10,0.978932050627959,317.397213213577,310.710304794766
2020-10-11,0.995662704651754,311.563499968671,310.212157049573
2020-10-12,0.986540414910285,305.297659816735,301.188479986741
2020-10-13,0.965533014576076,304.21734254916,293.731887837813
2020-10-14,0.915654405888785,293.198106419893,268.468137941624
2020-10-15,0.866797964997146,287.364393174988,249.086871216719
2020-10-16,0.827728613174406,281.962806837112,233.388683070046
2020-10-17,0.810176913353162,272.456014882451,220.737573161967
2020-10-18,0.783962242028932,266.83836509106,209.191202956122
2020-10-19,0.778470410259728,261.436778753184,203.520796412973
2020-10-20,0.787117937067061,257.979763496944,203.060499248763
2020-10-21,0.819714308949147,250.849669530948,205.625063509683
2020-10-22,0.843069155121902,239.830433401681,202.193640860475
2020-10-23,0.868860588231413,233.780656703261,203.122798900321
2020-10-24,0.891827075838099,227.946943458355,203.289256030697
2020-10-25,0.937093314721359,220.168659131814,206.318578583588
2020-10-26,0.965508615267807,209.149423002547,201.93556978725
2020-10-27,0.985127512550477,200.722948315461,197.737698785808
2020-10-28,1.00090604618615,197.698059966251,197.877183539493
2020-10-29,1.02376118251436,191.000092907285,195.538480975115
2020-10-30,1.0260377089519,189.271585279165,194.199783729529
2020-10-31,1.00434145648642,185.814570022924,186.621275893222
2020-11-01,0.977886430031393,187.975204558075,183.818401719716
2020-11-02,0.958258290758294,186.030633476439,178.265396863815
2020-11-03,0.953300430304148,178.900539510443,170.54596129695
2020-11-04,0.93605536802803,178.468412603413,167.056315640866
2020-11-05,0.920103553776318,181.493300952624,166.992631193104
2020-11-06,0.907558207769063,178.684476056928,162.16656284638
2020-11-07,0.906315402954829,179.548729870988,162.727779463053
2020-11-08,0.895432407041893,175.227460800688,156.904347004599
2020-11-09,0.878791195057351,172.418635904993,151.519979097107
2020-11-10,0.858222532020448,172.418635904993,147.973558273894
2020-11-11,0.85495768092951,169.177684102267,144.6397604651
2020-11-12,0.849394076177264,164.208224671422,139.477493295491
2020-11-13,0.854262230335479,157.294194158941,134.370489121039
2020-11-14,0.880677196321874,157.078130705426,138.335127753135
2020-11-15,0.92829854348929,152.54079818161,141.603400774682
2020-11-16,0.976572541707045,146.491021483189,143.059109187099
2020-11-17,1.01901736343879,147.139211843734,149.937411711464
2020-11-18,1.03418697643449,144.114323494524,149.041156475704
2020-11-19,1.05269560652512,141.953688959374,149.434024697566
2020-11-20,1.05383952162414,142.385815866404,150.051800078713
2020-11-21,1.04111153727971,137.848483342588,143.515646404479
2020-11-22,1.00299292377541,136.119975714468,136.527372426091
2020-11-23,0.973746579568433,137.416356435558,133.808707055881
2020-11-24,0.935469153068951,135.039658446893,126.325434918035
2020-11-25,0.899903269676981,135.039658446893,121.522630172421
2020-11-26,0.859227151901626,133.959341179318,115.101503192123
2020-11-27,0.824005259180124,133.959341179318,110.383201648062
2020-11-28,0.795352291143594,131.798706644167,104.826403299201
2020-11-29,0.765350581644477,127.261374120352,97.3995667038865
2020-11-30,0.756855549773461,128.341691387927,97.1361213942652
2020-12-01,0.762968958592138,121.859787782476,92.9752353786546
2020-12-02,0.803710825420961,118.618835979751,95.3352425757589
2020-12-03,0.841858392139957,113.217249641875,95.3128917460168
2020-12-04,0.908149377182782,108.679917118059,98.6975990430418
2020-12-05,0.974605959815835,107.599599850484,104.867211288081
2020-12-06,1.05497534262116,104.790774954789,110.551683711465
2020-12-07,1.13790283179864,99.8213155239431,113.586957608561
2020-12-08,1.2156261289097,96.7964271747327,117.66826605871
2020-12-09,1.27713684820443,97.0124906282477,123.898226517422
2020-12-10,1.31893433643049,96.1482368141876,126.813210921482
2020-12-11,1.32550563583633,98.7409982563679,130.88174967692
2020-12-12,1.31239899783229,100.685569338003,132.139640295369
2020-12-13,1.30422791330652,103.278330780184,134.69848184322
2020-12-14,1.28196626023092,105.871092222364,135.723168162866
2020-12-15,1.27589408812821,110.408424746179,140.869456413199
2020-12-16,1.27586045093893,115.16182072351,146.930412519246
2020-12-17,1.28671774433047,122.291914689506,157.355176619136
2020-12-18,1.31289450535746,128.557754841442,168.782769952421
2020-12-19,1.34647749958447,135.687848807438,182.700635386234
2020-12-20,1.37482217078628,144.330386948039,198.428615894327
2020-12-21,1.38842011914555,151.67654436755,210.590765802379
2020-12-22,1.40166844842441,162.695780496816,228.045542214171
2020-12-23,1.41127803792418,171.770445544447,242.41585736133
2020-12-24,1.44743920226538,183.653935487774,265.827905875322
2020-12-25,1.44431974108141,192.51253708189,278.04965771304
2020-12-26,1.43150397718526,206.988788467397,296.305273923838
2020-12-27,1.37126811813576,224.273864748599,307.539600460846
2020-12-28,1.30976815371366,243.503512111437,318.933145480989
2020-12-29,1.22961524576784,255.170938601248,313.762076380984
2020-12-30,1.17743816698526,266.40623818403,313.676872760842
2020-12-31,1.13354964383406,272.888141789481,309.332255932004
2021-01-01,1.15224229139269,285.419822093352,328.872789817737
2021-01-02,1.17644920334914,300.112136932374,353.066684409498
2021-01-03,1.20927291410737,316.532959399516,382.774734224082
2021-01-04,1.20814053235791,337.707177843989,407.997729621526
2021-01-05,1.19098830455466,348.294287066226,414.81442243908
2021-01-06,1.14557204281187,363.202665358763,416.074819309755
2021-01-07,1.07882814948214,371.845203499364,401.157072785028
2021-01-08,0.985709927497937,372.493393859909,367.170436255111
2021-01-09,0.915878741699848,376.382536023179,344.720763490707
2021-01-10,0.885331706317648,376.814662930209,333.605968497511
2021-01-11,0.89595166858827,371.845203499364,333.1553305318
2021-01-12,0.914973183196578,376.598599476694,344.577619350564
2021-01-13,0.941359413720973,381.56805890754,359.192684227852
2021-01-14,0.966311276988883,386.321454884871,373.306778398002
2021-01-15,0.984993711872435,386.321454884871,380.524203823008
2021-01-16,0.990621069027005,382.00018581457,378.417432440144
2021-01-17,0.974750720887749,376.166472569664,366.668540311082
2021-01-18,0.958516401072867,369.468505510698,354.141622211885
2021-01-19,0.943263846226201,363.634792265793,343.003552774297
2021-01-20,0.926722270524676,355.856507939252,329.780151018446
2021-01-21,0.90441948103157,346.133652531075,313.050018389717
2021-01-22,0.894618487287524,350.887048508406,313.910040545374
2021-01-23,0.88653989568139,344.405144902955,305.3289012344
2021-01-24,0.888562927116186,337.275050936959,299.690106503805
2021-01-25,0.891748147692711,335.762606762354,299.415682644805
2021-01-26,0.8916385137078,328.416449342843,292.828754769245
2021-01-27,0.895099064823286,323.879116819027,289.903894580503
2021-01-28,0.889550313930874,317.829340120607,282.725189280728
2021-01-29,0.891318223440719,313.292007596791,279.242875629348
2021-01-30,0.883703786821,302.92096182807,267.692401074925
2021-01-31,0.893110018449454,296.871185129649,265.138629628252
2021-02-01,0.894516396083041,287.364393174988,257.05216134548
2021-02-02,0.915711365403704,281.746743383597,257.998695081841
2021-02-03,0.925157231101089,275.048776324631,254.463364322238
2021-02-04,0.946646446942464,272.456014882451,257.919518436575
2021-02-05,0.955477615773633,264.029540195365,252.274315559676
2021-02-06,0.964971554194072,261.220715299669,252.070559630409
2021-02-07,0.956950521375709,259.708271125064,248.527965458714
2021-02-08,0.939496604325018,251.929986798523,236.687367124859
2021-02-09,0.932878894479574,251.281796437978,234.415484463902
2021-02-10,0.931583075563375,243.719575564952,227.045031779798
2021-02-11,0.957770055494848,239.614369948166,229.495468402618
2021-02-12,0.980705835311362,233.348529796231,228.846264832491
2021-02-13,1.02853093550069,238.966179587621,245.784108244282
2021-02-14,1.0584129444284,233.996720156776,247.66515756772
2021-02-15,1.1028627513782,237.021608505986,261.402303292999
2021-02-16,1.12087933301086,237.885862320046,266.641346690006
2021-02-17,1.14343498410701,235.509164331381,269.289417574307
2021-02-18,1.13621595171491,239.614369948166,272.253669395225
2021-02-19,1.12965510131681,241.558941029802,272.878290003001
2021-02-20,1.08787241809426,243.503512111437,264.900754535114
2021-02-21,1.04126129501255,246.744463914162,256.925460032438
2021-02-22,0.994908034373576,250.417542623918,249.142425104623
2021-02-23,0.960981863098614,252.362113705553,242.515414204267
2021-02-24,0.942596609745739,252.578177159068,238.079333485896
2021-02-25,0.949562920424085,251.065732984463,238.40271063114
2021-02-26,1.00752541828428,257.547636589914,259.485790283381
2021-02-27,1.07348246777074,254.090621333673,272.761827226673
2021-02-28,1.13950864432323,261.004651846154,297.417056987269
2021-03-01,1.15449845195697,264.029540195365,304.821695426458
2021-03-02,1.1576351002549,272.023887975421,314.904400828155
2021-03-03,1.12561165257796,275.913030138691,310.570921822205
2021-03-04,1.0867079789518,272.456014882451,296.080125286169
2021-03-05,1.02166605069472,270.72750725433,276.593103150958
2021-03-06,1.0061831667781,269.43112653324,271.097064123807
2021-03-07,1.01013053519915,266.190174730515,268.886823665292
2021-03-08,1.06182755361993,270.943570707845,287.695348853761
2021-03-09,1.10062090312757,275.696966685176,303.437844462569
2021-03-10,1.14524872210082,283.907377918747,325.144561756438
2021-03-11,1.15850158422127,291.037471884743,337.167372246229
2021-03-12,1.15102592141449,295.142677501529,339.716872319936
2021-03-13,1.10020495045582,301.840644560495,332.086571394233
2021-03-14,1.05018581096723,302.92096182807,318.123295956385
2021-03-15,0.984291204634619,302.05670801401,297.311760999077
2021-03-16,0.925797429766182,297.951502397224,275.842735114322
2021-03-17,0.860536829378481,299.680010025344,257.885685655321
2021-03-18,0.791512574309041,303.3530887351,240.107784189318
2021-03-19,0.699568097634089,302.05670801401,211.309236602976
2021-03-20,0.588534828605084,296.006931315589,174.210388587737
2021-03-21,0.467664580948685,290.605344977713,135.90582688045
2021-03-22,0.379781974136354,272.888141789481,103.63799720721
2021-03-23,0.326202659553209,252.578177159068,82.3916731343896
2021-03-24,0.275090990205989,230.539704900535,63.4193957028848
2021-03-25,0.228049041271864,210.445803723638,47.9919637788624
