"fecha","rho7dpromedio","incidenciaAcum14d","riesgopor10"
2020-02-24,2.75,0.133759580529955,0.367838846457378
2020-03-01,2.8,0.267519161059911,0.749053650967751
2020-03-02,2.58333333333333,0.401278741589866,1.03663674910715
2020-03-03,2.4047619047619,0.535038322119822,1.28663977462148
2020-03-04,2.35714285714286,0.668797902649777,1.57645219910305
2020-03-07,2.26190476190476,0.802557483179733,1.81530859290654
2020-03-08,2.21428571428571,0.936317063709688,2.07327349821431
2020-03-09,2.11904761904762,1.2038362247696,2.55098628582129
2020-03-10,2.01190476190476,1.47135538582951,2.96022690720461
2020-03-11,2.0547619047619,1.87263412741938,3.84781726657838
2020-03-13,2.06836734693878,2.27391286900924,4.70328712804259
2020-03-14,1.97312925170068,2.4076724495392,4.75064893869962
2020-03-15,1.88469387755102,3.07647035218898,5.79820483723779
2020-03-16,1.80532879818594,3.47774909377884,6.278480591864
2020-03-17,1.80532879818594,3.6115086743088,6.519960614628
2020-03-18,1.76961451247166,3.87902783536871,6.86438395174998
2020-03-19,1.81604308390023,4.68158531854844,8.50196063943874
2020-03-20,1.80243764172336,5.75166196278809,10.3670120241977
2020-03-21,1.79491884473087,6.28670028490791,11.2841168125562
2020-03-22,1.69287802840434,6.95549818755768,11.7748100583226
2020-03-23,1.54129072681704,7.62429609020746,11.7512568623442
2020-03-24,1.36762125902993,7.89181525126737,10.7930143099699
2020-03-25,1.21583554474421,8.69437273444711,10.5709274097957
2020-03-26,1.05512125902993,9.49693021762684,10.0204129681418
2020-03-27,1.02791037467619,9.63068979815679,9.89948595881347
2020-03-28,1.1374699879952,10.2994877008066,11.7153581513931
2020-03-29,1.27280833385986,10.2994877008066,13.1092737800737
2020-03-30,1.61804642909796,10.8345260229264,17.5307661423649
2020-03-31,1.90282700799618,12.1721218282259,23.1614421593682
2020-04-01,2.16770796037713,14.0447559556453,30.4449292866065
2020-04-02,2.2827873254565,14.1785155361753,32.366535559769
2020-04-03,2.41295831277034,16.5861879857145,40.0217801773013
2020-04-04,2.39608233160865,18.7263412741938,44.8698554627694
2020-04-05,2.36023378166235,20.4652158210832,48.3026937299314
2020-04-06,2.06968651798076,23.0066478511523,47.616548881461
2020-04-07,1.85601130430555,26.7519161059911,49.6518587045531
2020-04-08,1.64329200605993,29.1595885555303,47.9177187732996
2020-04-09,1.56263604889795,32.904856810369,51.4183154357079
2020-04-10,1.41957569531128,36.7838846457377,52.2175086222232
2020-04-11,1.35375609824169,40.6629124811065,55.0476657435658
2020-04-12,1.25562684654101,44.1406615748853,55.424199697507
2020-04-13,1.22986819391668,48.153448990784,59.2223953411545
2020-04-14,1.19049979532498,50.8286406013831,60.5114862325936
2020-04-15,1.20155242690393,53.905110953572,64.76981688879
2020-04-16,1.206447498672,57.3828600473509,69.2294079707718
2020-04-17,1.21779662620782,60.4593303995399,73.6271685833434
2020-04-18,1.18808272451811,64.8733965570284,77.0749617302181
2020-04-19,1.14841990286771,66.8797902649777,76.8060822399186
2020-04-20,1.06679621254837,70.3575393587566,75.0571565121442
2020-04-21,0.988447795581525,70.7588181003464,69.9413977692416
2020-04-22,0.927019224152954,71.1600968419363,65.9667777650609
2020-04-23,0.919998881113465,71.1600968419363,65.4672094745072
2020-04-24,0.99872643041826,70.4912989392865,70.4015233651801
2020-04-25,1.13827442531972,71.8288947445861,81.7609938867445
2020-04-26,1.25449878067451,73.1664905498856,91.7872731810647
2020-04-27,1.33764141988122,75.5741629994248,101.091130700886
2020-04-28,1.36035394894612,81.192065381683,110.449946765064
2020-04-29,1.31875731029066,82.5296611869825,108.836594006144
2020-04-30,1.22899708266305,84.134776153342,103.401394442966
2020-05-01,1.06585539034256,83.8672569922821,89.3903679384683
2020-05-02,0.894017328876835,81.9946228648627,73.304613715908
2020-05-03,0.763856444984608,80.6570270595631,61.6103899527452
2020-05-04,0.689272664103835,79.5869504153235,54.8571093406698
2020-05-05,0.668327479507825,78.2493546100239,52.2961939396313
2020-05-06,0.727936540523535,78.7843929321438,57.3500384382716
2020-05-07,0.800957330232195,77.4467971268442,62.0315798617516
2020-05-08,0.940453128551523,76.7779992241944,72.20610957432
2020-05-09,1.0588433561285,75.5741629994248,80.0212003869131
2020-05-10,1.22403897272988,75.4404034188949,92.3419939031915
2020-05-11,1.32452083214031,72.8989713888257,96.5562062460998
2020-05-12,1.38827250103216,70.0900201976967,97.3040476372511
2020-05-13,1.34307292474057,68.4849052313372,91.9802219696331
2020-05-14,1.29151872545113,70.7588181003464,91.3863385673877
2020-05-15,1.16376580610157,69.9562606171667,81.4127040289886
2020-05-16,1.0640582847073,69.2874627145169,73.72589872773
2020-05-17,0.920489229178114,68.8861839729271,63.4089903862614
2020-05-18,0.8803207808464,68.3511456508072,60.1709339110647
2020-05-19,0.855132810921588,69.8225010366368,59.7075115770347
2020-05-20,0.886486631519595,71.2938564224663,63.2010506279938
2020-05-21,0.884066765935566,71.6951351640561,63.3832862778004
2020-05-22,0.924883092466178,73.9690480330654,68.4127218916008
2020-05-23,0.941340319449721,73.4340097109455,69.1263941597754
2020-05-24,0.983157046140397,71.0263372614063,69.8300439400959
2020-05-25,0.959833430980047,70.6250585198165,67.7882922322421
2020-05-26,0.954233223564958,69.5549818755768,66.3716745701339
2020-05-27,0.921495128326863,68.4849052313372,63.1085065346041
2020-05-28,0.941391975954803,64.7396369764984,60.9453747759025
2020-05-29,0.947885482448309,63.000762429609,59.7175080902013
2020-05-30,1.0116352824803,61.7969262048394,62.5159508976472
2020-05-31,1.06868476894156,61.6631666243095,65.8984869761048
2020-06-01,1.19439905465584,62.8670028490791,75.0882887719861
2020-06-02,1.2791385997769,63.000762429609,80.5867070390871
2020-06-03,1.37471683106941,63.2682815906689,86.9759715755318
2020-06-04,1.42922226343744,65.943473201268,94.2478800276426
2020-06-05,1.47223564103729,66.6122711039178,98.068959649626
2020-06-06,1.47983442523182,70.0900201976967,103.721624753745
2020-06-07,1.48347588181445,73.3002501304156,108.739153199438
2020-06-08,1.45651519149805,76.9117588047244,112.023145103915
2020-06-09,1.43305162859495,79.0519120932037,113.28547136871
2020-06-10,1.39799521081826,86.1411698612913,120.424942920367
2020-06-11,1.35710633618443,92.962908468319,126.160552112489
2020-06-12,1.30381627874269,100.185925816937,130.62404098103
2020-06-13,1.23545134411636,106.205106940785,131.211242122014
2020-06-14,1.17486544308928,109.147817712444,128.233999218958
2020-06-15,1.13514974856603,113.963162611522,129.365255384258
2020-06-16,1.13493750568943,119.31354583272,135.413418102349
2020-06-17,1.12983441138542,124.262650312329,140.396218372823
2020-06-18,1.11658648926576,130.816869758296,146.068349340152
2020-06-19,1.113500084316,137.504848784794,153.111660715727
2020-06-20,1.13557004346693,142.320193683873,161.614548527817
2020-06-21,1.14112559902248,141.785155361753,161.794670344676
2020-06-22,1.12970674576689,144.059068230762,162.744501169185
2020-06-23,1.09859282025102,149.81073019355,164.580992587197
2020-06-24,1.07312285183997,156.097430478458,167.511719759934
2020-06-25,1.04304122348993,156.364949639518,163.095088382944
2020-06-26,1.01232106233499,157.301266703228,159.239385415651
2020-06-27,0.961391074324031,159.441419991707,153.285558057576
2020-06-28,0.923501736198844,158.772622089057,146.626792160087
2020-06-29,0.888566266683935,158.505102927997,140.842287559083
2020-06-30,0.875188264040241,160.110217894357,140.126583654067
2020-07-01,0.872712040712,157.702545444817,137.628910260624
2020-07-02,0.894309169399433,154.091036770509,137.805027106131
2020-07-03,0.918969360524748,154.224796351039,141.727862479774
2020-07-04,0.944393966574738,150.88080683779,142.490923649537
2020-07-05,0.934074042091928,149.40945145196,139.55949024447
2020-07-06,0.903168889643766,151.41584515991,136.754080747548
2020-07-07,0.863813827230451,145.797942777651,125.942278953089
2020-07-08,0.814912728329352,137.237329623734,111.836446712312
2020-07-09,0.815138296045261,133.090782627306,108.487393770152
2020-07-10,0.814449141095021,127.472880245048,103.820177828487
