"fecha","rho7dpromedio","incidenciaAcum14d","riesgopor10"
2020-01-02,1,0.150589482529361,0.150589482529361
2020-01-03,1,0.150589482529361,0.150589482529361
2020-01-04,0.833333333333333,0.150589482529361,0.125491235441134
2020-01-05,0.714285714285714,0.301178965058722,0.215127832184802
2020-01-06,0.714285714285714,0.301178965058722,0.215127832184802
2020-01-07,0.714285714285714,0.301178965058722,0.215127832184802
2020-01-08,0.714285714285714,0.301178965058722,0.215127832184802
2020-01-09,0.571428571428571,0.301178965058722,0.172102265747841
2020-01-10,0.428571428571429,0.451768447588083,0.193615048966321
2020-01-11,0.571428571428571,0.451768447588083,0.258153398621762
2020-01-12,0.714285714285714,0.451768447588083,0.322691748277202
2020-01-13,0.714285714285714,0.451768447588083,0.322691748277202
2020-01-14,0.714285714285714,0.451768447588083,0.322691748277202
2020-01-15,0.714285714285714,0.602357930117445,0.430255664369603
2020-01-16,1,0.451768447588083,0.451768447588083
2020-01-17,1.14285714285714,0.451768447588083,0.516306797243524
2020-01-18,1.28571428571429,0.602357930117445,0.774460195865286
2020-01-19,1.28571428571429,0.451768447588083,0.580845146898964
2020-01-20,1.42857142857143,0.602357930117445,0.860511328739207
2020-01-21,1.35714285714286,0.602357930117445,0.817485762302246
2020-01-22,1.35714285714286,0.752947412646806,1.02185720287781
2020-01-23,1.14285714285714,0.752947412646806,0.860511328739207
2020-01-24,1.14285714285714,0.752947412646806,0.860511328739207
2020-01-25,1,0.752947412646806,0.752947412646806
2020-01-26,1.42857142857143,0.752947412646806,1.07563916092401
2020-01-27,1.71428571428571,0.903536895176167,1.54892039173057
2020-01-28,2.21428571428571,0.903536895176167,2.00068883931866
2020-01-29,2.35714285714286,0.903536895176167,2.12976553862954
2020-01-30,2.28571428571429,1.35530534276425,3.09784078346114
2020-01-31,2.14285714285714,1.65648430782297,3.54960923104923
2020-02-01,2,1.50589482529361,3.01178965058722
2020-02-02,1.42857142857143,1.50589482529361,2.15127832184802
2020-02-03,0.857142857142857,1.35530534276425,1.16169029379793
2020-02-04,0.285714285714286,1.35530534276425,0.387230097932643
2020-02-05,0,1.20471586023489,0
2020-02-06,0,1.20471586023489,0
2020-02-07,0,1.05412637770553,0
2020-02-08,0,1.05412637770553,0
2020-02-09,0,1.05412637770553,0
2020-02-10,0,0.903536895176167,0
2020-02-11,0,0.903536895176167,0
2020-02-12,0,0.752947412646806,0
2020-02-13,0,0.301178965058722,0
2020-02-14,0,0,0
2020-02-15,0,0,0
2020-02-16,0,0,0
2020-02-17,0.142857142857143,0,0
2020-02-18,0.285714285714286,0,0
2020-02-19,0.714285714285714,0,0
2020-02-20,1.28571428571429,0,0
2020-02-21,1.85714285714286,0.150589482529361,0.279666181840242
2020-02-22,2.42857142857143,0.150589482529361,0.365717314714163
2020-02-23,3,0.451768447588083,1.35530534276425
2020-02-24,3.04761904761905,0.903536895176167,2.75363625196546
2020-02-25,2.99047619047619,1.05412637770553,3.15233983428129
2020-02-26,2.60952380952381,1.35530534276425,3.53670156111814
2020-02-27,2.06190476190476,1.50589482529361,3.10501171120064
2020-02-28,1.49047619047619,1.65648430782297,2.46895042070757
2020-02-29,0.919047619047619,1.80707379035233,1.66078686446667
2020-03-01,0.347619047619048,1.80707379035233,0.628173269979621
2020-03-02,0.157142857142857,1.80707379035233,0.283968738483938
2020-03-03,0.0714285714285714,1.80707379035233,0.129076699310881
2020-03-04,0.166666666666667,1.80707379035233,0.301178965058722
2020-03-05,0.285714285714286,1.80707379035233,0.516306797243524
2020-03-06,0.428571428571429,1.65648430782297,0.709921846209846
2020-03-07,0.571428571428571,1.65648430782297,0.946562461613127
2020-03-08,0.714285714285714,1.50589482529361,1.07563916092401
2020-03-09,1,1.05412637770553,1.05412637770553
2020-03-10,1.14285714285714,0.903536895176167,1.03261359448705
2020-03-11,1.57142857142857,0.752947412646806,1.18320307701641
2020-03-12,2,0.602357930117445,1.20471586023489
2020-03-13,2.42857142857143,0.602357930117445,1.46286925885665
2020-03-14,2.71428571428571,0.451768447588083,1.22622864345337
2020-03-15,3.14285714285714,0.903536895176167,2.83968738483938
2020-03-16,3.14285714285714,1.35530534276425,4.25953107725907
2020-03-17,3.19047619047619,1.50589482529361,4.80452158546057
2020-03-18,2.76190476190476,1.80707379035233,4.9909657066874
2020-03-19,2.4047619047619,2.10825275541106,5.06984591182183
2020-03-20,2.09047619047619,2.7106106855285,5.66646709974768
2020-03-21,1.9297619047619,3.01178965058722,5.81203693285939
2020-03-22,1.5547619047619,3.01178965058722,4.68261581388918
2020-03-23,1.49353741496599,3.91532654576339,5.84768668790716
2020-03-24,1.43004535147392,4.21650551082211,6.02979410521534
2020-03-25,1.46179138321995,5.12004240599828,7.48443387080905
2020-03-26,1.36179138321995,5.421221371057,7.3825725496333
2020-03-27,1.26049268192125,5.57181085358636,7.02322680599502
2020-03-28,1.18744073386931,6.17416878370381,7.33145951155421
2020-03-29,1.34815501958359,6.47534774876253,8.72977257104351
2020-03-30,1.3963924963925,6.47534774876253,9.04212700790404
2020-03-31,1.49559884559885,6.92711619635061,10.360186986591
2020-04-01,1.4995670995671,7.83065309152678,11.742589744177
2020-04-02,1.53766233766234,8.73418998670295,13.4302349925406
2020-04-03,1.46753246753247,8.88477946923231,13.0387023379643
2020-04-04,1.34755720470006,9.48713739934975,12.7844603544732
2020-04-05,1.02800833251961,9.93890584693784,10.21727802678
2020-04-06,0.793376297887576,9.93890584693784,7.88529232589672
2020-04-07,0.593971535982814,9.93890584693784,5.90342717189424
2020-04-08,0.474923916935195,9.33654791682039,4.43414990730948
2020-04-09,0.374491016502295,9.03536895176167,3.3836645032185
2020-04-10,0.374491016502295,8.88477946923231,3.32727009483153
2020-04-11,0.371089655958077,8.58360050417359,3.18528535797535
2020-04-12,0.571590909090909,8.1318320565855,4.64808127779831
2020-04-13,0.676352813852814,7.68006360899742,5.194432632514
2020-04-14,0.863852813852814,7.22829516140934,6.24418311454213
2020-04-15,1.04242424242424,6.17416878370381,6.43610321695185
2020-04-16,1.27619047619048,5.421221371057,6.91851108306322
2020-04-17,1.3047619047619,4.81886344093956,6.2874694419878
2020-04-18,1.31904761904762,4.21650551082211,5.56177155475107
2020-04-19,1.15238095238095,3.91532654576339,4.51194773368924
2020-04-20,1.0952380952381,3.01178965058722,3.29862676016696
2020-04-21,0.988095238095238,3.01178965058722,2.97593501188976
2020-04-22,0.928571428571429,2.7106106855285,2.51699563656218
2020-04-23,0.833333333333333,2.7106106855285,2.25884223794042
2020-04-24,1.0047619047619,2.86120016805786,2.8748249307629
2020-04-25,1.15714285714286,2.7106106855285,3.13656379325441
2020-04-26,1.27619047619048,2.7106106855285,3.45925554153161
2020-04-27,1.21904761904762,2.86120016805786,3.48793925248958
2020-04-28,1.11190476190476,3.16237913311658,3.51626441706058
2020-04-29,0.933333333333333,3.16237913311658,2.95155385757548
2020-04-30,0.742857142857143,2.7106106855285,2.01359650924974
2020-05-01,0.528571428571429,2.56002120299914,1.3531540644424
2020-05-02,0.576190476190476,2.25884223794042,1.30152338471805
2020-05-03,0.671428571428571,1.9576632728817,1.31443105464914
2020-05-04,0.642857142857143,1.9576632728817,1.25849781828109
2020-05-05,0.785714285714286,1.9576632728817,1.53816400012133
2020-05-06,1,1.80707379035233,1.80707379035233
2020-05-07,1.28571428571429,1.80707379035233,2.32338058759586
2020-05-08,1.5,1.50589482529361,2.25884223794042
2020-05-09,1.64285714285714,1.50589482529361,2.47397007012522
2020-05-10,1.92857142857143,1.50589482529361,2.90422573449482
2020-05-11,2.11904761904762,1.50589482529361,3.19106284407456
2020-05-12,2.08333333333333,1.20471586023489,2.50982470882269
2020-05-13,1.9047619047619,1.20471586023489,2.29469687663788
2020-05-14,1.66666666666667,1.50589482529361,2.50982470882269
2020-05-15,1.52380952380952,1.65648430782297,2.52416656430167
2020-05-16,1.30952380952381,1.65648430782297,2.16920564119675
2020-05-17,1.07142857142857,1.65648430782297,1.77480461552461
2020-05-18,1.45238095238095,1.80707379035233,2.62455955265458
2020-05-19,1.91666666666667,1.9576632728817,3.75218793968992
2020-05-20,2.16666666666667,2.25884223794042,4.89415818220424
2020-05-21,2.35714285714286,2.56002120299914,6.03433569278369
2020-05-22,2.54081632653061,3.01178965058722,7.65240431628795
2020-05-23,2.71428571428571,3.16237913311658,8.58360050417359
2020-05-24,2.68707482993197,3.31296861564595,8.90219457945679
2020-05-25,2.32993197278912,3.91532654576339,9.12244450288409
2020-05-26,1.95850340136054,4.96945292346892,9.73269045351498
2020-05-27,1.82457482993197,5.72240033611572,10.440947620071
2020-05-28,1.7218179377014,5.57181085358636,9.59364387318433
2020-05-29,1.53814446831364,6.17416878370381,9.49676356108878
2020-05-30,1.3765798424633,7.3788846439387,10.157623860708
2020-05-31,1.25413086287146,7.98124257405614,10.0095226361875
2020-06-01,1.25833254354373,8.73418998670295,10.9905155017621
2020-06-02,1.24087222608342,9.03536895176167,11.2117383846575
2020-06-03,1.35575317846437,9.93890584693784,13.4747031924441
2020-06-04,1.40086596041926,10.3906742945259,14.5559419250047
2020-06-05,1.51991357946687,11.8965691198195,18.08175695428
2020-06-06,1.51350332305662,12.3483375674076,18.6892499424963
2020-06-07,1.60933295925892,13.4024639451131,21.56902696215
2020-06-08,1.60513127858666,14.0048218752306,22.4795776429673
2020-06-09,1.62497254842793,14.9083587704068,24.2256737440257
2020-06-10,1.51415003760542,16.5648430782297,25.0816577698293
2020-06-11,1.46584176692872,18.5225063511114,27.1510634376617
2020-06-12,1.35949256057952,19.4260432462876,26.409561274824
2020-06-13,1.29957628637753,19.576632728817,25.4413276614927
2020-06-14,1.24276225641772,21.3837065191693,26.5748633643371
2020-06-15,1.23085749451296,22.2872434143455,27.4324205885816
2020-06-16,1.23310974676521,24.6966751348152,30.4537108214347
2020-06-17,1.23469999325341,25.6002120299914,31.6085816207164
2020-06-18,1.26669087471238,27.5578753028731,34.9073091726111
2020-06-19,1.26207871538324,28.4614121980493,35.9205425449069
2020-06-20,1.26748087624759,30.1178965058722,38.1738578539971
2020-06-21,1.20921228579254,31.4732018486365,38.0577823485996
2020-06-22,1.15497948155973,32.9790966739301,38.0901799787641
2020-06-23,1.08262140920166,33.5814546040475,36.3560017064755
2020-06-24,1.03743190482848,34.3344020166943,35.6196040853261
2020-06-25,1.0161553090838,35.3885283943999,35.9602410086323
2020-06-26,1.01977865758807,35.6897073594586,36.3956018607396
2020-06-27,1.04583908175773,36.7438337371641,38.4281373359346
2020-06-28,1.06713288229682,36.5932442546348,39.0498542140398
2020-06-29,1.12677694194088,39.0026759751045,43.9473159627392
2020-06-30,1.13978026002894,39.3038549401633,44.797758003839
2020-07-01,1.1747215092559,40.8097497654569,47.9400908368333
2020-07-02,1.16710246163686,40.8097497654569,47.6291594100488
2020-07-03,1.18176648613695,41.261518213045,48.7614793913058
2020-07-04,1.15561852695327,41.8638761431624,48.3786708811156
2020-07-05,1.13895186028661,42.9180025208679,48.8815388109278
2020-07-06,1.06981511467927,43.8215394160441,46.8809452157975
2020-07-07,1.05934551743479,45.026255276279,47.6983616938006
2020-07-08,1.03646363741005,45.1768447588084,46.8241568454237
2020-07-09,1.0440826850291,45.3274342413377,47.3255892481758
2020-07-10,1.01770905865547,46.5321501015726,47.3561906770866
2020-07-11,1.00621014090655,47.7368659618075,48.0333186258676
2020-07-12,0.973623076229938,48.790992339513,47.504036053908
2020-07-13,0.971428168416066,48.790992339513,47.3969443235754
2020-07-14,0.960171438849477,48.4898133744543,46.5585338772924
2020-07-15,0.984760531849033,48.1886344093956,47.454265250075
2020-07-16,1.02298990810658,48.6404028569837,49.7586412489327
2020-07-17,1.08772205096372,48.4898133744543,52.7434392545095
2020-07-18,1.12154239728407,48.790992339513,54.721166514326
2020-07-19,1.17927827148449,49.5439397521598,58.4260916334589
2020-07-20,1.20111887541465,51.3510135425122,61.6786716375847
2020-07-21,1.20455087884665,51.2004240599828,61.6735157987736
2020-07-22,1.16011220378553,51.0498345774534,59.2235360945365
2020-07-23,1.10827738535112,53.7604452629819,59.5814857113695
2020-07-24,1.04518727861877,53.6098557804526,56.032339270316
2020-07-25,1.01796602426337,53.0074978503351,53.9598318428547
2020-07-26,1.00234102426337,53.9110347455113,54.0372417859139
2020-07-27,1.05412389957566,53.9110347455113,56.8289101760971
2020-07-28,1.13014729138852,55.5675190533343,62.7994811473058
2020-07-29,1.20101728161335,57.0734138786279,68.5461563889034
2020-07-30,1.26741775484612,59.3322561165683,75.1987548372161
2020-07-31,1.32577571872133,60.9887404243913,80.8573911700558
2020-08-01,1.39549697307673,63.6993511099198,88.8922516608448
2020-08-02,1.43253401011377,64.4522985225666,92.3301096635818
2020-08-03,1.41821717226752,66.4099617954483,94.1837482279344
2020-08-04,1.39094661492177,71.0782357538585,98.866031416441
2020-08-05,1.35646701001963,76.0476886773274,103.156180879038
2020-08-06,1.30544660185636,77.8547624676797,101.635235101767
2020-08-07,1.22353599712367,81.0171416007963,99.1273891326402
2020-08-08,1.15183715542483,87.3418998670295,100.60364549224
2020-08-09,1.07171256078411,88.6972052097937,95.0579089297816
2020-08-10,1.05451679358834,94.1184265808507,99.2494614156185
2020-08-11,1.04267115553762,94.8713739934976,98.9196451492418
2020-08-12,1.10575983252709,99.5396479519077,110.066944449107
2020-08-13,1.15102353716059,101.196132259731,116.479130100566
2020-08-14,1.26817223713138,106.1655851832,134.63624766814
2020-08-15,1.3417078135241,111.436217071727,149.514843154704
2020-08-16,1.44304594408424,114.598596204844,165.371039451147
2020-08-17,1.51102999049468,120.019817575901,181.353543810887
2020-08-18,1.5902579331492,126.946933772251,201.878368520289
2020-08-19,1.60148453559142,133.121102555955,213.191387104242
2020-08-20,1.59267558432283,142.156471507717,226.409141323825
2020-08-21,1.53522550751792,155.860114417889,239.280423259004
2020-08-22,1.4714559997148,165.648430782297,243.744377317952
2020-08-23,1.39712918494086,176.641463006941,246.790943237648
2020-08-24,1.32169256400467,185.526242476173,245.208655108485
2020-08-25,1.27222409160042,203.898159344755,259.404150551378
2020-08-26,1.23381301288322,212.18058088387,261.791161775639
2020-08-27,1.23236935091139,226.938350171747,279.671867298057
2020-08-28,1.23723536091423,244.105551180094,302.01601971547
2020-08-29,1.27343445593685,257.508015125208,327.919579140347
2020-08-30,1.30766058065831,270.308121140203,353.471274646856
2020-08-31,1.33536352337257,287.023553700962,383.280783961033
2020-09-01,1.33512369251644,303.136628331604,404.724894555074
2020-09-02,1.33512103243259,322.713261060421,430.861262286678
2020-09-03,1.32817256950312,341.536946376591,453.620003649245
2020-09-04,1.31081616011472,353.58410497894,463.483758766093
2020-09-05,1.28009481174631,369.396000644523,472.86190390489
2020-09-06,1.2587458518547,388.069096478164,488.480365424892
2020-09-07,1.24597546680989,414.422255920802,516.35996377733
2020-09-08,1.2251523873361,429.481204173738,526.179922609438
2020-09-09,1.20914263739905,451.316679140495,545.706239718118
2020-09-10,1.19829493308114,476.766301687958,571.306643576511
2020-09-11,1.18769314451882,495.891165969186,588.966538249047
2020-09-12,1.16412390305603,516.823104040768,601.646129065473
2020-09-13,1.12479860301224,537.755042112349,604.866120130757
2020-09-14,1.09219823463579,560.042285526694,611.67719557365
2020-09-15,1.07092512910979,573.143570506749,613.793852243386
2020-09-16,1.08000543564163,582.17893945851,628.756419131272
2020-09-17,1.08844692574308,591.214308410272,643.505396444481
2020-09-18,1.11470672665709,615.459215097499,686.056527052277
2020-09-19,1.12043930300288,627.807552664907,703.420256727811
2020-09-20,1.134218035435,654.160712107545,741.960877745377
2020-09-21,1.12649170533927,666.810228640011,751.156191598357
2020-09-22,1.13277227337505,679.00797672489,769.161409434445
2020-09-23,1.11528553391958,687.591577229063,766.860939328519
2020-09-24,1.12199214416121,696.325767215766,781.272040593117
2020-09-25,1.11342853933997,714.396505119289,795.429457204547
2020-09-26,1.12319429173489,732.166064057754,822.364743751671
2020-09-27,1.12431190398918,743.912043695044,836.389166247257
2020-09-28,1.13933109029609,768.909897794918,876.042952194138
2020-09-29,1.14462165793231,783.968846047854,897.347720330572
2020-09-30,1.14699671382918,799.328973265849,916.827705604381
2020-10-01,1.13161251377265,830.500996149427,939.80531994334
2020-10-02,1.11319564247408,844.355228542128,939.9325611133
2020-10-03,1.10268526203859,872.816640740177,962.442046206222
2020-10-04,1.09188161736497,871.913103845001,952.025890027989
2020-10-05,1.08972894424002,898.567442252698,979.19495017449
2020-10-06,1.09768652175317,915.433464295987,1004.85897531952
2020-10-07,1.1143287846834,936.666581332626,1043.75453322994
2020-10-08,1.11867316344548,960.610309054795,1074.60897326867
2020-10-09,1.11587727211533,976.271615237849,1089.39930685524
2020-10-10,1.11090420558187,1016.93077552078,1129.71267531166
2020-10-11,1.09845525637741,1034.39915549418,1136.24118954494
2020-10-12,1.07151834262095,1039.36860841765,1113.70252866393
2020-10-13,1.02640584579299,1060.75231493682,1088.7623769896
2020-10-14,0.989198845630898,1080.02776870058,1068.36222204793
2020-10-15,0.956446093743834,1081.23248456081,1034.14058628713
2020-10-16,0.9446282601904,1091.77374833787,1031.32033641395
2020-10-17,0.932742024364051,1084.99722162405,1012.02250492698
2020-10-18,0.93841619591225,1094.93612747099,1027.50579550821
2020-10-19,0.937013984084122,1095.5384854011,1026.53488092317
2020-10-20,0.937840995684712,1106.8326965908,1038.03307822712
2020-10-21,0.923832201544145,1100.80911728963,1016.96291030555
2020-10-22,0.922519934378383,1089.66549558246,1005.23814147912
2020-10-23,0.926818900525429,1078.37128439276,999.454888159088
2020-10-24,0.940681085567165,1035.75446083695,974.314630601132
2020-10-25,0.941839921194439,1031.68854480865,971.685457739788
2020-10-26,0.944964740916378,1030.93559739601,974.197789694789
2020-10-27,0.942113852419246,1018.28608086354,959.341422507246
2020-10-28,0.947291704401421,1004.58243795337,951.632609860581
2020-10-29,0.941132159507125,982.295194539023,924.469597709982
2020-10-30,0.933219378180808,967.236246286087,902.643608313041
2020-10-31,0.920725270760395,959.857361642148,883.764929189326
2020-11-01,0.913921423393634,952.47847699821,870.490485450004
2020-11-02,0.897746130317796,930.793591513981,835.616344906281
2020-11-03,0.882669965443244,906.699274309284,800.31621712199
2020-11-04,0.869300459251589,904.892200518931,786.623205484288
2020-11-05,0.8637135091261,881.852009691939,761.667493820928
2020-11-06,0.852092878036443,862.124787480593,734.610391390895
2020-11-07,0.841701563040499,849.023502500538,714.624409112822
2020-11-08,0.834258584174132,826.736259086193,689.711820990666
2020-11-09,0.829226268857007,803.394889294142,666.19614646817
2020-11-10,0.818818486341016,776.589961403916,635.886216704382
2020-11-11,0.808217473547839,754.30271798957,609.640637023798
2020-11-12,0.796779614041497,736.533159051105,586.854606197505
2020-11-13,0.797276266603231,704.005830824764,561.287140466873
2020-11-14,0.79776770970073,676.44795552189,539.64833620844
2020-11-15,0.798433459509076,648.739490736488,517.97531590889
2020-11-16,0.798913612412137,623.440457671555,498.075068162258
2020-11-17,0.807482668553988,602.207340634915,486.271990438682
2020-11-18,0.806123346774786,570.131780856161,459.596539286437
2020-11-19,0.803552330055361,548.898663819522,441.068800276451
2020-11-20,0.796462270900221,526.912599370235,419.666005460356
2020-11-21,0.809214773608904,507.486556123947,410.665618623402
2020-11-22,0.820944246352813,481.735754611426,395.478196010681
2020-11-23,0.844853613230054,450.864910692907,380.914848877549
2020-11-24,0.882918530080385,437.161267782736,385.97778395881
2020-11-25,0.939125178721367,421.198782634623,395.558382018963
2020-11-26,0.993471240930117,405.085708003982,402.44100101377
2020-11-27,1.04854949600837,397.255054912455,416.541587615232
2020-11-28,1.08472096540425,393.490317849221,426.827197454633
2020-11-29,1.10223190974447,383.702001484812,422.928589869379
2020-11-30,1.09448304333951,380.389032869166,416.329346347619
2020-12-01,1.06443455272863,377.678422183638,402.013962392293
2020-12-02,1.01868027097963,372.106611330051,379.057663663008
2020-12-03,0.978046226481819,372.55837977764,364.379317485701
2020-12-04,0.939537851388078,369.99835857464,347.627462832333
2020-12-05,0.922416956908693,364.577137203583,336.292133457812
2020-12-06,0.945555309239592,368.191284784288,348.14522414353
2020-12-07,1.00306753214478,369.99835857464,371.133340433084
2020-12-08,1.06711602275567,367.287747889112,391.938640734315
2020-12-09,1.11519641208516,370.299537539699,412.956715661065
2020-12-10,1.14939613370924,383.702001484812,441.025597003139
2020-12-11,1.1621186147577,387.767917513105,450.632315147807
2020-12-12,1.16713773315365,388.219685960693,453.105844237786
2020-12-13,1.16177606633107,387.918506995634,450.674437114409
2020-12-14,1.16744178415484,386.412612170341,451.114229372075
2020-12-15,1.16715606986913,389.123222855869,454.167531483264
2020-12-16,1.18035112076887,405.688065934099,478.854363307871
2020-12-17,1.18776938862246,416.982277123801,495.27878436574
2020-12-18,1.20248848111181,430.685920033973,517.894857817895
2020-12-19,1.20501008679202,444.389562944145,535.49390581279
2020-12-20,1.20732052137082,457.34025844167,552.156279265663
2020-12-21,1.20213091165159,476.916891170487,573.316537164821
2020-12-22,1.21810719063903,494.98762907401,602.947990252414
2020-12-23,1.24879442717253,510.347756292005,637.319433977462
2020-12-24,1.29503556513715,521.491377999178,675.349881421318
2020-12-25,1.33730653667276,547.995126924345,732.837465300748
2020-12-26,1.35284610977017,581.576581528393,786.78361585412
2020-12-27,1.32699284196968,616.814520440263,818.508453447188
2020-12-28,1.27888502160576,656.118375380427,839.099962674332
2020-12-29,1.22959358449401,681.26681896283,837.681309925337
2020-12-30,1.19759714385449,696.928125145884,834.639132146573
2020-12-31,1.18250779244719,712.589431328937,842.642555361978
2021-01-01,1.18722721482674,741.954380422163,880.868432597106
2021-01-02,1.19320657203472,786.077098803265,937.952360418045
2021-01-03,1.1997977205731,830.651585631956,996.61387903165
2021-01-04,1.19166853591632,873.418998670295,1040.82593938693
2021-01-05,1.16690546274812,906.096916379166,1057.32944150207
2021-01-06,1.11694485200221,928.8359282411,1037.45850840359
2021-01-07,1.050903771672,952.629066480739,1001.12147896899
2021-01-08,0.972831009038596,970.248035936674,943.88737581799
2021-01-09,0.911799000254792,976.723383685437,890.575404769859
2021-01-10,0.879351187990466,980.6387102312,862.325814831244
2021-01-11,0.867116014782888,980.186941783612,849.935794701632
2021-01-12,0.86871584075979,982.445784021552,853.466215267194
2021-01-13,0.877979993709575,982.746962986611,862.832172381088
2021-01-14,0.896982932940644,989.97525814802,887.990910592282
2021-01-15,0.914416286152058,979.885762818553,896.023500089818
2021-01-16,0.934963203170694,959.255003712031,896.868130928116
2021-01-17,0.946747859567782,940.431318395861,890.351337761788
2021-01-18,0.960980716214721,920.252327736926,884.344741006896
2021-01-19,0.95949294440528,898.567442252698,862.169120913763
2021-01-20,0.957107515347812,888.026178475643,849.936529244635
2021-01-21,0.950592710255651,869.80485108959,826.830150790766
2021-01-22,0.960137781113178,855.80002921436,821.685941126468
2021-01-23,0.960400487821877,837.879880793366,804.700246250085
2021-01-24,0.962896821094248,827.639795981369,796.931728561552
2021-01-25,0.950978507449013,825.230364260899,784.776340106435
2021-01-26,0.939495165636059,821.315037715136,771.621507397568
2021-01-27,0.914931214537939,813.18320565855,744.006697995032
2021-01-28,0.889883497714117,799.931331195967,711.845690935777
2021-01-29,0.863230393166924,789.088888453853,681.16551142367
2021-01-30,0.860004308596504,771.018150550329,663.078931479391
2021-01-31,0.861250990387301,750.688570408866,646.531274737063
2021-02-01,0.871590203688314,735.629622155929,641.167572214044
2021-02-02,0.8753392766783,726.14248475658,635.621037372208
2021-02-03,0.880146008367499,713.944736671701,628.375610176583
2021-02-04,0.872567046426671,700.692862209118,611.40150123006
2021-02-05,0.861395167845671,679.00797672489,584.894190079486
2021-02-06,0.840712747767893,661.238417786425,555.911567146919
2021-02-07,0.828072771818385,641.059427127491,530.843856721767
2021-02-08,0.814396720127175,610.188583208972,496.935580824434
2021-02-09,0.815252792571608,588.503697724744,479.779283008815
2021-02-10,0.821820536163604,571.487086198926,469.659823590577
2021-02-11,0.836873410217518,552.362221917697,462.257256331589
2021-02-12,0.847184046865848,535.646789356938,453.791414698109
2021-02-13,0.862021497804245,522.394914894354,450.315646982552
2021-02-14,0.871149904652428,508.691271984182,443.146353086542
2021-02-15,0.868429415048135,485.65108115719,421.753684326833
2021-02-16,0.861665748350722,467.730932736196,403.027724182915
2021-02-17,0.850001598258144,450.714321210378,383.107893386656
2021-02-18,0.841359198990745,437.462446747794,368.063053784255
2021-02-19,0.832512799069488,417.735224536448,347.769921048759
2021-02-20,0.837010996290058,407.495139724451,341.077912884119
2021-02-21,0.85408556189871,393.189138884162,335.81716661635
2021-02-22,0.897125854939003,378.431369596285,339.500565984805
2021-02-23,0.929251948515205,366.986568924053,341.022984251586
2021-02-24,0.963957035920933,358.40296841988,345.485063103291
2021-02-25,0.98517108151794,354.035873426528,348.785904319761
2021-02-26,0.998215664208807,348.313473090412,347.691964893823
2021-02-27,0.982983308640317,339.278104138651,333.504713355425
2021-02-28,0.949166548945999,332.652166907359,315.742309262866
2021-03-01,0.902800328760655,324.972103298361,293.384921695802
2021-03-02,0.87715622496529,318.647345032128,279.503502263594
2021-03-03,0.851564994046346,309.009618150249,263.141773640381
2021-03-04,0.834448833625685,299.673070233429,250.061843925312
2021-03-05,0.825350216068953,299.974249198487,247.583811391094
2021-03-06,0.830614517713345,294.55302782743,244.660021149887
2021-03-07,0.838880392796376,289.131806456374,242.547003370048
2021-03-08,0.85520349858167,283.108227155199,242.11514634038
2021-03-09,0.879617345753191,274.072858203437,241.079240075898
2021-03-10,0.91993916925643,266.543384076969,245.203699318565
2021-03-11,0.960537453046113,258.712730985442,248.503267691361
2021-03-12,1.00455876695411,251.484435824033,252.630894759541
2021-03-13,1.03532225290804,249.677362033681,258.496528960847
2021-03-14,1.05737405139488,243.954961697565,257.951646208038
2021-03-15,1.06159626050974,238.232561361449,252.906796272973
2021-03-16,1.0484343717487,237.329024466273,248.82390666403
2021-03-17,1.02316800797117,235.070182228333,240.516290083984
2021-03-18,0.997767473925779,235.371361193392,234.845888492402
2021-03-19,0.973424730840521,233.112518955451,226.917491019766
2021-03-20,0.961827934276608,228.7454239621,220.013738604693
2021-03-21,0.962382439949467,231.456034647628,222.749223365213
2021-03-22,0.963615433146746,231.606624130157,223.179717430837
2021-03-23,0.962041219708126,233.112518955451,224.263852065136
2021-03-24,0.958804294443018,233.714876885569,224.086827633104
2021-03-25,0.967817899885195,233.564287403039,226.047698122591
2021-03-26,0.985020828578242,231.456034647628,227.989015028041
2021-03-27,1.00563753596698,227.088939654277,228.369161719281
2021-03-28,1.05655082100631,227.841887066923,240.726532840184
2021-03-29,1.11095518342241,228.143066031982,253.456721770113
2021-03-30,1.16941553706349,227.088939654277,265.561334326985
2021-03-31,1.211829351921,228.7454239621,277.200418874886
2021-04-01,1.25100075818843,237.027845501215,296.522014433789
2021-04-02,1.24908568344941,239.286687739155,298.889575895008
2021-04-03,1.22817904241541,245.762035487917,301.839781407612
2021-04-04,1.16695337309324,251.936204271621,293.997803379075
2021-04-05,1.11759716955882,258.712730985442,289.136615878163
2021-04-06,1.07856162105683,261.272752188442,281.798763138346
2021-04-07,1.05975491208516,265.037489251676,280.87478112118
2021-04-08,1.05571883654577,271.362247517909,286.482236232051
2021-04-09,1.08250552368587,277.385826819083,300.271689723829
2021-04-10,1.15123717093414,291.240059211785,335.286381829666
2021-04-11,1.2142400920808,295.908333170195,359.303761716054
2021-04-12,1.28192008628247,305.997828499662,392.264762712535
2021-04-13,1.31616471412316,316.237913311658,416.221182768743
2021-04-14,1.34617490368285,336.115725005534,452.470553735617
2021-04-15,1.33282601264918,342.741662236826,456.81500304786
2021-04-16,1.31520111454312,357.348842042174,469.985595334561
2021-04-17,1.27285872912845,369.847769092111,470.763961337575
2021-04-18,1.25635517600038,377.979601148697,474.876628325724
2021-04-19,1.23326468426027,396.502107499808,488.992046414282
2021-04-20,1.22762369127569,417.885814018977,513.006525537724
2021-04-21,1.21991622169577,440.92600484597,537.892785879108
2021-04-22,1.22666925962362,459.900279644669,564.14553553242
2021-04-23,1.23855560689742,482.639291506603,597.7756006045
2021-04-24,1.25265606347136,501.764155787831,628.537912180216
2021-04-25,1.24649428023053,527.364367817823,657.356668082307
2021-04-26,1.23653817632874,554.470474673108,685.623909580416
2021-04-27,1.23884578666959,580.974223598275,719.737469068361
2021-04-28,1.25825303771526,603.713235460209,759.624012426717
2021-04-29,1.2850483255782,617.868646817969,793.991070020699
2021-04-30,1.31570608209228,646.480648498548,850.578521184501
2021-05-01,1.33696812060462,689.097472054357,921.30135212591
2021-05-02,1.34666706739834,729.003684924637,981.725254500043
2021-05-03,1.3420713936993,773.879350718387,1038.60133877374
2021-05-04,1.32540886747045,812.882026693492,1077.40104638691
2021-05-05,1.2966352108386,852.938829046302,1105.95051843288
2021-05-06,1.27253409265854,886.520283650349,1128.12728477839
2021-05-07,1.24663003295616,933.654791682039,1163.92210372426
2021-05-08,1.22816526228705,981.843426091435,1205.8659889304
2021-05-09,1.22145528307742,1017.53313345089,1242.87122155992
2021-05-10,1.23834934392666,1085.59957955416,1344.35152710796
2021-05-11,1.25870124535884,1134.69175085874,1428.23791990429
2021-05-12,1.28168583946403,1187.24748026148,1521.6782833905
2021-05-13,1.28177036565685,1248.68798913346,1600.53126042292
2021-05-14,1.27641084632545,1316.15207730662,1679.95078688794
2021-05-15,1.24536575864571,1379.55024945148,1718.04464299801
2021-05-16,1.21710012701484,1437.97896867287,1750.16438541642
2021-05-17,1.16420574565149,1492.19118238344,1737.21754814129
2021-05-18,1.11368175985762,1553.93287022048,1730.58669360775
2021-05-19,1.04995326627528,1592.48377774799,1672.03354393691
2021-05-20,1.00004899662889,1648.65365473145,1648.73443320274
2021-05-21,0.941297528465889,1676.21153003432,1577.81377040733
2021-05-22,0.90418077324672,1698.64936293119,1535.88609445018
2021-05-23,0.875147433433575,1725.90605926901,1510.42225811673
2021-05-24,0.860266245672727,1721.38837479313,1480.85231452796
2021-05-25,0.844993502561467,1729.21902788465,1461.17884306819
2021-05-26,0.834561196245913,1719.28012203772,1434.84447532962
2021-05-27,0.818732041813745,1706.93178447031,1397.51974513616
2021-05-28,0.803796632531373,1665.51967677473,1338.73910760627
2021-05-29,0.780069398041421,1615.22278960993,1259.9858691938
2021-05-30,0.759385724801161,1568.54005002583,1191.12692276851
2021-05-31,0.739229002808042,1503.48539357314,1111.42000822753
2021-06-01,0.727988991771757,1437.82837919034,1046.7232321076
2021-06-02,0.722841009378888,1373.5266701503,992.841404660269
2021-06-03,0.725674810175338,1300.34018164103,943.624114475722
2021-06-04,0.732311539275587,1245.97737844793,912.443611913767
2021-06-05,0.740528988120135,1183.48274319825,876.403278278242
2021-06-06,0.749652108666842,1126.55991880215,844.528018669578
2021-06-07,0.755631758732542,1059.54759907659,800.627815751082
2021-06-08,0.770606732387963,995.396479519077,767.059228512679
2021-06-09,0.77825847953749,933.203023234451,726.273165962233
2021-06-10,0.797848231684183,885.164978307585,706.227312691475
2021-06-11,0.809162965894744,835.771628037955,676.27544935387
2021-06-12,0.831765841030338,792.10067810444,658.84228670424
2021-06-13,0.837256776132343,744.664991107691,623.475809753445
2021-06-14,0.85031005407112,713.492968224113,606.69024439001
2021-06-15,0.839042891415298,675.092650179126,566.43168917951
2021-06-16,0.839067953328814,652.95599624731,547.874451385007
2021-06-17,0.824588757265344,628.259321112495,518.055572836521
2021-06-18,0.829744200159133,595.581403403624,494.180215196793
2021-06-19,0.832080746153562,570.58354930375,474.771585447612
2021-06-20,0.857807462776652,549.802200714698,471.624430824095
2021-06-21,0.878065327697459,529.472620573234,464.911550090469
2021-06-22,0.89989660224891,513.208956460063,461.834996162119
2021-06-23,0.908284188834624,503.270050613125,457.112229685903
2021-06-24,0.924891136957385,487.006386499954,450.42789051545
2021-06-25,0.926063219157135,478.272196513251,442.910289936415
2021-06-26,0.923025635668574,457.039079476611,421.858786859279
2021-06-27,0.909587840383129,448.00371052485,407.498727539926
2021-06-28,0.908356004784244,437.613036230324,397.508429231679
2021-06-29,0.909524750285121,423.156445907505,384.871260795563
2021-06-30,0.917837614923667,414.121076955743,380.09590156268
2021-07-01,0.919725642862116,407.79631868951,375.060731363514
2021-07-02,0.931021368570258,402.224507835924,374.4796117579
2021-07-03,0.939781043984346,398.610360255219,374.606460503626
2021-07-04,0.955719328016015,391.38206509381,374.051404248976
2021-07-05,0.978619747586474,385.960843722753,377.708903462223
2021-07-06,1.00968046837069,377.377243218579,381.030431685375
2021-07-07,1.04454567371209,374.064274602933,390.727219726744
2021-07-08,1.0689240746753,372.106611330051,397.753715196535
2021-07-09,1.08414505395276,373.311327190286,404.723628957889
2021-07-10,1.07709266592831,377.527832701108,406.632459786173
2021-07-11,1.0615525061702,377.07606425352,400.286041025118
2021-07-12,1.02130424772882,371.654842882463,379.572669724846
2021-07-13,0.992699541095133,378.883138043873,376.117117264836
2021-07-14,0.955090414111006,374.214864085463,357.409029505878
2021-07-15,0.944078647960057,374.967811498109,353.999104507677
2021-07-16,0.942932787199205,373.160737707757,351.865494480087
2021-07-17,0.989050105937104,374.214864085463,370.117250966966
2021-07-18,1.02960416230444,374.516043050521,385.603276774607
2021-07-19,1.08804729985128,378.130190631226,411.423532908556
2021-07-20,1.11858665106649,385.207896310106,430.888410697888
2021-07-21,1.15115464117702,388.069096478164,446.727541508209
2021-07-22,1.15809034217511,391.683244058868,453.604582136393
2021-07-23,1.16088210874526,394.393854744397,457.844769771848
2021-07-24,1.13268976558758,394.695033709456,447.067025210947
2021-07-25,1.11668140796125,401.170381458218,447.979506399115
2021-07-26,1.08578343664753,406.742192311805,441.633935397862
2021-07-27,1.07212227766263,410.958697822627,440.597975134863
2021-07-28,1.05152431679187,421.801140564741,443.534156154369
2021-07-29,1.03332441520731,428.728256761091,443.015375200504
2021-07-30,1.00287923849348,437.161267782736,438.419959332792
2021-07-31,0.968520844427496,444.540152426674,430.54640381021
2021-08-01,0.928214290260728,451.617858105554,419.198149630517
2021-08-02,0.895942696085609,450.26255276279,403.409445468683
2021-08-03,0.867318287834451,449.810784315202,390.129119301732
2021-08-04,0.853455505879564,442.883668118851,377.981505020171
2021-08-05,0.851366572151188,437.462446747794,372.440903732541
2021-08-06,0.864828271327173,434.300067614678,375.594976712476
2021-08-07,0.881125793680596,428.878846243621,377.896213789229
2021-08-08,0.887049866622876,421.198782634623,373.62432395776
2021-08-09,0.879287930798318,413.217540060567,363.337195769427
2021-08-10,0.867640845836806,405.085708003982,351.468906328976
2021-08-11,0.848305137268808,394.393854744397,334.56633308692
2021-08-12,0.831164698897705,379.184317008931,315.16461867346
2021-08-13,0.821058476809916,366.384210993936,300.822862205884
2021-08-14,0.831815355590051,351.17467325847,292.112485710714
2021-08-15,0.851045437877114,337.922798795887,287.587656269905
2021-08-16,0.875541627998071,330.845093117007,289.668651442837
2021-08-17,0.882681388079007,321.357955717657,283.656686423093
2021-08-18,0.883191450213849,316.087323829129,279.165621926863
2021-08-19,0.863797402488405,307.202544359897,265.360759855908
2021-08-20,0.832124720905719,295.456564722607,245.856711459561
2021-08-21,0.783484174069502,284.915300945551,223.226629241089
2021-08-22,0.741994148107427,273.319910790791,202.801774368011
2021-08-23,0.707429930775585,259.616267880619,183.660318415002
2021-08-24,0.700500254728262,245.009088075271,171.628928607466
2021-08-25,0.707081749114635,234.467824298215,165.787919315885
2021-08-26,0.736818427275857,226.486581724159,166.87948694508
2021-08-27,0.765710135148588,216.84885484228,166.043365948099
2021-08-28,0.795242154853022,207.964075373048,165.381799431679
2021-08-29,0.803553012558136,199.380474868874,160.212781226156
2021-08-30,0.800503516897803,187.935674196643,150.443168144972
2021-08-31,0.788763239391451,176.039105076823,138.853174779967
2021-09-01,0.779383730011942,166.100199229885,129.455792831515
2021-09-02,0.762695464091018,155.55893545283,118.644094468701
2021-09-03,0.746957585275428,143.361187367952,107.084726338584
2021-09-04,0.740899788110761,138.9940923746,102.980693588989
2021-09-05,0.743280408466559,131.615207730662,97.8270053624572
2021-09-06,0.750382589030641,123.332786191547,92.5467754147753
2021-09-07,0.756749854022634,117.610385855431,89.0016423276431
2021-09-08,0.763061469577947,112.038575001845,85.4923196903267
2021-09-09,0.767133523275972,106.918532595846,82.0207906137486
2021-09-10,0.771783602485738,102.250258637436,78.915072966299
2021-09-11,0.775377842799094,96.3772688187912,74.7287987915827
2021-09-12,0.774700308203767,89.9019210700286,69.6470459610619
2021-09-13,0.77223492488732,83.4265733212661,64.4249135823544
2021-09-14,0.77310280201419,79.9630152230908,61.8196311264748
2021-09-15,0.759762634486504,75.7465097122687,57.5493677721508
2021-09-16,0.739578668315355,72.2829516140934,53.4589290966544
2021-09-17,0.721664836115808,69.4217514460355,50.0992368801756
2021-09-18,0.718964458540891,64.0005300749785,46.0141064516869
2021-09-19,0.718918904605031,59.9346140466858,43.0881270783686
2021-09-20,0.714103193009658,57.0734138786279,40.7563070866899
2021-09-21,0.725297846309575,53.9110347455113,39.10155739324
2021-09-22,0.74597941193496,50.8992450949241,37.9697889238449
2021-09-23,0.779067988940258,48.3392238919249,37.6595419444149
2021-09-24,0.794434419200306,44.8756657937496,35.6507734910845
2021-09-25,0.835726173175407,42.9180025208679,35.8676980070974
2021-09-26,0.841926570000804,41.1109287305156,34.6123832156305
2021-09-27,0.845154980008875,38.4003180449871,32.4542200296455
2021-09-28,0.799242326033511,35.3885283943999,28.2840097488431
2021-09-29,0.782758809549995,34.6355809817531,27.1113061373495
2021-09-30,0.76971053706776,32.8285071914007,25.2684479014259
2021-10-01,0.78586338118413,30.419075470931,23.905237502081
2021-10-02,0.783715153471992,28.3108227155199,22.187620769412
2021-10-03,0.821954691711531,28.0096437504612,23.0226580938601
2021-10-04,0.890737760494599,27.106106855285,24.1444329160039
2021-10-05,0.946317439174582,25.449622547462,24.083421637074
2021-10-06,1.01624750910465,24.8472646173446,25.2509707754406
2021-10-07,1.05886114546829,23.4919592745803,24.8747229067765
2021-10-08,1.18503683313466,24.3954961697565,28.909561523757
2021-10-09,1.16923696480023,22.5884223794042,26.4112184225201
2021-10-10,1.19607679164006,23.0401908269923,27.5578375231235
2021-10-11,1.16758676315003,22.5884223794042,26.3739429706342
2021-10-12,1.25330104886431,23.0401908269923,28.8762953295033
2021-10-13,1.27154470996512,21.2331170366399,26.9988576440097
2021-10-14,1.35190185282226,22.8896013444629,30.9444944679423
2021-10-15,1.28408248065506,24.3954961697565,31.325829238472
2021-10-16,1.30264020889021,25.6002120299914,33.3478655463816
2021-10-17,1.22729006883419,27.106106855285,33.2670557482496
2021-10-18,1.16188880343292,27.106106855285,31.494282059812
2021-10-19,0.991461387183402,28.1602332329905,27.9197839045889
2021-10-20,0.827243700108573,28.762591163108,23.7936723384796
2021-10-21,0.62532252466164,29.0637701281667,18.1742301127308
2021-10-22,0.504317720213355,27.5578753028731,13.8979248466689
2021-10-23,0.372748831823594,26.3531594426382,9.8231093971043
2021-10-24,0.289465451544198,24.3954961697565,7.06165331442332
