"fecha","rho7dpromedio","incidenciaAcum14d","riesgopor10"
2020-01-03,0,0,0
2020-01-04,0.2,0,0
2020-01-05,0.333333333333333,0,0
2020-01-06,0.428571428571429,0,0
2020-01-07,0.428571428571429,0,0
2020-01-08,0.428571428571429,0.225916203161923,0.0968212299265385
2020-01-09,0.428571428571429,0.225916203161923,0.0968212299265385
2020-01-10,0.428571428571429,0.225916203161923,0.0968212299265385
2020-01-11,0.285714285714286,0.225916203161923,0.0645474866176923
2020-01-12,0.142857142857143,0.225916203161923,0.0322737433088462
2020-01-13,0,0.225916203161923,0
2020-01-14,0,0.225916203161923,0
2020-01-15,0,0.225916203161923,0
2020-01-16,0,0.225916203161923,0
2020-01-17,0,0.225916203161923,0
2020-01-18,0,0.225916203161923,0
2020-01-19,0,0.225916203161923,0
2020-01-20,0,0.225916203161923,0
2020-01-21,0,0.225916203161923,0
2020-01-22,0,0,0
2020-01-23,0,0,0
2020-01-24,0,0,0
2020-01-25,0,0,0
2020-01-26,0,0,0
2020-01-27,0,0,0
2020-01-28,0,0,0
2020-01-29,0,0,0
2020-01-30,0,0,0
2020-01-31,0,0,0
2020-02-01,0,0,0
2020-02-02,0,0,0
2020-02-03,0,0,0
2020-02-04,0,0,0
2020-02-05,0,0,0
2020-02-06,0,0,0
2020-02-07,0,0,0
2020-02-08,0,0,0
2020-02-09,0,0,0
2020-02-10,0,0,0
2020-02-11,0,0,0
2020-02-12,0,0,0
2020-02-13,0,0,0
2020-02-14,0,0,0
2020-02-15,0,0,0
2020-02-16,0,0,0
2020-02-17,0,0,0
2020-02-18,0,0,0
2020-02-19,0,0,0
2020-02-20,0,0,0
2020-02-21,0,0,0
2020-02-22,0,0,0
2020-02-23,0,0,0
2020-02-24,0,0,0
2020-02-25,0,0,0
2020-02-26,0.142857142857143,0,0
2020-02-27,0.428571428571429,0,0
2020-02-28,0.714285714285714,0,0
2020-02-29,1,0,0
2020-03-01,1.57142857142857,0.225916203161923,0.355011176397308
2020-03-02,2.14285714285714,0.451832406323846,0.968212299265385
2020-03-03,2.57142857142857,0.451832406323846,1.16185475911846
2020-03-04,2.78571428571429,0.67774860948577,1.8880139835675
2020-03-05,2.85714285714286,1.35549721897154,3.87284919706154
2020-03-06,2.78571428571429,1.80732962529539,5.03470395618
2020-03-07,2.66666666666667,2.03324582845731,5.42198887588616
2020-03-08,2.33333333333333,2.48507823478116,5.79851588115603
2020-03-09,2.1047619047619,2.936910641105,6.18149763508767
2020-03-10,2.16190476190476,3.38874304742885,7.32613973110808
2020-03-11,2.13809523809524,4.06649165691462,8.69454644740316
2020-03-12,2.08707482993197,5.19607267272423,10.8445924897401
2020-03-13,2.0156462585034,6.09973748537193,12.2949130402429
2020-03-14,2.0156462585034,7.90706711066731,15.9378502373519
2020-03-15,1.91200480192077,8.13298331382923,15.550303149983
2020-03-16,1.80384153661465,9.03664812647693,16.30068124231
2020-03-17,1.60384153661465,9.7143967359627,15.5803529882907
2020-03-18,1.67050820328131,10.8439777517723,18.1149537905357
2020-03-19,1.66030412164866,11.74764256442,19.5046593693618
2020-03-20,1.76744697879152,13.5549721897154,23.9576946443155
2020-03-21,1.78711571585156,16.2659666276585,29.0691645938054
2020-03-22,1.76694764862467,16.9437152371442,29.938657797238
2020-03-23,1.62409050576752,18.9769610656015,30.8203022949634
2020-03-24,1.40734173729462,21.2361230972208,29.8864823730451
2020-03-25,1.06346418627421,22.1397879098685,23.5448715338519
2020-03-26,0.819926771308223,22.1397879098685,18.1530048183873
2020-03-27,0.641355342736795,22.5916203161923,14.4892563908711
2020-03-28,0.582004065994214,21.4620393003827,12.4909941373503
2020-03-29,0.620779576198295,21.4620393003827,13.3231956612427
2020-03-30,0.788683101244678,21.6879555035446,17.1049240061921
2020-03-31,1.03140589569161,21.9138717067065,22.6020964757267
2020-04-01,1.2609977324263,21.9138717067065,27.6333425308379
2020-04-02,1.40504535147392,21.4620393003827,30.1551385521534
2020-04-03,1.49552154195011,21.2361230972208,31.759079559398
2020-04-04,1.5328231292517,20.558374487735,31.5123519146183
2020-04-05,1.51071428571429,20.558374487735,31.0578300296854
2020-04-06,1.41764069264069,19.6547096750873,27.8633162374425
2020-04-07,1.30725108225108,18.0732962529539,23.6263360865184
2020-04-08,1.27363763687293,18.9769610656015,24.1697718466224
2020-04-09,1.25733328904684,19.2028772687635,24.1444168354972
2020-04-10,1.27724670896026,20.3324582845731,25.9695654290428
2020-04-11,1.26602221916435,22.8175365193542,28.8875082200964
2020-04-12,1.23645232669123,23.49528512884,29.050799963828
2020-04-13,1.15549994573885,24.3989499414877,28.1929853334739
2020-04-14,1.01824065330714,26.432195769945,26.914336289131
2020-04-15,0.852874506848557,26.6581119731069,22.7360241025772
2020-04-16,0.734655045150834,25.9803633636212,19.0866050199362
2020-04-17,0.669719980215769,25.9803633636212,17.3995684378829
2020-04-18,0.659515898583116,24.1730337383258,15.9425000674119
2020-04-19,0.755935607906051,24.3989499414877,18.4440350562878
2020-04-20,0.804675103704371,23.9471175351639,19.2696492860287
2020-04-21,0.927448881650562,24.3989499414877,22.6287788366808
2020-04-22,1.00738085443968,23.2693689256781,23.4411167506217
2020-04-23,1.13595228301111,23.0434527225162,26.1762627286007
2020-04-24,1.20160884866767,21.6879555035446,26.06043924257
2020-04-25,1.29089456295339,20.1065420814112,25.9554258526871
2020-04-26,1.3619999281764,21.0102068940589,28.6159002806794
2020-04-27,1.52006315346651,20.558374487735,31.250027553972
2020-04-28,1.62491663331999,18.9769610656015,30.8359796853619
2020-04-29,1.78123133311296,20.1065420814112,35.8144027559637
2020-04-30,1.91493096681259,22.8175365193542,43.6940072672886
2020-05-01,1.96899842713005,24.6248661446496,48.4863227071031
2020-05-02,1.94283563643237,28.2395253952404,54.8647562938101
2020-05-03,1.83427792763457,30.7246036300216,56.3574622738695
2020-05-04,1.73406861313954,35.0170114900981,60.7219005509258
2020-05-05,1.5707312442937,36.1465925059077,56.7765822237817
2020-05-06,1.41756119858879,40.6649165691462,57.6450078722719
2020-05-07,1.22472177994292,43.3759110070893,53.1234229352479
2020-05-08,1.18032242929357,48.3460674766516,57.0639478108321
2020-05-09,1.11107705672593,48.7978998829754,54.2182269763832
2020-05-10,1.10706143430446,52.86439153989,58.5241291217832
2020-05-11,1.06441360594235,55.801302180995,59.3956652707514
2020-05-12,1.09397904496363,60.3196262442335,65.9884071112295
2020-05-13,1.06316386320505,62.1269558695289,66.0511344114179
2020-05-14,1.07042020820814,61.675123463205,66.0182984987469
2020-05-15,1.03338482979346,65.5156989169577,67.7029293740997
2020-05-16,1.02002675929253,65.2897827137958,66.5973254764665
2020-05-17,0.972536064901564,66.1934475264435,64.3755149796355
2020-05-18,0.93200318508297,66.8711961359293,62.3241677889941
2020-05-19,0.910372184504601,67.548944745415,61.4946803888641
2020-05-20,0.91650076206175,65.0638665106339,59.6310832396799
2020-05-21,0.96086540501241,65.2897827137958,62.7346935104637
2020-05-22,1.03188346740978,64.1602016979862,66.205851397829
2020-05-23,1.11370164922796,67.0971123390912,74.7261646704799
2020-05-24,1.17997331918627,65.5156989169577,77.306776709851
2020-05-25,1.23602490648786,67.774860948577,83.7714161661924
2020-05-26,1.24066136591884,67.548944745415,83.8053660542227
2020-05-27,1.21959679974149,68.2266933549008,83.209056872581
2020-05-28,1.19938805001908,71.8413526054916,86.1656598122339
2020-05-29,1.15928779939252,69.3562743707104,80.4038826892845
2020-05-30,1.17223971234443,70.2599391833581,82.3614908976368
2020-05-31,1.1915689494156,70.48585538652,83.9887566515757
2020-06-01,1.27963713123378,75.0041794497585,95.9781330216329
2020-06-02,1.31968931649145,78.3929224971873,103.45430230808
2020-06-03,1.35147332195966,83.1371627635877,112.357657538407
2020-06-04,1.3126184835081,86.2999896078547,113.278961485827
2020-06-05,1.2606390451162,92.3997270932266,116.482703731803
2020-06-06,1.16825545273261,94.8848053280077,110.849691205917
2020-06-07,1.10288368999242,96.2403025469793,106.141859999
2020-06-08,0.996462333571066,98.0476321722747,97.7007723555024
2020-06-09,0.986063888478744,98.4994645785985,97.1267650554471
2020-06-10,1.02276631648552,101.662291422865,103.976767324042
2020-06-11,1.09027334335332,104.147369657647,113.549100918096
2020-06-12,1.15449820111889,106.85836409559,123.367789122866
2020-06-13,1.20891525553595,111.828520565152,135.191204515227
2020-06-14,1.24956174355085,117.250509441038,146.51175100937
2020-06-15,1.24674556331532,117.702341847362,146.744872490022
2020-06-16,1.2014504266271,121.768833504277,146.299216963598
2020-06-17,1.11879395266628,123.35024692641,138.00351032116
2020-06-18,1.03963801844793,126.964906177001,131.997543470285
2020-06-19,0.95229929026266,123.576163129572,117.681492441674
2020-06-20,0.880690538653909,124.931660348544,110.026131247286
2020-06-21,0.807783647565199,127.416738583325,102.925157853699
2020-06-22,0.761177028377935,126.287157567515,96.1268833195372
2020-06-23,0.741113034400898,128.546319599134,95.267352979182
2020-06-24,0.762175305463169,125.609408958029,95.736389641634
2020-06-25,0.810832663143083,121.542917301115,98.5509673214423
2020-06-26,0.884504735937809,120.413336285305,106.506166214424
2020-06-27,0.983552354985428,117.4764256442,115.544215097623
2020-06-28,1.05605224566714,115.895012222067,122.391187918734
2020-06-29,1.09573478534968,113.409933987285,124.267209674079
2020-06-30,1.1040246263498,109.117526127209,120.468436010806
2020-07-01,1.10110459041089,108.891609924047,119.901051544601
2020-07-02,1.07650639768136,103.695537251323,111.628909262055
2020-07-03,1.0555278843248,102.340040032351,108.022765937063
2020-07-04,1.01632988933733,100.758626610218,102.404003832544
2020-07-05,1.03861435868063,100.306794203894,104.180076733387
2020-07-06,1.07145403362556,100.98454281338,108.200295731229
2020-07-07,1.13654081600207,101.210459016542,115.029817678604
2020-07-08,1.17993704241716,104.147369657647,122.88733932937
2020-07-09,1.22985746930351,108.213861314561,133.087625619887
2020-07-10,1.24035245677218,109.795274736695,136.184838761636
2020-07-11,1.25018677708624,115.217263612581,144.043099460508
2020-07-12,1.19265607249671,115.669096018905,137.953449767152
2020-07-13,1.14719013492551,118.60600666001,136.063640783273
2020-07-14,1.08505706251847,122.672498316924,133.106660675564
2020-07-15,1.03695839859247,122.898414520086,127.440543110302
2020-07-16,0.967248599779324,124.47982794222,120.402939277883
2020-07-17,0.904304353918771,127.190822380163,115.01921445689
2020-07-18,0.82542786296071,130.579565427592,107.784011637235
2020-07-19,0.772994581956,130.127733021268,100.588032587657
2020-07-20,0.728297612259031,129.675900614944,94.442648785403
2020-07-21,0.707511430007691,127.190822380163,89.9889606260431
2020-07-22,0.705986033783317,122.898414520086,86.7645642252937
2020-07-23,0.739471342800541,119.283755269495,88.2069186834249
2020-07-24,0.80470071323724,116.798677034714,93.9879787150006
2020-07-25,0.899351681995931,110.924855752504,99.7604555961707
2020-07-26,0.973563184778862,107.762028908237,104.913144062135
2020-07-27,1.05253143874712,102.791872438675,108.191677389389
2020-07-28,1.12184525122863,98.4994645785985,110.501156586063
2020-07-29,1.16500672634499,96.4662187501412,112.383793708982
2020-07-30,1.16885288019115,94.207056718522,110.114189579775
2020-07-31,1.13353875454089,92.8515594995504,105.250841112299
2020-08-01,1.09347715776287,91.4960622805789,100.048854129062
2020-08-02,1.07901739072579,89.0109840457977,96.0443997510312
2020-08-03,1.07934466940358,89.0109840457977,96.0735311481988
2020-08-04,1.06452445560377,88.7850678426358,94.513876010926
2020-08-05,1.06995433840027,92.8515594995504,99.3469289137744
2020-08-06,1.05012880311081,95.3366377343316,100.115749276563
2020-08-07,1.03546043576387,98.0476321722747,101.52444393472
2020-08-08,1.00053980084324,98.7253807817604,98.7786728255556
2020-08-09,1.00756040510136,99.4031293912462,100.154657317787
2020-08-10,1.01733413652457,99.6290455944081,101.356029072555
2020-08-11,1.06813027915745,98.9512969849224,105.692876471497
2020-08-12,1.0977344099664,99.1772131880843,108.870239601134
2020-08-13,1.1605391882351,104.825118267132,121.653657660386
2020-08-14,1.19159448418525,105.051034470294,125.178233232757
2020-08-15,1.20197299456376,106.180615486104,127.626232360456
2020-08-16,1.17856800149858,109.795274736695,129.401197520413
2020-08-17,1.1345867726434,110.924855752504,125.853874094168
2020-08-18,1.063829189213,114.087682596771,121.369806876114
2020-08-19,1.01516090834133,111.828520565152,113.523942515387
2020-08-20,1.00297163011432,114.539515003095,114.879884075158
2020-08-21,1.03165272872199,113.184017784124,116.766600794709
2020-08-22,1.07805077512003,114.087682596771,122.992314655097
2020-08-23,1.12624925805303,120.413336285305,135.615430651015
2020-08-24,1.15911360379132,123.576163129572,143.238811787823
2020-08-25,1.18951321359993,127.868570989649,152.101354796327
2020-08-26,1.19180184672209,128.998152005458,153.740235783842
2020-08-27,1.21921929955228,130.35364922443,158.929684901492
2020-08-28,1.23007510172716,132.612811256049,163.123717296109
2020-08-29,1.23748073956758,134.871973287668,166.901469250963
2020-08-30,1.19415238650471,138.938464944583,165.913699490875
2020-08-31,1.16109688150017,147.523280664736,171.288821128498
2020-09-01,1.10427233839057,150.912023712165,166.647973315885
2020-09-02,1.05798380775761,154.978515369079,163.9647598108
2020-09-03,0.988787379186185,153.84893435327,152.123884589757
2020-09-04,0.984564230072524,158.367258416508,155.922737851546
2020-09-05,1.00675673131929,160.626420448127,161.711730013875
2020-09-06,1.05287003830217,157.689509807022,166.026560230369
2020-09-07,1.08716497992643,167.403906542985,181.995664696411
2020-09-08,1.11496328925909,170.34081718409,189.923757822654
2020-09-09,1.12932458933467,173.277727825195,195.686798817034
2020-09-10,1.10829485764504,174.859141247329,193.795487056643
2020-09-11,1.04400914335933,174.859141247329,182.554542262171
2020-09-12,0.976019016513063,175.310973653652,171.106844089385
2020-09-13,0.93325205643482,175.762806059976,164.031000200227
2020-09-14,0.929577837206406,169.888984777766,157.925035034908
2020-09-15,0.948530333459144,167.177990339823,158.573394924062
2020-09-16,1.01357857497797,170.114900980928,172.424818918768
2020-09-17,1.08536018636685,172.599979215709,187.333145608477
2020-09-18,1.17577372020144,175.762806059976,206.657288354182
2020-09-19,1.24568847091185,178.925632904243,222.885598059422
2020-09-20,1.32070443965767,185.703118999101,245.258933720389
2020-09-21,1.36756779369494,182.314375951672,249.327268879098
2020-09-22,1.429262860071,188.865945843368,269.939081926107
2020-09-23,1.4528219260436,198.58034257933,288.501875780501
2020-09-24,1.45268871901027,202.195001829921,293.726398198588
2020-09-25,1.40646123168731,217.105471238608,305.350428484307
2020-09-26,1.33944745797995,230.886359631486,309.260147490638
2020-09-27,1.25586487240335,243.311750805391,305.566680879447
2020-09-28,1.17450502234087,256.866722995107,301.691256229994
2020-09-29,1.09228314058749,266.807035934231,291.428827141082
2020-09-30,1.00835633777657,271.777192403794,274.048254423487
2020-10-01,0.940265928214455,282.847086358728,265.951478197843
2020-10-02,0.884683413002988,292.787399297852,259.024155695093
2020-10-03,0.865039903107254,302.501796033815,261.676124330862
2020-10-04,0.853580367216221,300.016717799034,256.088380149905
2020-10-05,0.862196946057163,301.372215018006,259.842203415007
2020-10-06,0.869215899273218,299.338969189548,260.190191291611
2020-10-07,0.902659624497766,297.983471970577,268.977648915501
2020-10-08,0.932376259353146,299.113052986386,278.885909467146
2020-10-09,0.964970884735014,291.883734485205,281.659305505948
2020-10-10,0.989424086705457,281.717505342918,278.738085432857
2020-10-11,1.01420690062565,276.973265076518,280.908196729422
2020-10-12,1.00900556543319,274.262270638575,276.732157462665
2020-10-13,0.975118153695414,269.969862778498,263.252514145973
2020-10-14,0.921894208690647,271.551276200632,250.341548891917
2020-10-15,0.888839411968808,264.999706308936,235.542183127541
2020-10-16,0.875605857056692,252.57431513503,221.155549674315
2020-10-17,0.859235635728725,244.215415618039,209.83858789332
2020-10-18,0.843286307279396,246.474577649658,207.848636424429
2020-10-19,0.828808233281019,246.474577649658,204.280159250499
2020-10-20,0.81522589032686,243.537667008553,198.538211415174
2020-10-21,0.791304441405411,234.501018882076,185.561697755481
2020-10-22,0.76077505445378,227.497616584057,173.074511644841
2020-10-23,0.736608362091534,220.720130489199,162.584293800278
2020-10-24,0.733434959258427,212.361230972208,155.753150786171
2020-10-25,0.736411149734618,200.387672204626,147.567716080852
2020-10-26,0.750119544432703,188.414113437044,141.333108936087
2020-10-27,0.783699616902289,182.766208357996,143.233807472845
2020-10-28,0.827273506406411,172.599979215709,142.787390011454
2020-10-29,0.905875605643052,164.241079698718,148.781987543545
2020-10-30,1.02159750415856,159.045007025994,162.479982226635
2020-10-31,1.18964906482757,153.171185743784,182.219957878622
2020-11-01,1.36788356617528,146.167783445764,199.940508879727
2020-11-02,1.53643494462139,145.264118633117,223.188868067548
2020-11-03,1.62211349371457,147.297364461574,238.933042481713
2020-11-04,1.67030373676406,152.945269540622,255.465055234087
2020-11-05,1.6417539219547,159.045007025994,261.112764052239
2020-11-06,1.56159919339661,166.274325527175,259.653852625803
2020-11-07,1.41571050888132,173.729560231519,245.950764123091
2020-11-08,1.27914267420028,183.21804076432,234.362014625007
2020-11-09,1.16019228097583,188.188197233882,218.334493801508
2020-11-10,1.13646600724956,197.224845360359,224.139332537099
2020-11-11,1.13309061598169,208.068823112131,235.760830946711
2020-11-12,1.15275343232501,221.397879098685,255.217165040486
2020-11-13,1.14713701031761,236.308348507372,271.078052419837
2020-11-14,1.13003072222939,248.507823478115,280.821475244628
2020-11-15,1.0896798450364,258.674052620402,281.871901574338
2020-11-16,1.04977880861145,262.514628074155,275.582293502765
2020-11-17,1.0096718567398,265.45153871526,268.018947969072
2020-11-18,0.989015470450564,266.581119731069,263.652851544062
2020-11-19,0.990650772681633,268.614365559527,266.103028794932
2020-11-20,1.01159599287497,271.551276200632,274.700182864644
2020-11-21,1.04797313886066,277.425097482842,290.734050207818
2020-11-22,1.08573602433522,279.232427108137,303.172705273862
2020-11-23,1.11953018716164,288.043159031452,322.473011741111
2020-11-24,1.12328015131112,289.850488656747,325.583300755953
2020-11-25,1.11374885451567,293.465147907338,326.84647232207
2020-11-26,1.07870014324333,299.56488539271,323.140684783787
2020-11-27,1.04026584207807,300.016717799034,312.09714357871
2020-11-28,0.98935908012836,297.983471970577,294.812653722265
2020-11-29,0.947528648739838,300.69446640852,284.916621439611
2020-11-30,0.89831220311267,300.016717799034,269.508678736683
2020-12-01,0.870402575097642,300.69446640852,261.725237879587
2020-12-02,0.853820430807916,302.501796033815,258.28221380976
2020-12-03,0.869936191908782,302.049963627491,262.764195124286
2020-12-04,0.884130912184216,294.82064512631,260.660045906263
2020-12-05,0.923682362778611,292.109650688367,269.816532338265
2020-12-06,0.956713622324482,293.465147907338,280.762104680419
2020-12-07,0.986013905350439,288.9468238441,284.905586217126
2020-12-08,0.990416228077282,284.428499780861,281.702601910641
2020-12-09,1.00504549147712,282.395253952404,283.8200767994
2020-12-10,1.0162922543332,273.810438232251,278.271427531017
2020-12-11,1.05040938624344,266.807035934231,280.256614861107
2020-12-12,1.05832620061187,266.355203527907,281.890690562891
2020-12-13,1.07948137394095,265.45153871526,286.549991727089
2020-12-14,1.08516426933776,267.936616950041,290.755243161423
2020-12-15,1.09972639159469,272.229024810117,299.377443141771
2020-12-16,1.07631780776668,269.743946575336,290.330213236297
2020-12-17,1.05192044318704,274.262270638575,288.502089279614
2020-12-18,1.01718589054245,279.006510904975,283.80148626202
2020-12-19,1.01051782742278,279.006510904975,281.941053236505
2020-12-20,0.980103182616988,275.165935451222,269.691009083524
2020-12-21,0.986014349860057,277.425097482842,273.545127129407
2020-12-22,1.00614169543867,284.880332187185,286.629980423945
2020-12-23,1.0508342259162,283.07300256189,297.462799524899
2020-12-24,1.07817759648444,283.524834968214,305.690125109676
2020-12-25,1.11460167981495,290.302321063071,323.571454711078
2020-12-26,1.13624670145997,295.950226142119,336.272468250315
2020-12-27,1.17039358195676,298.661220580062,349.551175746276
2020-12-28,1.18649727548148,300.242634002196,356.237067226989
2020-12-29,1.21174290212898,304.083209455949,368.470670714845
2020-12-30,1.23190123094723,311.31252795713,383.506286399683
2020-12-31,1.24898323616311,317.864097848826,397.006929591294
2021-01-01,1.23102122591316,331.193153835379,407.705802248474
2021-01-02,1.19307479734173,344.070377415609,410.50169580642
2021-01-03,1.14237217093034,359.206763027458,410.347809692537
2021-01-04,1.09650634558359,366.661997731801,402.047207197277
2021-01-05,1.04086701192369,371.858070404526,387.054798601666
2021-01-06,0.98670098573368,379.087388905707,374.045900312468
2021-01-07,0.946411536620701,389.253618047994,368.394114791969
2021-01-08,0.922925016563665,397.612517564985,366.966539359584
2021-01-09,0.914424368895271,398.742098580794,364.619491846719
2021-01-10,0.908920778570253,398.742098580794,362.424978690792
2021-01-11,0.923340754268187,405.745500878814,374.641356822367
2021-01-12,0.929098453031145,401.679009221899,373.19934608315
2021-01-13,0.938454016822193,402.582674034547,377.80532755074
2021-01-14,0.919979960533011,396.934768955499,365.17203307786
2021-01-15,0.917693663986832,395.579271736527,363.020591277136
2021-01-16,0.899214769838499,384.961210187917,346.162806015878
2021-01-17,0.88556683860815,375.698645858278,332.706262082078
2021-01-18,0.844532534824065,367.113830138125,310.039573535522
2021-01-19,0.816298560822093,361.917757465401,295.432944554966
2021-01-20,0.786109688232888,354.462522761057,278.646423257938
2021-01-21,0.787369347025983,340.907550571342,268.420155489585
2021-01-22,0.79693954740779,328.708075600598,261.960464998426
2021-01-23,0.839898990599292,318.31593025515,267.353228512975
2021-01-24,0.886204837187425,310.634779347644,275.286044056531
2021-01-25,0.942281872306377,300.920382611682,283.551821542487
2021-01-26,0.973845383251331,296.853890954767,289.089791206494
2021-01-27,0.991328333358349,289.172740047262,286.665130443719
2021-01-28,0.989216425268589,280.813840530271,277.785663495298
2021-01-29,0.993198992661919,271.777192403794,269.928833723932
2021-01-30,0.974805473400965,264.096041496288,257.44226675411
2021-01-31,0.955380065926412,255.285309572973,243.894495889872
2021-02-01,0.934118338782332,253.929812354002,237.200494483429
2021-02-02,0.941761115293033,250.766985509735,236.16259595232
2021-02-03,0.949965857137676,244.893164227525,232.640144662558
2021-02-04,0.958020987586802,244.215415618039,233.963493654315
2021-02-05,0.94770879776135,244.667248024363,231.873303476747
2021-02-06,0.938877469555884,244.667248024363,229.712566708316
2021-02-07,0.922158262333419,244.215415618039,225.205263301364
2021-02-08,0.90480995086746,238.341594335829,215.653846260674
2021-02-09,0.894505865870208,232.919605459943,208.347953360093
2021-02-10,0.91328088242793,228.401281396704,208.594523821652
2021-02-11,0.95406594645354,225.690286958761,215.323417232682
2021-02-12,0.991468635006777,219.364633270227,217.493153517195
2021-02-13,1.02645110029965,221.397879098685,227.254096604854
2021-02-14,1.0648692325295,224.33478973979,238.887215379877
2021-02-15,1.09335087031346,221.397879098685,242.065563798102
2021-02-16,1.10545698236247,216.427722629122,239.251537157171
2021-02-17,1.09654028929943,218.912800863904,240.046705990654
2021-02-18,1.07696557857402,221.397879098685,238.437894958576
2021-02-19,1.03300981007321,218.912800863904,226.139070843015
2021-02-20,0.992926599007789,221.623795301847,220.056161328261
2021-02-21,0.945076267359222,220.268298082875,208.170340969732
2021-02-22,0.907502588225152,221.397879098685,200.919148309616
2021-02-23,0.866123257336469,219.364633270227,189.996810712429
2021-02-24,0.851221492434704,220.720130489199,187.881718885399
2021-02-25,0.848482445182698,220.268298082875,186.893784153589
2021-02-26,0.880408461646391,215.298141613313,189.550305653104
2021-02-27,0.920244799769084,213.038979581694,196.048013108166
2021-02-28,0.972342332943764,210.553901346912,204.730471646068
2021-03-01,1.00958378616421,208.972487924779,210.975235563254
2021-03-02,1.03246835366328,208.294739315293,215.057726577583
2021-03-03,1.03998579434655,205.809661080512,214.039123863011
2021-03-04,1.04146236382163,201.517253220435,209.872634889796
2021-03-05,1.02383623046516,198.128510173007,202.851147003208
2021-03-06,0.998564885972303,193.610186109768,193.332333415777
2021-03-07,0.981548005145898,194.513850922416,190.924682346144
2021-03-08,1.00498243518198,192.932437500282,193.893710864629
2021-03-09,1.03818807895864,191.125107874987,198.423808585495
2021-03-10,1.06227200792022,189.769610656015,201.586945353803
2021-03-11,1.07061521761717,193.158353703444,206.798272884787
2021-03-12,1.08575294113478,203.550499048893,221.005553011787
2021-03-13,1.07310979247611,203.098666642569,217.947168012982
2021-03-14,1.03881669061998,200.161756001464,207.931372958125
2021-03-15,0.986472059775432,201.517253220435,198.79113986465
2021-03-16,0.951061929788879,202.646834236245,192.72968923433
2021-03-17,0.922532276921331,201.065420814112,185.489340473788
2021-03-18,0.903296590510386,198.806258782492,179.581015730351
2021-03-19,0.918658565700565,200.613588407788,184.295391386742
2021-03-20,0.968281588417759,198.58034257933,192.281689541257
2021-03-21,1.02718394861137,196.998929157197,202.354137923901
2021-03-22,1.0615441475534,198.128510173007,210.32216043763
2021-03-23,1.08722041948769,204.228247658379,222.041121090378
2021-03-24,1.09211266856909,204.905996267864,223.780434389906
2021-03-25,1.09677044733855,201.969085626759,221.513724391418
2021-03-26,1.07724703103561,196.998929157197,212.216511551785
2021-03-27,1.07270183800874,199.258091188816,213.744520656357
2021-03-28,1.07543951844677,200.387672204626,215.504821698412
2021-03-29,1.10290700624446,200.613588407788,221.258132202791
2021-03-30,1.13990154176358,202.195001829921,230.482394322818
2021-03-31,1.19028399139415,207.616990705807,247.123180378551
2021-04-01,1.22509852184187,215.298141613313,263.761435045771
2021-04-02,1.24550668510718,220.042381879713,274.064257638089
2021-04-03,1.24819083595042,230.660443428324,287.908251703494
2021-04-04,1.24926494980649,236.308348507372,295.211737136917
2021-04-05,1.23192285218726,241.052588773772,296.958192689309
2021-04-06,1.2060015271355,248.733739681277,299.973269905746
2021-04-07,1.16994239760134,257.544471604592,301.312196598047
2021-04-08,1.15244829507007,270.19577898166,311.386664822545
2021-04-09,1.13018769852376,275.617767857546,311.499810727177
2021-04-10,1.11567156949151,284.880332187185,317.832887328538
2021-04-11,1.09660350726745,293.6910641105,322.062650956683
2021-04-12,1.08747330167968,304.309125659111,330.928049611768
2021-04-13,1.06363053760955,315.153103410883,335.206464810235
2021-04-14,1.04075120803914,320.123259880445,333.168669442002
2021-04-15,1.01488730048094,328.482159397436,333.372372007015
2021-04-16,0.996183685255589,332.322734851189,331.054486698273
2021-04-17,0.983121160365107,332.548651054351,326.935615702404
2021-04-18,0.976733393430154,335.485561695456,327.679951121624
2021-04-19,0.987537556154846,340.455718165018,336.212807895625
2021-04-20,1.00023204820714,339.552053352371,339.63084579758
2021-04-21,1.0230310515294,342.263047790314,350.14572568058
2021-04-22,1.04782635163983,342.714880196637,359.105682569124
2021-04-23,1.08760262554978,348.362785275686,378.880279909671
2021-04-24,1.11395658218072,346.103623244066,385.544409229324
2021-04-25,1.14108790031881,349.944198697819,399.317090920843
2021-04-26,1.14940594069222,355.140271370543,408.200337692351
2021-04-27,1.16854436529283,359.658595433782,420.277025123281
2021-04-28,1.17697788721646,367.113830138125,432.084860163911
2021-04-29,1.19127135084755,370.276656982392,441.09997335073
2021-04-30,1.19582762633558,377.505975483574,451.432074590019
2021-05-01,1.21876448243631,391.738696282775,477.437209425352
2021-05-02,1.21364183736101,402.130841628223,488.042813493208
2021-05-03,1.20469699640415,419.074556865367,504.857859925109
2021-05-04,1.18182171726024,434.66277488354,513.693907041965
2021-05-05,1.1839974390341,451.832406323846,534.968411960047
2021-05-06,1.18767336850335,459.739473434514,546.020329047925
2021-05-07,1.20473300789308,471.03528359261,567.471754026297
2021-05-08,1.21325939611587,493.40098770564,598.623384386718
2021-05-09,1.24348682335326,512.829781177566,637.697075517439
2021-05-10,1.27378313216188,540.165641760158,688.053883047486
2021-05-11,1.31334200782132,560.046267638408,735.532289613064
2021-05-12,1.35398710706274,582.186055548276,788.272413124076
2021-05-13,1.40031428885691,612.00699436565,857.002139090588
2021-05-14,1.43635821567088,643.635262808319,924.490797630217
2021-05-15,1.45910164680789,682.944682158494,996.48571041615
2021-05-16,1.45542953746064,732.420330650955,1065.98618306609
2021-05-17,1.43807062060913,782.799643956064,1125.72116979651
2021-05-18,1.39744255421932,833.178957261173,1164.31973015685
2021-05-19,1.33827787693393,885.139683988415,1184.56285707798
2021-05-20,1.26578331698612,940.263237559924,1190.16951967871
2021-05-21,1.19496508056365,991.772131880843,1185.13306547377
2021-05-22,1.13091482966903,1028.59647299624,1163.25500505671
2021-05-23,1.09582047019159,1072.87604881597,1175.67953627081
2021-05-24,1.08244575075527,1124.38494313689,1217.08570391174
2021-05-25,1.08574996452711,1175.66792125465,1276.4814037979
2021-05-26,1.08936135707468,1220.39932948071,1329.45586973613
2021-05-27,1.08824920515668,1255.86817337713,1366.69754145923
2021-05-28,1.08994932072572,1300.37366540003,1417.34139329238
2021-05-29,1.07907602315338,1321.83570470041,1426.36121549027
2021-05-30,1.05894459523652,1342.61999539131,1421.76018757611
2021-05-31,1.0251709471291,1364.53386709802,1398.8804769226
2021-06-01,0.998998208692747,1390.06239805531,1388.6698456284
2021-06-02,0.969890873288865,1383.73674436678,1342.07363939579
2021-06-03,0.94554602557979,1389.15873324267,1313.51351911706
2021-06-04,0.91114223410622,1396.38805174385,1272.30812914512
2021-06-05,0.88642481822934,1399.77679479128,1240.79689088451
2021-06-06,0.861646001042088,1396.61396794701,1203.38684048106
2021-06-07,0.851865677792316,1381.47758233516,1176.83333703083
2021-06-08,0.845094400784649,1358.88596201897,1148.38691780709
2021-06-09,0.846747347912929,1334.03517967116,1129.5907504091
2021-06-10,0.842624978834364,1312.79905657394,1106.19727725939
2021-06-11,0.845740746968517,1285.6891121945,1087.35967011667
2021-06-12,0.844738868662491,1256.54592198662,1061.45318056144
2021-06-13,0.851764489501458,1220.85116188703,1039.87766666197
2021-06-14,0.849415931817954,1172.73101061354,996.136404152114
2021-06-15,0.85736632481299,1129.35509960645,968.271031158394
2021-06-16,0.867351133474593,1102.24515522702,956.033584753038
2021-06-17,0.886784408740371,1067.90589234641,947.00229533477
2021-06-18,0.902440126492271,1027.24097577726,927.023476118479
2021-06-19,0.930597610777384,1004.87527166423,935.134526940012
2021-06-20,0.952385028394658,982.509567551204,935.727402390276
2021-06-21,0.970408727081982,949.073969483239,920.989662632874
2021-06-22,0.97506822065268,937.552243121981,914.177397469879
2021-06-23,0.97835839205742,925.352768151237,905.326646334328
2021-06-24,0.97253133934567,905.020309866664,880.16061408966
2021-06-25,0.960181802614763,885.591516394739,850.328858592242
2021-06-26,0.944502853320692,877.232616877748,828.54870966701
2021-06-27,0.935884108446644,868.421884954433,812.742241556134
2021-06-28,0.933744775187279,857.57790720266,800.758890166525
2021-06-29,0.947172908506715,841.537856778164,797.081859423081
2021-06-30,0.96690787227153,837.697281324411,809.976095893031
2021-07-01,0.988523099907931,831.597543839039,822.053381911589
2021-07-02,1.00104180229942,831.145711432715,832.01160094604
2021-07-03,1.00396296195336,834.986286886468,838.295305772974
2021-07-04,0.985199714541234,827.531052182125,815.283356383836
2021-07-05,0.959012248404336,820.753566087267,787.112722799227
2021-07-06,0.911711894756832,808.780007319685,737.374352914875
2021-07-07,0.868579689704098,801.324772615341,696.01442235044
2021-07-08,0.818841011217668,784.155141175035,642.098388751299
2021-07-09,0.782543960443616,769.47058796951,602.144561354538
2021-07-10,0.744933884650712,749.364045888099,558.226669720996
2021-07-11,0.735317746261938,732.420330650955,538.561666850683
2021-07-12,0.724854007338346,712.991537179029,516.814772922547
2021-07-13,0.728890679478466,690.851749269161,503.555400943686
2021-07-14,0.72631743490221,661.482642858111,480.446376393038
2021-07-15,0.751105933510049,638.665106338757,479.705150896867
2021-07-16,0.793547623143803,609.747832334031,483.863943065756
2021-07-17,0.857676548261746,568.631083358561,487.701544809308
2021-07-18,0.919257052699394,541.52113897913,497.797126192374
2021-07-19,0.973859516904484,517.574021443966,504.044386485732
2021-07-20,1.00987740825643,497.015646956231,501.92487341105
2021-07-21,1.02776884034537,477.135021077982,490.384507301482
2021-07-22,1.02329492905901,470.583451186286,481.545659298017
2021-07-23,0.9875593661343,448.895495682741,443.31095117699
2021-07-24,0.943966529195347,438.729266540455,414.145742992613
2021-07-25,0.900295331865613,427.885288788683,385.223128070421
2021-07-26,0.881235759695453,417.719059646396,368.108972866762
2021-07-27,0.869330997790691,407.552830504109,354.298308794558
2021-07-28,0.892520912517218,405.29366847249,361.733074822518
2021-07-29,0.925683890783946,398.742098580794,369.109137233625
2021-07-30,0.965798414091948,399.41984719028,385.759054973221
2021-07-31,0.979910660215181,397.838433768147,389.846122292718
2021-08-01,0.98479881846514,399.41984719028,393.348193584515
2021-08-02,0.964536908793043,394.67560692388,380.679189878377
2021-08-03,0.934796526069706,379.991053718355,355.214316953485
2021-08-04,0.878688288902973,373.665400029821,328.335410974448
2021-08-05,0.817150703409499,365.080584309668,298.325856269796
2021-08-06,0.758794545889208,358.077182011648,271.707012717816
2021-08-07,0.720104099583462,345.199958431419,248.579905242505
2021-08-08,0.700719447162213,331.193153835379,232.073483659437
2021-08-09,0.705955242756752,321.026924693093,226.630640553166
2021-08-10,0.734998926345891,312.216192769778,229.478566473588
2021-08-11,0.771679548612452,300.920382611682,232.214105022069
2021-08-12,0.8184339073824,290.076404859909,237.408365468935
2021-08-13,0.851114768188261,275.391851654384,234.390071981757
2021-08-14,0.888487352428744,268.162533153203,238.259019101875
2021-08-15,0.898380430030155,250.089236900249,224.675276192359
2021-08-16,0.887459143456007,237.889761929505,211.117444358912
2021-08-17,0.847627908700914,226.593951771409,192.067357464275
2021-08-18,0.802208726943704,213.942644394341,171.626656398554
2021-08-19,0.742097660002382,204.680080064702,151.892608465116
2021-08-20,0.689811404591126,193.384269906606,133.398674850106
2021-08-21,0.636062513730434,185.477202795939,117.975095850074
2021-08-22,0.630510773803694,176.440554669462,111.247670654995
2021-08-23,0.666416045003083,166.048409324014,110.657324220762
2021-08-24,0.724429097939994,157.689509807022,114.234869344101
2021-08-25,0.774587828098724,149.556526493193,115.844665034352
2021-08-26,0.818378060189907,144.360453820469,118.14142816573
2021-08-27,0.832717887029734,138.260716335097,115.132171565779
2021-08-28,0.832134796650725,128.546319599134,106.967865519825
2021-08-29,0.792840757356686,120.639252488467,95.6477163099006
2021-08-30,0.737091628436825,109.795274736695,80.9291778503389
2021-08-31,0.690813962440849,103.017788641837,71.1661267735613
2021-09-01,0.666646015692257,93.5293081090362,62.3509406013425
2021-09-02,0.640696996803572,84.7185761857212,54.2789373356662
2021-09-03,0.635736679343255,82.6853303572639,52.566097351727
2021-09-04,0.629789157477366,77.9410900908635,49.0864534611924
2021-09-05,0.620319460507669,72.9709336213012,45.2652901767064
2021-09-06,0.59221765775051,69.1303581675485,40.9402187934394
2021-09-07,0.57256125781242,65.0638665106339,37.2530492474679
2021-09-08,0.566137573969382,60.5455424473954,34.2771065158287
2021-09-09,0.62183236650628,52.6384753367281,32.7323076879201
2021-09-10,0.689810282310282,47.2164864608419,32.570417855253
2021-09-11,0.77056216200953,42.9240786007654,33.0756708088728
2021-09-12,0.783742434118374,39.3094193501746,30.8084600052858
2021-09-13,0.786848024180486,37.7280059280412,29.6862069207489
2021-09-14,0.749333814252483,34.5651790837742,25.9008574831647
2021-09-15,0.695481000399669,31.1764360363454,21.6826189234538
2021-09-16,0.589660894579563,28.2395253952404,16.6517438070597
2021-09-17,0.577238534331116,25.5285309572973,14.7360517934168
2021-09-18,0.633629511774725,22.1397879098685,14.0284230041259
2021-09-19,0.819854001570643,19.6547096750873,16.1139923768296
2021-09-20,0.989885057471264,18.2992124561158,18.114116973801
2021-09-21,1.17496598639456,17.3955476434681,20.439176795781
2021-09-22,1.29591836734694,16.9437152371442,21.9576717869114
2021-09-23,1.38163265306122,16.4918828308204,22.7857238295212
2021-09-24,1.36258503401361,16.0400504244965,21.8559326532426
2021-09-25,1.31313448456306,14.684553205525,19.2827932045758
2021-09-26,1.26605656248513,14.4586370023631,18.3054522614322
2021-09-27,1.21758717473003,12.6513073770677,15.4040696058851
2021-09-28,1.13595452166881,11.9735587675819,13.6014182225019
2021-09-29,1.09016697588126,13.1031397833915,14.2846102722094
2021-09-30,1.06159554730983,13.7808883928773,14.6297297558523
2021-10-01,1.03022299829023,13.7808883928773,14.197388159213
2021-10-02,0.968562436629664,14.4586370023631,14.0040926853526
2021-10-03,0.941660766870851,14.4586370023631,13.6151312075525
2021-10-04,0.99175353124933,14.684553205525,14.5634574963981
2021-10-05,1.09564963514543,14.2327207992012,15.5940753507716
2021-10-06,1.13061467011047,14.0068045960392,15.8362987576527
2021-10-07,1.16870990820571,15.5882180181727,18.2181048491092
2021-10-08,1.1514609033406,15.3623018150108,17.6890899253033
2021-10-09,1.11971487159457,15.8141342213346,17.707321269021
2021-10-10,0.963431305536569,15.1363856118489,14.5828677511285
2021-10-11,0.777284119389383,15.1363856118489,11.7652721610441
2021-10-12,0.552508894614158,15.1363856118489,8.36298768285625
2021-10-13,0.439521881627145,13.7808883928773,6.05700199693112
2021-10-14,0.328410770516034,12.4253911739058,4.08063228938552
2021-10-15,0.538937086305507,11.9735587675819,6.45299487490837
2021-10-16,0.896079943448365,11.0698939549342,9.91950994911686
2021-10-17,1.42991452991453,10.6180615486104,15.1829204878848
2021-10-18,1.81086691086691,9.94031293912462,18.000583785123
2021-10-19,2.21746031746032,10.8439777517723,24.0460903479777
2021-10-20,2.27460317460317,10.3921453454485,23.6380067936947
2021-10-21,2.30238095238095,8.35889951699116,19.2453710307868
2021-10-22,2.08809523809524,8.810731923315,18.3976473732078
2021-10-23,1.77063492063492,7.45523470434347,13.2004989090399
2021-10-24,1.29444444444444,7.22931850118154,9.35795117097389
2021-10-25,0.967913832199547,7.00340229801962,6.77868995671128
2021-10-26,0.653628117913832,6.55156989169577,4.28229029769004
2021-10-27,0.648866213151927,6.77748609485769,4.39768173706016
2021-10-28,0.691383219954649,6.77748609485769,4.68584015946057
2021-10-29,0.869954648526077,6.77748609485769,5.8961055335423
2021-10-30,1.07312925170068,7.22931850118154,7.75799315347883
2021-10-31,1.37074829931973,7.00340229801962,9.59990178946227
2021-11-01,1.5187074829932,7.45523470434347,11.322320732957
2021-11-02,1.57585034013605,6.55156989169577,10.3242936422539
2021-11-03,1.56224489795918,6.77748609485769,10.5880930726807
2021-11-04,1.51215213358071,7.22931850118154,10.9318293958961
2021-11-05,1.28812615955473,6.09973748537193,7.85723142132417
2021-11-06,1.01465677179963,6.77748609485769,6.87682216192518
2021-11-07,0.693228200371057,6.55156989169577,4.54173300562546
2021-11-08,0.550371057513915,5.87382128221,3.23278123073766
2021-11-09,0.557513914656772,5.87382128221,3.27473709703916
2021-11-10,0.904452690166976,5.42198887588616,4.90393242485065
2021-11-11,1.4239332096475,5.64790507904808,8.04223960699332
2021-11-12,1.68367346938776,5.42198887588616,9.12885882164506
2021-11-13,1.88095238095238,5.64790507904808,10.6234405058285
2021-11-14,1.92380952380952,6.09973748537193,11.7347330670965
2021-11-15,1.95952380952381,6.09973748537193,11.9525808344312
2021-11-16,1.90595238095238,5.42198887588616,10.3340526074925
2021-11-17,1.73928571428571,4.74424026640039,8.25158932048924
2021-11-18,1.39642857142857,4.51832406323846,6.30951681687942
2021-11-19,1.39642857142857,5.19607267272423,7.25594433941134
2021-11-20,1.325,4.97015646956231,6.58545732217006
2021-11-21,1.39438775510204,6.09973748537193,8.50539925893953
2021-11-22,1.40737476808905,6.09973748537193,8.58461662887942
2021-11-23,1.47880333951763,6.32565368853385,9.35439779923584
2021-11-24,1.48475572047001,7.22931850118154,10.7337719997289
2021-11-25,1.54189857761286,7.45523470434347,11.4952157863972
2021-11-26,1.49427952999382,8.35889951699116,12.4905324415151
2021-11-27,1.57761286332715,8.58481572015308,13.5435157094066
2021-11-28,1.71861471861472,9.48848053280077,16.3070423009606
2021-11-29,1.84848484848485,9.7143967359627,17.9569151785977
2021-11-30,1.91736239950526,10.6180615486104,20.3586719689381
2021-12-01,1.96379097093383,13.1031397833915,25.7318275975082
2021-12-02,1.91617192331478,14.4586370023631,27.7052342733283
2021-12-03,1.95236239950526,16.0400504244965,31.3159913349554
2021-12-04,1.97855287569573,17.3955476434681,34.4180108142859
2021-12-05,1.99453689167975,19.4287934719254,38.7514453405819
2021-12-06,1.96856286570572,22.1397879098685,43.5835643339676
2021-12-07,1.96448123305266,26.432195769945,51.9255525384309
2021-12-08,1.8823383759098,30.9505198331835,58.2593512363588
2021-12-09,1.86838106884905,34.1133466774504,63.7367311272329
2021-12-10,1.81990180617624,37.2761735217173,67.8389755195122
2021-12-11,1.831806568081,42.9240786007654,78.6286091097072
2021-12-12,1.84382579885023,48.3460674766516,89.1417264864042
2021-12-13,1.92108187610631,54.6717211651854,105.028852665975
2021-12-14,1.97696884627899,61.675123463205,121.929797677167
2021-12-15,2.05094843811573,70.9376877928439,145.489539982274
2021-12-16,2.15738901947794,84.7185761857212,182.77092600888
2021-12-17,2.27606719715979,96.4662187501412,219.563596131237
2021-12-18,2.375394319313,110.698939549342,262.953632159481
2021-12-19,2.41946256542333,124.705744145382,301.72087965301
2021-12-20,2.50967711278073,151.815688524812,381.00835885177
2021-12-21,2.54358606097539,185.929035202263,472.926502271079
2021-12-22,2.54005078859873,224.33478973979,569.821759588682
2021-12-23,2.48573909555502,264.547873902612,657.596992805683
2021-12-24,2.45829037153147,314.249438598235,772.51636916521
2021-12-25,2.43892988571432,365.30650051283,890.956941546454
2021-12-26,2.44438406485316,429.240786007654,1049.22933730216
2021-12-27,2.4099860677361,511.700200161756,1233.19035324761
2021-12-28,2.42180799858098,624.432385539556,1512.2553458727
2021-12-29,2.44796436758907,767.437342141053,1878.65926791856
2021-12-30,2.45476306121506,913.605125586817,2242.68411482727
2021-12-31,2.39954587413842,1084.17185897407,2601.52011105821
2022-01-01,2.2702659478176,1275.52288305222,2895.77616705558
2022-01-02,2.09392028715431,1513.41264498172,3168.96544016309
2022-01-03,1.89322906533773,1745.20266942586,3304.06841866202
2022-01-04,1.69882091223102,1991.45133087235,3383.11916657624
2022-01-05,1.52359849338057,2238.6036571315,3410.73315928177
2022-01-06,1.39209481840181,2493.88896670447,3471.72990821874
2022-01-07,1.28024845043767,2720.03108606955,3482.31558308284
2022-01-08,1.18988517423406,2937.13655730816,3494.85524424184
2022-01-09,1.11459673164364,3173.44490581553,3537.11132007315
2022-01-10,1.06885214916681,3391.00220946047,3624.47999941123
2022-01-11,1.04469097107079,3574.89799883427,3734.66366188119
2022-01-12,1.03139319028578,3712.25505035672,3828.79457954193
2022-01-13,1.02714943515197,3853.45267733292,3958.07174090737
2022-01-14,1.02469573093418,3956.69638217792,4054.40989142043
2022-01-15,1.01891492768207,4056.32542777233,4133.05052989358
2022-01-16,0.991577597849952,4108.28615449957,4073.6845163589
2022-01-17,0.943837415196476,4164.99112149322,3931.07445442643
2022-01-18,0.875976367523957,4183.74216635566,3664.85926554104
2022-01-19,0.796451681177539,4152.11389791299,3306.95809443342
2022-01-20,0.698875555047694,4064.00657867984,2840.23485339235
2022-01-21,0.588529771178763,3936.13800769019,2316.53440099394
2022-01-22,0.467758320473126,3796.97362654244,1776.06600643225
2022-01-23,0.381975302528481,3597.03778674414,1373.97959679797
2022-01-24,0.330561469278469,3354.17786834507,1108.76196438147
2022-01-25,0.289697018948116,3079.46376530018,892.111472766203
2022-01-26,0.255898619334149,2788.03186322129,713.453504457944
