"fecha","rho7dpromedio","incidenciaAcum14d","riesgopor10"
2020-01-09,0,0,0
2020-01-10,0,0,0
2020-01-11,0,0,0
2020-01-12,0,0,0
2020-01-13,0,0,0
2020-01-14,0,0,0
2020-01-15,0,0,0
2020-01-16,0,0,0
2020-01-17,0,0,0
2020-01-18,0,0,0
2020-01-19,0,0,0
2020-01-20,0,0,0
2020-01-21,0,0,0
2020-01-22,0,0,0
2020-01-23,0,0,0
2020-01-24,0,0,0
2020-01-25,0,0,0
2020-01-26,0,0,0
2020-01-27,0,0,0
2020-01-28,0,0,0
2020-01-29,0,0,0
2020-01-30,0,0,0
2020-01-31,0,0,0
2020-02-01,0,0,0
2020-02-02,0,0,0
2020-02-03,0,0,0
2020-02-04,0,0,0
2020-02-05,0,0,0
2020-02-06,0,0,0
2020-02-07,0,0,0
2020-02-08,0,0,0
2020-02-09,0,0,0
2020-02-10,0,0,0
2020-02-11,0,0,0
2020-02-12,0,0,0
2020-02-13,0,0,0
2020-02-14,0,0,0
2020-02-15,0,0,0
2020-02-16,0,0,0
2020-02-17,0,0,0
2020-02-18,0,0,0
2020-02-19,0,0,0
2020-02-20,0,0,0
2020-02-21,0,0,0
2020-02-22,0,0,0
2020-02-23,0,0,0
2020-02-24,0,0,0
2020-02-25,0,0,0
2020-02-26,0,0,0
2020-02-27,0,0,0
2020-02-28,0,0,0
2020-02-29,0,0,0
2020-03-01,0,0,0
2020-03-02,0,0,0
2020-03-03,0,0,0
2020-03-04,0,0,0
2020-03-05,0,0,0
2020-03-06,0,0,0
2020-03-07,0,0,0
2020-03-08,0,0,0
2020-03-09,0,0,0
2020-03-10,0,0,0
2020-03-11,0,0,0
2020-03-12,0,0,0
2020-03-13,0,0,0
2020-03-14,0,0,0
2020-03-15,0,0,0
2020-03-16,0,0,0
2020-03-17,0,0,0
2020-03-18,0,0,0
2020-03-19,0,0,0
2020-03-20,0,0,0
2020-03-21,0,0,0
2020-03-22,0,0,0
2020-03-23,0,0,0
2020-03-24,0,0,0
2020-03-25,0,0,0
2020-03-26,0,0,0
2020-03-27,0,0,0
2020-03-28,0,0,0
2020-03-29,0,0,0
2020-03-30,0,0,0
2020-03-31,0,0,0
2020-04-01,0,0,0
2020-04-02,0,0,0
2020-04-03,0,0,0
2020-04-04,0,0,0
2020-04-05,0,0,0
2020-04-06,0,0,0
2020-04-07,0,0,0
2020-04-08,0,0,0
2020-04-09,0,0,0
2020-04-10,0,0,0
2020-04-11,0,0,0
2020-04-12,0,0,0
2020-04-13,0,0,0
2020-04-14,0,0,0
2020-04-15,0,0,0
2020-04-16,0,0,0
2020-04-17,0,0,0
2020-04-18,0,0,0
2020-04-19,0,0,0
2020-04-20,0,0,0
2020-04-21,0,0,0
2020-04-22,0,0,0
2020-04-23,0,0,0
2020-04-24,0,0,0
2020-04-25,0,0,0
2020-04-26,0,0,0
2020-04-27,0,0,0
2020-04-28,0,0,0
2020-04-29,0,0,0
2020-04-30,0,0,0
2020-05-01,0.142857142857143,0,0
2020-05-02,0.285714285714286,0,0
2020-05-03,0.428571428571429,0,0
2020-05-04,0.428571428571429,0,0
2020-05-05,0.428571428571429,24.2306760358614,10.3845754439406
2020-05-06,0.428571428571429,24.2306760358614,10.3845754439406
2020-05-07,0.428571428571429,24.2306760358614,10.3845754439406
2020-05-08,0.285714285714286,24.2306760358614,6.9230502959604
2020-05-09,0.142857142857143,24.2306760358614,3.4615251479802
2020-05-10,0,24.2306760358614,0
2020-05-11,0,24.2306760358614,0
2020-05-12,0,24.2306760358614,0
2020-05-13,0,24.2306760358614,0
2020-05-14,0,24.2306760358614,0
2020-05-15,0,24.2306760358614,0
2020-05-16,0,24.2306760358614,0
2020-05-17,0,24.2306760358614,0
2020-05-18,0.142857142857143,24.2306760358614,3.4615251479802
2020-05-19,0.285714285714286,0,0
2020-05-20,0.428571428571429,0,0
2020-05-21,0.428571428571429,0,0
2020-05-22,0.428571428571429,24.2306760358614,10.3845754439406
2020-05-23,0.428571428571429,24.2306760358614,10.3845754439406
2020-05-24,0.428571428571429,24.2306760358614,10.3845754439406
2020-05-25,0.285714285714286,24.2306760358614,6.9230502959604
2020-05-26,0.142857142857143,24.2306760358614,3.4615251479802
2020-05-27,0,24.2306760358614,0
2020-05-28,0,24.2306760358614,0
2020-05-29,0,24.2306760358614,0
2020-05-30,0.142857142857143,24.2306760358614,3.4615251479802
2020-05-31,0.285714285714286,24.2306760358614,6.9230502959604
2020-06-01,0.428571428571429,24.2306760358614,10.3845754439406
2020-06-02,0.428571428571429,24.2306760358614,10.3845754439406
2020-06-03,0.571428571428571,48.4613520717228,27.6922011838416
2020-06-04,0.714285714285714,48.4613520717228,34.615251479802
2020-06-05,0.857142857142857,24.2306760358614,20.7691508878812
2020-06-06,0.714285714285714,24.2306760358614,17.307625739901
2020-06-07,0.571428571428571,48.4613520717228,27.6922011838416
2020-06-08,0.428571428571429,48.4613520717228,20.7691508878812
2020-06-09,0.428571428571429,48.4613520717228,20.7691508878812
2020-06-10,0.285714285714286,48.4613520717228,13.8461005919208
2020-06-11,0.142857142857143,48.4613520717228,6.9230502959604
2020-06-12,0,48.4613520717228,0
2020-06-13,0,48.4613520717228,0
2020-06-14,0,48.4613520717228,0
2020-06-15,0,48.4613520717228,0
2020-06-16,0.142857142857143,48.4613520717228,6.9230502959604
2020-06-17,0.285714285714286,24.2306760358614,6.9230502959604
2020-06-18,0.428571428571429,24.2306760358614,10.3845754439406
2020-06-19,0.428571428571429,24.2306760358614,10.3845754439406
2020-06-20,0.571428571428571,48.4613520717228,27.6922011838416
2020-06-21,0.714285714285714,24.2306760358614,17.307625739901
2020-06-22,0.857142857142857,24.2306760358614,20.7691508878812
2020-06-23,0.714285714285714,24.2306760358614,17.307625739901
2020-06-24,0.714285714285714,48.4613520717228,34.615251479802
2020-06-25,1.14285714285714,48.4613520717228,55.3844023676832
2020-06-26,1.71428571428571,48.4613520717228,83.0766035515248
2020-06-27,2.14285714285714,48.4613520717228,103.845754439406
2020-06-28,2.57142857142857,72.6920281075842,186.922357990931
2020-06-29,3,169.61473225103,508.844196753089
2020-06-30,3.2,193.845408286891,620.305306518052
2020-07-01,3.39047619047619,242.306760358614,821.535301787301
2020-07-02,3.24761904761905,339.22946450206,1101.6880704305
2020-07-03,3.18639455782313,387.690816573782,1235.33590804871
2020-07-04,2.95425170068027,387.690816573782,1145.33625420122
2020-07-05,2.68894557823129,654.228252968258,1759.18416797298
2020-07-06,2.28078231292517,872.30433729101,1989.53630398125
2020-07-07,2.16921768707483,993.457717470317,2155.0260520976
2020-07-08,1.89874149659864,1090.38042161376,2070.35055359677
2020-07-09,1.58295202291443,1211.53380179307,1917.79988237755
2020-07-10,1.31084317937701,1356.91785800824,1778.70651914497
2020-07-11,1.32870032223416,1405.37921007996,1867.32780929443
2020-07-12,1.57202842270511,1453.84056215168,2285.47868578403
2020-07-13,1.98019168801124,1599.22461836685,3166.77129655298
2020-07-14,2.37747059957586,1865.76205476133,4435.79443099931
2020-07-15,2.57747059957586,2253.45287133511,5808.20852339606
2020-07-16,2.6718315018315,2641.14368790889,7056.69090621841
2020-07-17,2.61945054945055,2907.68112430337,7616.52691868345
2020-07-18,2.4639883645766,3319.60261691301,8179.46222309169
2020-07-19,2.08260504201681,3416.52532105646,7115.27285981027
2020-07-20,1.65713920350749,3804.21613763024,6304.11570028291
2020-07-21,1.26009486853212,4288.82965834747,5404.33224449201
2020-07-22,1.05877618721344,4700.75115095711,4977.04338064956
2020-07-23,0.897268250705503,4894.596559244,4391.76609262204
2020-07-24,0.75441110784836,5039.98061545917,3802.21735964281
2020-07-25,0.60744168178006,5258.05669978192,3193.96280461044
2020-07-26,0.494930010444859,5306.51805185365,2626.35503482976
2020-07-27,0.39998768568887,5233.82602374606,2093.46595853637
2020-07-28,0.367218356067966,5088.44196753089,1868.56929426394
2020-07-29,0.369171958021568,4773.4431790647,1762.22136492001
2020-07-30,0.371156085005695,4361.52168645505,1618.80531381209
2020-07-31,0.379319350311818,4094.98425006058,1553.3067652701
2020-08-01,0.410322389825495,3755.75478555852,1541.07027920891
2020-08-02,0.465877945381051,3440.75599709232,1602.9723344829
2020-08-03,0.486286108646357,2834.98909619578,1378.6158156439
2020-08-04,0.478004535147392,2301.91422340683,1100.32543830875
2020-08-05,0.471655328798186,1841.53137872547,868.568087924937
2020-08-06,0.519274376417234,1550.76326629513,805.271628076156
2020-08-07,0.529478458049887,1259.99515386479,667.14029121866
2020-08-08,0.550907029478458,1017.68839350618,560.651689801193
2020-08-09,0.796938775510204,920.765689362733,733.793881012546
2020-08-10,1.08265306122449,799.612309183426,865.70271433022
2020-08-11,1.28503401360544,654.228252968258,840.705557725877
2020-08-12,1.51360544217687,557.305548824812,843.540711656603
2020-08-13,1.79931972789116,581.536224860674,1046.36960187516
2020-08-14,1.93809523809524,533.074872788951,1033.14987250049
2020-08-15,2.05952380952381,508.844196753089,1047.97673855101
2020-08-16,1.82482993197279,533.074872788951,972.770983847864
2020-08-17,1.56292517006803,581.536224860674,908.897603141087
2020-08-18,1.31292517006803,557.305548824812,731.700482470672
2020-08-19,1.06802721088435,581.536224860674,621.096512266162
2020-08-20,0.847789115646258,557.305548824812,472.47757838294
2020-08-21,0.90969387755102,557.305548824812,506.977445691143
2020-08-22,1.14540816326531,533.074872788951,610.588310924079
2020-08-23,1.59438775510204,557.305548824812,888.561142896703
2020-08-24,2.07057823129252,678.458929004119,1404.80228922196
2020-08-25,2.30867346938776,726.920281075842,1678.22156727969
2020-08-26,2.47564935064935,799.612309183426,1979.55969400118
2020-08-27,2.4468031968032,775.381633147565,1897.20625872795
2020-08-28,2.39124764124764,993.457717470317,2375.60342358016
2020-08-29,2.07874764124764,993.457717470317,2065.14788687069
2020-08-30,1.68827145077145,1017.68839350618,1718.13426053794
2020-08-31,1.26862859362859,1090.38042161376,1383.28778079202
2020-09-01,1.19720002220002,1138.84177368549,1363.42139673858
2020-09-02,1.15424297924298,1235.76447782893,1426.37247253191
2020-09-03,1.16523199023199,1405.37921007996,1637.59281399214
2020-09-04,1.08670233275496,1453.84056215168,1579.89193034402
2020-09-05,1.02735359325917,1574.99394233099,1618.07568601516
2020-09-06,0.958646110265969,1720.37799854616,1649.23367649343
2020-09-07,0.873527062646921,1647.68597043858,1439.29828592175
2020-09-08,0.774087286736557,1720.37799854616,1331.72273705586
2020-09-09,0.659672289968619,1671.91664647444,1102.91708281645
2020-09-10,0.607724238020567,1696.1473225103,1030.7898391432
2020-09-11,0.544839754083452,1502.30191422341,818.513805504579
2020-09-12,0.513627269089454,1502.30191422341,771.623229550428
2020-09-13,0.454953799701699,1453.84056215168,661.430287911362
2020-09-14,0.507334752082651,1381.1485340441,700.70464910858
2020-09-15,0.664597657244716,1308.45650593652,869.597128452015
2020-09-16,0.928463203463203,1114.61109764962,1034.87539033941
2020-09-17,1.40898268398268,993.457717470317,1399.76472118464
2020-09-18,1.91547619047619,1017.68839350618,1949.35788708505
2020-09-19,2.42568027210884,1041.91906954204,2527.36253212213
2020-09-20,2.64483611626469,896.535013326872,2371.18818274275
2020-09-21,2.74656771799629,920.765689362733,2528.94531824228
2020-09-22,2.63196803196803,993.457717470317,2614.7489534938
2020-09-23,2.4033966033966,1138.84177368549,2737.08845068186
2020-09-24,1.86598163741021,1163.07244972135,2170.27183415774
2020-09-25,1.33536939251225,1235.76447782893,1650.20206004664
2020-09-26,0.789150905117292,1187.30312575721,936.961336339891
2020-09-27,0.573566489532876,1235.76447782893,708.793093437768
2020-09-28,0.384533300499687,1187.30312575721,456.557589641014
2020-09-29,0.303214619181006,1211.53380179307,367.354760335602
2020-09-30,0.265119381085768,1235.76447782893,327.625113529783
2020-10-01,0.373962918500734,1211.53380179307,453.068716380826
2020-10-02,0.440289449112979,1138.84177368549,501.42001716283
2020-10-03,0.486507936507937,993.457717470317,483.325064134369
2020-10-04,0.429365079365079,993.457717470317,426.556051707493
2020-10-05,0.397619047619048,896.535013326872,356.479398156161
2020-10-06,0.416666666666667,702.689605039981,292.787335433325
2020-10-07,0.511904761904762,508.844196753089,260.47976738551
2020-10-08,0.797619047619048,387.690816573782,309.229579886231
2020-10-09,0.976190476190476,290.768112430337,283.845062134376
2020-10-10,1.04761904761905,290.768112430337,304.614213022258
2020-10-11,1.61904761904762,242.306760358614,392.306183437756
2020-10-12,1.95238095238095,242.306760358614,473.075103557294
2020-10-13,2.28571428571429,193.845408286891,443.075218941466
2020-10-14,2.71428571428571,193.845408286891,526.15182249299
2020-10-15,2.85714285714286,242.306760358614,692.30502959604
2020-10-16,2.75,314.998788466198,866.246668282045
2020-10-17,2.68877551020408,363.460140537921,977.262724813696
2020-10-18,2.20663265306122,387.690816573782,855.491215143678
2020-10-19,1.96258503401361,363.460140537921,713.321432280205
2020-10-20,1.72448979591837,411.921492609644,710.354410724794
2020-10-21,1.29591836734694,460.382844681367,596.618584434016
2020-10-22,0.903061224489796,484.613520717228,437.635679423211
2020-10-23,0.86734693877551,533.074872788951,462.360859051641
2020-10-24,0.9,557.305548824812,501.574993942331
2020-10-25,0.867857142857143,533.074872788951,462.632836027554
2020-10-26,0.778571428571429,581.536224860674,452.76748935581
2020-10-27,0.692857142857143,629.997576932396,436.498321160303
2020-10-28,0.607142857142857,605.766900896535,367.787046972896
2020-10-29,0.5,533.074872788951,266.537436394475
2020-10-30,0.428571428571429,460.382844681367,197.306933434871
2020-10-31,0.6,460.382844681367,276.22970680882
2020-11-01,0.757142857142857,387.690816573782,293.537332548721
2020-11-02,0.971428571428571,387.690816573782,376.613936100246
2020-11-03,1.05714285714286,363.460140537921,384.229291425802
2020-11-04,1.14285714285714,339.22946450206,387.690816573782
2020-11-05,1.07142857142857,339.22946450206,363.460140537921
2020-11-06,1.04761904761905,314.998788466198,329.998730774112
2020-11-07,0.80952380952381,266.537436394475,215.768400890766
2020-11-08,0.666666666666667,242.306760358614,161.537840239076
2020-11-09,0.595238095238095,193.845408286891,115.38417159934
2020-11-10,0.880952380952381,169.61473225103,149.422502221145
2020-11-11,1.16666666666667,169.61473225103,197.883854292868
2020-11-12,1.45238095238095,169.61473225103,246.345206364591
2020-11-13,1.4047619047619,193.845408286891,272.306644974442
2020-11-14,1.35714285714286,193.845408286891,263.075911246495
2020-11-15,1.33333333333333,193.845408286891,258.460544382522
2020-11-16,1.23809523809524,193.845408286891,239.999076926627
2020-11-17,0.880952380952381,169.61473225103,149.422502221145
2020-11-18,0.452380952380952,145.384056215168,65.7689778116238
2020-11-19,0.166666666666667,145.384056215168,24.2306760358614
2020-11-20,0.30952380952381,121.153380179307,37.4998557697855
2020-11-21,0.452380952380952,121.153380179307,54.8074815096865
2020-11-22,0.547619047619048,121.153380179307,66.3458986696205
2020-11-23,0.5,121.153380179307,60.5766900896535
2020-11-24,0.428571428571429,121.153380179307,51.922877219703
2020-11-25,0.428571428571429,121.153380179307,51.922877219703
2020-11-26,0.428571428571429,121.153380179307,51.922877219703
2020-11-27,0.285714285714286,96.9227041434456,27.6922011838416
2020-11-28,0.142857142857143,48.4613520717228,6.9230502959604
2020-11-29,0,48.4613520717228,0
2020-11-30,0,48.4613520717228,0
2020-12-01,0,48.4613520717228,0
2020-12-02,0,48.4613520717228,0
2020-12-03,0,24.2306760358614,0
2020-12-04,0,24.2306760358614,0
2020-12-05,0,24.2306760358614,0
2020-12-06,0,24.2306760358614,0
2020-12-07,0,24.2306760358614,0
2020-12-08,0,0,0
2020-12-09,0,0,0
2020-12-10,0,0,0
2020-12-11,0,0,0
2020-12-12,0,0,0
2020-12-13,0,0,0
2020-12-14,0,0,0
2020-12-15,0,0,0
2020-12-16,0,0,0
2020-12-17,0,0,0
2020-12-18,0,0,0
2020-12-19,0,0,0
2020-12-20,0,0,0
2020-12-21,0,0,0
2020-12-22,0.142857142857143,0,0
2020-12-23,0.285714285714286,0,0
2020-12-24,0.428571428571429,0,0
2020-12-25,0.428571428571429,0,0
2020-12-26,0.428571428571429,24.2306760358614,10.3845754439406
2020-12-27,0.571428571428571,24.2306760358614,13.8461005919208
2020-12-28,0.714285714285714,24.2306760358614,17.307625739901
2020-12-29,0.857142857142857,24.2306760358614,20.7691508878812
2020-12-30,0.857142857142857,24.2306760358614,20.7691508878812
2020-12-31,0.857142857142857,48.4613520717228,41.5383017757624
2021-01-01,0.857142857142857,48.4613520717228,41.5383017757624
2021-01-02,0.857142857142857,72.6920281075842,62.3074526636436
2021-01-03,0.857142857142857,72.6920281075842,62.3074526636436
2021-01-04,1,72.6920281075842,72.6920281075842
2021-01-05,1,72.6920281075842,72.6920281075842
2021-01-06,1,72.6920281075842,72.6920281075842
2021-01-07,1,121.153380179307,121.153380179307
2021-01-08,1.07142857142857,121.153380179307,129.807193049257
2021-01-09,1.07142857142857,96.9227041434456,103.845754439406
2021-01-10,0.928571428571429,121.153380179307,112.499567309356
2021-01-11,0.642857142857143,121.153380179307,77.8843158295545
2021-01-12,0.357142857142857,121.153380179307,43.2690643497525
2021-01-13,0.357142857142857,121.153380179307,43.2690643497525
2021-01-14,0.357142857142857,96.9227041434456,34.615251479802
2021-01-15,0.571428571428571,96.9227041434456,55.3844023676832
2021-01-16,0.714285714285714,72.6920281075842,51.922877219703
2021-01-17,1.14285714285714,96.9227041434456,110.768804735366
2021-01-18,1.42857142857143,96.9227041434456,138.461005919208
2021-01-19,1.71428571428571,121.153380179307,207.691508878812
2021-01-20,1.57142857142857,121.153380179307,190.383883138911
2021-01-21,1.42857142857143,121.153380179307,173.07625739901
2021-01-22,1.19047619047619,121.153380179307,144.230214499175
2021-01-23,1.11904761904762,121.153380179307,135.576401629225
2021-01-24,0.761904761904762,96.9227041434456,73.8458698235776
2021-01-25,0.476190476190476,96.9227041434456,46.153668639736
2021-01-26,0.19047619047619,121.153380179307,23.076834319868
2021-01-27,0.19047619047619,121.153380179307,23.076834319868
2021-01-28,0.19047619047619,121.153380179307,23.076834319868
2021-01-29,0.142857142857143,121.153380179307,17.307625739901
2021-01-30,0.0714285714285714,121.153380179307,8.6538128699505
2021-01-31,0,96.9227041434456,0
2021-02-01,0.285714285714286,96.9227041434456,27.6922011838416
2021-02-02,0.571428571428571,72.6920281075842,41.5383017757624
2021-02-03,1,72.6920281075842,72.6920281075842
2021-02-04,1.14285714285714,24.2306760358614,27.6922011838416
2021-02-05,1.42857142857143,72.6920281075842,103.845754439406
2021-02-06,1.57142857142857,72.6920281075842,114.230329883347
2021-02-07,1.71428571428571,96.9227041434456,166.15320710305
2021-02-08,1.47619047619048,96.9227041434456,143.076372783182
2021-02-09,1.19047619047619,96.9227041434456,115.38417159934
2021-02-10,0.761904761904762,121.153380179307,92.307337279472
2021-02-11,0.69047619047619,121.153380179307,83.6535244095215
2021-02-12,0.476190476190476,121.153380179307,57.69208579967
2021-02-13,0.619047619047619,121.153380179307,74.999711539571
2021-02-14,0.619047619047619,121.153380179307,74.999711539571
2021-02-15,0.714285714285714,145.384056215168,103.845754439406
2021-02-16,0.714285714285714,145.384056215168,103.845754439406
2021-02-17,0.714285714285714,169.61473225103,121.153380179307
2021-02-18,0.785714285714286,169.61473225103,133.268718197238
2021-02-19,1,121.153380179307,121.153380179307
2021-02-20,1,121.153380179307,121.153380179307
2021-02-21,0.857142857142857,96.9227041434456,83.0766035515248
2021-02-22,0.714285714285714,145.384056215168,103.845754439406
2021-02-23,0.714285714285714,121.153380179307,86.538128699505
2021-02-24,0.785714285714286,96.9227041434456,76.1535532555644
2021-02-25,0.785714285714286,96.9227041434456,76.1535532555644
2021-02-26,0.785714285714286,96.9227041434456,76.1535532555644
2021-02-27,0.642857142857143,96.9227041434456,62.3074526636436
2021-02-28,0.642857142857143,121.153380179307,77.8843158295545
2021-03-01,0.642857142857143,121.153380179307,77.8843158295545
2021-03-02,0.642857142857143,121.153380179307,77.8843158295545
2021-03-03,0.928571428571429,96.9227041434456,89.9996538474852
2021-03-04,1.35714285714286,96.9227041434456,131.537955623248
2021-03-05,1.64285714285714,96.9227041434456,159.230156807089
2021-03-06,2.07142857142857,96.9227041434456,200.768458582852
2021-03-07,2.5,218.076084322753,545.190210806882
2021-03-08,2.55714285714286,218.076084322753,557.65170133961
2021-03-09,2.57755102040816,242.306760358614,624.558037414142
2021-03-10,2.27397959183673,266.537436394475,606.100690821519
2021-03-11,1.80969387755102,290.768112430337,526.201272852247
2021-03-12,1.38112244897959,290.768112430337,401.58636752496
2021-03-13,0.80969387755102,290.768112430337,235.43316042191
2021-03-14,0.381122448979592,339.22946450206,129.28796427706
2021-03-15,0.371598639455782,314.998788466198,117.053121224259
2021-03-16,0.398809523809524,314.998788466198,125.624516828781
2021-03-17,0.44047619047619,314.998788466198,138.749466348206
2021-03-18,0.476190476190476,314.998788466198,149.999423079142
2021-03-19,0.476190476190476,339.22946450206,161.537840239076
2021-03-20,0.476190476190476,339.22946450206,161.537840239076
2021-03-21,0.476190476190476,242.306760358614,115.38417159934
2021-03-22,0.428571428571429,193.845408286891,83.0766035515248
2021-03-23,0.523809523809524,169.61473225103,88.8458121314918
2021-03-24,0.571428571428571,145.384056215168,83.0766035515248
2021-03-25,0.714285714285714,121.153380179307,86.538128699505
2021-03-26,0.857142857142857,121.153380179307,103.845754439406
2021-03-27,1.14285714285714,145.384056215168,166.15320710305
2021-03-28,1.28571428571429,72.6920281075842,93.4611789954654
2021-03-29,1.42857142857143,96.9227041434456,138.461005919208
2021-03-30,1.35714285714286,121.153380179307,164.42244452906
2021-03-31,1.35714285714286,121.153380179307,164.42244452906
2021-04-01,1.14285714285714,121.153380179307,138.461005919208
2021-04-02,1,121.153380179307,121.153380179307
2021-04-03,0.857142857142857,121.153380179307,103.845754439406
2021-04-04,0.857142857142857,121.153380179307,103.845754439406
2021-04-05,0.785714285714286,121.153380179307,95.1919415694555
2021-04-06,0.714285714285714,121.153380179307,86.538128699505
2021-04-07,0.571428571428571,145.384056215168,83.0766035515248
2021-04-08,0.785714285714286,145.384056215168,114.230329883347
2021-04-09,1.07142857142857,145.384056215168,155.768631659109
2021-04-10,1.35714285714286,121.153380179307,164.42244452906
2021-04-11,1.64285714285714,121.153380179307,199.037696008861
2021-04-12,2.14285714285714,145.384056215168,311.537263318218
2021-04-13,2.71428571428571,145.384056215168,394.613866869743
2021-04-14,3.28571428571429,145.384056215168,477.690470421268
2021-04-15,3.52380952380952,193.845408286891,683.074295868093
2021-04-16,3.66666666666667,290.768112430337,1066.1497455779
2021-04-17,3.52380952380952,411.921492609644,1451.5328787197
2021-04-18,3.23809523809524,436.152168645505,1412.30226037592
2021-04-19,2.76190476190476,533.074872788951,1472.30202960758
2021-04-20,2.30735930735931,678.458929004119,1565.44852449868
2021-04-21,1.9025974025974,751.150957111703,1429.13785995928
2021-04-22,1.56246134817563,799.612309183426,1249.36332662457
2021-04-23,1.21722325293754,848.073661255149,1032.29498068364
2021-04-24,1.21722325293754,969.227041434456,1179.76569220987
2021-04-25,1.26484230055659,1138.84177368549,1440.45524899829
2021-04-26,1.24103277674706,1235.76447782893,1533.62422132542
2021-04-27,1.16383219954649,1356.91785800824,1579.22469528963
2021-04-28,1.03475951784222,1453.84056215168,1504.37535911155
2021-04-29,0.895728905597327,1453.84056215168,1302.24701564913
2021-04-30,0.705252715121136,1356.91785800824,956.970003556666
2021-05-01,0.480762919202769,1284.22582990065,617.408158898637
2021-05-02,0.404572443012293,1284.22582990065,519.562381382397
2021-05-03,0.476001014440864,1211.53380179307,576.691318682898
2021-05-04,0.579175617615467,1066.1497455779,617.487937365654
2021-05-05,0.827295918367347,1017.68839350618,841.929454117484
2021-05-06,1.11598639455782,1017.68839350618,1135.7264010523
2021-05-07,1.36598639455782,993.457717470317,1357.04972563292
2021-05-08,1.44761904761905,920.765689362733,1332.91795031558
2021-05-09,1.44761904761905,823.842985219288,1192.61079765078
2021-05-10,1.37619047619048,726.920281075842,1000.38076776628
2021-05-11,1.29455782312925,654.228252968258,846.936302992241
2021-05-12,1.08027210884354,557.305548824812,602.041640499185
2021-05-13,0.83265306122449,533.074872788951,443.866424689575
2021-05-14,0.689795918367347,557.305548824812,384.42709286283
2021-05-15,0.642176870748299,508.844196753089,326.767973969331
2021-05-16,0.62312925170068,508.844196753089,317.075703554986
2021-05-17,0.587414965986395,508.844196753089,298.90269652809
2021-05-18,0.669047619047619,533.074872788951,356.65247441356
2021-05-19,0.704761904761905,484.613520717228,341.537147934046
2021-05-20,0.904761904761905,460.382844681367,416.536859473617
2021-05-21,1.11904761904762,436.152168645505,488.075045865208
2021-05-22,1.5952380952381,436.152168645505,695.76655474402
2021-05-23,1.69047619047619,387.690816573782,655.382094684251
2021-05-24,1.79761904761905,363.460140537921,653.362871681263
2021-05-25,1.83333333333333,363.460140537921,666.343590986188
2021-05-26,1.86904761904762,363.460140537921,679.324310291114
2021-05-27,1.69047619047619,363.460140537921,614.420713766486
2021-05-28,1.44047619047619,363.460140537921,523.555678632005
2021-05-29,1.01190476190476,411.921492609644,416.825319902616
2021-05-30,0.935714285714286,387.690816573782,362.767835508325
2021-05-31,0.907142857142857,363.460140537921,329.710270345114
2021-06-01,0.966666666666667,387.690816573782,374.767789354656
2021-06-02,1.10952380952381,411.921492609644,457.036703704986
2021-06-03,1.24047619047619,411.921492609644,510.978803927677
2021-06-04,1.27619047619048,460.382844681367,587.536201783839
2021-06-05,1.2047619047619,460.382844681367,554.651712878027
2021-06-06,1.14761904761905,484.613520717228,556.151707108819
2021-06-07,1.05714285714286,484.613520717228,512.30572190107
2021-06-08,0.847619047619048,436.152168645505,369.690885804285
2021-06-09,0.561904761904762,436.152168645505,245.075980476998
2021-06-10,0.395238095238095,436.152168645505,172.383952369414
2021-06-11,0.323809523809524,387.690816573782,125.537978700082
2021-06-12,0.395238095238095,339.22946450206,134.076407398433
2021-06-13,0.338095238095238,314.998788466198,106.499590386191
2021-06-14,0.457142857142857,339.22946450206,155.076326629513
2021-06-15,0.571428571428571,290.768112430337,166.15320710305
2021-06-16,0.714285714285714,266.537436394475,190.383883138911
2021-06-17,0.785714285714286,242.306760358614,190.383883138911
2021-06-18,0.857142857142857,218.076084322753,186.922357990931
2021-06-19,0.857142857142857,169.61473225103,145.384056215168
2021-06-20,1.14285714285714,121.153380179307,138.461005919208
2021-06-21,1.28571428571429,121.153380179307,155.768631659109
2021-06-22,1.57142857142857,96.9227041434456,152.307106511129
2021-06-23,1.71428571428571,96.9227041434456,166.15320710305
2021-06-24,2.14285714285714,121.153380179307,259.614386098515
2021-06-25,2.21428571428571,121.153380179307,268.268198968466
2021-06-26,2.42857142857143,145.384056215168,353.07556509398
2021-06-27,2.42857142857143,169.61473225103,411.921492609644
2021-06-28,2.64285714285714,193.845408286891,512.30572190107
2021-06-29,2.42857142857143,193.845408286891,470.767420125307
2021-06-30,2.33333333333333,266.537436394475,621.920684920443
2021-07-01,1.84761904761905,339.22946450206,626.766820127615
2021-07-02,1.65714285714286,339.22946450206,562.151684031984
2021-07-03,1.32040816326531,387.690816573782,511.910119027015
2021-07-04,1.05850340136054,411.921492609644,436.02030102082
2021-07-05,0.629931972789116,387.690816573782,244.218840916546
2021-07-06,0.463265306122449,387.690816573782,179.603704820916
2021-07-07,0.415646258503401,411.921492609644,171.213627200335
2021-07-08,0.329931972789116,363.460140537921,119.917121197885
2021-07-09,0.306122448979592,387.690816573782,118.680862216464
2021-07-10,0.285714285714286,363.460140537921,103.845754439406
2021-07-11,0.261904761904762,339.22946450206,88.8458121314918
2021-07-12,0.19047619047619,290.768112430337,55.3844023676832
2021-07-13,0.142857142857143,290.768112430337,41.5383017757624
2021-07-14,0.142857142857143,218.076084322753,31.1537263318218
2021-07-15,0.285714285714286,145.384056215168,41.5383017757624
2021-07-16,0.857142857142857,121.153380179307,103.845754439406
2021-07-17,1.28571428571429,72.6920281075842,93.4611789954654
2021-07-18,1.71428571428571,72.6920281075842,124.614905327287
2021-07-19,1.85714285714286,72.6920281075842,134.999480771228
2021-07-20,2,145.384056215168,290.768112430337
2021-07-21,1.89285714285714,121.153380179307,229.326041053688
2021-07-22,1.75,121.153380179307,212.018415313787
2021-07-23,1.17857142857143,121.153380179307,142.787912354183
2021-07-24,0.75,121.153380179307,90.8650351344803
2021-07-25,0.321428571428571,121.153380179307,38.9421579147772
2021-07-26,0.178571428571429,121.153380179307,21.6345321748762
2021-07-27,0.0357142857142857,121.153380179307,4.32690643497525
2021-07-28,0,121.153380179307,0
2021-07-29,0,121.153380179307,0
2021-07-30,0.142857142857143,121.153380179307,17.307625739901
2021-07-31,0.285714285714286,121.153380179307,34.615251479802
2021-08-01,0.428571428571429,96.9227041434456,41.5383017757624
2021-08-02,0.714285714285714,96.9227041434456,69.230502959604
2021-08-03,1,48.4613520717228,48.4613520717228
2021-08-04,1.28571428571429,48.4613520717228,62.3074526636436
2021-08-05,1.28571428571429,48.4613520717228,62.3074526636436
2021-08-06,1.14285714285714,72.6920281075842,83.0766035515248
2021-08-07,1,72.6920281075842,72.6920281075842
2021-08-08,0.857142857142857,72.6920281075842,62.3074526636436
2021-08-09,0.571428571428571,72.6920281075842,41.5383017757624
2021-08-10,0.285714285714286,72.6920281075842,20.7691508878812
2021-08-11,0,72.6920281075842,0
2021-08-12,0,72.6920281075842,0
2021-08-13,0,72.6920281075842,0
2021-08-14,0,72.6920281075842,0
2021-08-15,0,72.6920281075842,0
2021-08-16,0,72.6920281075842,0
2021-08-17,0,48.4613520717228,0
2021-08-18,0,48.4613520717228,0
2021-08-19,0,48.4613520717228,0
2021-08-20,0,0,0
2021-08-21,0,0,0
2021-08-22,0,0,0
2021-08-23,0,0,0
2021-08-24,0,0,0
2021-08-25,0,0,0
2021-08-26,0,0,0
2021-08-27,0,0,0
2021-08-28,0.142857142857143,0,0
2021-08-29,0.285714285714286,0,0
2021-08-30,0.428571428571429,0,0
2021-08-31,0.428571428571429,0,0
2021-09-01,0.428571428571429,24.2306760358614,10.3845754439406
2021-09-02,0.428571428571429,24.2306760358614,10.3845754439406
2021-09-03,0.428571428571429,24.2306760358614,10.3845754439406
2021-09-04,0.285714285714286,24.2306760358614,6.9230502959604
2021-09-05,0.142857142857143,24.2306760358614,3.4615251479802
2021-09-06,0,24.2306760358614,0
2021-09-07,0,24.2306760358614,0
2021-09-08,0,24.2306760358614,0
2021-09-09,0,24.2306760358614,0
2021-09-10,0,24.2306760358614,0
2021-09-11,0,24.2306760358614,0
2021-09-12,0,24.2306760358614,0
2021-09-13,0,24.2306760358614,0
2021-09-14,0,24.2306760358614,0
2021-09-15,0,0,0
2021-09-16,0,0,0
2021-09-17,0,0,0
2021-09-18,0,0,0
2021-09-19,0,0,0
2021-09-20,0,0,0
2021-09-21,0,0,0
2021-09-22,0,0,0
2021-09-23,0,0,0
2021-09-24,0,0,0
2021-09-25,0,0,0
2021-09-26,0,0,0
2021-09-27,0,0,0
2021-09-28,0,0,0
2021-09-29,0,0,0
2021-09-30,0,0,0
2021-10-01,0,0,0
2021-10-02,0,0,0
2021-10-03,0,0,0
2021-10-04,0,0,0
2021-10-05,0,0,0
2021-10-06,0,0,0
2021-10-07,0,0,0
2021-10-08,0,0,0
2021-10-09,0,0,0
2021-10-10,0,0,0
2021-10-11,0,0,0
2021-10-12,0,0,0
2021-10-13,0,0,0
2021-10-14,0,0,0
2021-10-15,0,0,0
2021-10-16,0,0,0
2021-10-17,0,0,0
2021-10-18,0,0,0
