"fecha","rho7dpromedio","incidenciaAcum14d","riesgopor10"
2020-03-03,3.25,0.270091425947683,0.877797134329971
2020-03-04,3.4,0.540182851895367,1.83662169644425
2020-03-09,3.33333333333333,0.81027427784305,2.70091425947683
2020-03-10,3.14285714285714,1.35045712973842,4.24429383632074
2020-03-11,3,1.89063998163378,5.67191994490135
2020-03-13,2.68571428571429,2.70091425947683,7.25388401116635
2020-03-14,2.17551020408163,2.97100568542452,6.46345318502558
2020-03-15,1.67551020408163,3.51118853731988,5.88303222273393
2020-03-16,1.17551020408163,3.78127996326757,4.44493318131045
2020-03-17,0.925510204081633,4.05137138921525,3.74958556124309
2020-03-18,0.854081632653061,4.32146281516293,3.69088201662385
2020-03-19,1.13979591836735,4.59155424111062,5.23343478298016
2020-03-20,1.35884353741497,4.8616456670583,6.60621579588364
2020-03-21,1.67857142857143,5.67191994490135,9.52072276465584
2020-03-22,1.77857142857143,5.94201137084903,10.5682916524386
2020-03-23,1.85,6.75228564869208,12.4917284500804
2020-03-24,1.75079365079365,6.75228564869208,11.8218588420752
2020-03-25,1.63854875283447,7.02237707463977,11.5065071975843
2020-03-26,1.4421201814059,7.02237707463977,10.1271117007801
2020-03-28,1.41831065759637,6.4821942227444,9.19376515072801
2020-03-30,1.56116780045351,6.75228564869208,10.5414509342025
2020-03-31,1.90402494331066,6.75228564869208,12.8565202994683
2020-04-01,2.33259637188209,8.91301705627355,20.7904712479868
2020-04-02,2.4510334903192,9.18310848222123,22.5081064351586
2020-04-03,2.678663003663,11.8840227416981,31.8332920528764
2020-04-04,2.64132534132534,12.9643884454888,34.243167735855
2020-04-05,2.62545232545233,14.8550284271226,39.0011689286494
2020-04-06,2.25640470640471,15.3952112790179,34.7378271860709
2020-04-07,1.91672216672217,19.4465826682332,37.2736960671977
2020-04-08,1.46434121434121,20.5269483720239,30.0584565058089
2020-04-09,1.41415806415806,23.4979540574484,33.2298212215564
2020-04-10,1.21576186576187,24.3082283352915,29.5530170342794
2020-04-11,1.17480282480282,24.8484111871869,29.1919836545692
2020-04-12,1.04348969348969,28.6296911504544,29.8747876432923
2020-04-13,1.06015636015636,31.3306054099313,33.2153405928879
2020-04-14,1.12979281688959,32.6810625396697,36.9228297056383
2020-04-15,1.24183763481676,32.6810625396697,40.5845734075621
2020-04-16,1.36462675046302,34.5717025213035,47.1774700696206
2020-04-17,1.43335261918889,34.8417939472511,49.940576611532
2020-04-18,1.45569694153321,42.1342624478386,61.3347169790763
2020-04-19,1.39848057299609,42.9445367256816,60.0571003271828
2020-04-20,1.32835070286622,44.2949938554201,58.839286221302
2020-04-21,1.17305985859181,43.484719577577,51.0101789985769
2020-04-22,1.06441640120885,44.8351767073154,47.7232974383637
2020-04-23,0.929143373078683,44.8351767073154,41.6583073184139
2020-04-24,0.882989526924837,46.9959081148969,41.4968946737759
2020-04-25,0.900938244873555,47.8061823927399,43.0704180590202
2020-04-26,1.00360915886522,46.1856338370538,46.3523251268628
2020-04-27,1.16421521947128,48.0762738186876,55.971129675185
2020-04-28,1.27934806506235,49.9669138003214,63.9250744875785
2020-04-29,1.31336167050453,52.9379194857459,69.5266343688335
2020-04-30,1.27526157580066,54.2883766154843,69.2318807103222
2020-05-01,1.21367732671641,56.7191994490135,68.8388063607736
2020-05-02,1.1026550156941,52.1276452079029,57.4788094448166
2020-05-03,0.972005665044749,51.8575537819552,50.4058360514232
2020-05-04,0.778423884506446,52.1276452079029,40.5774040729096
2020-05-05,0.661643839154972,51.0472795041121,33.7751179895177
2020-05-06,0.634213512185475,50.5070966522168,32.0322831580936
2020-05-07,0.671107043182779,48.8865480965307,32.8081067444754
2020-05-08,0.785194344770081,46.4557252630015,36.4767727587014
2020-05-09,0.935843695419432,47.5360909667923,44.4863510361571
2020-05-10,1.18986966944541,48.3463652446353,57.5258736325211
2020-05-11,1.33073036154833,45.1052681332631,60.0229497707118
2020-05-12,1.45771448853246,46.7258166889492,68.1128999759931
2020-05-13,1.43857234035805,43.7548110035247,62.9444608672649
2020-05-14,1.4236913879771,45.9155424111062,65.3695623049892
2020-05-15,1.29857467462509,42.9445367256816,55.7666878054775
2020-05-16,1.207665583716,42.4043538737863,51.2102787730861
2020-05-17,1.03840151445193,41.5940795959432,43.1913552446618
2020-05-18,1.0863606981254,41.3239881699955,44.8927566376823
2020-05-19,1.11493212669683,41.8641710218909,46.6757092298367
2020-05-20,1.21193856853086,44.0249024294724,53.3554772300856
2020-05-21,1.23226377178289,47.8061823927399,58.9098266298187
2020-05-22,1.29388842164284,50.5070966522168,65.350547569099
2020-05-23,1.30182492957935,51.8575537819552,67.5094563003509
2020-05-24,1.31639075590988,51.5874623560075,67.9092585662971
2020-05-25,1.2293159259779,53.2080109116936,65.4094552033511
2020-05-26,1.15788735454933,55.0986508933274,63.7980311221121
2020-05-27,1.06303562075237,57.2593823009089,60.8687630081437
2020-05-28,1.05398861298906,56.4491080230658,59.4967170697005
2020-05-29,1.01997500754688,57.5294737268565,58.6786253987184
2020-05-30,1.06346707103894,58.0696565787519,61.7551675980425
2020-05-31,1.10128219708936,59.1500222825426,65.1408664972033
2020-06-01,1.25621416987848,63.4714850977056,79.7337789629684
2020-06-02,1.35401636768068,63.2013936717579,85.57572149179
2020-06-03,1.4919715497535,66.4424907831301,99.1303059431895
2020-06-04,1.54862052513313,69.1434050426069,107.076896226575
2020-06-05,1.62430079724197,73.1947764318222,118.890333712157
2020-06-06,1.61682826976945,79.1367878026712,127.950595698105
2020-06-07,1.60225101029423,80.4872449324096,128.960769508752
2020-06-08,1.52555033002212,86.4292563032587,131.852180477003
2020-06-09,1.49709002628092,90.4806276924739,135.45764529004
2020-06-10,1.4206691353439,97.232913341166,138.135798923362
2020-06-11,1.37415052790092,106.416021823387,146.231632565723
2020-06-12,1.30328678094228,116.409404583452,151.714838170974
2020-06-13,1.25248142191774,124.78223878783,156.28743586706
2020-06-14,1.18705868139296,126.132695917568,149.726911696448
2020-06-15,1.14103496217076,133.965347270051,152.859144954475
2020-06-16,1.1017296981464,141.257815770638,155.627930729805
2020-06-17,1.08935635579377,145.309187159854,158.293486587813
2020-06-18,1.03728660703096,152.601655660441,158.291653627325
2020-06-19,1.01075926989638,159.894124161029,161.614468197722
2020-06-20,1.00510858496487,163.405312698348,164.24008262198
2020-06-21,1.03013022998652,163.135221272401,168.05052300824
2020-06-22,1.04852826478861,159.083849883185,166.803913073908
2020-06-23,1.12114944206095,161.514672716715,181.082085201002
2020-06-24,1.18087390790874,170.427689772988,201.253612038086
2020-06-25,1.20794735678173,171.778146902727,207.498958504013
2020-06-26,1.20699475557474,173.398695458413,209.291316041805
2020-06-27,1.17062257512361,174.479061162203,204.249127882848
2020-06-28,1.11954032404136,177.17997542168,198.360127097228
2020-06-29,1.05461319786354,173.66878688436,183.153394705198
2020-06-30,0.954860959561839,175.019244014099,167.11904328109
2020-07-01,0.89480588787886,173.398695458413,155.158173646701
2020-07-02,0.91534600529569,169.347324069197,155.011396594254
2020-07-03,0.96402302392923,170.967872624884,164.816965562588
2020-07-04,0.998116879257205,167.726775513511,167.41092574342
2020-07-05,0.988106056746383,169.887506921093,167.866874554275
2020-07-06,0.902073833330701,179.880889681157,162.265843697618
2020-07-07,0.849029641710676,176.369701143837,149.743104170771
2020-07-08,0.793610344827586,165.56604410593,131.394925354646
