"fecha","rho7dpromedio","incidenciaAcum14d","riesgopor10"
2020-01-02,0,0,0
2020-01-03,0,0,0
2020-01-04,0,0,0
2020-01-05,0,0,0
2020-01-06,0,0,0
2020-01-07,0,0,0
2020-01-08,0,0,0
2020-01-09,0,0,0
2020-01-10,0,0,0
2020-01-11,0,0,0
2020-01-12,0,0,0
2020-01-13,0,0,0
2020-01-14,0,0,0
2020-01-15,0,0,0
2020-01-16,0,0,0
2020-01-17,0,0,0
2020-01-18,0,0,0
2020-01-19,0,0,0
2020-01-20,0,0,0
2020-01-21,0,0,0
2020-01-22,0.142857142857143,0,0
2020-01-23,0.285714285714286,0,0
2020-01-24,0.428571428571429,0,0
2020-01-25,0.428571428571429,0,0
2020-01-26,0.428571428571429,0.216063453515028,0.0925986229350121
2020-01-27,0.428571428571429,0.216063453515028,0.0925986229350121
2020-01-28,0.428571428571429,0.216063453515028,0.0925986229350121
2020-01-29,0.285714285714286,0.216063453515028,0.0617324152900081
2020-01-30,0.142857142857143,0.216063453515028,0.030866207645004
2020-01-31,0,0.216063453515028,0
2020-02-01,0,0.216063453515028,0
2020-02-02,0,0.216063453515028,0
2020-02-03,0,0.216063453515028,0
2020-02-04,0,0.216063453515028,0
2020-02-05,0,0.216063453515028,0
2020-02-06,0,0.216063453515028,0
2020-02-07,0,0.216063453515028,0
2020-02-08,0,0.216063453515028,0
2020-02-09,0,0,0
2020-02-10,0,0,0
2020-02-11,0,0,0
2020-02-12,0,0,0
2020-02-13,0,0,0
2020-02-14,0,0,0
2020-02-15,0,0,0
2020-02-16,0,0,0
2020-02-17,0,0,0
2020-02-18,0,0,0
2020-02-19,0,0,0
2020-02-20,0,0,0
2020-02-21,0,0,0
2020-02-22,0,0,0
2020-02-23,0,0,0
2020-02-24,0,0,0
2020-02-25,0,0,0
2020-02-26,0,0,0
2020-02-27,0,0,0
2020-02-28,0,0,0
2020-02-29,0,0,0
2020-03-01,0,0,0
2020-03-02,0,0,0
2020-03-03,0,0,0
2020-03-04,0.142857142857143,0,0
2020-03-05,0.285714285714286,0,0
2020-03-06,0.428571428571429,0,0
2020-03-07,0.428571428571429,0,0
2020-03-08,0.428571428571429,0.216063453515028,0.0925986229350121
2020-03-09,0.428571428571429,0.216063453515028,0.0925986229350121
2020-03-10,0.571428571428571,0.216063453515028,0.123464830580016
2020-03-11,0.571428571428571,0.216063453515028,0.123464830580016
2020-03-12,0.571428571428571,0.216063453515028,0.123464830580016
2020-03-13,0.571428571428571,0.216063453515028,0.123464830580016
2020-03-14,0.857142857142857,0.432126907030057,0.370394491740048
2020-03-15,1.14285714285714,0.432126907030057,0.493859322320065
2020-03-16,1.57142857142857,0.432126907030057,0.679056568190089
2020-03-17,2,0.648190360545085,1.29638072109017
2020-03-18,2.42857142857143,0.864253814060113,2.09890211986027
2020-03-19,2.64285714285714,0.864253814060113,2.2840993657303
2020-03-20,2.71428571428571,1.29638072109017,3.51874767153046
2020-03-21,2.57142857142857,1.72850762812023,4.44473390088058
2020-03-22,2.35714285714286,1.5124441746052,3.56504698299797
2020-03-23,2,2.16063453515028,4.32126907030057
2020-03-24,1.48571428571429,2.16063453515028,3.21008559508042
2020-03-25,0.914285714285714,2.16063453515028,1.97543728928026
2020-03-26,0.604761904761905,2.59276144218034,1.56800334836621
2020-03-27,0.533333333333333,2.59276144218034,1.38280610249618
2020-03-28,0.533333333333333,2.37669798866531,1.2675722606215
2020-03-29,0.604761904761905,2.37669798866531,1.43733640266902
2020-03-30,0.819047619047619,2.59276144218034,2.12359508597628
2020-03-31,1.19047619047619,2.59276144218034,3.0866207645004
2020-04-01,1.4047619047619,2.37669798866531,3.33869479360127
2020-04-02,1.5,2.59276144218034,3.88914216327051
2020-04-03,1.5,2.37669798866531,3.56504698299797
2020-04-04,1.42857142857143,2.16063453515028,3.0866207645004
2020-04-05,1.38095238095238,2.37669798866531,3.2821067462521
2020-04-06,1.19047619047619,1.72850762812023,2.0577471763336
2020-04-07,0.904761904761905,1.94457108163525,1.75937383576523
2020-04-08,0.904761904761905,1.94457108163525,1.75937383576523
2020-04-09,1.19047619047619,1.72850762812023,2.0577471763336
2020-04-10,1.26190476190476,1.94457108163525,2.45386350777782
2020-04-11,1.4047619047619,1.94457108163525,2.73165937658286
2020-04-12,1.5952380952381,2.37669798866531,3.79139917239466
2020-04-13,1.73809523809524,2.37669798866531,4.13092745648971
2020-04-14,1.73809523809524,2.16063453515028,3.75538859680883
2020-04-15,1.76190476190476,2.59276144218034,4.5681987314606
2020-04-16,1.57142857142857,2.80882489569537,4.41386769323558
2020-04-17,1.60714285714286,2.80882489569537,4.51418286808184
2020-04-18,1.50714285714286,2.59276144218034,3.90766188785751
2020-04-19,1.45952380952381,3.24095180272542,4.73024632159687
2020-04-20,1.33571428571429,3.45701525624045,4.6175846636926
2020-04-21,1.36428571428571,3.67307870975548,5.01112881116641
2020-04-22,1.28945578231293,3.88914216327051,5.01487685066616
2020-04-23,1.33707482993197,4.10520561678554,5.4889671018993
2020-04-24,1.3156462585034,4.10520561678554,5.40099841011104
2020-04-25,1.4156462585034,4.75339597733062,6.72912723049321
2020-04-26,1.32040816326531,5.18552288436068,6.8470067473089
2020-04-27,1.34897959183673,5.18552288436068,6.99516454400492
2020-04-28,1.33826530612245,5.83371324490576,7.8070560415244
2020-04-29,1.40714285714286,5.83371324490576,8.20886792318883
2020-04-30,1.40714285714286,5.61764979139074,7.90483577788553
2020-05-01,1.51190476190476,6.48190360545085,9.80002092728878
2020-05-02,1.51190476190476,7.13009396599593,10.7800230200177
2020-05-03,1.57539682539683,7.34615741951096,11.5731130775629
2020-05-04,1.5534188034188,7.99434778005605,12.4185701626084
2020-05-05,1.54746642246642,8.64253814060113,13.3740375774656
2020-05-06,1.4377725449154,9.07466504763119,13.0473042597875
2020-05-07,1.33062968777254,9.72285540817627,12.9375200560392
2020-05-08,1.1841095412524,10.1549823152063,12.0246114506852
2020-05-09,1.21657707371993,10.5871092222364,12.8800343567416
2020-05-10,1.24099709813996,10.5871092222364,13.1385718224861
2020-05-11,1.41773702487988,11.6674264898115,16.5413425196701
2020-05-12,1.62487988202274,12.5316803038716,20.3624752137016
2020-05-13,1.8133552721788,13.3959341179318,24.2915877585114
2020-05-14,1.9054605353367,14.908378292537,28.4073264822994
2020-05-15,1.94993986553031,16.2047590136271,31.5983056119832
2020-05-16,1.96032947591992,19.6617742698676,38.5435556501053
2020-05-17,1.92128956845896,20.0939011768976,38.6062027208187
2020-05-18,1.81672071389011,21.3902818979878,38.860168200023
2020-05-19,1.63735563452503,23.9830433401681,39.2687711460823
2020-05-20,1.50710353368469,27.2239951428936,41.0293792808698
2020-05-21,1.37610938163791,29.6006931315589,40.733791521323
2020-05-22,1.30448073017732,32.4095180272542,42.2775917408878
2020-05-23,1.24448073017732,34.3540891088895,42.7530018988077
2020-05-24,1.26703712115477,36.2986601905247,45.9917499095777
2020-05-25,1.26003343973248,38.6753581791901,48.7322445994106
2020-05-26,1.26580544550449,42.9966272494906,54.4253649107319
2020-05-27,1.23300285078239,47.1018328662762,58.0766942011941
2020-05-28,1.25895178107914,49.0464039479114,61.7470576057503
2020-05-29,1.27320095901119,49.6945943084565,63.2712051311987
2020-05-30,1.32350708146017,51.4231019365767,68.0588395637073
2020-05-31,1.3456745691449,53.799799925242,72.3970225844817
2020-06-01,1.42597188318285,59.2013862631177,84.4195122566532
2020-06-02,1.43944590915687,62.2262746123281,89.571356432788
2020-06-03,1.49735854789658,65.0350995080235,97.3808621616437
2020-06-04,1.49962103962568,68.924241671294,103.360242950518
2020-06-05,1.51023180567123,75.1900818232298,113.554453040464
2020-06-06,1.43940620270277,79.5113508935304,114.449131661424
2020-06-07,1.38247259618112,85.7771910454662,118.58461599775
2020-06-08,1.32155970321892,90.3145235692818,119.356034964579
2020-06-09,1.33405970321892,93.9876022790373,125.385072802631
2020-06-10,1.34025895711403,100.253442430973,134.365574199628
2020-06-11,1.36669272649807,106.087155675879,144.988544037092
2020-06-12,1.39444255882537,119.483089793811,166.612305468443
2020-06-13,1.4025482462414,124.668612678171,174.853744073118
2020-06-14,1.41183399749269,133.095087365257,187.90816924153
2020-06-15,1.38109250578282,142.169752412889,196.349579606439
2020-06-16,1.34827397296428,152.10867127458,205.084162541696
2020-06-17,1.29675279883189,160.751209415181,208.454580724747
2020-06-18,1.27067903599342,170.258001369842,216.343273050797
2020-06-19,1.22338643080476,176.955968428808,216.48553062572
2020-06-20,1.20119704930504,187.110950744015,224.757121926371
2020-06-21,1.14795401263535,195.321361977586,224.219941235571
2020-06-22,1.12516330581878,209.581549909577,235.813469534883
2020-06-23,1.07792793028151,216.711643875573,233.599533750701
2020-06-24,1.04062024695324,221.248976399389,230.236164458883
2020-06-25,0.985089492984985,227.082689644295,223.696771607365
2020-06-26,0.969371749083583,233.564593249746,226.410918282501
2020-06-27,0.984269708267256,238.101925773561,234.356513019015
2020-06-28,1.03975731217834,235.941291238411,245.321682809937
2020-06-29,1.11008080022335,237.237671959501,263.352984731927
2020-06-30,1.19862127152115,242.855321750892,291.091554552732
2020-07-01,1.2514342273976,254.954875147733,319.059257201755
2020-07-02,1.26878860325337,260.356461485609,330.337311116316
2020-07-03,1.25466044562746,269.86325344027,338.586749819845
2020-07-04,1.21559015084288,272.239951428936,330.932203622957
2020-07-05,1.16921143871545,271.159634161361,317.042945979361
2020-07-06,1.11722316373066,274.184522510571,306.325299685241
2020-07-07,1.0578594078062,283.907377918747,300.334090676937
2020-07-08,1.03835632760416,289.092900803108,300.181442814349
2020-07-09,1.06082825284405,294.926614048014,312.866484697765
2020-07-10,1.13572446567129,303.3530887351,344.525524613408
2020-07-11,1.21749078623461,305.729786723765,372.223198413655
2020-07-12,1.29367848012607,320.854228469817,415.082210628856
2020-07-13,1.30895177926545,337.923241297504,442.325227951516
2020-07-14,1.31997104012478,356.720761753312,470.861074925623
2020-07-15,1.29966441001005,367.091807522033,477.096157442645
2020-07-16,1.29214064686505,374.870091848574,484.384882971578
2020-07-17,1.23828843722467,377.894980197784,467.94298446416
2020-07-18,1.18779762686543,394.531866118442,468.624014298276
2020-07-19,1.11819923536159,409.440244410979,457.83576822662
2020-07-20,1.06883772244595,431.910843576542,461.64260234806
2020-07-21,1.01109885884144,445.522841147988,450.467636272527
2020-07-22,0.972427995962605,451.140490939379,438.701643501766
2020-07-23,0.929711588516774,464.104298150281,431.48314427076
2020-07-24,0.879759556421885,463.672171243251,407.920023698135
2020-07-25,0.825810864268967,475.123534279547,392.362176477919
2020-07-26,0.761506881806417,470.802265209247,358.519164926891
2020-07-27,0.714646862630962,467.777376860036,334.295634782766
2020-07-28,0.660200163795419,448.979856404229,296.416574738916
2020-07-29,0.615260227748405,431.478716669511,265.471693486673
2020-07-30,0.539451918154545,416.35427492346,224.603112239305
2020-07-31,0.485108347296419,402.958340805528,195.478454737477
2020-08-01,0.430983212690893,371.845203499364,160.259040427855
2020-08-02,0.395440724794289,347.430033252165,137.38798416454
