"fecha","rho7dpromedio","incidenciaAcum14d","riesgopor10"
2020-03-01,1.25,0.133759580529955,0.167199475662444
2020-03-02,1,0.133759580529955,0.133759580529955
2020-03-03,0.833333333333333,0.267519161059911,0.222932634216592
2020-03-04,0.714285714285714,0.267519161059911,0.191085115042794
2020-03-05,0.714285714285714,0.267519161059911,0.191085115042794
2020-03-06,0.714285714285714,0.267519161059911,0.191085115042794
2020-03-07,1.14285714285714,0.267519161059911,0.30573618406847
2020-03-08,1.42857142857143,0.267519161059911,0.382170230085587
2020-03-09,1.71428571428571,0.401278741589866,0.687906414154057
2020-03-10,1.71428571428571,0.535038322119822,0.917208552205409
2020-03-11,1.71428571428571,0.802557483179733,1.37581282830811
2020-03-12,1.60714285714286,0.802557483179733,1.28982452653886
2020-03-13,1.36904761904762,0.802557483179733,1.09873941149606
2020-03-14,0.869047619047619,0.802557483179733,0.697460669906196
2020-03-15,0.726190476190476,0.668797902649777,0.485674667400433
2020-03-16,1.01190476190476,0.802557483179733,0.812111738931872
2020-03-17,1.58333333333333,0.668797902649777,1.05893001252881
2020-03-18,2.1547619047619,0.668797902649777,1.4411002426144
2020-03-19,2.69047619047619,0.936317063709688,2.51913876664749
2020-03-20,3.21428571428571,1.33759580529955,4.29941508846285
2020-03-21,3.28571428571429,1.60511496635947,5.2739491751811
2020-03-22,3.10204081632653,2.14015328847929,6.6388428540582
2020-03-23,2.60997732426304,2.27391286900924,5.93486102546403
2020-03-24,2.12783446712018,2.4076724495392,5.12312842366518
2020-03-25,1.66354875283447,2.27391286900924,3.78276491729457
2020-03-26,1.2921201814059,2.54143203006915,3.28383561572371
2020-03-27,1.0921201814059,2.80895119112906,3.06771228441618
2020-03-28,1.2921201814059,2.94271077165902,3.80233597610114
2020-03-29,1.50436507936508,3.34398951324889,5.03058104949465
2020-03-30,1.73452380952381,3.6115086743088,6.26424778389038
2020-03-31,2.01258503401361,4.54782573801848,9.15288601763788
2020-04-01,2.10324437467295,4.8153448990784,10.1278470710967
2020-04-02,2.11753008895866,4.8153448990784,10.1966377125121
2020-04-03,2.00584177727035,5.61790238225813,11.26862329896
2020-04-04,1.93770990913848,6.28670028490791,12.1818014378498
2020-04-05,1.82977340120197,6.019181123848,11.0137375174341
2020-04-06,1.73453530596388,6.95549818755768,12.0645571768866
2020-04-07,1.5973470973471,7.89181525126737,12.6059681844115
2020-04-08,1.58525918525919,8.69437273444711,13.7828342373493
2020-04-09,1.50811632811633,9.76444937868675,14.7259255430628
2020-04-10,1.36925518925519,10.8345260229264,14.8352309800123
2020-04-11,1.21093203093203,11.904602667166,14.4156646851902
2020-04-12,1.10310499207051,12.4396409892859,13.7222300748462
2020-04-13,1.00969839866392,13.1084388919356,13.2355697581712
2020-04-14,0.904539668505186,13.1084388919356,11.8571029699319
2020-04-15,0.881163045128562,13.7772367945854,12.1399919273742
2020-04-16,0.899864343829861,14.3122751167052,12.8791060566064
2020-04-17,0.943270937236454,14.3122751167052,13.5003531633205
2020-04-18,0.924271418236935,14.1785155361753,13.1047966631151
2020-04-19,0.934592788164217,15.2485921804149,14.2512242814731
2020-04-20,0.905142238713667,15.114832599885,13.6810734172422
2020-04-21,0.911094619666048,14.5797942777651,13.2835721223097
2020-04-22,0.860558199564411,13.9109963751154,11.9712219947163
2020-04-23,0.885666424672636,13.7772367945854,12.2020360537287
2020-04-24,0.971380710386922,13.1084388919356,12.733284682912
2020-04-25,1.14183525584147,12.9746793114057,14.8149462709999
2020-04-26,1.21480990024468,12.7071601503458,15.4367839546348
2020-04-27,1.26623847167325,12.4396409892859,15.7515519944373
2020-04-28,1.27062443658554,13.7772367945854,17.5056937398256
2020-04-29,1.26596605149237,13.7772367945854,17.4415140653167
2020-04-30,1.17072795625427,13.5097176335255,15.8162041146696
2020-05-01,1.0023606093155,13.2421984724656,13.2734581295373
2020-05-02,0.861487593442481,13.3759580529955,11.5232219130627
2020-05-03,0.814590046544934,12.9746793114057,10.5690446241835
2020-05-04,0.787379162191192,12.4396409892859,9.79471410010311
2020-05-05,0.794897959183673,12.4396409892859,9.8882452353609
2020-05-06,0.857397959183673,13.1084388919356,11.2391487540295
2020-05-07,0.905612244897959,12.5734005698158,11.3866255160322
2020-05-08,0.933223289315726,12.5734005698158,11.7337902376477
2020-05-09,0.940692943844204,12.5734005698158,11.8277091961524
2020-05-10,0.948629451780712,12.7071601503458,12.0543863671122
2020-05-11,0.960802742149491,12.038362247696,11.5664914585752
2020-05-12,0.941755123101872,10.5670068618665,9.9515328480154
2020-05-13,0.914969408816158,10.8345260229264,9.91325987000024
2020-05-14,0.888183694530444,10.7007664423964,9.50424627311506
2020-05-15,0.858305076416532,10.4332472813365,8.95490910508012
2020-05-16,0.807884908349305,10.1657281202766,8.21273833075362
2020-05-17,0.785906886371283,9.63068979815679,7.56882543287708
2020-05-18,0.811933491345256,9.63068979815679,7.81947959188058
2020-05-19,0.902409681821447,9.36317063709688,8.44941583546251
2020-05-20,1.03098111039287,8.82813231497706,9.10163765679027
2020-05-21,1.19526682467859,8.82813231497706,10.5519736799651
2020-05-22,1.34966797907974,8.96189189550702,12.0955785233401
2020-05-23,1.43910375338947,8.82813231497706,12.7045983499023
2020-05-24,1.45314526743098,8.82813231497706,12.8285586937634
2020-05-25,1.42711866245701,9.49693021762684,13.5532463496272
2020-05-26,1.3707276850134,9.49693021762684,13.0177051719414
2020-05-27,1.28977530406102,8.96189189550702,11.5588268444895
2020-05-28,1.24523748893497,9.36317063709688,11.6593710926081
2020-05-29,1.2047485660931,9.49693021762684,11.4414130619722
2020-05-30,1.24976657329599,10.0319685397467,12.5376189453323
2020-05-31,1.33933573429372,10.8345260229264,14.5110678666405
2020-06-01,1.43770666161201,11.5033239255762,16.5384054384817
2020-06-02,1.48616113111911,11.7708430866361,17.4933694758607
2020-06-03,1.49444270461808,12.9746793114057,19.3899148416893
2020-06-04,1.48183766260127,14.4460346972352,21.4066782896079
2020-06-05,1.45739152050807,14.981073019355,21.8332887865202
2020-06-06,1.40807705788092,15.7836305025347,22.2245680006886
2020-06-07,1.35574843412372,16.1849092441246,21.9426653641565
2020-06-08,1.37509367221896,17.6562646299541,24.2790177676733
2020-06-09,1.36654666367195,18.5925816936638,25.4076304825244
2020-06-10,1.34361307552097,19.9301774989634,26.778447085061
2020-06-11,1.25948609139399,21.6690520458528,27.291869665444
2020-06-12,1.22439352438653,23.6754457538021,28.9880624679198
2020-06-13,1.18249331932843,24.3442436564519,28.7869054878578
2020-06-14,1.17435331118842,24.8792819785717,29.217067171526
2020-06-15,1.12822235880747,25.5480798812215,28.8239149465933
2020-06-16,1.20568148504708,27.153194847581,32.7381042876041
2020-06-17,1.23440276376836,27.9557523307607,34.5086579403147
2020-06-18,1.27042479162712,29.4271077165902,37.3849271890379
2020-06-19,1.26341430040249,31.0322226829497,39.2065539109132
2020-06-20,1.29605628528328,33.3061355519589,43.1666263206133
2020-06-21,1.27127562759123,33.5736547130188,42.6813689658243
2020-06-22,1.23513617180892,33.4398951324889,41.302824059634
2020-06-23,1.09020066230345,35.4462888404382,38.643567570045
2020-06-24,1.01292793503072,37.5864421289175,38.072357210796
2020-06-25,0.938175748441799,37.4526825483875,35.1371984809866
2020-06-26,0.909777879030105,37.7202017094474,34.3170051078088
2020-06-27,0.855021897035317,37.3189229678576,31.9084963112924
2020-06-28,0.850396775321587,37.5864421289175,31.9633891822429
2020-06-29,0.853312227216631,38.6565187731571,32.9860801307642
2020-06-30,0.895605460299338,38.5227591926272,34.5011934787134
2020-07-01,0.913885293673511,38.1214804510373,34.8386603572652
2020-07-02,0.986877207420142,36.9176442262677,36.4331816385494
2020-07-03,1.10137495457095,37.1851633873276,40.9548076364313
2020-07-04,1.20924880586585,35.3125292599082,42.7016338396471
2020-07-05,1.29384524391057,35.7138080014981,46.2081406246735
2020-07-06,1.37369623192482,37.7202017094474,51.8160989557121
2020-07-07,1.40716617728001,37.7202017094474,53.0785920457141
2020-07-08,1.42404023111452,37.0514038067977,52.7626896401496
2020-07-09,1.42096428375444,39.3253166758069,55.8798704436547
2020-07-10,1.38149103056874,40.5291529005765,55.9906612086955
2020-07-11,1.34664585310896,41.8667487058761,56.379683527923
2020-07-12,1.28977169278653,43.8731424138254,56.5863371589439
2020-07-13,1.21069347515409,46.9496127660144,56.8415898368248
2020-07-14,1.12514019646557,49.2235256350236,55.3833673037183
2020-07-15,1.07117919044977,52.2999959872126,56.0226673621084
2020-07-16,1.03052430780705,53.7713513730421,55.4126846535541
2020-07-17,1.03145528694028,54.5739088562218,56.290546818747
2020-07-18,1.06092620400681,55.3764663394016,58.7503442247721
2020-07-19,1.14197478505539,57.5166196278808,65.6825293366618
2020-07-20,1.19104913122054,59.5230133358302,70.894833321269
2020-07-21,1.25127143442753,61.9306857853694,77.49209803774
2020-07-22,1.2798081678823,65.0071561375584,83.1966893956472
2020-07-23,1.31818639518202,66.077232781798,87.1021092842418
2020-07-24,1.32195451112405,66.077232781798,87.351095958492
2020-07-25,1.31936531448763,69.8225010366368,92.1213860385154
2020-07-26,1.25455049967282,70.6250585198165,88.6027024554578
2020-07-27,1.22533581192155,74.2365671941253,90.9647243370819
2020-07-28,1.18743493728598,78.3831141905539,93.07484828314
2020-07-29,1.16172827642873,78.9181525126737,91.6814492974877
2020-07-30,1.07248382894856,81.5933441232728,87.5075421220453
2020-07-31,0.973758504316544,85.8736507002314,83.6201976660587
2020-08-01,0.896804276541344,89.0838806329503,79.8908051225285
2020-08-02,0.826165131849613,88.5488423108305,73.1559659828579
