"fecha","rho7dpromedio","incidenciaAcum14d","riesgopor10"
2020-02-03,0.5,0.032513494725986,0.016256747362993
2020-02-04,0.4,0.032513494725986,0.0130053978903944
2020-02-05,0.333333333333333,0.032513494725986,0.0108378315753287
2020-02-06,0.285714285714286,0.032513494725986,0.00928956992171029
2020-02-07,0.142857142857143,0.032513494725986,0.00464478496085515
2020-02-08,0,0.032513494725986,0
2020-02-09,0,0.032513494725986,0
2020-02-10,0,0.032513494725986,0
2020-02-11,0,0.032513494725986,0
2020-02-12,0,0.032513494725986,0
2020-02-13,0,0.032513494725986,0
2020-02-14,0,0.032513494725986,0
2020-02-15,0,0.032513494725986,0
2020-02-16,0.285714285714286,0.032513494725986,0.00928956992171029
2020-02-17,0.571428571428571,0,0
2020-02-18,1,0,0
2020-02-19,1.14285714285714,0,0
2020-02-20,1.28571428571429,0.0650269894519721,0.0836061292953926
2020-02-21,1.28571428571429,0.0650269894519721,0.0836061292953926
2020-02-22,1.28571428571429,0.0975404841779581,0.125409193943089
2020-02-23,1,0.0975404841779581,0.0975404841779581
2020-02-24,0.857142857142857,0.0975404841779581,0.0836061292953926
2020-02-25,0.571428571428571,0.0975404841779581,0.0557374195302617
2020-02-26,0.857142857142857,0.0975404841779581,0.0836061292953926
2020-02-27,1.28571428571429,0.0975404841779581,0.125409193943089
2020-02-28,1.85714285714286,0.130053978903944,0.241528817964468
2020-02-29,2.42857142857143,0.130053978903944,0.31584537733815
2020-03-01,3,0.195080968355916,0.585242905067748
2020-03-02,3.42857142857143,0.260107957807888,0.891798712484188
2020-03-03,3.60714285714286,0.292621452533874,1.05552738235433
2020-03-04,3.49285714285714,0.48770242088979,1.70347488439362
2020-03-05,3.17539682539683,0.455188926163804,1.44540547109633
2020-03-06,2.94325396825397,0.65026989451972,1.91390944748126
2020-03-07,2.71248473748474,0.682783389245706,1.85203952233708
2020-03-08,2.71248473748474,0.780323873423664,2.11661659695666
2020-03-09,2.71248473748474,1.13797231540951,3.08673253722847
2020-03-10,2.82855616605617,1.30053978903944,3.6786498394889
2020-03-11,2.87517270740955,1.78824220992923,5.14150519622626
2020-03-12,2.85161919998507,2.34097162027099,6.67555961898493
2020-03-13,2.75943773280361,2.89370103061276,7.98498781132553
2020-03-14,2.61306410642998,3.34888995677656,8.75086414243668
2020-03-15,2.26612533091978,3.80407888294036,8.62051951744817
2020-03-16,1.92683961663406,4.38932178800811,8.45751911128909
2020-03-17,1.75791104520549,5.26718614560974,9.25924470252069
2020-03-18,1.58674093242354,5.72237507177354,9.07992675706315
2020-03-19,1.55590601781253,6.63275292410115,10.3199401892726
2020-03-20,1.45908006384372,7.38056330279883,10.7688327750503
2020-03-21,1.43146101622467,8.48602212348235,12.1474098525851
2020-03-22,1.32399249690205,9.03875153382412,11.967239212145
2020-03-23,1.21790005992726,9.94912938615172,12.1170452756182
2020-03-24,1.0425617140626,10.5018587964935,10.9488359077156
2020-03-25,0.949831334873885,10.9895612173833,10.4382296007854
2020-03-26,0.841303308278631,11.2496691751912,9.46438389412847
2020-03-27,0.806052844456739,11.3146961646431,9.12024302767436
2020-03-28,0.77652903493293,11.4122366488211,8.86193311133525
2020-03-29,0.84153540810677,11.4772636382731,9.65852373978312
2020-03-30,0.9128875853413,11.574804122451,10.5664949861428
2020-03-31,1.00192051248675,11.3472096593691,11.3690021172097
2020-04-01,1.03625515434827,11.607317617177,12.0281427089572
2020-04-02,1.05433033313774,11.639831111903,12.2722270138797
2020-04-03,1.01886850744083,11.2821826699171,11.4950606175733
2020-04-04,0.970071514959628,10.9570477226573,10.6291198838031
2020-04-05,0.878777455923634,10.7294532595754,9.4288016389012
2020-04-06,0.816713204385698,9.98164288087771,8.15213954227532
2020-04-07,0.800680960767247,9.75404841779581,7.80988085853099
2020-04-08,0.919344555237293,9.298859491632,8.54885584354851
2020-04-09,1.0442601243018,9.00623803909813,9.4048552542002
2020-04-10,1.18961813284322,9.0712650285501,10.7913413657897
2020-04-11,1.28910295601225,9.36388648108397,12.0710137425285
2020-04-12,1.39033365099295,9.72153492306982,13.5161771428471
2020-04-13,1.41455003611159,9.68902142834383,13.7056056113497
2020-04-14,1.42271330141771,9.75404841779581,13.8772144266704
2020-04-15,1.34452797323238,9.68902142834383,13.0271603436562
2020-04-16,1.37205483653989,9.91661589142574,13.606140795939
2020-04-17,1.39297800046156,10.0791833650557,14.0400806901407
2020-04-18,1.50248950532191,10.3392913228636,15.5346767050683
2020-04-19,1.58408145061066,10.9570477226573,17.3568560509172
2020-04-20,1.73752832476379,12.5176954695046,21.7498504390317
2020-04-21,1.762032392125,13.7206947743661,24.1763086348934
2020-04-22,1.74079687088948,15.2488290264874,26.5451138540381
2020-04-23,1.59415163635378,16.8419902680608,26.8486863452835
2020-04-24,1.46655842852801,18.3050975307301,26.8454950687196
2020-04-25,1.2878975545183,19.0529079094278,24.5381935030145
2020-04-26,1.15877699833768,19.4105563514137,22.4925062249554
2020-04-27,1.06006110748695,20.4835016773712,21.713763473325
2020-04-28,1.11512826255411,21.4914200138768,23.965689859895
2020-04-29,1.24259321552242,22.3692843714784,27.7959209960907
2020-04-30,1.37193711116054,23.6373106657918,32.4289037104307
2020-05-01,1.50739118349986,26.3034172333227,39.6495392334289
2020-05-02,1.60238507849375,27.6364705170881,44.2842679788146
2020-05-03,1.6900922608142,30.172523105715,50.9943477902065
2020-05-04,1.70733364012454,31.0829009580426,53.0688824383255
2020-05-05,1.70349431859569,33.3913590835876,56.8819904890801
2020-05-06,1.67995570955372,35.7323307038586,60.0287329816091
2020-05-07,1.68017742787068,38.7560857133753,65.1171004082346
2020-05-08,1.65689521145322,42.3325701332338,70.1406327422626
2020-05-09,1.64139628957132,45.6164331005584,74.8746440347347
2020-05-10,1.6260428285993,52.5092939824674,85.3823609150035
2020-05-11,1.60127615938024,57.1262102335574,91.4748385227393
2020-05-12,1.55863589853636,62.5884773475231,97.5526476285792
2020-05-13,1.49233564141643,68.4409063982006,102.136803948881
2020-05-14,1.45512016626932,75.1061728170277,109.288506677365
2020-05-15,1.42015241662765,82.2266281620186,116.774344695434
2020-05-16,1.42057823871092,88.404192159956,125.585071593252
2020-05-17,1.38983153547932,94.4191886842634,131.226765987762
2020-05-18,1.37521720030723,103.978156133703,142.9925487713
2020-05-19,1.34305320403639,110.578395563078,148.512668458196
2020-05-20,1.31657303403627,120.917686885942,159.196965892072
2020-05-21,1.25105223870953,127.290331852235,159.246854629818
2020-05-22,1.19492085690012,133.955598271062,160.066338272626
2020-05-23,1.13485052243,142.896809320709,162.166518711187
2020-05-24,1.08625092042222,145.530402393513,158.082533549371
2020-05-25,1.04209981868598,152.065614833437,158.467549646297
2020-05-26,1.01222744192779,157.007666031786,158.927468150408
2020-05-27,0.998660099170661,161.819663251232,161.602840950239
2020-05-28,1.00533923386739,164.453256324037,165.331310719806
2020-05-29,1.02818161647197,168.1597947228,172.898809563683
2020-05-30,1.05839303290438,171.80130613211,181.833305454098
2020-05-31,1.09063072847614,172.971791942246,188.648351451794
2020-06-01,1.12937221570205,176.353195393748,199.168399027975
2020-06-02,1.16994424339362,180.287328255592,210.926121849446
2020-06-03,1.19900598699424,180.449895729222,216.360505331824
2020-06-04,1.2153454722703,184.969271496134,224.801566621962
2020-06-05,1.22505459027839,190.333998125922,233.1695380902
2020-06-06,1.22959005169681,193.422780124891,237.830726213105
2020-06-07,1.22639278167711,199.047614712486,244.11055789344
2020-06-08,1.21983975989325,205.062611236794,250.143526454173
2020-06-09,1.20739263331557,212.183066581785,256.188271505153
2020-06-10,1.19596219175557,220.636575210541,263.873002070241
2020-06-11,1.17601275252585,227.85457103971,267.959881264007
2020-06-12,1.16624362723809,238.291402846752,277.905829995649
2020-06-13,1.1577115137596,245.932074107358,284.718393796868
2020-06-14,1.17222909336669,254.060447788855,297.817048371865
2020-06-15,1.17288580439039,259.230093450287,304.047296678636
2020-06-16,1.19443812231511,271.780302414517,324.624754098229
2020-06-17,1.19878966762873,283.09499857916,339.371359254068
2020-06-18,1.21692899940318,294.312154259625,358.156995395359
2020-06-19,1.20650111250583,303.415932782902,366.071660454565
2020-06-20,1.19918071198886,314.177899537203,376.756077258189
2020-06-21,1.16251302493755,323.054083597397,375.554579941237
2020-06-22,1.13121643911813,335.961941003614,380.045670581322
2020-06-23,1.07193804357106,345.000692537438,369.819367389241
2020-06-24,1.03129231134951,352.51130981914,363.542203480224
2020-06-25,0.993769652223837,359.501711185227,357.261890498418
2020-06-26,0.978876152312389,364.118627436317,356.42704101013
2020-06-27,0.967806374302717,369.645921539735,357.745679101158
2020-06-28,0.973352094997512,373.547540906853,363.593281522854
2020-06-29,0.993391450727184,381.968536040884,379.444278149792
2020-06-30,1.01868031791455,381.708428083076,388.838862870331
2020-07-01,1.04530708867122,384.829723576771,402.265237986183
2020-07-02,1.06559826011948,386.097749871084,411.425090498673
2020-07-03,1.09278907350227,393.380772689705,429.882210121189
2020-07-04,1.10599858407039,390.714666122174,432.129867506661
2020-07-05,1.11613852314292,392.697989300459,438.305353819008
2020-07-06,1.105363322918,395.916825278332,437.631937588804
2020-07-07,1.09600904795833,402.387010728803,441.019804539675
2020-07-08,1.06845408658276,406.938899990441,434.79553068428
2020-07-09,1.05093793499655,411.490789252079,432.451280326682
2020-07-10,1.03104607204642,414.904706198308,427.785867599339
2020-07-11,1.03284064842189,419.09894701796,432.862428190959
2020-07-12,1.03433618545761,421.439918638231,435.910557843834
2020-07-13,1.04467343325049,429.405724846097,448.588752832387
2020-07-14,1.05256343274694,439.029719284989,462.106628408533
2020-07-15,1.07201122403806,444.361932420051,476.360979089536
2020-07-16,1.09097389976222,449.726659049839,490.640047050636
2020-07-17,1.10341516261597,450.572009912714,497.167987588042
2020-07-18,1.1046472199515,459.773328920168,507.887329599509
2020-07-19,1.08526893883773,465.885865928654,505.611459335886
2020-07-20,1.05346048848984,475.054671441382,500.451326236019
2020-07-21,1.00654269391721,477.623237524735,480.748180175606
2020-07-22,0.963066733658429,480.972127481511,463.208255794365
2020-07-23,0.91673694987624,479.411479734664,439.494217667611
2020-07-24,0.882192301896395,480.159290113362,423.592829422045
2020-07-25,0.846453169630349,476.420238219873,403.267420717258
2020-07-26,0.832814635770707,476.127616767339,396.526047738466
2020-07-27,0.811628852374661,471.120538579537,382.375022057442
2020-07-28,0.793997377646791,464.9429745816,369.163502573089
2020-07-29,0.772659661074012,455.156412669078,351.680999548553
2020-07-30,0.731393605525057,445.564931724912,325.88334190981
2020-07-31,0.688819527475127,429.828400277535,296.074195574562
2020-08-01,0.655627175244869,407.459115906057,267.14126918926
2020-08-02,0.606855703077348,393.933502100047,239.060792382646
