"fecha","rho7dpromedio","incidenciaAcum14d","riesgopor10"
2020-03-11,0,0,0
2020-03-12,0,0,0
2020-03-13,0,0,0
2020-03-14,0,0,0
2020-03-15,0,0,0
2020-03-16,0,0,0
2020-03-17,0,0,0
2020-03-18,0,0,0
2020-03-19,0,0,0
2020-03-20,0,0,0
2020-03-21,0,0,0
2020-03-22,0,0,0
2020-03-23,0,0,0
2020-03-24,0,0,0
2020-03-25,0,0,0
2020-03-26,0,0,0
2020-03-27,0,0,0
2020-03-28,0,0,0
2020-03-29,0,0,0
2020-03-30,0,0,0
2020-03-31,0,0,0
2020-04-01,0,0,0
2020-04-02,0,0,0
2020-04-03,0,0,0
2020-04-04,0,0,0
2020-04-05,0,0,0
2020-04-06,0,0,0
2020-04-07,0,0,0
2020-04-08,0,0,0
2020-04-09,0,0,0
2020-04-10,0,0,0
2020-04-11,0,0,0
2020-04-12,0,0,0
2020-04-13,0,0,0
2020-04-14,0,0,0
2020-04-15,0,0,0
2020-04-16,0,0,0
2020-04-17,0,0,0
2020-04-18,0,0,0
2020-04-19,0,0,0
2020-04-20,0,0,0
2020-04-21,0,0,0
2020-04-22,0,0,0
2020-04-23,0,0,0
2020-04-24,0,0,0
2020-04-25,0,0,0
2020-04-26,0,0,0
2020-04-27,0,0,0
2020-04-28,0,0,0
2020-04-29,0,0,0
2020-04-30,0,0,0
2020-05-01,0,0,0
2020-05-02,0,0,0
2020-05-03,0,0,0
2020-05-04,0,0,0
2020-05-05,0,0,0
2020-05-06,0,0,0
2020-05-07,0,0,0
2020-05-08,0.142857142857143,0,0
2020-05-09,0.285714285714286,0,0
2020-05-10,0.428571428571429,0,0
2020-05-11,0.428571428571429,0,0
2020-05-12,0.571428571428571,1.11970798015877,0.6398331315193
2020-05-13,0.714285714285714,1.11970798015877,0.799791414399125
2020-05-14,0.857142857142857,1.11970798015877,0.95974969727895
2020-05-15,0.714285714285714,1.11970798015877,0.799791414399125
2020-05-16,0.571428571428571,2.23941596031755,1.2796662630386
2020-05-17,0.571428571428571,2.23941596031755,1.2796662630386
2020-05-18,0.714285714285714,2.23941596031755,1.59958282879825
2020-05-19,0.714285714285714,2.23941596031755,1.59958282879825
2020-05-20,0.571428571428571,2.23941596031755,1.2796662630386
2020-05-21,0.428571428571429,3.35912394047632,1.43962454591842
2020-05-22,0.428571428571429,3.35912394047632,1.43962454591842
2020-05-23,0.428571428571429,3.35912394047632,1.43962454591842
2020-05-24,0.285714285714286,3.35912394047632,0.95974969727895
2020-05-25,0.142857142857143,3.35912394047632,0.479874848639475
2020-05-26,0,2.23941596031755,0
2020-05-27,0,2.23941596031755,0
2020-05-28,0,2.23941596031755,0
2020-05-29,0,2.23941596031755,0
2020-05-30,0,1.11970798015877,0
2020-05-31,0,1.11970798015877,0
2020-06-01,0,1.11970798015877,0
2020-06-02,0,1.11970798015877,0
2020-06-03,0,1.11970798015877,0
2020-06-04,0,0,0
2020-06-05,0,0,0
2020-06-06,0,0,0
2020-06-07,0,0,0
2020-06-08,0,0,0
2020-06-09,0,0,0
2020-06-10,0.142857142857143,0,0
2020-06-11,0.285714285714286,0,0
2020-06-12,0.428571428571429,0,0
2020-06-13,0.428571428571429,0,0
2020-06-14,0.428571428571429,1.11970798015877,0.479874848639475
2020-06-15,0.428571428571429,1.11970798015877,0.479874848639475
2020-06-16,0.428571428571429,1.11970798015877,0.479874848639475
2020-06-17,0.285714285714286,1.11970798015877,0.31991656575965
2020-06-18,0.142857142857143,1.11970798015877,0.159958282879825
2020-06-19,0,1.11970798015877,0
2020-06-20,0.142857142857143,1.11970798015877,0.159958282879825
2020-06-21,0.428571428571429,1.11970798015877,0.479874848639475
2020-06-22,1,1.11970798015877,1.11970798015877
2020-06-23,1.57142857142857,1.11970798015877,1.75954111167807
2020-06-24,2.14285714285714,2.23941596031755,4.79874848639475
2020-06-25,2.71428571428571,3.35912394047632,9.11762212415002
2020-06-26,3.28571428571429,15.6759117222228,51.5065670873036
2020-06-27,3.27472527472527,17.9153276825404,58.6677763670004
2020-06-28,3.19309262166405,17.9153276825404,57.2053006378134
2020-06-29,3.0298273155416,24.633575563493,74.6354801217293
2020-06-30,3.0298273155416,26.8729915238106,81.4205237691592
2020-07-01,3.0298273155416,31.3518234444457,94.9906110640191
2020-07-02,2.75601779173208,47.0277351666685,129.609274824203
2020-07-03,2.33458922030351,71.6613107301616,167.299723543455
2020-07-04,2.25986394557823,81.7386825515905,184.718301657404
2020-07-05,2.16371882086168,97.4145942738134,210.777791056854
2020-07-06,1.8952380952381,99.654010234131,188.868076538972
2020-07-07,1.6552380952381,105.252550134925,174.218030604285
2020-07-08,1.36272108843537,114.210213976195,155.636667100077
2020-07-09,1.34188775510204,135.484665599212,181.805213771677
2020-07-10,1.22550120048019,139.963497519847,171.525434233979
2020-07-11,1.25926743424643,163.477365103181,205.861722110849
2020-07-12,1.24492698542322,165.716781063499,206.305292683421
2020-07-13,1.24461726804033,164.59707308334,204.860359428421
2020-07-14,1.06987072426153,162.357657123022,173.701704215613
2020-07-15,1.20167344534996,183.632108746039,220.665828793732
2020-07-16,1.11366324126833,184.751816726198,205.75130704551
2020-07-17,1.28305731468717,162.357657123022,208.314179567166
2020-07-18,1.42786250949237,171.315320964293,244.614724106565
2020-07-19,1.65779586214377,160.118241162705,265.443357653271
2020-07-20,2.00289508953356,175.794152884928,352.097245581934
2020-07-21,2.20142541709615,208.265684309532,458.481370947926
2020-07-22,2.00764234831308,216.103640170644,433.858819631195
2020-07-23,2.04397506321722,223.941596031755,457.731037905972
2020-07-24,2.0932866538822,246.33575563493,515.651349644586
2020-07-25,2.16160167219721,254.173711496042,549.422319798417
2020-07-26,2.03683002440766,269.849623218265,549.637814646057
2020-07-27,1.69869943813286,328.074438186521,557.299863813196
2020-07-28,1.40530026973369,397.496332956365,558.601703921732
2020-07-29,1.21778081750835,424.369324480176,516.788822890936
2020-07-30,1.01332663715056,428.848156400811,434.563260173851
2020-07-31,0.802953212212381,446.763484083351,358.730174643922
2020-08-01,0.582077892880256,436.686112261922,254.185332075491
2020-08-02,0.42023260189109,434.446696301605,182.568665569812
