"fecha","rho7dpromedio","incidenciaAcum14d","riesgopor10"
2020-03-12,0.5,0.0702051464584663,0.0351025732292331
2020-03-13,0.4,0.0702051464584663,0.0280820585833865
2020-03-14,0.333333333333333,0.0702051464584663,0.0234017154861554
2020-03-15,0.285714285714286,0.0702051464584663,0.0200586132738475
2020-03-16,0.142857142857143,0.0702051464584663,0.0100293066369238
2020-03-17,0,0.0702051464584663,0
2020-03-18,0,0.0702051464584663,0
2020-03-19,0.142857142857143,0.0702051464584663,0.0100293066369238
2020-03-20,0.428571428571429,0.0702051464584663,0.0300879199107713
2020-03-21,0.714285714285714,0.0702051464584663,0.0501465331846188
2020-03-22,0.857142857142857,0.0702051464584663,0.0601758398215425
2020-03-23,0.857142857142857,0.140410292916933,0.120351679643085
2020-03-24,0.857142857142857,0.210615439375399,0.180527519464628
2020-03-25,0.857142857142857,0.210615439375399,0.180527519464628
2020-03-26,0.714285714285714,0.140410292916933,0.100293066369238
2020-03-27,0.428571428571429,0.140410292916933,0.0601758398215425
2020-03-28,0.142857142857143,0.140410292916933,0.0200586132738475
2020-03-29,0,0.140410292916933,0
2020-03-30,0,0.140410292916933,0
2020-03-31,0,0.140410292916933,0
2020-04-01,0,0.140410292916933,0
2020-04-02,0,0.140410292916933,0
2020-04-03,0,0.140410292916933,0
2020-04-04,0,0.140410292916933,0
2020-04-05,0,0.140410292916933,0
2020-04-06,0,0.0702051464584663,0
2020-04-07,0,0,0
2020-04-08,0,0,0
2020-04-09,0,0,0
2020-04-10,0,0,0
2020-04-11,0,0,0
2020-04-12,0,0,0
2020-04-13,0,0,0
2020-04-14,0,0,0
2020-04-15,0,0,0
2020-04-16,0,0,0
2020-04-17,0,0,0
2020-04-18,0,0,0
2020-04-19,0,0,0
2020-04-20,0,0,0
2020-04-21,0,0,0
2020-04-22,0.142857142857143,0,0
2020-04-23,0.285714285714286,0,0
2020-04-24,0.428571428571429,0,0
2020-04-25,0.428571428571429,0,0
2020-04-26,0.428571428571429,0.0702051464584663,0.0300879199107713
2020-04-27,0.428571428571429,0.0702051464584663,0.0300879199107713
2020-04-28,0.428571428571429,0.0702051464584663,0.0300879199107713
2020-04-29,0.285714285714286,0.0702051464584663,0.0200586132738475
2020-04-30,0.142857142857143,0.0702051464584663,0.0100293066369238
2020-05-01,0,0.0702051464584663,0
2020-05-02,0,0.0702051464584663,0
2020-05-03,0,0.0702051464584663,0
2020-05-04,0,0.0702051464584663,0
2020-05-05,0,0.0702051464584663,0
2020-05-06,0,0.0702051464584663,0
2020-05-07,0,0.0702051464584663,0
2020-05-08,0.142857142857143,0.0702051464584663,0.0100293066369238
2020-05-09,0.285714285714286,0.0702051464584663,0.0200586132738475
2020-05-10,0.428571428571429,0,0
2020-05-11,0.428571428571429,0,0
2020-05-12,0.428571428571429,0.0702051464584663,0.0300879199107713
2020-05-13,0.428571428571429,0.0702051464584663,0.0300879199107713
2020-05-14,0.428571428571429,0.0702051464584663,0.0300879199107713
2020-05-15,0.285714285714286,0.0702051464584663,0.0200586132738475
2020-05-16,0.142857142857143,0.0702051464584663,0.0100293066369238
2020-05-17,0.142857142857143,0.0702051464584663,0.0100293066369238
2020-05-18,0.428571428571429,0.0702051464584663,0.0300879199107713
2020-05-19,0.714285714285714,0.0702051464584663,0.0501465331846188
2020-05-20,0.857142857142857,0.0702051464584663,0.0601758398215425
2020-05-21,1,0.140410292916933,0.140410292916933
2020-05-22,1.14285714285714,0.210615439375399,0.24070335928617
2020-05-23,1.21428571428571,0.210615439375399,0.255747319241556
2020-05-24,1.07142857142857,0.210615439375399,0.225659399330784
2020-05-25,0.785714285714286,0.280820585833865,0.220644746012323
2020-05-26,0.5,0.210615439375399,0.105307719687699
2020-05-27,0.928571428571429,0.210615439375399,0.195571479420013
2020-05-28,1.35714285714286,0.210615439375399,0.285835239152327
2020-05-29,1.78571428571429,0.210615439375399,0.376098998884641
2020-05-30,2.28571428571429,0.210615439375399,0.48140671857234
2020-05-31,2.85714285714286,0.491436025209264,1.40410292916933
2020-06-01,2.85714285714286,0.56164117166773,1.6046890619078
2020-06-02,2.85714285714286,0.842461757501595,2.4070335928617
2020-06-03,2.28571428571429,0.842461757501595,1.92562687428936
2020-06-04,1.71428571428571,0.772256611043129,1.32386847607394
2020-06-05,1.17857142857143,0.702051464584663,0.82741779754621
2020-06-06,0.75,0.702051464584663,0.526538598438497
2020-06-07,0.321428571428571,0.702051464584663,0.225659399330784
2020-06-08,0.321428571428571,0.631846318126197,0.203093459397706
2020-06-09,0.607142857142857,0.702051464584663,0.42624553206926
2020-06-10,1.03571428571429,0.702051464584663,0.727124731176972
2020-06-11,1.60714285714286,0.702051464584663,1.12829699665392
2020-06-12,2,0.702051464584663,1.40410292916933
2020-06-13,2.14285714285714,0.842461757501595,1.80527519464628
2020-06-14,2,0.631846318126197,1.26369263625239
2020-06-15,2,0.702051464584663,1.40410292916933
2020-06-16,1.71428571428571,0.421230878750798,0.72211007785851
2020-06-17,1.33333333333333,0.421230878750798,0.56164117166773
2020-06-18,0.976190476190476,0.421230878750798,0.411201572113874
2020-06-19,0.976190476190476,0.421230878750798,0.411201572113874
2020-06-20,0.976190476190476,0.421230878750798,0.411201572113874
2020-06-21,1.11904761904762,0.491436025209264,0.549940313924653
2020-06-22,1.4047619047619,0.631846318126197,0.887593637367752
2020-06-23,1.5,0.56164117166773,0.842461757501595
2020-06-24,1.5,0.56164117166773,0.842461757501595
2020-06-25,1.5,0.631846318126197,0.947769477189295
2020-06-26,1.64285714285714,0.702051464584663,1.15337026324623
2020-06-27,1.85714285714286,0.56164117166773,1.04304789024007
2020-06-28,2.14285714285714,0.491436025209264,1.05307719687699
2020-06-29,2.42857142857143,0.56164117166773,1.36398570262163
2020-06-30,2.9047619047619,0.631846318126197,1.83536311455705
2020-07-01,3.42857142857143,0.842461757501595,2.88844031143404
2020-07-02,3.47959183673469,0.982872050418528,3.419993563191
2020-07-03,3.33673469387755,1.47430807562779,4.9193749054111
2020-07-04,3.07482993197279,2.03594924729552,6.26019768556174
2020-07-05,2.82272909163665,2.17635954021245,6.14327338801867
2020-07-06,2.38622115512872,2.17635954021245,5.19327517602117
2020-07-07,2.03457280348037,3.08902644417252,6.28484919254506
2020-07-08,1.64568391459148,3.44005217646485,5.6612385321636
2020-07-09,1.57323493499964,3.58046246938178,5.6329086402865
2020-07-10,1.37595602343501,4.14210364104951,5.69935245459418
2020-07-11,1.45718851643221,4.70374481271724,6.85424292531916
2020-07-12,1.49500364248263,5.12497569146804,7.66185732637967
2020-07-13,1.49672897029492,5.8270271560527,8.72148035515929
2020-07-14,1.39864187220782,6.80989920647123,9.52461017568547
2020-07-15,1.3295475678194,7.30133523168049,9.70747249911488
2020-07-16,1.21187839488707,7.51195067105589,9.10357072171004
2020-07-17,1.09963349692788,7.51195067105589,8.26039258516295
2020-07-18,0.994591480121161,7.72256611043129,7.68079845810738
2020-07-19,1.04117533105284,8.14379698918209,8.47912052623877
2020-07-20,1.10029656408711,8.00338669626516,8.80609888296108
2020-07-21,1.19288915667971,8.21400213564056,9.79839408054958
2020-07-22,1.20515806424273,9.05646389314215,10.9144704943434
2020-07-23,1.18624715059498,9.47769477189295,11.2428884173669
2020-07-24,1.08760769481266,9.61810506480988,10.4607250780039
2020-07-25,0.931237038442007,9.75851535772681,9.08749094132036
2020-07-26,0.79417699703414,9.40748962543448,7.47121186035738
2020-07-27,0.845163048020191,8.63523301439135,7.29817985480758
2020-07-28,0.971536674393817,7.79277125688976,7.5709630712304
2020-07-29,1.4172509601081,7.79277125688976,11.0443125457298
2020-07-30,1.58920519634782,8.35441242855749,13.2768756438963
2020-07-31,1.83026320526293,8.91605360022522,16.3187248406443
2020-08-01,2.11523476523443,8.35441242855749,17.6715436119914
