"fecha","rho7dpromedio","incidenciaAcum14d","riesgopor10"
2020-01-02,0,0,0
2020-01-03,0,0,0
2020-01-04,0,0,0
2020-01-05,0,0,0
2020-01-06,0,0,0
2020-01-07,0,0,0
2020-01-08,0,0,0
2020-01-09,0,0,0
2020-01-10,0,0,0
2020-01-11,0,0,0
2020-01-12,0,0,0
2020-01-13,0,0,0
2020-01-14,0,0,0
2020-01-15,0,0,0
2020-01-16,0,0,0
2020-01-17,0,0,0
2020-01-18,0,0,0
2020-01-19,0,0,0
2020-01-20,0,0,0
2020-01-21,0,0,0
2020-01-22,0,0,0
2020-01-23,0,0,0
2020-01-24,0,0,0
2020-01-25,0,0,0
2020-01-26,0,0,0
2020-01-27,0,0,0
2020-01-28,0,0,0
2020-01-29,0,0,0
2020-01-30,0,0,0
2020-01-31,0,0,0
2020-02-01,0,0,0
2020-02-02,0,0,0
2020-02-03,0,0,0
2020-02-04,0,0,0
2020-02-05,0,0,0
2020-02-06,0.142857142857143,0,0
2020-02-07,0.285714285714286,0,0
2020-02-08,0.428571428571429,0,0
2020-02-09,0.428571428571429,0,0
2020-02-10,0.428571428571429,0.150425025910711,0.0644678682474474
2020-02-11,0.428571428571429,0.150425025910711,0.0644678682474474
2020-02-12,0.428571428571429,0.150425025910711,0.0644678682474474
2020-02-13,0.428571428571429,0.150425025910711,0.0644678682474474
2020-02-14,0.428571428571429,0.150425025910711,0.0644678682474474
2020-02-15,0.428571428571429,0.150425025910711,0.0644678682474474
2020-02-16,0.428571428571429,0.150425025910711,0.0644678682474474
2020-02-17,0.571428571428571,0.300850051821421,0.171914315326527
2020-02-18,0.714285714285714,0.300850051821421,0.214892894158158
2020-02-19,0.857142857142857,0.300850051821421,0.25787147298979
2020-02-20,0.714285714285714,0.300850051821421,0.214892894158158
2020-02-21,0.571428571428571,0.451275077732132,0.25787147298979
2020-02-22,0.428571428571429,0.451275077732132,0.193403604742342
2020-02-23,0.428571428571429,0.451275077732132,0.193403604742342
2020-02-24,0.285714285714286,0.300850051821421,0.0859571576632633
2020-02-25,0.142857142857143,0.300850051821421,0.0429785788316316
2020-02-26,0,0.300850051821421,0
2020-02-27,0,0.300850051821421,0
2020-02-28,0,0.300850051821421,0
2020-02-29,0,0.300850051821421,0
2020-03-01,0,0.300850051821421,0
2020-03-02,0.142857142857143,0.150425025910711,0.0214892894158158
2020-03-03,0.285714285714286,0.150425025910711,0.0429785788316316
2020-03-04,0.571428571428571,0.150425025910711,0.0859571576632633
2020-03-05,1,0.150425025910711,0.150425025910711
2020-03-06,1.42857142857143,0.150425025910711,0.214892894158158
2020-03-07,1.71428571428571,0.150425025910711,0.25787147298979
2020-03-08,1.71428571428571,0.300850051821421,0.51574294597958
2020-03-09,1.57142857142857,0.601700103642843,0.945528734295896
2020-03-10,1.47619047619048,0.601700103642843,0.888223962520387
2020-03-11,1.23809523809524,0.601700103642843,0.744962033081615
2020-03-12,1.02380952380952,0.601700103642843,0.61602629658672
2020-03-13,1.16666666666667,0.601700103642843,0.701983454249983
2020-03-14,1.45238095238095,0.752125129553554,1.09237221197064
2020-03-15,1.88095238095238,0.752125129553554,1.41471155320787
2020-03-16,2.16666666666667,1.05297518137498,2.28144622631245
2020-03-17,2.16666666666667,1.3538252331964,2.93328800525886
2020-03-18,2.19047619047619,1.50425025910711,3.29502437709176
2020-03-19,2.06190476190476,1.50425025910711,3.10162077234942
2020-03-20,1.68095238095238,1.50425025910711,2.52857305459433
2020-03-21,1.46666666666667,1.50425025910711,2.20623371335709
2020-03-22,1.60952380952381,1.50425025910711,2.42112660751525
2020-03-23,1.60952380952381,1.50425025910711,2.42112660751525
2020-03-24,1.65714285714286,1.65467528501782,2.7420333294581
2020-03-25,1.65714285714286,1.95552533683924,3.24058484390503
2020-03-26,1.6,2.10595036274995,3.36952058039992
2020-03-27,1.4452380952381,2.25637538866066,3.26099966885005
2020-03-28,1.08809523809524,2.10595036274995,2.29147456137316
2020-03-29,0.588095238095238,2.25637538866066,1.32696362142663
2020-03-30,0.373809523809524,1.95552533683924,0.730993994961335
2020-03-31,0.421428571428571,1.65467528501782,0.697327441543223
2020-04-01,0.35,1.50425025910711,0.526487590687488
2020-04-02,0.464285714285714,1.65467528501782,0.768242096615416
2020-04-03,0.714285714285714,1.50425025910711,1.07446447079079
2020-04-04,1.28571428571429,1.50425025910711,1.93403604742342
2020-04-05,1.78571428571429,1.3538252331964,2.41754505927928
2020-04-06,2.28571428571429,1.20340020728569,2.75062904522442
2020-04-07,2.71428571428571,1.20340020728569,3.266371991204
2020-04-08,3.14285714285714,1.3538252331964,4.25487930433153
2020-04-09,3.25714285714286,1.3538252331964,4.40960218812541
2020-04-10,3.2,1.3538252331964,4.33224074622847
2020-04-11,2.85714285714286,1.80510031092853,5.1574294597958
2020-04-12,2.51428571428571,1.95552533683924,4.91674941833866
2020-04-13,2.34761904761905,2.55722544048208,6.00339115313174
2020-04-14,2.07777777777778,2.8580754923035,5.9384457451195
2020-04-15,1.97063492063492,3.15892554412492,6.22508898893824
2020-04-16,1.87420634920635,3.61020062185706,6.76626092739321
2020-04-17,1.78849206349206,5.26487590687487,9.41618877471629
2020-04-18,1.65235760971055,5.86657601051772,9.69368151392432
2020-04-19,1.52153054204138,6.31785108824985,9.6128033908415
2020-04-20,1.2437527642636,6.46827611416056,8.04493629700742
2020-04-21,1.25962578013662,6.76912616598198,8.52656582766823
2020-04-22,1.4203400658509,7.22040124371411,10.2554251779668
2020-04-23,1.61027513078597,7.67167632144625,12.3535095918645
2020-04-24,1.67620919672003,8.4238014509998,14.1200534635094
2020-04-25,1.69091507907297,9.47677663237478,16.0244245086889
2020-04-26,1.67174214674215,10.8306018655712,18.1059736132595
2020-04-27,1.60825008325008,11.1314519173926,17.9021584728409
2020-04-28,1.34369981869982,11.1314519173926,14.9573299232662
2020-04-29,0.929226134489292,11.432301969214,10.6231937671671
2020-04-30,0.685719640982799,11.5827269951247,7.9425033966987
2020-05-01,0.671733626996785,10.379326787839,6.97214282898001
2020-05-02,0.755066960330118,10.0784767360176,7.60992479382263
2020-05-03,0.990781246044404,10.2289017619283,10.1346040333491
2020-05-04,1.21300346826663,10.379326787839,12.5901593919215
2020-05-05,1.46168071694387,11.1314519173926,16.2706286192407
2020-05-06,1.53686868686869,10.9810268914819,16.8763963791815
2020-05-07,1.65294011544012,11.7331520210354,19.3941976561267
2020-05-08,1.62047258297258,11.432301969214,18.5257319013748
2020-05-09,1.66015512265512,10.8306018655712,17.9804791685661
2020-05-10,1.50376414521151,9.92805171010691,14.9294481934646
2020-05-11,1.52281176425913,11.1314519173926,16.9511059330903
2020-05-12,1.56979589124326,11.7331520210354,18.418653833954
2020-05-13,1.83836731981469,12.485277150589,22.9525254924718
2020-05-14,2.12746830503636,12.6357021764997,26.8820558923821
2020-05-15,2.53655921412727,14.7416525392496,37.3930745798964
2020-05-16,2.83318619825426,20.1569534720352,57.1084023758234
2020-05-17,2.92587694150583,22.1124788088745,64.6983918664221
2020-05-18,2.87111503674392,29.0320300007672,83.3542978824033
2020-05-19,2.69836778399667,32.0405305189814,86.4571353345815
2020-05-20,2.50122492685381,37.455831451767,93.6854592831946
2020-05-21,2.15597987383553,41.8181572031776,90.1591052909411
2020-05-22,1.79149389252712,48.2864333173381,86.5048503799292
2020-05-23,1.43250863175614,53.8521592760344,77.1436830016259
2020-05-24,1.34263743737675,60.7717104679271,81.5943736076595
2020-05-25,1.21219164203734,65.2844612452485,79.1372782764007
2020-05-26,1.15955587201026,73.4074126444268,85.1199963809256
2020-05-27,1.03835771532824,78.6722885513017,81.6899777997734
2020-05-28,0.974569350692414,83.7867394322659,81.6559882451378
2020-05-29,0.877745808191302,86.3439648727479,75.7880532296715
2020-05-30,0.881858187606344,87.3969400541229,77.0717071584692
2020-05-31,0.904817371279814,88.1490651836765,79.7588054402671
2020-06-01,1.02571578330947,86.7952399504801,89.0272475333398
2020-06-02,1.10145928672465,89.954165494605,99.0808509635986
2020-06-03,1.18340390415314,91.7592658055335,108.588273396494
2020-06-04,1.19984036073044,93.7147911423728,112.442788810042
2020-06-05,1.22604250825612,96.5728666346763,118.402439638262
2020-06-06,1.19950782658684,94.9181913496585,113.855113409382
2020-06-07,1.1941660925778,92.9626660128192,111.012863628143
2020-06-08,1.16589834983714,93.7147911423728,109.261920348224
2020-06-09,1.19745863750361,93.5643661164621,112.039458368707
2020-06-10,1.21322881080803,96.723291660587,117.347484118812
2020-06-11,1.26939819706778,100.032642230623,126.981255695479
2020-06-12,1.32432124155439,106.200068292962,140.643006294896
2020-06-13,1.38262060090209,107.704318552069,148.914209636212
2020-06-14,1.41485434171385,114.172594666229,161.537591268251
2020-06-15,1.4268452919401,122.145121039497,174.28219088866
2020-06-16,1.40829139150668,128.462972127747,180.913297774869
2020-06-17,1.38903235929172,136.134648449193,189.095431916731
2020-06-18,1.36245021872836,141.700374407889,193.05970610592
2020-06-19,1.32213985087896,148.920775651604,196.89409211279
2020-06-20,1.27065655128849,161.255627776282,204.900519866071
2020-06-21,1.20113989969114,166.219653631335,199.653058089439
2020-06-22,1.13749919257218,176.298130367353,200.538980944848
2020-06-23,1.09641993741777,184.270656740621,202.038021931483
2020-06-24,1.10404527872567,189.234682595674,208.923657890905
2020-06-25,1.11863104657064,195.251683632102,218.414595206059
2020-06-26,1.14260559969714,204.427610212656,233.580132161684
2020-06-27,1.17195900772702,214.506086948673,251.392340811772
2020-06-28,1.19122764345135,222.32818829603,264.843483816688
2020-06-29,1.1914544311564,228.64603938428,272.421336790761
2020-06-30,1.16803618436508,234.512615394798,273.919220471215
2020-07-01,1.1298548119019,243.237266897619,274.822796438141
2020-07-02,1.09878382975262,246.847467519476,271.232005725787
2020-07-03,1.07239025632935,251.96191840044,270.201506258683
2020-07-04,1.04791778961754,253.767018711369,265.926973325852
2020-07-05,1.04822209095812,258.580619540512,271.049917696
2020-07-06,1.08602024682524,266.402720887869,289.318748693558
2020-07-07,1.12785617056959,271.968446846565,306.741290976126
2020-07-08,1.17292330737196,279.33927311619,327.64354410232
2020-07-09,1.196199025234,284.754574048975,340.623143908308
2020-07-10,1.22411603681666,300.248351717779,367.538822365502
2020-07-11,1.22598308731618,304.309827417368,373.078701717798
2020-07-12,1.23021738214918,310.627678505618,382.139569474259
2020-07-13,1.22074063308976,320.254880163903,390.948145161368
2020-07-14,1.24729936145046,327.475281407617,408.459709390532
2020-07-15,1.27393150684594,334.093982547688,425.612850615136
2020-07-16,1.32881314927637,350.791160423777,466.135906621033
2020-07-17,1.35572324902335,372.903639232652,505.554133353121
2020-07-18,1.36568396647215,391.255492393759,534.331352756322
2020-07-19,1.3321222031553,414.120096332187,551.658575096918
2020-07-20,1.26620394708158,442.700851255222,560.549565235738
2020-07-21,1.14660211587428,458.044203898114,525.19445335353
2020-07-22,1.01923300902757,473.086706489185,482.185587385913
2020-07-23,0.884857443665401,483.315608251113,427.665413600669
2020-07-24,0.784599896435037,482.713908147471,378.737282340257
2020-07-25,0.722839833293758,481.209657888364,347.837508887371
2020-07-26,0.704107116474249,478.652432447881,337.022584004263
2020-07-27,0.698328550457879,475.493506903757,332.050691428234
2020-07-28,0.703557742405661,476.997757162864,335.595465162068
2020-07-29,0.686294275339045,468.573955711864,321.579623378023
2020-07-30,0.649005538935985,452.92975301715,293.953918457038
2020-07-31,0.607420996823938,431.87024938965,262.327057382864
2020-08-01,0.583657829627928,402.386944311151,234.85629058726
2020-08-02,0.542803188656962,369.293438610795,200.453656028033
