"fecha","rho7dpromedio","incidenciaAcum14d","riesgopor10"
2020-01-02,0,0,0
2020-01-03,0,0,0
2020-01-04,0,0,0
2020-01-05,0,0,0
2020-01-06,0,0,0
2020-01-07,0,0,0
2020-01-08,0,0,0
2020-01-09,0,0,0
2020-01-10,0,0,0
2020-01-11,0,0,0
2020-01-12,0,0,0
2020-01-13,0,0,0
2020-01-14,0,0,0
2020-01-15,0,0,0
2020-01-16,0,0,0
2020-01-17,0,0,0
2020-01-18,0,0,0
2020-01-19,0,0,0
2020-01-20,0,0,0
2020-01-21,0,0,0
2020-01-22,0,0,0
2020-01-23,0,0,0
2020-01-24,0,0,0
2020-01-25,0,0,0
2020-01-26,0.142857142857143,0,0
2020-01-27,0.285714285714286,0,0
2020-01-28,0.428571428571429,0,0
2020-01-29,0.428571428571429,0,0
2020-01-30,0.428571428571429,0.0438366925390826,0.0187871539453211
2020-01-31,0.428571428571429,0.0438366925390826,0.0187871539453211
2020-02-01,0.428571428571429,0.0438366925390826,0.0187871539453211
2020-02-02,0.285714285714286,0.0438366925390826,0.0125247692968807
2020-02-03,0.142857142857143,0.0438366925390826,0.00626238464844037
2020-02-04,0,0.0438366925390826,0
2020-02-05,0,0.0438366925390826,0
2020-02-06,0,0.0438366925390826,0
2020-02-07,0,0.0438366925390826,0
2020-02-08,0,0.0438366925390826,0
2020-02-09,0,0.0438366925390826,0
2020-02-10,0,0.0438366925390826,0
2020-02-11,0,0.0438366925390826,0
2020-02-12,0,0.0438366925390826,0
2020-02-13,0,0,0
2020-02-14,0,0,0
2020-02-15,0,0,0
2020-02-16,0,0,0
2020-02-17,0,0,0
2020-02-18,0,0,0
2020-02-19,0,0,0
2020-02-20,0,0,0
2020-02-21,0,0,0
2020-02-22,0,0,0
2020-02-23,0,0,0
2020-02-24,0,0,0
2020-02-25,0,0,0
2020-02-26,0.142857142857143,0,0
2020-02-27,0.285714285714286,0,0
2020-02-28,0.571428571428571,0,0
2020-02-29,0.714285714285714,0,0
2020-03-01,0.857142857142857,0.0438366925390826,0.0375743078906422
2020-03-02,0.857142857142857,0.0438366925390826,0.0375743078906422
2020-03-03,0.857142857142857,0.0876733850781652,0.0751486157812845
2020-03-04,0.714285714285714,0.0876733850781652,0.0626238464844037
2020-03-05,0.571428571428571,0.0876733850781652,0.050099077187523
2020-03-06,0.285714285714286,0.0876733850781652,0.0250495385937615
2020-03-07,0.285714285714286,0.0876733850781652,0.0250495385937615
2020-03-08,0.285714285714286,0.0876733850781652,0.0250495385937615
2020-03-09,0.571428571428571,0.0876733850781652,0.050099077187523
2020-03-10,1,0.0876733850781652,0.0876733850781652
2020-03-11,1.42857142857143,0.131510077617248,0.187871539453211
2020-03-12,2,0.131510077617248,0.263020155234496
2020-03-13,2.42857142857143,0.17534677015633,0.425842156093945
2020-03-14,2.64285714285714,0.263020155234496,0.695124695976881
2020-03-15,2.73809523809524,0.219183462695413,0.600145195475536
2020-03-16,2.69047619047619,0.306856847773578,0.825591042819389
2020-03-17,2.47619047619048,0.306856847773578,0.759836004010765
2020-03-18,2.33333333333333,0.394530232851743,0.920570543320735
2020-03-19,1.93333333333333,0.482203617929909,0.932260327997823
2020-03-20,1.61904761904762,0.526040310468991,0.851684312187891
2020-03-21,1.34761904761905,0.657550388086239,0.886127427754313
2020-03-22,1.18095238095238,0.745223773164404,0.88007378926082
2020-03-23,1.08571428571429,0.789060465703487,0.856694219906643
2020-03-24,1.03809523809524,0.832897158242569,0.864626573794667
2020-03-25,0.966666666666667,0.832897158242569,0.805133919634484
2020-03-26,1.12857142857143,0.876733850781652,0.989456774453579
2020-03-27,1.25238095238095,1.0082439283989,1.26270549128053
2020-03-28,1.33333333333333,1.0082439283989,1.3443252378652
2020-03-29,1.4047619047619,1.0082439283989,1.41634266132226
2020-03-30,1.54761904761905,1.13975400601615,1.7639050093107
2020-03-31,1.60544217687075,1.09591731347707,1.75943187741896
2020-04-01,1.56258503401361,1.09591731347707,1.71246399255566
2020-04-02,1.27006802721088,1.22742739109431,1.55891628515176
2020-04-03,1.05238095238095,1.40277416125064,1.47625280779234
2020-04-04,0.921428571428571,1.31510077617248,1.21177142947321
2020-04-05,0.843506493506494,1.22742739109431,1.03534297469579
2020-04-06,0.795887445887446,1.22742739109431,0.976894051310344
2020-04-07,1.14282622139765,1.18359069855523,1.35263848571128
2020-04-08,1.54282622139765,1.22742739109431,1.89370716384201
2020-04-09,2.02581941867656,1.31510077617248,2.66415668988682
2020-04-10,2.43398268398268,1.35893746871156,3.3076302674592
2020-04-11,2.66969696969697,1.31510077617248,3.5109205569938
2020-04-12,2.84285714285714,1.44661085378973,4.11250799863079
2020-04-13,2.87460317460317,1.53428423886789,4.41045834379325
2020-04-14,2.56291486291486,1.7534677015633,4.49398843397775
2020-04-15,2.2010101010101,1.97265116425872,4.34182513830277
2020-04-16,1.87268929900509,1.88497777918055,3.5299777159338
2020-04-17,1.67268929900509,1.97265116425872,3.29963249312549
2020-04-18,1.62815148387904,2.36718139711046,3.85412990431625
2020-04-19,1.56148481721237,2.58636485980587,4.03856946035847
2020-04-20,1.45398120970876,3.0247317851967,4.39790318008485
2020-04-21,1.35358160930916,3.37542532550936,4.56891364420587
2020-04-22,1.32262922835678,3.63844548074386,4.81231433861447
2020-04-23,1.28587066528243,3.85762894343927,4.96041189591301
2020-04-24,1.21801352242529,4.0329757135956,4.91221895477221
2020-04-25,1.14540848040848,4.51517933152551,5.17172469689441
2020-04-26,1.1020587267139,4.77819948676,5.26585644236374
2020-04-27,1.05400677866195,4.86587287183817,5.12866299102473
2020-04-28,1.03276135741653,5.0412196419945,5.20637684050111
2020-04-29,1.00233807699325,5.12889302707266,5.1408847738601
2020-04-30,1.00233807699325,5.34807648976808,5.36058070436694
2020-05-01,0.989975439630612,5.34807648976808,5.29446437413629
2020-05-02,1.00830877296395,5.52342325992441,5.56931612977489
2020-05-03,1.05756985670779,5.61109664500257,5.93412667482892
2020-05-04,1.1218555709935,5.52342325992441,6.19648315510129
2020-05-05,1.15518890432684,5.65493333754166,6.53251624623604
2020-05-06,1.25042699956493,5.69877003008074,7.12589590992441
2020-05-07,1.35770669305152,6.0494635703934,8.21339717889447
2020-05-08,1.44348202882686,6.09330026293248,8.795569425789
2020-05-09,1.49535277712618,6.00562687785432,8.98053083018306
2020-05-10,1.56404462168009,6.75085065101872,10.5586316524914
2020-05-11,1.6059700875186,7.14538088387046,11.4752679634232
2020-05-12,1.63030871185722,7.40840103910496,12.0779807549849
2020-05-13,1.57578445394313,7.97827804211303,12.5720465079976
2020-05-14,1.56172265367444,8.72350181527744,13.6236904042889
2020-05-15,1.55801041609123,9.46872558844184,14.752373093902
2020-05-16,1.56088480528353,9.95092920637175,15.5322541966778
2020-05-17,1.51369475809348,10.9153364422316,16.5224875554327
2020-05-18,1.49100006148574,12.4057839885604,18.4970246897224
2020-05-19,1.44250827072591,13.1510077617248,18.9704374646686
2020-05-20,1.39364628525376,14.5976186155145,20.3439169570629
2020-05-21,1.27064892862808,15.3428423886789,19.4953662432843
2020-05-22,1.18447828749346,16.3510863170778,19.36750671951
2020-05-23,1.1171670124357,17.4031669380158,19.4422440150629
2020-05-24,1.118325313594,17.6223504007112,19.7075205381388
2020-05-25,1.16396334902796,18.4552475589538,21.4812317558598
2020-05-26,1.22817253785813,19.3758181022745,23.7968476917479
2020-05-27,1.27910660379219,20.5155721082907,26.2416037642895
2020-05-28,1.34259982818646,21.8745095770022,29.3687127997463
2020-05-29,1.41162102889976,23.5841405860264,33.2918687997632
2020-05-30,1.45088377325232,23.8909974338,34.6630605035133
2020-05-31,1.48172577892877,24.5485478218863,36.3742161429545
2020-06-01,1.49213960530207,26.4773622936059,39.507920922221
2020-06-02,1.52079523933482,28.66919692056,43.5999781923403
2020-06-03,1.50074292322988,29.8089509265762,44.7355721519659
2020-06-04,1.48733027267325,32.6583359416165,48.5737317010992
2020-06-05,1.45439283540326,34.7624971834925,50.5583268443976
2020-06-06,1.48468967376818,37.4365354283765,55.5816375721672
2020-06-07,1.44102180782062,39.3215132075571,56.6631580485962
2020-06-08,1.41116774821116,43.0914687659182,60.8092909455124
2020-06-09,1.35057742249352,46.3792207063494,62.6387283588392
2020-06-10,1.36476060772933,51.4204403483439,70.1765914195157
2020-06-11,1.33506363148043,52.6917044319773,70.3467782678489
2020-06-12,1.33261081236931,56.242476527643,74.9493323351643
2020-06-13,1.29286712426365,60.8891659367857,78.7216008635043
2020-06-14,1.32484440532106,64.0892444921388,84.9082770066638
2020-06-15,1.31853148015099,67.2893230474918,88.7230907161678
2020-06-16,1.3555048137987,71.3222987610874,96.6777193018428
2020-06-17,1.35803975089739,76.7142119433946,104.180949277897
2020-06-18,1.36828867707045,81.2732279674591,111.20523757684
2020-06-19,1.34392796379193,87.1473447676962,117.119753603524
2020-06-20,1.31970765536781,92.2762377947689,121.777657426297
2020-06-21,1.26680651847886,96.04619335313,121.671943814826
2020-06-22,1.23772981113493,99.8599856040302,123.599681121613
2020-06-23,1.19916435638515,105.295735478876,126.266892865628
2020-06-24,1.18653496828291,109.547894655167,129.982407710129
2020-06-25,1.17791426186338,116.211071921108,136.886679002304
2020-06-26,1.18384567091187,122.085188721345,144.530022150223
2020-06-27,1.17985616084638,125.241430584159,147.766873467934
2020-06-28,1.19409848778648,131.203220769474,156.669567513545
2020-06-29,1.19056620011539,136.551297259242,162.573359098764
2020-06-30,1.20340420046464,141.46100682362,170.2347698135
2020-07-01,1.19472152895789,146.809083313388,175.395972481076
2020-07-02,1.20762935348171,152.025649725538,183.590637090689
2020-07-03,1.21271885438337,156.891522597377,190.265307546753
2020-07-04,1.2111789158273,162.853312782692,197.244498815025
2020-07-05,1.18100934878024,167.982205809765,198.388555490059
2020-07-06,1.14690017387744,175.478280233948,201.256070112029
2020-07-07,1.09683145865202,182.579824425279,200.259295144808
2020-07-08,1.05904736986176,184.245618741764,195.124837937019
2020-07-09,1.03166136618365,189.286838383759,195.279918287573
2020-07-10,1.02540146429244,192.662263709268,197.556167321379
2020-07-11,1.04595050480417,195.90617895716,204.908166774497
2020-07-12,1.07192845568007,198.404870431888,212.675826361457
2020-07-13,1.10717059999269,205.068047697828,227.045313408935
2020-07-14,1.13903942042198,210.942164498065,240.271440792434
2020-07-15,1.15314653409602,215.676527292286,248.706639932965
2020-07-16,1.15963174088014,218.525912307327,253.409584116366
2020-07-17,1.14701695003201,223.084928331391,255.882194092783
2020-07-18,1.12514317995182,226.50419034944,254.849645002182
2020-07-19,1.08629330099753,227.600107662917,247.240472260542
2020-07-20,1.05416564678882,234.745488546787,247.460629764681
2020-07-21,1.01970992191021,234.920835316944,239.551106636123
2020-07-22,1.01319714839664,240.707278732103,243.883928409681
2020-07-23,0.991889945764496,241.233319042572,239.276903741726
2020-07-24,0.979283785396299,245.61698829648,240.528734056615
2020-07-25,0.941500561935673,251.184248248943,236.49011087577
2020-07-26,0.912295671543084,251.710288559412,229.634206735612
2020-07-27,0.865836134150904,251.885635329569,218.091684741898
2020-07-28,0.829928496520017,249.123923699606,206.755043443182
2020-07-29,0.775206379200226,242.373073048588,187.889152373628
2020-07-30,0.700532969434189,239.129157800696,167.517858992418
2020-07-31,0.625248787217457,234.13177485124,146.390608274809
2020-08-01,0.588277308065415,224.663049262798,132.164173842087
2020-08-02,0.554388054231344,216.158730910216,119.835818234431
