"fecha","rho7dpromedio","incidenciaAcum14d","riesgopor10"
2020-03-11,0,0,0
2020-03-12,0,0,0
2020-03-13,0,0,0
2020-03-14,0,0,0
2020-03-15,0,0,0
2020-03-16,0,0,0
2020-03-17,0,0,0
2020-03-18,0,0,0
2020-03-19,0,0,0
2020-03-20,0,0,0
2020-03-21,0,0,0
2020-03-22,0,0,0
2020-03-23,0,0,0
2020-03-24,0,0,0
2020-03-25,0,0,0
2020-03-26,0,0,0
2020-03-27,0,0,0
2020-03-28,0,0,0
2020-03-29,0,0,0
2020-03-30,0,0,0
2020-03-31,0,0,0
2020-04-01,0,0,0
2020-04-02,0,0,0
2020-04-03,0,0,0
2020-04-04,0,0,0
2020-04-05,0,0,0
2020-04-06,0,0,0
2020-04-07,0,0,0
2020-04-08,0,0,0
2020-04-09,0,0,0
2020-04-10,0,0,0
2020-04-11,0,0,0
2020-04-12,0,0,0
2020-04-13,0,0,0
2020-04-14,0,0,0
2020-04-15,0,0,0
2020-04-16,0,0,0
2020-04-17,0,0,0
2020-04-18,0,0,0
2020-04-19,0,0,0
2020-04-20,0,0,0
2020-04-21,0,0,0
2020-04-22,0,0,0
2020-04-23,0,0,0
2020-04-24,0,0,0
2020-04-25,0,0,0
2020-04-26,0,0,0
2020-04-27,0,0,0
2020-04-28,0,0,0
2020-04-29,0,0,0
2020-04-30,0,0,0
2020-05-01,0,0,0
2020-05-02,0,0,0
2020-05-03,0,0,0
2020-05-04,0,0,0
2020-05-05,0,0,0
2020-05-06,0,0,0
2020-05-07,0,0,0
2020-05-08,0,0,0
2020-05-09,0,0,0
2020-05-10,0,0,0
2020-05-11,0,0,0
2020-05-12,0,0,0
2020-05-13,0,0,0
2020-05-14,0,0,0
2020-05-15,0,0,0
2020-05-16,0,0,0
2020-05-17,0,0,0
2020-05-18,0,0,0
2020-05-19,0,0,0
2020-05-20,0,0,0
2020-05-21,0,0,0
2020-05-22,0,0,0
2020-05-23,0,0,0
2020-05-24,0,0,0
2020-05-25,0,0,0
2020-05-26,0,0,0
2020-05-27,0,0,0
2020-05-28,0,0,0
2020-05-29,0,0,0
2020-05-30,0,0,0
2020-05-31,0,0,0
2020-06-01,0,0,0
2020-06-02,0,0,0
2020-06-03,0,0,0
2020-06-04,0,0,0
2020-06-05,0,0,0
2020-06-06,0,0,0
2020-06-07,0,0,0
2020-06-08,0.142857142857143,0,0
2020-06-09,0.285714285714286,0,0
2020-06-10,0.428571428571429,0,0
2020-06-11,0.428571428571429,0,0
2020-06-12,0.428571428571429,0.857875728122024,0.36766102633801
2020-06-13,0.571428571428571,0.857875728122024,0.490214701784014
2020-06-14,0.857142857142857,0.857875728122024,0.735322052676021
2020-06-15,1,0.857875728122024,0.857875728122024
2020-06-16,1,0.857875728122024,0.857875728122024
2020-06-17,1,1.71575145624405,1.71575145624405
2020-06-18,1.14285714285714,2.57362718436607,2.94128821070408
2020-06-19,1.42857142857143,2.57362718436607,3.6766102633801
2020-06-20,1.5,2.57362718436607,3.86044077654911
2020-06-21,1.78571428571429,3.4315029124881,6.12768377230017
2020-06-22,2.07142857142857,3.4315029124881,7.1081131758682
2020-06-23,2.5,6.00513009685417,15.0128252421354
2020-06-24,2.60714285714286,6.00513009685417,15.6562320382269
2020-06-25,2.75,6.86300582497619,18.8732660186845
2020-06-26,2.64285714285714,9.43663300934227,24.9396729532617
2020-06-27,2.6,11.1523844655863,28.9961996105244
2020-06-28,2.11020408163265,12.0102601937083,25.3441000822335
2020-06-29,1.72244897959184,14.5838873780744,25.1200019328465
2020-06-30,1.31768707482993,15.4417631061964,20.3474116576207
2020-07-01,1.26768707482993,16.2996388343185,20.6628414746615
2020-07-02,1.12482993197279,16.2996388343185,18.3343216411875
2020-07-03,1.51768707482993,21.4468932030506,32.5496726095278
2020-07-04,1.91768707482993,21.4468932030506,41.1284298907481
2020-07-05,2.40748299319728,21.4468932030506,51.6330306432627
2020-07-06,2.57074829931973,25.7362718436607,66.161477072921
2020-07-07,2.92789115646258,60.9091766966637,178.335439797579
2020-07-08,2.77074829931973,62.6249281529078,173.517913174689
2020-07-09,2.66990796318527,70.345809706006,187.816837510781
2020-07-10,2.12909163665466,71.203685434128,151.599171156791
2020-07-11,1.70892356942777,75.4930640747381,129.011876525641
2020-07-12,1.33230019280439,77.2088155309822,102.865319818126
2020-07-13,1.394885226818,78.9245669872262,110.090712523489
2020-07-14,1.21393284586562,81.4981941715923,98.9333347836298
2020-07-15,1.64726617919895,87.5033242684465,144.141266634891
2020-07-16,1.97826524549214,101.229335918399,200.258477071617
2020-07-17,2.30955776249894,110.665968927741,255.589447581531
2020-07-18,2.42075573005806,112.381720383985,272.048693573314
2020-07-19,2.57118863049096,129.539234946426,333.069808096746
2020-07-20,2.46880767811,145.838873780744,360.048131356817
2020-07-21,2.42078336200058,134.686489315158,326.046812420403
2020-07-22,2.07053273543417,153.559755333842,317.950500263982
2020-07-23,1.86026550617959,172.433021352527,320.771201748435
2020-07-24,1.65599621225513,193.879914555577,321.064404136384
2020-07-25,1.56629521557739,217.900434942994,341.296408723443
2020-07-26,1.30058583904327,217.042559214872,282.282478984573
2020-07-27,1.04461568978954,258.220594164729,269.741284091253
2020-07-28,0.776766990025943,289.961996105244,225.232906936585
2020-07-29,0.673148568973312,290.819871833366,195.764980553632
2020-07-30,0.517268057080142,278.809611639658,144.219306108115
2020-07-31,0.386717497137087,273.662357270926,105.830021864448
2020-08-01,0.249620025729703,274.520232999048,68.5257476245463
2020-08-02,0.188203824690076,257.362718436607,48.4366479424047
